0.1141268
0.09213634
0.06975381
0.07006361
0.1267766
0.06181483
0.08626375
0.0647213
0.1076619
0.1101376
0.1317369
0.1392464
0.1898488
0.1673925
0.1090649
0.1251449
0.1017169
0.1094113
0.1067908
0.108671
0.1058913
0.1429327
0.1212693
0.1315927
0.153254
0.1515777
0.1361342
0.155101
0.09493805
0.1299186
0.1957341
0.08768176
0.09712047
0.1605291
0.1769524
0.160617
0.1258428
0.2202353
0.1442979
0.1306648
0.1726599
0.1076066
0.1357867
0.1376113
0.1486333
0.1832825
0.1461926
0.1226323
0.1156272
0.159414
0.07071158
0.1358309
0.1488571
0.1242818
0.131616
0.1092053
0.08247471
0.1145345
0.1057405
0.1404477
0.1005271
0.09318086
0.151924
0.1587227
0.1156643
0.1515408
0.117557
0.1588077
0.09402797
0.09451433
0.1277603
0.1738411
0.1618192
0.1696175
0.1187515
0.1031697
0.1252159
0.114357
0.1629501
0.1131117
0.2070431
0.1166908
0.1475059
0.1912467
0.1497152
0.1518529
0.174126
0.2022935
0.1416168
0.1552352
0.1537665
0.170415
0.185925
0.1623636
0.1856282
0.1763377
0.171768
0.1571972
0.1933009
0.1375027
0.1213165
0.1269316
0.1501705
0.1482325
0.1327803
0.1534249
0.1609856
0.15072
0.1650191
0.1132781
0.1212552
0.1660872
0.1695839
0.1387622
0.1753089
0.1137139
0.1423561
0.1410903
0.1441638
0.1288418
0.1150202
0.1613212
0.1131519
0.1800037
0.1688185
0.1134266
0.1665282
0.08131011
0.09621286
0.1144575
0.09167413
0.1528353
0.139467
0.128393
0.1120909
0.1329852
0.1007624
0.0753344
0.0784983
0.0858214
0.1129728
0.08719551
0.09560572
0.1709266
0.1192908
0.08860021
0.118096
0.1067716
0.1231
0.08247656
0.1318412
0.1071682
0.1234439
0.09048732
0.1192057
0.1723114
0.1166319
0.1314494
0.1327738
0.1240917
0.2056052
0.1541861
0.1805015
0.1882758
0.1554398
0.1375316
0.1366505
0.1369584
0.1517235
0.1116794
0.1611709
0.1628114
0.1373395
0.1048169
0.07716757
0.136668
0.1162356
0.1151423
0.1033622
0.09175825
0.09358968
0.1305061
0.1589064
0.1198466
0.1310547
0.08108029
0.150441
0.1421932
0.1598524
0.126108
0.1236611
0.1020038
0.09561371
0.08975422
0.09247433
0.06402063
0.06404119
0.09711903
0.09743957
0.09016883
0.131685
0.1389072
0.1298389
0.07395927
0.1355202
0.1201231
0.1236207
0.08937583
0.1174792
0.1918151
0.1526217
0.1075858
0.0633386
0.07222489
0.08536876
0.1067558
0.1783168
0.132781
0.150583
0.1813529
0.1360762
0.1628761
0.1457266
0.1794977
0.1617124
0.1730669
0.1673226
0.1977376
0.1456251
0.1586881
0.102179
0.1270464
0.129185
0.09949763
0.09539942
0.09742588
0.08854456
0.06269776
0.1385589
0.09496208
0.1626036
0.1349184
0.1468493
0.101052
0.09510197
0.0712674
0.09854368
0.1326636
0.157498
0.1148764
0.1329905
0.1325165
0.1447983
0.104647
0.07956366
0.09083052
0.06709988
0.08982501
0.161514
0.1270628
0.1216643
0.1159126
0.1198947
0.1119934
0.1279816
0.1309571
0.1110748
0.1364057
0.1333141
0.1202312
0.1330614
0.1798953
0.1303457
0.1397123
0.1074673
0.1401268
0.1241847
0.1249348
0.1223062
0.138929
0.1367945
0.1477226
0.1249863
0.07470677
0.1169377
0.1291596
0.1166222
0.1384219
0.1556994
0.1061641
0.1471147
0.1238034
0.1380502
0.1192633
0.1294374
0.1483576
0.1567348
0.1203509
0.09481526
0.1104156
0.1091199
0.1304158
0.11902
0.2204899
0.1250093
0.1015516
0.1447601
0.1105473
0.1439676
0.09190624
0.1060684
0.1346863
0.1062338
0.1002185
0.09091137
0.07473343
0.1360704
0.1326568
0.1474463
0.1485469
0.1838316
0.1582368
0.1727123
0.1180138
0.1222211
0.1370552
0.1179686
0.1907698
0.1578448
0.1603051
0.165524
0.09804831
0.09973253
0.08950516
0.09200211
0.1094342
0.1078885
0.1048446
0.09107899
0.1059709
0.1241002
0.1768321
0.1620084
0.1390427
0.1981104
0.1532566
0.130689
0.1210795
0.131355
0.1304243
0.1294028
0.1497246
0.213088
0.1666612
0.1442681
0.1476003
0.1646031
0.1451878
0.1219707
0.1751679
0.1476176
0.197712
0.09525948
0.1311787
0.1502732
0.09359949
0.1361764
0.1380612
0.09674138
0.1574675
0.105427
0.06805125
0.1279563
0.1196709
0.1174595
0.09134325
0.1205171
0.2201029
0.1376811
0.1056282
0.114985
0.1507455
0.1341441
0.1148016
0.08766793
0.09476803
0.111425
0.1161044
0.1049996
0.124031
0.1017715
0.06802479
0.1070145
0.1071467
0.1122018
0.1186024
0.1520623
0.1426382
0.1318368
0.1262369
0.1171084
0.1627403
0.2163085
0.1048945
0.1552067
0.1673101
0.1867028
0.09229057
0.1086562
0.1329726
0.139749
0.1552034
0.2099041
0.1333871
0.1315643
0.1828869
0.1664846
0.1010109
0.1264063
0.09736858
0.1327814
0.1198284
0.1220311
0.1014113
0.1283501
0.1421723
0.16176
0.1662957
0.1577287
0.123669
0.1491744
0.1649308
0.1372203
0.1230471
0.132408
0.1049016
0.1216613
0.0798528
0.09768107
0.1026554
0.08229028
0.1125641
0.09179057
0.09685271
0.1062266
0.0761835
0.1002246
0.1189521
0.1700775
0.1153615
0.1577058
0.1744868
0.1716222
0.1617593
0.151574
0.1445295
0.1431823
0.1110185
0.1316833
0.1853615
0.1256059
0.08331794
0.1434915
0.1341306
0.1342314
0.1714935
0.1732067
0.118517
0.1176214
0.1020333
0.1446405
0.16854
0.08488817
0.1276123
0.1285976
0.1057394
0.1136489
0.1103009
0.08270459
0.1062061
0.09788084
0.1703078
0.1828706
0.1686109
0.1718676
0.1695539
0.1186061
0.1381335
0.181871
0.1500343
0.1485101
0.1014678
0.1591298
0.1297706
0.09722415
0.1326422
0.1173256
0.1268636
0.1434043
0.150173
0.1249608
0.1492948
0.08076699
0.08383666
0.1154936
0.07681193
0.1128205
0.1164522
0.1511014
0.1251608
0.1575415
0.1598844
0.1419308
0.1487434
0.1588171
0.1463495
0.1532436
0.1727821
0.1089583
0.1196716
0.1491315
0.1164402
0.1033784
0.09245963
0.1218672
0.09440105
0.1058909
0.1648717
0.1179421
0.1878437
0.1023064
0.1086182
0.1079335
0.107024
0.1615894
0.1206008
0.1479641
0.1348525
0.1422041
0.1602064
0.1197528
0.125181
0.09824897
0.1864919
0.1459126
0.1326203
0.1381386
0.1209683
0.1145571
0.1764964
0.1377554
0.1322035
0.1043027
0.116359
0.08754528
0.08648363
0.1441479
0.1344671
0.09982614
0.1568309
0.2254549
0.1654015
0.1013528
0.1306874
0.160039
0.1565069
0.09958771
0.1332915
0.137009
0.1154023
0.1589503
0.161601
0.1592602
0.1583611
0.1489788
0.1745021
0.1217607
0.1225392
0.1215124
0.1046659
0.1579115
0.1331245
0.1351852
0.1853696
0.1215524
0.1329853
0.09993128
0.1245839
0.08048639
0.1013404
0.1054777
0.1389756
0.1168759
0.1826069
0.1895733
0.1421723
0.1131314
0.147102
0.1294597
0.1107021
0.1309631
0.1275697
0.1174792
0.09707756
0.1117016
0.1031288
0.07146504
0.09360436
0.1133722
0.07667363
0.09672095
0.1791781
0.1434622
0.1228398
0.1307509
0.1438963
0.1397688
0.1431746
0.112575
0.2042495
0.1150785
0.1815868
0.1300853
0.1253435
0.1488038
0.1393019
0.1533985
0.1546705
0.09829873
0.1125171
0.1485443
0.1228051
0.1366746
0.1207287
0.1583029
0.115306
0.1632343
0.1504711
0.1699189
0.1749745
0.1594315
0.1405288
0.1787961
0.2111976
0.2210595
0.1816987
0.1281378
0.1028298
0.1161749
0.1246565
0.1131906
0.08855911
0.08529824
0.1221201
0.1616571
0.1300097
0.1694775
0.117162
0.143545
0.1388027
0.1109873
0.1354836
0.1754031
0.1338589
0.1190456
0.1435084
0.1398031
0.1533259
0.1203655
0.1034087
0.08099692
0.113716
0.1178833
0.08517762
0.1110771
0.09061468
0.09597264
0.1519786
0.109697
0.0855759
0.07991843
0.1118468
0.1316194
0.1441391
0.08207176
0.09570756
0.1038106
0.1507692
0.1236438
0.08783669
0.109264
0.1113853
0.1994023
0.08930159
0.1221149
0.1283826
0.1749398
0.1680981
0.1057932
0.1583481
0.104011
0.1163532
0.1322592
0.1479037
0.1214816
0.08954783
0.1170762
0.1426293
0.1617946
0.1470928
0.138203
0.1244523
0.09113278
0.07061759
0.1790331
0.09917341
0.115974
0.1793116
0.1071135
0.06677554
0.07144683
0.09228051
0.1480013
0.2108506
0.1558304
0.1640084
0.1248522
0.1475478
0.151829
0.1214049
0.09564885
0.0964143
0.1180282
0.09924036
0.1206317
0.1048643
0.124231
0.08477269
0.08544216
0.09881234
0.08418351
0.1038127
0.07230159
0.1427348
0.1742762
0.1794673
0.1214416
0.121556
0.1049578
0.15012
0.1576419
0.1203963
0.1362425
0.1763119
0.1267254
0.1194141
0.1394691
0.1441205
0.1202353
0.2132697
0.1214702
0.1340783
0.1569914
0.1176801
0.1624566
0.1207717
0.1293272
0.1134998
0.1133125
0.124741
0.1005009
0.1010913
0.1884277
0.102746
0.1100077
0.0737128
0.1150814
0.1646723
0.124546
0.09779291
0.0813259
0.0975187
0.1149441
0.09283508
0.141581
0.1334238
0.1751597
0.1307266
0.1381156
0.1404885
0.1331434
0.1925361
0.2134141
0.1344375
0.1609136
0.106261
0.1269714
0.1319748
0.1394943
0.1531438
0.1526938
0.1191941
0.1490552
0.1424369
0.1742289
0.1113997
0.1054991
0.09259789
0.1370316
0.1695223
0.1224954
0.07833546
0.1228063
0.1253046
0.1419704
0.1407219
0.1566554
0.125696
0.1630304
0.1224338
0.1135369
0.1668078
0.1821956
0.1712907
0.1416305
0.1363222
0.1023386
0.09922479
0.0799369
0.1098976
0.1349379
0.107379
0.1610833
0.1414915
0.1072135
0.1025078
0.1323436
0.1647471
0.1202651
0.1373113
0.1058829
0.1315032
0.1143135
0.07985345
0.1234341
0.1851435
0.1527658
0.138629
0.1210533
0.2133875
0.1501529
0.1282989
0.1185457
0.1254197
0.128893
0.1375028
0.1244998
0.08823681
0.1332699
0.1753926
0.1812015
0.1219047
0.131773
0.1628094
0.128555
0.1515341
0.1200819
0.1600958
0.1376629
0.1526725
0.1783887
0.1439621
0.2255076
0.1903313
0.1553119
0.1937286
0.22275
0.1593605
0.1423724
0.1565171
0.1545666
0.135895
0.1278315
0.1319919
0.2029254
0.1291096
0.1285079
0.1444754
0.1255648
0.1150342
0.1417936
0.1536338
0.1544016
0.1305864
0.1867147
0.192904
0.2137633
0.1621379
0.1926374
0.1773532
0.1200844
0.1283866
0.1503942
0.1340993
0.1267938
0.1670019
0.1234266
0.1477019
0.1144549
0.08718774
0.1432907
0.1783957
0.1475592
0.0942371
0.1512542
0.159401
0.1268708
0.1276289
0.1378591
0.1243977
0.1605595
0.1459715
0.125073
0.1310702
0.1519358
0.185474
0.14873
0.180667
0.1235456
0.1401649
0.1267592
0.09964977
0.1234102
0.1493734
0.1232085
0.1157548
0.1140411
0.1666376
0.120343
0.121202
0.108963
0.1316844
0.1101703
0.1123049
0.1245426
0.1178615
0.1167162
0.1746856
0.1474954
0.1136184
0.1637436
0.1901642
0.1079033
0.1128896
0.06741852
0.08607574
0.08511064
0.09643483
0.1276327
0.1203348
0.1271576
0.08718481
0.1136073
0.09531796
0.1183937
0.08942808
0.1138981
0.1238519
0.1270518
0.1643454
0.1163046
0.1033729
0.250175
0.1260695
0.1592314
0.1327524
0.09443517
0.1659576
0.1106583
0.1194724
0.1565368
0.1559359
0.1426887
0.1599225
0.1217622
0.1393701
0.09843832
0.1337507
0.09351523
0.1269662
0.1348559
0.08838273
0.09755227
0.1477728
0.1827743
0.1396606
0.147052
0.1529926
0.1483411
0.1964559
0.130246
0.2586986
0.1677185
0.1507057
0.1081957
0.1058254
0.159597
0.1136379
0.1618058
0.1485795
0.1297347
0.119153
0.158734
0.1575795
0.1503567
0.08725022
0.1068792
0.1708485
0.1495409
0.1453591
0.2363626
0.1245319
0.1111162
0.1071708
0.1125759
0.1549814
0.1703024
0.1412947
0.1450372
0.1216076
0.1106741
0.2064481
0.1627748
0.1570409
0.1515686
0.130596
0.1232633
0.1281668
0.1546487
0.1345606
0.09202223
0.1207498
0.09846631
0.1070461
0.1256934
0.1062027
0.12665
0.09398579
0.09622578
0.118177
0.1177941
0.1217549
0.1401231
0.1417056
0.1264053
0.1204683
0.09860454
0.1208038
0.1149296
0.1308403
0.1060571
0.1546995
0.09167767
0.102306
0.1240683
0.1204914
0.08463181
0.1043107
0.1298398
0.1347251
0.09644013
0.1226086
0.1476206
0.1493819
0.1386055
0.1331708
0.1115425
0.1522019
0.09375352
0.1092908
0.139625
0.2003855
0.1717685
0.1770148
0.1209209
0.1092958
0.1720187
0.1389137
0.1742967
0.1393516
0.1738869
0.2010348
0.1108661
0.1445913
0.1556255
0.1602456
0.1284308
0.1465387
0.1345007
0.1297755
0.1471217
0.1143318
0.1088649
0.1373186
0.189365
0.1114691
0.1049026
0.06268567
0.08463793
0.09957953
0.1083308
0.1290648
0.1119686
0.1668361
0.1342693
0.1354018
0.07985595
0.09989184
0.1300941
0.08595656
0.1381054
0.07307277
0.09422925
0.1059711
0.07898066
0.1219896
0.1554584
0.1223008
0.1267989
0.1228685
0.1616523
0.150753
0.1971834
0.1445992
0.1256709
0.1517829
0.1408083
0.180296
0.194621
0.1406819
0.1397341
0.1388671
0.1091175
0.1391707
0.1365371
0.1860272
0.0936774
0.1566913
0.1397358
0.1480021
0.1072274
0.09319703
0.1561718
0.118771
0.1212434
0.1952612
0.1139976
0.1631244
0.1429795
0.1115976
0.169474
0.156237
0.1077314
0.1767912
0.130677
0.1544644
0.1357193
0.1167326
0.0647821
0.1096376
0.109342
0.1233369
0.06602756
0.07553233
0.191857
0.114818
0.1323928
0.1260319
0.1264044
0.1618239
0.1315123
0.1214055
0.1666721
0.1258861
0.1790528
0.1125989
0.1663212
0.1478231
0.1232021
0.152666
0.1111968
0.1055313
0.07931571
0.1289119
0.1072229
0.1267969
0.1605199
0.178063
0.1272595
0.1459973
0.1399104
0.1932029
0.1099518
0.1513348
0.1110682
0.1889721
0.08452976
0.1521074
0.1183538
0.130159
0.1029166
0.1400047
0.18845
0.1781923
0.1891914
0.1274558
0.1275457
0.09942805
0.1569408
0.1423225
0.1722653
0.1518913
0.1344195
0.1403843
0.138591
0.07810269
0.150692
0.1058429
0.1346277
0.1262948
0.09254821
0.1578966
0.1455629
0.1244105
0.1069651
0.1648503
0.1663654
0.1706459
0.1308146
0.1448575
0.1249305
0.08204751
0.09067614
0.08207354
0.105578
0.06609969
0.07630618
0.1127776
0.2088304
0.1907159
0.1237734
0.1613004
0.1196904
0.1033686
0.1340415
0.1084994
0.08096256
0.1112975
0.1507204
0.1353268
0.1094206
0.1361192
0.1480821
0.1169651
0.1617613
0.156587
0.1044568
0.09281661
0.1380888
0.1575226
0.17038
0.1983183
0.1486833
0.1791464
0.1144861
0.1594992
0.1149689
0.1572658
0.1050137
0.1462966
0.1809555
0.1587505
0.1124352
0.1269553
0.1554458
0.1215498
0.1569147
0.1491529
0.1309548
0.1147327
0.1177943
0.09842436
0.1785729
0.1285538
0.1068849
0.170835
0.1319604
0.1380773
0.1645488
0.1194615
0.138104
0.1361508
0.1330507
0.1221208
0.08843918
0.1268962
0.1206795
0.1785064
0.1497333
0.1691538
0.09981251
0.1838163
0.1665391
0.1217681
0.1830596
0.1033267
0.1037772
0.1623142
0.1381072
0.1793214
0.1368469
0.1302521
0.1314091
0.1227404
0.1696402
0.1712195
0.168863
0.1755962
0.1149485
0.2344525
0.1459222
0.2081246
0.1176123
0.1560658
0.1424165
0.1945589
0.1902552
0.1217801
0.1776069
0.1234524
0.1263581
0.17264
0.1504516
0.1538804
0.1555562
0.143159
0.1490442
0.1749689
0.2274194
0.1370183
0.1648189
0.1459063
0.1501537
0.212352
0.1578893
0.103034
0.1258994
0.1204321
0.1461441
0.1239396
0.1258377
0.1500378
0.1084844
0.122375
0.1529064
0.1557753
0.1344416
0.1535339
0.1140332
0.1198277
0.1185051
0.15537
0.08848087
0.1352296
0.1682572
0.1604289
0.1347318
0.208066
0.1331751
0.1735713
0.177351
0.2013744
0.171945
0.1212417
0.1711571
0.1979877
0.1753836
0.1234623
0.1540094
0.1543714
0.1800214
0.1354942
0.1683978
0.1821081
0.1281359
0.1525675
0.154599
0.1389225
0.1241181
0.1624795
0.1360444
0.1168875
0.1564042
0.1938493
0.202671
0.1381908
0.1228276
0.1818136
0.1440517
0.1381074
0.1423069
0.1420653
0.1661562
0.1367133
0.1289924
0.1593863
0.1704113
0.1815332
0.1403476
0.1174741
0.1764679
0.1783868
0.2078009
0.1697334
0.1372794
0.205556
0.1498566
0.1333951
0.1762065
0.1522942
0.1722971
0.1356443
0.1958244
0.1542386
0.1305878
0.1900192
0.2038586
0.1513113
0.1315729
0.1077332
0.1304848
0.1500618
0.1701937
0.1007124
0.1816218
0.1720805
0.1880587
0.1447606
0.139042
0.1302629
0.1416369
0.1184562
0.1259157
0.1361506
0.1644733
0.1652894
0.1908093
0.1735803
0.1405795
0.187575
0.1326312
0.09620393
0.1389491
0.08257581
0.08765089
0.1310841
0.1345717
0.1799466
0.1379768
0.1206559
0.09968114
0.1728479
0.1369335
0.1463926
0.1441555
0.1328338
0.1772871
0.1841415
0.1342709
0.1289765
0.1237669
0.1121276
0.1498536
0.09037092
0.1728467
0.1276437
0.1504626
0.1205392
0.1547241
0.1578113
0.1351704
0.200696
0.1685888
0.1567336
0.1155638
0.1985085
0.1095534
0.07065853
0.1380306
0.1253543
0.1906972
0.1168093
0.1594974
0.1415738
0.1357346
0.137878
0.1516648
0.2153675
0.1340172
0.1210799
0.1246291
0.1106328
0.1497646
0.1359111
0.1008317
0.1001984
0.1408635
0.1468827
0.117813
0.1252394
0.1108858
0.1340713
0.1796831
0.1668362
0.1425429
0.1062767
0.1216872
0.1193707
0.09223289
0.1140583
0.1631597
0.1455418
0.1886241
0.1427266
0.2077512
0.1580593
0.139909
0.1467671
0.1702099
0.1365943
0.1336725
0.136665
0.1388208
0.1063765
0.198641
0.1643538
0.1653211
0.1876444
0.1579552
0.1291297
0.181855
0.1938946
0.1359739
0.1360971
0.1548544
0.1264937
0.1291877
0.135961
0.1820717
0.1973051
0.1589497
0.1231532
0.1573211
0.1479201
0.19248
0.149979
0.1362047
0.09664494
0.1187412
0.1929784
0.1481664
0.115014
0.1610673
0.1439043
0.13304
0.1565695
0.1243527
0.1539243
0.1098627
0.1103451
0.1967577
0.1750828
0.1170062
0.1196709
0.1263643
0.2167468
0.1651392
0.18352
0.1110514
0.1549974
0.1134745
0.09861281
0.1231349
0.1566718
0.141365
0.1262291
0.1015135
0.125608
0.1513071
0.1379148
0.154701
0.1496299
0.09854216
0.1455928
0.12526
0.1338533
0.1313577
0.08458731
0.09967153
0.09993916
0.1006572
0.1060155
0.1039513
0.09252848
0.1164643
0.14136
0.1192921
0.08435505
0.2072628
0.2041294
0.1048655
0.1538244
0.1117739
0.1061529
0.136849
0.1507878
0.1415539
0.1400977
0.1711898
0.1446697
0.1269772
0.1554211
0.1768034
0.1301923
0.1222194
0.1377925
0.09744745
0.1734861
0.1298813
0.1876233
0.1452799
0.1025016
0.1001181
0.1514379
0.1102917
0.1206289
0.1163929
0.1607253
0.1447994
0.142737
0.1146974
0.1074009
0.1271252
0.1132644
0.1179515
0.1562925
0.1551083
0.1022743
0.08897735
0.1303559
0.159132
0.1885659
0.113545
0.1376034
0.1745418
0.1595888
0.1310883
0.1560023
0.1307445
0.09555368
0.1682497
0.145601
0.09450546
0.1713653
0.2047125
0.1410455
0.1330316
0.1295334
0.1189333
0.1315965
0.2052859
0.165064
0.1606387
0.1362819
0.1313346
0.1018713
0.1334565
0.2125228
0.1879433
0.2018174
0.1808096
0.09333608
0.1679164
0.1711593
0.1296598
0.09621608
0.09849201
0.1652231
0.101365
0.1112411
0.1647485
0.2348075
0.1709054
0.1682942
0.1235078
0.1715886
0.1739389
0.1663977
0.140739
0.1447508
0.1506411
0.1034934
0.1285652
0.165603
0.153714
0.1379353
0.1450338
0.1779169
0.09930412
0.1434806
0.1387069
0.1821564
0.1315138
0.1037204
0.1233967
0.1798301
0.1569986
0.1530992
0.1358203
0.13601
0.1376583
0.1281002
0.1294028
0.1244545
0.1035175
0.1653385
0.1354198
0.1736098
0.1582964
0.2058268
0.106535
0.1415765
0.159918
0.1736866
0.1668278
0.08977263
0.1084845
0.1042568
0.1552003
0.157258
0.1525099
0.1237917
0.1939016
0.1558122
0.152543
0.1446943
0.1641132
0.1597317
0.1731035
0.1397889
0.1020541
0.1228423
0.1470081
0.1332609
0.1467331
0.132812
0.1416428
0.1983458
0.1233275
0.1154899
0.1497481
0.1478142
0.154769
0.2000391
0.167103
0.1483918
0.09398855
0.1335467
0.09122043
0.0948585
0.1048434
0.1014091
0.1661825
0.1659748
0.1556411
0.1296219
0.1418324
0.1323646
0.1483622
0.1525863
0.1368181
0.1777577
0.1360978
0.1443728
0.1325498
0.1441461
0.1219979
0.09848428
0.1510411
0.1327115
0.1359863
0.1720117
0.1250399
0.1202698
0.1850029
0.1357981
0.1147883
0.09836484
0.1120863
0.1861299
0.2045598
0.1698434
0.210524
0.1549853
0.1261577
0.1272014
0.1169174
0.09040118
0.1215287
0.06986404
0.07689058
0.05900763
0.07139279
0.1009798
0.1033184
0.1087619
0.09152505
0.0949283
0.06392615
0.1025683
0.1136736
0.1433203
0.1259486
0.1003405
0.1229167
0.09742353
0.1681697
0.1593886
0.1418403
0.1416428
0.1750138
0.1635896
0.1005201
0.1238358
0.1480779
0.1681484
0.1577509
0.2190374
0.1865344
0.1283891
0.1058458
0.1449444
0.1158396
0.1097708
0.1354904
0.1376728
0.1229617
0.0976686
0.18374
0.1614189
0.1640598
0.1326453
0.1556567
0.1077842
0.1824298
0.1491261
0.1135453
0.1159664
0.1531329
0.1401799
0.1482411
0.1627839
0.1374043
0.115178
0.1211014
0.1390951
0.1000482
0.1471829
0.1207527
0.1285953
0.1488919
0.1161452
0.09887614
0.09432767
0.1011274
0.09463303
0.1147525
0.08204311
0.1456652
0.1118525
0.1021969
0.06301636
0.1038006
0.1077596
0.08794873
0.1036384
0.1798028
0.1010599
0.1248346
0.1302381
0.09827148
0.1290151
0.1326161
0.1263085
0.1059754
0.09435852
0.109966
0.1537779
0.1244872
0.1364529
0.1540214
0.1134813
0.1046587
0.07935991
0.1036496
0.09595435
0.1358568
0.1152952
0.1260109
0.1775724
0.1715922
0.1765487
0.1829822
0.1786409
0.1601608
0.1649041
0.2349213
0.150555
0.1766192
0.2384265
0.1491761
0.1502923
0.1646905
0.1443618
0.1949129
0.1611014
0.134689
0.1868754
0.1773303
0.1193673
0.1308164
0.1559997
0.1365407
0.1110025
0.1745915
0.1551002
0.144254
0.09959597
0.1699905
0.1070353
0.1514729
0.1445611
0.1586195
0.1517566
0.1812622
0.1215536
0.08257948
0.1632081
0.1109443
0.1211864
0.1279586
0.117542
0.1196318
0.1408179
0.0976707
0.080015
0.1098876
0.1459657
0.1702413
0.2147854
0.1773089
0.1754785
0.1878461
0.1176127
0.1047811
0.1258279
0.1558103
0.1592064
0.1216977
0.1457513
0.119719
0.07177481
0.06201718
0.09224168
0.1386658
0.1434582
0.126486
0.1245414
0.1339238
0.1560533
0.1616446
0.1706348
0.1986881
0.119197
0.141118
0.1079395
0.094329
0.08560772
0.07947198
0.1644146
0.1307176
0.09102755
0.1121051
0.1176921
0.1110351
0.1407148
0.109911
0.1077766
0.1265811
0.1312633
0.1310941
0.1231747
0.1766889
0.08163917
0.1319109
0.1580842
0.168341
0.1065799
0.146898
0.1331003
0.1335652
0.119649
0.1684231
0.1154875
0.1178805
0.1216944
0.1302785
0.1120565
0.1446481
0.1658769
0.1368958
0.1422419
0.1320344
0.1435546
0.1473865
0.1824803
0.1279933
0.1102077
0.1014314
0.1312104
0.1712969
0.1193512
0.1482529
0.1501267
0.1665656
0.1564036
0.1506217
0.1300432
0.1390334
0.1152826
0.08062236
0.04338727
0.07609544
0.08549103
0.1024563
0.0860806
0.1489595
0.1717753
0.1283441
0.1095838
0.1561378
0.1535419
0.1192128
0.1158052
0.1633948
0.1788564
0.1689311
0.1530672
0.1213801
0.1533301
0.1223857
0.04767935
0.1237863
0.1025318
0.1255637
0.09723343
0.1235623
0.0670317
0.1141931
0.1248721
0.1425577
0.1440576
0.1668576
0.1442423
0.1469328
0.09749143
0.1223685
0.1654453
0.1021275
0.1324182
0.1481958
0.2485408
0.1720958
0.1303183
0.1172739
0.1432242
0.1208783
0.09393535
0.1112048
0.1244532
0.117238
0.1108607
0.1676672
0.09621777
0.1064409
0.1227067
0.113998
0.09793699
0.1083073
0.09053626
0.1375824
0.1355199
0.173101
0.1628855
0.1562734
0.1024565
0.0984316
0.13762
0.1201307
0.1358326
0.1050457
0.121906
0.1282859
0.1107854
0.1649976
0.1377863
0.2050587
0.1537952
0.1661308
0.1561941
0.1382887
0.1576737
0.1480089
0.1615245
0.1141354
0.1639425
0.1581857
0.1585279
0.1240973
0.1669494
0.1360291
0.1622286
0.1755927
0.1302907
0.1670732
0.1510682
0.1377506
0.1475645
0.1398442
0.1417306
0.1529856
0.1901294
0.1048457
0.1657961
0.1284359
0.1249584
0.1611088
0.1285333
0.1621523
0.1334618
0.1860528
0.1607866
0.1561051
0.1502428
0.1134315
0.1185805
0.1810347
0.09965193
0.1689613
0.1173266
0.161178
0.1964247
0.1232431
0.1930907
0.131882
0.1440842
0.1564953
0.1312661
0.1784396
0.1098983
0.1717827
0.128507
0.1403427
0.1330724
0.1611144
0.1425756
0.1634882
0.1528386
0.1274852
0.1637593
0.1163134
0.1124103
0.07668489
0.06078103
0.05914848
0.08133061
0.09999773
0.1448252
0.1490513
0.163548
0.1721336
0.1530762
0.1599958
0.1696653
0.1127464
0.09804808
0.07744308
0.07502554
0.12449
0.09291244
0.1081517
0.1853662
0.1143229
0.09394493
0.1186784
0.10813
0.07531494
0.1356687
0.1473676
0.09703705
0.1048829
0.1723172
0.165756
0.1354374
0.1303631
0.1763872
0.1520287
0.1551922
0.1227842
0.1320323
0.1203428
0.142875
0.1453918
0.1030237
0.0874732
0.1383125
0.1075594
0.1476929
0.1417548
0.131462
0.1497591
0.1053175
0.1290676
0.1098946
0.1238995
0.1321211
0.1562998
0.1070954
0.1532726
0.101471
0.1569664
0.2134066
0.1341064
0.08882237
0.1115051
0.1091164
0.1216891
0.1603521
0.1027488
0.1302853
0.1095948
0.1538128
0.1357264
0.1306396
0.1422014
0.1296471
0.1419758
0.1604542
0.1454277
0.125658
0.1167853
0.1030131
0.1645937
0.1566979
0.1567954
0.1251435
0.1423504
0.1317024
0.1189232
0.1403781
0.1692888
0.1892323
0.1513284
0.1252126
0.1370065
0.1634423
0.1574195
0.1298335
0.1942528
0.1785812
0.1713109
0.1617359
0.1089662
0.1414284
0.1406625
0.1932849
0.1126116
0.131887
0.1328145
0.09912046
0.1208675
0.2015656
0.2073285
0.1399761
0.1343204
0.1331715
0.1371499
0.1431134
0.138652
0.1822766
0.1358816
0.1128529
0.1210685
0.1881062
0.1314857
0.1545888
0.1026403
0.111274
0.1467424
0.09938767
0.1345123
0.08350662
0.1171554
0.1101702
0.09082672
0.09342769
0.145906
0.1171856
0.1325489
0.1834296
0.1431827
0.1248256
0.1564281
0.118011
0.1148639
0.1338672
0.2019511
0.1753547
0.1771136
0.126521
0.1171228
0.1024507
0.1325114
0.1170875
0.1147171
0.2125254
0.1287419
0.1143387
0.1203643
0.1594482
0.1762121
0.1897093
0.1849127
0.1635903
0.08162053
0.1720904
0.1406758
0.09758798
0.1161373
0.1094801
0.1103608
0.09770582
0.121051
0.1204942
0.0877162
0.09906284
0.1103908
0.1289499
0.1957992
0.1779393
0.1872696
0.1302584
0.09144439
0.08636001
0.08994388
0.07387607
0.1222284
0.06779502
0.08828762
0.0936989
0.1014335
0.07721084
0.07785314
0.1084135
0.07388045
0.1558973
0.1350639
0.1319232
0.1069229
0.1343724
0.1262695
0.1543445
0.1683424
0.1038651
0.1034
0.1385979
0.07411151
0.09710792
0.08420554
0.1192109
0.0728308
0.08012095
0.1206671
0.1352308
0.1446973
0.160365
0.1366562
0.1102671
0.1296624
0.1410112
0.1170834
0.1006007
0.1201194
0.1079846
0.09095323
0.08858228
0.08912232
0.1293674
0.106971
0.1653922
0.1850101
0.1523902
0.09264018
0.1997792
0.1336973
0.08572243
0.106826
0.1419699
0.09816781
0.1495494
0.1332465
0.1248444
0.145303
0.1420739
0.153025
0.138937
0.1668866
0.1013597
0.134998
0.1239516
0.1564868
0.14128
0.1540814
0.1096208
0.1442246
0.1556453
0.1040346
0.08041291
0.05787813
0.09232481
0.119913
0.1081701
0.07203342
0.1341917
0.1429465
0.1315269
0.1556316
0.1683035
0.1645564
0.125029
0.1339948
0.1235749
0.1715652
0.1170563
0.1219919
0.147598
0.1285004
0.1457928
0.1367367
0.161443
0.1231991
0.1354296
0.1589233
0.1507705
0.1043453
0.1457054
0.1433771
0.1979328
0.1524225
0.1352795
0.1340138
0.1696167
0.1164699
0.1539032
0.1535158
0.1720575
0.1561696
0.1384344
0.1822247
0.166214
0.1248553
0.1571445
0.1710956
0.1461913
0.1583619
0.1089034
0.1219846
0.1097678
0.1654112
0.1670732
0.141947
0.1447047
0.1675933
0.1166698
0.1440003
0.1126541
0.1143932
0.1447624
0.0971338
0.1487866
0.1223963
0.1201852
0.1404467
0.1552487
0.09932377
0.1341572
0.1434009
0.1355086
0.1743161
0.08204751
0.1094797
0.1295226
0.1011958
0.102289
0.1217482
0.138279
0.1154409
0.1383596
0.1381224
0.1247924
0.1193301
0.1078236
0.132679
0.1122689
0.07618725
0.09302479
0.08233178
0.09377671
0.1150462
0.07401208
0.09053446
0.1161994
0.07686457
0.08698141
0.1258525
0.1420681
0.09582165
0.1108517
0.1068858
0.1022469
0.09731366
0.07766388
0.08608391
0.09324842
0.09358891
0.1293581
0.1457751
0.1492918
0.1430012
0.1707903
0.1444968
0.1343885
0.1077811
0.1025365
0.1304771
0.1425866
0.1134357
0.1217272
0.1608087
0.1067869
0.094159
0.09961076
0.1273559
0.1386146
0.1416639
0.1101617
0.1111141
0.1314121
0.1323183
0.1418072
0.1625329
0.1080573
0.166217
0.1175877
0.1448327
0.1319599
0.1061217
0.1871395
0.1193144
0.1251618
0.1083761
0.1019596
0.1274813
0.1022634
0.06758944
0.1333866
0.170096
0.190718
0.1664918
0.09415342
0.1048947
0.1212503
0.1950672
0.1376121
0.1470245
0.1049247
0.1009298
0.1037008
0.1508217
0.09310637
0.1002552
0.0934639
0.09173178
0.1012787
0.1166149
0.08604848
0.1779478
0.105676
0.09178167
0.1127224
0.148586
0.15626
0.167556
0.1119409
0.07735749
0.1473004
0.0732844
0.1202264
0.1134759
0.08102312
0.07167428
0.06359131
0.08223378
0.07194547
0.1209998
0.1197526
0.09858745
0.1198789
0.155305
0.1428849
0.1354327
0.1118863
0.11304
0.1404812
0.1033907
0.1297043
0.1169425
0.08800515
0.153723
0.1083343
0.1127724
0.09440449
0.09129118
0.07314807
0.1333665
0.1044588
0.1272058
0.2124302
0.1741
0.1247918
0.1133476
0.134974
0.1239081
0.1080132
0.07427724
0.1847697
0.1182433
0.0994691
0.08952237
0.088029
0.1235394
0.1164828
0.07247872
0.1020757
0.1421053
0.1671307
0.1409419
0.1291044
0.08879021
0.1243582
0.1904484
0.1113749
0.1205265
0.1225305
0.1586033
0.1044066
0.1670571
0.1433684
0.1858472
0.1592799
0.164777
0.1491666
0.1314592
0.08621185
0.0788925
0.1148444
0.09521207
0.1149036
0.1480827
0.1819093
0.1681531
0.1417139
0.1283111
0.1314299
0.0961177
0.1506283
0.1139743
0.1217816
0.07146116
0.1094093
0.1537435
0.1088344
0.1031238
0.126023
0.1727596
0.0787922
0.1280828
0.1321677
0.1559752
0.1627512
0.1168442
0.1155672
0.1552564
0.1694959
0.1222339
0.2292078
0.1108158
0.1576286
0.149963
0.1489668
0.1417444
0.1487509
0.1807623
0.1638792
0.1247558
0.09412131
0.09483075
0.08273791
0.0683719
0.09891319
0.1316405
0.1303142
0.1148228
0.0919077
0.1247266
0.08905275
0.1865097
0.1105081
0.1316659
0.08100557
0.07437699
0.06852476
0.1114058
0.1166282
0.09305226
0.154181
0.1077495
0.1166611
0.1460463
0.1731393
0.1202926
0.100741
0.08527056
0.09415538
0.1310385
0.07639506
0.07667554
0.09605046
0.0875094
0.09489155
0.1009089
0.1056044
0.101089
0.1047469
0.1301973
0.110949
0.1385074
0.08768003
0.0811167
0.1033898
0.1027652
0.1518035
0.1263073
0.171135
0.09982784
0.1518125
0.127892
0.06947389
0.06360194
0.07459146
0.08718063
0.1000306
0.1072009
0.1213646
0.1254552
0.1688743
0.1592737
0.1117605
0.1139162
0.1989785
0.172074
0.139651
0.1368278
0.09022453
0.113842
0.1055387
0.1005754
0.08162594
0.1266324
0.1331054
0.1400218
0.1472453
0.1399798
0.1842444
0.1431178
0.1085803
0.1096506
0.1027753
0.1960575
0.135596
0.0705766
0.0849735
0.1148761
0.1476796
0.1423202
0.1543205
0.1221763
0.161493
0.1294753
0.1279813
0.1723012
0.1517885
0.09108153
0.1180903
0.1333797
0.09988691
0.1431733
0.1768745
0.1506395
0.1564392
0.1460922
0.212438
0.1736615
0.140024
0.1272973
0.1475742
0.1663216
0.09276685
0.1462095
0.1072615
0.1324437
0.1366699
0.1420157
0.07836898
0.1374808
0.128241
0.1084431
0.09879537
0.2247571
0.1500742
0.0842201
0.1585911
0.1820703
0.1579152
0.1596374
0.2003917
0.1322494
0.1140111
0.1226865
0.1558346
0.1379661
0.1590004
0.1189737
0.1615509
0.1269177
0.1247085
0.1235424
0.1014481
0.1340722
0.1397402
0.09727414
0.1269426
0.116227
0.1709911
0.07840856
0.1381564
0.1427105
0.1484991
0.1459695
0.1439644
0.1596274
0.1370973
0.1850699
0.1918627
0.1576463
0.1794596
0.1015548
0.1224441
0.1856609
0.1450453
0.1706483
0.1755548
0.1389403
0.1545626
0.1203571
0.1753948
0.1607335
0.1199227
0.124261
0.1135498
0.1146739
0.1077265
0.1028556
0.1184466
0.1360254
0.1550626
0.08732577
0.1160683
0.1620516
0.1084473
0.09878642
0.07202771
0.1077201
0.09382551
0.09172842
0.1037659
0.1395549
0.1276551
0.1181928
0.1178288
0.1474742
0.1430513
0.09964889
0.1123321
0.1097696
0.1249053
0.1779251
0.1323888
0.1856549
0.1366123
0.1819226
0.1364425
0.06926024
0.119612
0.1306308
0.1289217
0.1162619
0.1743213
0.09233325
0.1602387
0.1534343
0.1556169
0.1185319
0.1223774
0.1436222
0.1688986
0.1019726
0.09703246
0.1004079
0.1216754
0.1405507
0.1178283
0.1573571
0.1076196
0.08414785
0.1280069
0.1408905
0.118703
0.124071
0.1145592
0.08517993
0.1915562
0.1246779
0.1534541
0.1278847
0.1289205
0.1579067
0.1530232
0.1495322
0.1405767
0.192859
0.1836999
0.1477763
0.1743323
0.1368632
0.1809698
0.1742579
0.1358401
0.1499427
0.1572926
0.1046711
0.166646
0.1250789
0.1816819
0.1848731
0.16518
0.1502864
0.1349343
0.1875234
0.1256628
0.09789443
0.1146423
0.1684591
0.1224063
0.1155098
0.1104132
0.102985
0.1205448
0.1242619
0.1463215
0.1347695
0.1308267
0.1331027
0.1324935
0.1340514
0.1305093
0.1542836
0.1334279
0.08474011
0.1344586
0.1790569
0.1342016
0.09510736
0.1050485
0.1071309
0.1062326
0.1946306
0.1320363
0.1560182
0.1622201
0.1323621
0.1074518
0.08433186
0.1178134
0.1686842
0.1106632
0.1231853
0.07063279
0.0909343
0.1602188
0.1022114
0.1275791
0.1362718
0.1328602
0.1176425
0.1296072
0.1167154
0.1802761
0.1318353
0.1349139
0.1145466
0.1036933
0.1353717
0.1027918
0.1114695
0.1247066
0.1342674
0.132302
0.1205365
0.1869202
0.1379803
0.1324139
0.1188768
0.1344583
0.1306489
0.1377231
0.2116477
0.177235
0.108048
0.09063441
0.1133536
0.1699016
0.1628952
0.1904674
0.1293054
0.1636161
0.1277964
0.09375634
0.1106102
0.1145916
0.167578
0.1960931
0.1506309
0.1345591
0.1814601
0.1357678
0.1218996
0.1113822
0.1741606
0.1641842
0.09760175
0.1022909
0.1220339
0.1619091
0.1265423
0.109688
0.1396749
0.173888
0.1226321
0.2049882
0.1707787
0.09313905
0.1379821
0.1148214
0.05579986
0.08819822
0.1510503
0.1039373
0.1007225
0.1053436
0.1508746
0.1015044
0.1722666
0.1006547
0.1532339
0.1244706
0.09421275
0.1272918
0.09332314
0.08210153
0.1926919
0.09083205
0.09109137
0.1255759
0.1464443
0.1139084
0.07992246
0.1129226
0.1252149
0.1840535
0.1210741
0.08699314
0.1001568
0.1274402
0.08156935
0.1810025
0.1337734
0.1696121
0.1412599
0.1102851
0.1384056
0.1279176
0.1646131
0.09799803
0.157459
0.09520361
0.1335684
0.1803779
0.1241237
0.1010054
0.1405179
0.1132003
0.1816611
0.1374725
0.1403992
0.1527364
0.1891088
0.1795058
0.173558
0.1330389
0.1308337
0.106838
0.1609826
0.1343774
0.1669659
0.15445
0.1625703
0.1438917
0.1466095
0.1889123
0.2237478
0.16164
0.1518542
0.161422
0.1308937
0.1084596
0.1425234
0.1537433
0.1092517
0.1357592
0.2429278
0.1405923
0.1450733
0.111506
0.1005958
0.07367804
0.1053996
0.132694
0.1510183
0.1938372
0.225355
0.2243653
0.1615176
0.1659337
0.08727138
0.1303885
0.1234307
0.09034653
0.1113906
0.124924
0.09690225
0.09708809
0.07394129
0.07185619
0.09884607
0.07280881
0.1043173
0.08469651
0.1028488
0.1033088
0.1364805
0.1574139
0.1098116
0.1511624
0.0890608
0.1385527
0.1335272
0.1500695
0.1538495
0.125215
0.1206573
0.1428572
0.1794307
0.17004
0.1602877
0.1638117
0.1795688
0.1599805
0.152448
0.1313087
0.106363
0.1491806
0.1471192
0.1387665
0.1434634
0.1692242
0.1285759
0.1087983
0.1432264
0.182402
0.122138
0.1008932
0.1553752
0.1536098
0.158465
0.1521823
0.1280194
0.1379604
0.140835
0.155762
0.1154203
0.1038508
0.07284974
0.1468796
0.05552616
0.07330892
0.04945671
0.07718897
0.08410125
0.1208493
0.1541703
0.1526915
0.1578646
0.0924606
0.09589617
0.1029352
0.1132509
0.09674197
0.1418778
0.1773057
0.1780732
0.1625416
0.111974
0.1323665
0.1726131
0.1547003
0.1934278
0.1595104
0.1367418
0.1339582
0.1479532
0.1096182
0.1402521
0.1051899
0.08937311
0.1034221
0.1040959
0.1482736
0.1280677
0.1460156
0.1383447
0.1541071
0.1386777
0.1722121
0.1720436
0.1313063
0.08253167
0.1159903
0.1586202
0.1440534
0.1855762
0.1387543
0.1498813
0.1491582
0.1155042
0.1670298
0.1612706
0.138296
0.1518528
0.1513911
0.1286529
0.1149704
0.06281588
0.08522014
0.1012197
0.08700164
0.1335956
0.14443
0.1169693
0.1220977
0.135856
0.1611796
0.1378155
0.1249076
0.177351
0.148898
0.1415358
0.1308344
0.1416166
0.1540797
0.1300892
0.1399753
0.1948933
0.1152813
0.152277
0.0875616
0.134768
0.153699
0.08277883
0.04526367
0.07434883
0.07536569
0.1025087
0.1431834
0.138087
0.1671271
0.1334587
0.1566142
0.08922452
0.1244015
0.09393408
0.1069488
0.1306745
0.1000644
0.1317961
0.1000102
0.08716925
0.1166663
0.1203068
0.06953832
0.08944178
0.09125419
0.08914299
0.1181143
0.1152774
0.07861018
0.1396981
0.1140728
0.0841153
0.1234706
0.1297915
0.1266791
0.1237069
0.09575488
0.1082465
0.1340153
0.1262634
0.1096015
0.09295717
0.141572
0.1717663
0.1431454
0.107011
0.1340175
0.1466583
0.1286118
0.1259112
0.09956787
0.1506198
0.0849759
0.1301951
0.1961444
0.1526447
0.1372408
0.1234512
0.1281647
0.1028231
0.08247144
0.1519973
0.1424062
0.1432771
0.2214196
0.1431299
0.1174576
0.1145816
0.1687237
0.0844288
0.1205171
0.08358729
0.1010481
0.114918
0.1379066
0.09423105
0.1223314
0.1225411
0.1399301
0.142742
0.124396
0.1837151
0.1330412
0.2163153
0.1302558
0.1557227
0.2398069
0.1715112
0.2611096
0.1772152
0.1724894
0.1172276
0.1889958
0.1580474
0.1029702
0.1384474
0.1209497
0.1290244
0.09827544
0.1361153
0.1384543
0.106546
0.1061387
0.08228113
0.08563164
0.08325884
0.09901118
0.1114101
0.1033357
0.1114754
0.1608171
0.1173167
0.1923271
0.1236074
0.1327078
0.1171099
0.1441138
0.1172354
0.1380675
0.1482548
0.08467006
0.1010493
0.09128888
0.1410396
0.08898868
0.08941465
0.09975305
0.06959322
0.1624802
0.1465927
0.08342275
0.09851065
0.08823629
0.08282384
0.08475937
0.07335246
0.1300155
0.1733266
0.1661551
0.1218754
0.09261959
0.1124904
0.09140937
0.1242414
0.1432184
0.1462892
0.1858407
0.1302224
0.1916966
0.181518
0.1348768
0.1444212
0.2005333
0.1114707
0.1377229
0.1276912
0.05772884
0.07733013
0.1429664
0.1473134
0.1010918
0.1209189
0.0898738
0.1051239
0.06801855
0.0742533
0.08304426
0.09121155
0.08842411
0.08374758
0.09488768
0.06128978
0.09344888
0.1324138
0.1127991
0.1318217
0.1271347
0.1727119
0.1342057
0.1573751
0.1065171
0.1195599
0.08855253
0.113538
0.1739788
0.1206618
0.1573947
0.1430796
0.1278221
0.1399825
0.108254
0.1707689
0.1396461
0.09231342
0.1521826
0.1598535
0.14887
0.1803438
0.1673706
0.1231858
0.1486399
0.1491614
0.1336397
0.158758
0.1329913
0.160634
0.0861003
0.1233811
0.1305638
0.1324957
0.119275
0.1211962
0.1645504
0.1371372
0.08475935
0.1495113
0.1756534
0.1449546
0.146863
0.2358587
0.1498595
0.1571289
0.1621606
0.1863881
0.1625497
0.1910661
0.1867121
0.1059869
0.130858
0.1176532
0.1917733
0.1213537
0.1096638
0.1266913
0.1716338
0.1740821
0.2134915
0.1417332
0.1641157
0.1241504
0.1560249
0.09199535
0.1009328
0.1025459
0.1557342
0.08827236
0.1477473
0.1538025
0.1034241
0.1360985
0.08816098
0.1276288
0.1364473
0.102252
0.1107077
0.1256002
0.1397175
0.1135241
0.128991
0.1213644
0.1213168
0.1457459
0.1631669
0.1395893
0.1631865
0.1279799
0.1825377
0.1786064
0.1157391
0.1060583
0.1036267
0.1154965
0.1021077
0.09233247
0.09970218
0.1066121
0.1283404
0.08711929
0.122197
0.1042357
0.1079618
0.08913526
0.1426146
0.1504387
0.08490635
0.198954
0.1165294
0.1070182
0.09882902
0.1093692
0.1095857
0.06450894
0.1569772
0.08850451
0.09935904
0.08838165
0.1403113
0.1510195
0.1131648
0.1376838
0.1857558
0.1348141
0.2092893
0.1198006
0.1767825
0.164915
0.1208332
0.1751576
0.1279869
0.1341706
0.1259416
0.1451863
0.1730646
0.1526183
0.1725826
0.2316685
0.120723
0.1942937
0.1417023
0.1229104
0.1616767
0.1286899
0.1913278
0.1869535
0.1338884
0.1650771
0.2405273
0.1631304
0.1387431
0.154248
0.1506288
0.1101069
0.1744711
0.1710292
0.1279615
0.1436906
0.1174913
0.1847855
0.1392376
0.1301131
0.1454155
0.1297354
0.1763151
0.1728474
0.1188997
0.07927569
0.112636
0.1276832
0.133665
0.08762302
0.1072697
0.1052461
0.1428277
0.2210035
0.1618496
0.1724084
0.1488976
0.1303179
0.1356115
0.1273282
0.1095324
0.122718
0.1007532
0.1307207
0.1719805
0.1286069
0.1138754
0.1082807
0.1371731
0.1323855
0.1840002
0.1331947
0.1310084
0.1298416
0.1232571
0.1693775
0.09919399
0.1591639
0.1192676
0.1490979
0.126019
0.1363996
0.1100133
0.111648
0.08293281
0.05716328
0.09971278
0.1599357
0.1867488
0.1187205
0.1766001
0.1632353
0.1555701
0.189397
0.172209
0.1554463
0.1699512
0.1318176
0.138343
0.147842
0.1223294
0.1106218
0.1023553
0.1535674
0.1414186
0.1149827
0.1193071
0.0972243
0.1617162
0.1177821
0.1537801
0.1090476
0.1415272
0.1329298
0.1518371
0.127127
0.1461536
0.1067928
0.15955
0.1446022
0.1416378
0.08417606
0.1122458
0.1241869
0.1451526
0.1333942
0.1420598
0.1352585
0.162064
0.181605
0.08636843
0.1188314
0.1686757
0.1201665
0.1312341
0.1580038
0.1256305
0.1487542
0.135539
0.112996
0.1719914
0.1170636
0.131025
0.09965463
0.1577368
0.1464575
0.1404224
0.1202435
0.1341391
0.1483744
0.0936415
0.1510768
0.1442377
0.1246231
0.1177275
0.1334635
0.125058
0.1502136
0.131366
0.1688998
0.1443984
0.141838
0.1519756
0.1604793
0.1005245
0.1012118
0.1327058
0.1370713
0.1351532
0.1097211
0.2064105
0.1407169
0.1058835
0.1587287
0.1062967
0.1185772
0.1558001
0.1002774
0.1106041
0.1674763
0.1012537
0.1194898
0.11594
0.117955
0.1346147
0.1700581
0.1397676
0.1192476
0.1582117
0.1515644
0.1389091
0.1291
0.1499709
0.1421519
0.1689419
0.123395
0.1291988
0.1513172
0.1850422
0.1016479
0.08799531
0.1147029
0.1363422
0.123772
0.1860962
0.1186589
0.09365955
0.1081503
0.08908224
0.1282219
0.1269442
0.08672963
0.1833649
0.1200157
0.1371423
0.1597025
0.1229469
0.09105515
0.1638181
0.1540428
0.1263309
0.1040249
0.09427021
0.09416974
0.1093142
0.1463033
0.1701692
0.1083911
0.1150438
0.168241
0.1333174
0.08484506
0.09455599
0.1857338
0.1345051
0.1498233
0.1460012
0.1186982
0.08145952
0.1521827
0.1269395
0.1783792
0.1546812
0.1272641
0.1347438
0.1726037
0.1658767
0.1724246
0.1482761
0.1429998
0.1876268
0.1768454
0.1439542
0.166152
0.1394951
0.180936
0.1050298
0.1177841
0.1495898
0.1455859
0.1440024
0.105748
0.1295121
0.1169395
0.1689439
0.1568986
0.185791
0.125835
0.1519042
0.1607477
0.1320852
0.1716894
0.167151
0.1194568
0.1529437
0.1760876
0.1292016
0.1387592
0.1190962
0.137019
0.1269283
0.1357634
0.1398354
0.1884261
0.1344272
0.1174455
0.0701448
0.107512
0.1703317
0.1105383
0.1098951
0.21117
0.1131671
0.1463537
0.1528143
0.1736678
0.1542578
0.1906429
0.1523281
0.1536732
0.1561423
0.1299529
0.1360777
0.09737654
0.08990307
0.106495
0.1331162
0.08319237
0.1406839
0.08288951
0.113634
0.1578764
0.1567143
0.1146695
0.1359783
0.1837477
0.1714844
0.1122507
0.1150549
0.1175348
0.1182186
0.1436438
0.1804612
0.1062425
0.1354342
0.1319917
0.09328139
0.09624235
0.189296
0.1611832
0.1138758
0.1161861
0.1332838
0.07975402
0.1119278
0.1372615
0.1483049
0.1655991
0.1427576
0.1181152
0.1506949
0.1499543
0.1029908
0.1006653
0.1250804
0.1184484
0.1465708
0.1188901
0.1349639
0.1285805
0.1115668
0.1099869
0.09634941
0.1728057
0.1251615
0.1855966
0.1258326
0.1285587
0.1473502
0.1366075
0.1495361
0.163003
0.1778215
0.1473998
0.1373695
0.190428
0.1729492
0.157043
0.1436832
0.08324088
0.08664714
0.1408982
0.137572
0.1184536
0.1816285
0.1905926
0.14276
0.1264839
0.179885
0.1805801
0.1102506
0.17953
0.09281944
0.1233241
0.143185
0.158448
0.1224292
0.1520729
0.1589161
0.1234054
0.09250815
0.127777
0.1204853
0.1070061
0.1227055
0.1077598
0.1228726
0.1035869
0.1842927
0.1183326
0.08675079
0.1778011
0.1951593
0.1802495
0.1542692
0.1332681
0.1652194
0.1427612
0.1372166
0.1088156
0.1318366
0.1148255
0.1291421
0.1017918
0.08797832
0.1112372
0.1653745
0.1573043
0.1221538
0.1347351
0.1519041
0.1558345
0.1248576
0.1024901
0.1399741
0.1604353
0.1329446
0.1587174
0.1636188
0.1612807
0.2197381
0.1541468
0.1809576
0.1431038
0.1391926
0.159489
0.1200522
0.1157929
0.1486814
0.1806995
0.1428628
0.1853327
0.1038099
0.1177177
0.07887732
0.1098987
0.1146434
0.114142
0.1132716
0.1064896
0.1169509
0.1434432
0.1109251
0.09996026
0.1116573
0.1074015
0.09983414
0.1489289
0.1418901
0.1022065
0.07751299
0.09915365
0.1198751
0.08094919
0.1203274
0.1204818
0.07419566
0.1559796
0.1386699
0.100322
0.1554254
0.160492
0.1493182
0.166342
0.1647075
0.2013627
0.1933618
0.1356681
0.1611388
0.1755241
0.1802577
0.1256614
0.1213364
0.1402599
0.1201414
0.159074
0.113741
0.1244479
0.1368658
0.07881527
0.09564701
0.1232651
0.1400233
0.1243884
0.2235065
0.1363592
0.1463258
0.1118165
0.1393983
0.1417356
0.1112379
0.1560365
0.126832
0.1621211
0.1552298
0.1781174
0.1502235
0.08926118
0.1666744
0.1551088
0.1080056
0.1359601
0.1851954
0.1936004
0.1598752
0.1461112
0.108531
0.1419607
0.1032714
0.1152178
0.1063692
0.09505348
0.1398578
0.1185765
0.1600231
0.1553937
0.1043857
0.1236897
0.1857496
0.1267475
0.1527646
0.1353001
0.1589733
0.1951223
0.1424042
0.1652366
0.1193792
0.09884475
0.1307541
0.1164949
0.1042693
0.1380705
0.1604067
0.1693394
0.1248396
0.2162197
0.1141689
0.1091876
0.1271594
0.09907404
0.09204708
0.1214111
0.1345644
0.07759926
0.1245659
0.09252894
0.1049465
0.1151466
0.1481316
0.1225744
0.1702742
0.129485
0.2020241
0.1752138
0.1438463
0.114302
0.1631334
0.1103062
0.1184967
0.09784528
0.1319517
0.1329098
0.1484558
0.1360676
0.1326383
0.1721486
0.1479377
0.1560098
0.1848038
0.1508723
0.1186083
0.1561537
0.1223813
0.1268813
0.1529835
0.1257371
0.1374302
0.1762976
0.1075301
0.1421362
0.09195612
0.07294013
0.06901256
0.09886824
0.09848091
0.07693892
0.1007783
0.1267514
0.1229909
0.1828685
0.1099005
0.151839
0.1424391
0.1106846
0.09955165
0.1436848
0.1137419
0.1103177
0.1275178
0.1096614
0.1136
0.07833264
0.07379036
0.0860457
0.06548134
0.0899926
0.1931436
0.213687
0.2059438
0.1333803
0.1694434
0.1382349
0.1433656
0.1601333
0.112386
0.09110928
0.07954488
0.1209405
0.109824
0.09985405
0.07945305
0.1191934
0.07523444
0.1238281
0.1653783
0.1222365
0.138054
0.1213025
0.1169494
0.1641212
0.1280428
0.1198752
0.117942
0.08313653
0.1439849
0.08801514
0.11162
0.1233154
0.1168843
0.1717348
0.1159092
0.1223881
0.1196968
0.1286037
0.1839476
0.1217895
0.1154039
0.1696047
0.1567203
0.1240217
0.1401067
0.1576436
0.1110734
0.1389297
0.149607
0.09722689
0.1099876
0.1948639
0.1320952
0.09826531
0.1753686
0.1599906
0.118717
0.1034811
0.1602072
0.1456481
0.1025061
0.1325958
0.09438791
0.08427692
0.2249593
0.1314415
0.1184387
0.1120517
0.08600051
0.06257877
0.126306
0.1414098
0.1193132
0.09409861
0.1317599
0.1068335
0.1153809
0.1026607
0.08320837
0.168574
0.1124142
0.1345364
0.1010962
0.1076895
0.1126666
0.1500222
0.170259
0.1230476
0.1110211
0.1643462
0.1601474
0.1169136
0.1021079
0.1018569
0.1308617
0.1152886
0.1182158
0.1058365
0.1527893
0.1288321
0.1352746
0.1783322
0.09646312
0.09337101
0.1331611
0.1202389
0.08356342
0.1693565
0.1266205
0.1210178
0.09620293
0.1189858
0.1090165
0.08896717
0.09055226
0.08821279
0.1450916
0.1764288
0.2072439
0.1222981
0.1405388
0.1576411
0.1472768
0.1405142
0.11601
0.08977442
0.1227721
0.1524168
0.128242
0.1322727
0.1853611
0.1017036
0.1151642
0.107699
0.1739867
0.2093716
0.1639629
0.1482044
0.1395628
0.1365875
0.1546449
0.1796172
0.1652118
0.181246
0.1575984
0.1337476
0.1881765
0.08682994
0.1125959
0.1257872
0.09487276
0.1499184
0.1595859
0.1279184
0.1867635
0.1287195
0.11035
0.1037816
0.08171711
0.1232603
0.08380909
0.1279813
0.1788495
0.1011683
0.1096734
0.1270152
0.09872205
0.1659774
0.1059842
0.1342941
0.1515897
0.1235645
0.1265077
0.1535356
0.1498305
0.1444527
0.102874
0.09391445
0.120175
0.120605
0.1199048
0.1106552
0.08925771
0.1073068
0.1442769
0.0973468
0.09599768
0.07471543
0.09115152
0.08331729
0.08925537
0.1167493
0.06788372
0.1433144
0.1354489
0.1297163
0.1043928
0.110528
0.09595128
0.1675507
0.1428528
0.1470183
0.170033
0.1426989
0.1278892
0.1373172
0.1403908
0.06576882
0.1300352
0.1357015
0.1203552
0.1309515
0.1647079
0.1488333
0.09233359
0.1767185
0.1621441
0.09975256
0.1100517
0.06138026
0.1556785
0.1688611
0.1048451
0.1544234
0.1243047
0.09499331
0.1541083
0.1308835
0.1275673
0.1704389
0.1676824
0.1435045
0.1512637
0.145683
0.1525178
0.1207254
0.1204469
0.1161613
0.09943019
0.1267842
0.1061871
0.1076164
0.09765542
0.10642
0.08175323
0.075846
0.1327776
0.1297995
0.1047429
0.09191893
0.09943732
0.08160449
0.1746488
0.1306615
0.1101178
0.1122818
0.1174776
0.1883718
0.1687531
0.1083979
0.16578
0.1379424
0.1343741
0.1680802
0.1240465
0.1436276
0.1090592
0.2252131
0.1675429
0.1353494
0.1723582
0.08969177
0.0836765
0.1392329
0.15632
0.1409549
0.09506027
0.1140759
0.1036366
0.1762766
0.1431158
0.1339805
0.1636678
0.1419918
0.215934
0.1164752
0.1296438
0.1032613
0.1265384
0.1330247
0.1287598
0.1245537
0.1050457
0.1236492
0.1284585
0.1127992
0.1011547
0.1055636
0.09694063
0.09570852
0.1129782
0.135288
0.1301815
0.1448605
0.1340261
0.1044878
0.147808
0.1526981
0.1175879
0.1371605
0.1557302
0.1556584
0.09485906
0.1559975
0.1255115
0.121906
0.1352706
0.1667942
0.1027966
0.1650872
0.1746788
0.1023073
0.112556
0.1182086
0.126348
0.09899274
0.150608
0.1497546
0.1552619
0.1211978
0.1334465
0.153913
0.1216029
0.1410528
0.1189255
0.08967466
0.111875
0.1304507
0.08816881
0.1370801
0.1111601
0.1186644
0.08253425
0.1102067
0.09424669
0.1196119
0.1718424
0.1575049
0.1850236
0.1434391
0.1186963
0.09328018
0.1161878
0.1703854
0.1425785
0.161386
0.137075
0.09376445
0.1803144
0.1285805
0.1225904
0.153872
0.1358367
0.1118466
0.1219002
0.1667419
0.1488995
0.1343323
0.156066
0.08494649
0.1179642
0.1148483
0.09907984
0.1312023
0.1357011
0.1003811
0.1442759
0.1008449
0.1400563
0.1421116
0.136107
0.134982
0.1276595
0.1677955
0.1992029
0.1635835
0.1426416
0.1596634
0.1212081
0.1321552
0.1449985
0.1282287
0.1216815
0.1517874
0.07330798
0.09283949
0.1532828
0.100503
0.1352891
0.09633739
0.09695478
0.1371508
0.1719635
0.1534357
0.149088
0.07742111
0.1858462
0.1296717
0.1183089
0.2187612
0.1670484
0.1289928
0.1381099
0.1209613
0.1260893
0.166035
0.1676472
0.1547227
0.1559671
0.1644721
0.100529
0.1165979
0.1088199
0.1089686
0.1000027
0.1141338
0.1205139
0.09624948
0.08446254
0.1147549
0.1506625
0.1555257
0.1509303
0.135622
0.1201517
0.1014185
0.1180176
0.1404323
0.1591174
0.1445141
0.1615824
0.1331743
0.1139766
0.1121518
0.1398177
0.1275439
0.1495597
0.2180182
0.1504299
0.1170239
0.134558
0.1533258
0.1612959
0.150754
0.1016999
0.1453853
0.1396509
0.1617013
0.1794691
0.1593614
0.1319298
0.1644057
0.1768241
0.1458273
0.1372298
0.1590063
0.1472581
0.1325477
0.1522804
0.1621687
0.1888445
0.1350837
0.1116024
0.1526693
0.1317835
0.1239058
0.1302751
0.1120513
0.1093385
0.1099254
0.113267
0.1186793
0.1163155
0.0760825
0.236947
0.1307877
0.09627841
0.1271974
0.0874666
0.08954629
0.1051391
0.1446464
0.1059275
0.1911831
0.1443087
0.1571924
0.1599965
0.1221908
0.1018909
0.1702449
0.1481726
0.1468481
0.1932312
0.2011747
0.141305
0.1215332
0.1222931
0.1555508
0.1120906
0.1669193
0.1411194
0.1573719
0.09390676
0.1090991
0.1438251
0.1405074
0.1514007
0.1050211
0.1170685
0.1079068
0.1170745
0.1545273
0.1481045
0.1096176
0.1081292
0.2054809
0.109031
0.1754807
0.1385744
0.120443
0.1309793
0.1149784
0.1113725
0.1457587
0.1177891
0.137534
0.1137152
0.1002398
0.1188967
0.1288431
0.1145235
0.09292263
0.18375
0.1180787
0.1413988
0.1281272
0.09922351
0.09500867
0.1591909
0.1421179
0.1662153
0.1774188
0.1476886
0.1347772
0.164816
0.1938591
0.1062835
0.1087239
0.1685283
0.1161959
0.1460405
0.123742
0.1224626
0.1324068
0.1348922
0.1311361
0.1296445
0.1391935
0.1842716
0.1535169
0.1685177
0.1794627
0.1341573
0.1373641
0.122403
0.1251321
0.139514
0.1489572
0.1224381
0.1394164
0.08951995
0.1077272
0.1223239
0.09242628
0.109757
0.07887663
0.08302767
0.1075497
0.07944749
0.09364598
0.1097647
0.1471255
0.1517749
0.1305589
0.1017039
0.1190966
0.07176618
0.09935272
0.1431203
0.1060226
0.1058518
0.1367373
0.1275003
0.1074082
0.1348518
0.1276147
0.1368306
0.1321153
0.1255303
0.1623307
0.1204553
0.1538892
0.1658919
0.1515626
0.2255032
0.1468033
0.159843
0.2000337
0.1326447
0.09233411
0.1234675
0.1185805
0.2101436
0.1258594
0.09417312
0.1419888
0.1161781
0.202894
0.1725729
0.1709197
0.1250207
0.148395
0.2293826
0.1288119
0.1559585
0.1603483
0.1367258
0.1220059
0.1078871
0.1849945
0.1330852
0.1008809
0.07908745
0.05570723
0.04867422
0.07884132
0.08281063
0.09101832
0.1172665
0.09061639
0.08591889
0.1121342
0.07101422
0.09251948
0.07220706
0.1187708
0.1047591
0.1152923
0.09238938
0.0747869
0.1165009
0.145447
0.1189681
0.1163473
0.111228
0.08154615
0.07005013
0.09416513
0.1117699
0.1245822
0.07071119
0.09807096
0.1409929
0.1249999
0.1326768
0.1458668
0.1025753
0.0829057
0.1241756
0.1287559
0.1264639
0.1316199
0.1143853
0.1043167
0.09087163
0.1587805
0.1731321
0.1531247
0.1301608
0.1326696
0.09573392
0.1029032
0.2155839
0.1262986
0.07197348
0.1307877
0.1339029
0.1014576
0.1284022
0.07992337
0.08685493
0.144789
0.1633452
0.1404346
0.1080981
0.172828
0.1118497
0.1184328
0.225116
0.1892059
0.1614507
0.1560085
0.1186469
0.1373468
0.1442274
0.1531736
0.1537947
0.1333482
0.1743638
0.131605
0.1638656
0.164965
0.1686021
0.1883969
0.2201966
0.1399778
0.1650143
0.1235657
0.2071203
0.08251099
0.1517457
0.1483251
0.1047795
0.1411963
0.1323339
0.08565429
0.1336123
0.09641421
0.09065638
0.1082291
0.1610296
0.1364804
0.1166061
0.1382277
0.1121597
0.138383
0.09133294
0.1399612
0.1674881
0.1579601
0.108595
0.1271162
0.1311709
0.109831
0.1079429
0.1229881
0.1336714
0.1385089
0.128769
0.09514287
0.08784831
0.1692668
0.1363115
0.115263
0.1418184
0.1039924
0.1256188
0.1100677
0.1206871
0.1259137
0.1244194
0.1601555
0.07463305
0.1204169
0.118126
0.1034495
0.09643132
0.0908392
0.0840953
0.07863442
0.1053872
0.104794
0.1152129
0.1108091
0.1485577
0.1274892
0.1247109
0.1585514
0.1538243
0.1104055
0.149131
0.1294677
0.1249632
0.1137885
0.1424222
0.1482356
0.08165314
0.1296206
0.1262204
0.1020269
0.1899625
0.08388943
0.08649467
0.1087037
0.0960264
0.08714783
0.1520819
0.1053293
0.1130346
0.135359
0.1118399
0.2024652
0.1623636
0.1005237
0.1180311
0.1012707
0.08525124
0.1394109
0.1270724
0.1255385
0.09742733
0.08830346
0.08591366
0.1335222
0.1366731
0.1659783
0.1436952
0.1634289
0.1683325
0.1682639
0.1357114
0.1244938
0.1321264
0.1601877
0.178986
0.1473023
0.1978365
0.1363466
0.174131
0.1176982
0.111694
0.1428185
0.1705835
0.1072747
0.1517529
0.1179071
0.1542798
0.1047713
0.1351784
0.1226698
0.20925
0.1349978
0.142166
0.129584
0.1166865
0.136129
0.1423166
0.1021611
0.1433086
0.1665638
0.1258037
0.1720924
0.1762937
0.1712292
0.1614532
0.1120393
0.1073812
0.09551241
0.09924627
0.1226982
0.07975414
0.0519036
0.08231344
0.1015332
0.09741614
0.1347135
0.1260872
0.09889384
0.1198152
0.176202
0.1218809
0.1024453
0.08697655
0.09298455
0.1244189
0.07421056
0.1041999
0.08166529
0.09956229
0.1235428
0.103032
0.1566057
0.1397044
0.1018449
0.1293033
0.1322894
0.1564239
0.1116749
0.1957839
0.1584275
0.1460113
0.1630065
0.1280731
0.2045389
0.1763863
0.1574044
0.1886331
0.1095119
0.1066107
0.1740832
0.1028969
0.1517353
0.1341041
0.1584014
0.104171
0.1052582
0.08810392
0.155129
0.09610848
0.08003291
0.1175817
0.1143535
0.1359052
0.1171963
0.1282676
0.1839615
0.1406321
0.1529391
0.1220291
0.2144941
0.202725
0.106629
0.1282315
0.09472132
0.1523267
0.1279866
0.1497718
0.1483085
0.1289424
0.1907792
0.1364788
0.1242635
0.1245436
0.1437015
0.1341038
0.1110002
0.1191198
0.08610071
0.07387794
0.08058868
0.08842771
0.1082989
0.1544714
0.09619165
0.1060835
0.1064371
0.1253028
0.1934226
0.1126648
0.09537191
0.1227587
0.1520346
0.131079
0.1292694
0.1169841
0.096177
0.0880028
0.1308269
0.1737152
0.1070742
0.163004
0.1579937
0.09321201
0.1431873
0.1247975
0.1301323
0.1489719
0.0716604
0.116693
0.09016632
0.1497921
0.0977797
0.08533063
0.1023658
0.1748218
0.1027612
0.1088821
0.1274671
0.1841057
0.1383759
0.1851211
0.1680263
0.1465807
0.1919255
0.172393
0.1650502
0.154559
0.1099698
0.1698248
0.1393658
0.1411535
0.123797
0.1334902
0.1347927
0.1227936
0.1720107
0.112826
0.1560583
0.1367284
0.1858554
0.1667775
0.1462328
0.1206447
0.1626738
0.1444614
0.1960511
0.16726
0.1814018
0.1341008
0.1295802
0.1138726
0.1489173
0.1237926
0.07336135
0.1300752
0.1055303
0.1155491
0.1005302
0.100392
0.09585583
0.08488144
0.1320704
0.1578449
0.1287039
0.1076255
0.1439762
0.1593926
0.1406918
0.1111098
0.1459501
0.118142
0.08481871
0.06213652
0.06743971
0.08647893
0.1101373
0.08189963
0.07947887
0.09601898
0.1229338
0.1393073
0.1672807
0.1301799
0.132468
0.124095
0.13731
0.1811776
0.1714539
0.1284065
0.08639015
0.1123885
0.108275
0.1167325
0.09176555
0.1341501
0.1343531
0.1065631
0.1027606
0.0957126
0.1145112
0.134515
0.1009704
0.1108578
0.123235
0.09103252
0.1111601
0.08143224
0.1439665
0.1287009
0.1201429
0.08122182
0.07574149
0.1069534
0.07909377
0.1281224
0.1514346
0.09590596
0.1242191
0.1320691
0.1034194
0.1181131
0.09833599
0.09908869
0.1566736
0.121988
0.1221815
0.1525389
0.1430715
0.1442534
0.1782059
0.2154678
0.164238
0.1059097
0.1358794
0.1375114
0.1396082
0.1181834
0.1436876
0.1838929
0.1453241
0.1240769
0.1730455
0.1352458
0.06915487
0.1128931
0.09708905
0.1065928
0.08846506
0.1102643
0.1249892
0.08375902
0.1056356
0.1337509
0.1559956
0.1401214
0.1082534
0.1314375
0.1372933
0.1216103
0.1193686
0.1505058
0.1594592
0.1699632
0.1341302
0.1393828
0.1412147
0.1310712
0.09913364
0.1264336
0.1827552
0.1045973
0.1369349
0.1509084
0.1484332
0.1378625
0.1237316
0.1462898
0.1548601
0.1068128
0.1239985
0.1270425
0.1460088
0.1230436
0.1519138
0.1385945
0.09380376
0.0757114
0.1221386
0.1490319
0.1313187
0.113199
0.142056
0.1451458
0.1174353
0.2100285
0.1385485
0.1372705
0.172629
0.1459619
0.11317
0.1205678
0.1223288
0.1396184
0.1489983
0.169159
0.1408987
0.1318341
0.1873993
0.1151271
0.09274351
0.1569365
0.1683632
0.09573647
0.1361467
0.1597295
0.1731505
0.1124728
0.2135257
0.1263787
0.1089161
0.1360014
0.1449291
0.1695465
0.131736
0.1148968
0.1074534
0.1052075
0.09020389
0.1462354
0.151849
0.1438542
0.1596839
0.1424493
0.1414533
0.1813806
0.1337107
0.135373
0.2024117
0.1626541
0.1626071
0.1555961
0.153812
0.1518691
0.1840318
0.1904379
0.17187
0.1881442
0.1468648
0.1584335
0.1726584
0.1582452
0.1493088
0.1397718
0.1186272
0.1215125
0.1350675
0.09804579
0.09430293
0.1438859
0.16417
0.1525609
0.1387896
0.1459294
0.1209493
0.1623228
0.1540631
0.1875508
0.1116539
0.1597657
0.17928
0.1398767
0.08092276
0.1177451
0.183166
0.1758317
0.1473634
0.1629867
0.1819214
0.1002098
0.126944
0.1414588
0.1627476
0.1410262
0.1283063
0.1313571
0.1287255
0.1223111
0.1262212
0.0825624
0.07845097
0.09336493
0.1028981
0.1092021
0.07825747
0.1155923
0.1562441
0.1228925
0.1656424
0.136527
0.1937004
0.1312469
0.1683565
0.08980083
0.1288733
0.1031004
0.1152522
0.1697098
0.1577207
0.1269469
0.096899
0.1269036
0.1720573
0.144832
0.1788483
0.09509229
0.1373905
0.1125552
0.1958901
0.1623816
0.1552619
0.1180027
0.1414059
0.1662528
0.1675137
0.130441
0.1351884
0.1383554
0.1491931
0.1539422
0.1542864
0.1106772
0.169776
0.1018819
0.1461817
0.109799
0.09121192
0.1254569
0.1492373
0.1336776
0.09949138
0.122701
0.1041916
0.1447168
0.08528316
0.1232649
0.110077
0.1126191
0.1642357
0.1386831
0.2318099
0.1561762
0.1906113
0.1118707
0.1618482
0.1232583
0.09840756
0.1239228
0.1339042
0.1111411
0.1633227
0.1313869
0.1164855
0.1654302
0.1215724
0.1452088
0.1217425
0.1573763
0.1215041
0.1721813
0.1426888
0.1355385
0.134637
0.1485404
0.1779107
0.1155613
0.1314227
0.1070453
0.1286206
0.1397529
0.09934468
0.09236709
0.07929471
0.1234846
0.1449778
0.1419562
0.1083212
0.08513073
0.098567
0.09160073
0.09790405
0.1479703
0.165258
0.1450715
0.1726797
0.1286549
0.1570751
0.09977347
0.1214215
0.1338341
0.1342383
0.1669737
0.1661746
0.126039
0.1425286
0.1239079
0.149506
0.1344753
0.1231537
0.1314964
0.187168
0.1538475
0.1239982
0.1271809
0.1398775
0.1470129
0.1066451
0.1458327
0.1117637
0.1146548
0.09359636
0.1529651
0.0709474
0.1027823
0.1188494
0.1351194
0.1531168
0.1263732
0.1926759
0.1570935
0.153183
0.1162632
0.1417837
0.1868425
0.1657834
0.1601739
0.1718793
0.1501394
0.1536404
0.1356288
0.1008972
0.1485904
0.1339794
0.09586681
0.1161633
0.1389863
0.153827
0.1624423
0.122607
0.176125
0.1095493
0.1345227
0.135412
0.146903
0.1143139
0.09641615
0.07812228
0.07134933
0.09256979
0.05907896
0.1156952
0.2473578
0.1492569
0.1610945
0.1570506
0.1354881
0.09353009
0.1277256
0.1639696
0.1172592
0.1577248
0.1882578
0.1529242
0.1227692
0.1602498
0.1261665
0.1469086
0.1217758
0.1352652
0.1255039
0.1265666
0.06187502
0.05781274
0.111797
0.07164329
0.08644885
0.0900719
0.10148
0.1071414
0.09167547
0.1028675
0.1365611
0.1452751
0.1001173
0.1282035
0.1200895
0.1423378
0.09817391
0.1495992
0.1569244
0.1782346
0.1332705
0.1919055
0.1412493
0.127219
0.1235719
0.1016117
0.1198788
0.09703203
0.1562707
0.1074807
0.1483609
0.1392018
0.1070092
0.1299908
0.1512086
0.1593084
0.1568498
0.1249083
0.1246081
0.1623177
0.1640573
0.1673965
0.142986
0.130323
0.1150494
0.1440712
0.1487085
0.08695564
0.1264709
0.1587789
0.1475126
0.1657427
0.1527348
0.1759807
0.1583521
0.1434934
0.1476308
0.1731208
0.1351181
0.1302663
0.13125
0.159463
0.1602488
0.1343108
0.1746713
0.1585265
0.1928927
0.1096083
0.08344929
0.1284855
0.1220392
0.2063596
0.1145257
0.1315512
0.1551082
0.126009
0.1047434
0.1405165
0.1419704
0.1794274
0.1004607
0.1172669
0.1534232
0.1845925
0.135216
0.1587717
0.1489875
0.1000755
0.1001602
0.1366971
0.1348744
0.08572503
0.09299462
0.1317879
0.1091298
0.1296428
0.1123918
0.1418123
0.1882823
0.1640026
0.1289196
0.1325618
0.1073972
0.07657815
0.1129677
0.1441506
0.1610581
0.1387042
0.1159383
0.1483562
0.1333527
0.1553624
0.1022502
0.1531536
0.101865
0.08777372
0.1805896
0.1849353
0.1117604
0.1237663
0.09913445
0.1696691
0.1569468
0.125535
0.1657715
0.1275011
0.1363251
0.1052048
0.1488255
0.09908826
0.1051483
0.09028138
0.1020186
0.1248365
0.1520649
0.09025737
0.1530654
0.1215532
0.1796162
0.1278161
0.193877
0.1773816
0.2112346
0.1107412
0.1833
0.1623593
0.1950665
0.1714165
0.09568738
0.08337482
0.08141745
0.1465268
0.1280314
0.1138489
0.103642
0.1872603
0.1321446
0.1188637
0.1165613
0.156154
0.1003446
0.1621638
0.191326
0.1533917
0.1576207
0.1444108
0.1520142
0.1446554
0.1455788
0.172047
0.1634507
0.1617723
0.0983342
0.1294029
0.1494023
0.146776
0.1508708
0.1194193
0.1061235
0.0887613
0.1228113
0.1664539
0.09381752
0.1823837
0.1507284
0.1639303
0.1059473
0.1688844
0.1113282
0.09147415
0.1123726
0.1313178
0.1745267
0.1533868
0.1743187
0.1513103
0.1640606
0.1723836
0.1518634
0.1313578
0.1771118
0.1078294
0.1328462
0.1125327
0.09185037
0.09914767
0.1036003
0.0734975
0.09417414
0.1556235
0.1060845
0.1295285
0.07709601
0.1205552
0.1541352
0.1585959
0.1801465
0.1764345
0.1506936
0.1409896
0.1130268
0.09698337
0.1410308
0.173834
0.1066081
0.1764602
0.1491055
0.152639
0.1459557
0.1439224
0.1010549
0.1411356
0.1481887
0.1417324
0.1356247
0.09639683
0.1130536
0.101228
0.1173895
0.1753789
0.2175269
0.1279477
0.1476809
0.1447681
0.131163
0.1291568
0.1251202
0.09165692
0.08351269
0.1589682
0.1504889
0.150635
0.2066312
0.120266
0.1139319
0.1510076
0.1774315
0.1399793
0.1014677
0.1482832
0.1539964
0.1960218
0.1379571
0.1057236
0.1461267
0.1791126
0.1962415
0.1428501
0.1082815
0.09174082
0.09525834
0.1667789
0.1756623
0.0989976
0.09527126
0.1274784
0.1336079
0.1589183
0.1601281
0.1872282
0.1038768
0.1467086
0.1622246
0.1923138
0.1264774
0.1330904
0.1518272
0.1291684
0.1617526
0.1044473
0.08493019
0.1179045
0.1486262
0.09344668
0.1371661
0.08851686
0.1261612
