355.219
339.8684
348.0503
359.9642
351.4146
335.8584
359.6844
345.1612
351.2181
361.5951
351.0472
349.6388
349.2869
361.6297
342.9333
351.6861
359.1316
350.879
371.7341
355.0099
347.5577
361.6005
370.8999
353.4641
352.8279
353.9013
364.4117
348.6471
359.9968
348.2555
373.7866
349.2335
333.0877
348.2993
354.6507
346.7364
357.0417
353.6844
361.1709
367.3507
345.2495
344.8257
337.3122
322.8347
358.8874
364.8805
349.6569
348.2094
343.7789
353.3827
349.5835
354.4252
361.2422
358.349
364.0354
346.8612
330.9307
364.1909
345.8563
350.2254
343.4401
351.4043
358.9357
369.0584
353.4389
357.0768
358.4964
348.3428
389.5984
363.9984
345.196
353.3125
349.2349
353.6134
359.7583
351.6977
345.9808
365.3131
357.7924
351.8954
354.7319
353.7945
368.9637
339.7228
359.4461
343.3735
353.3169
351.5016
354.2344
360.0851
352.3017
366.3275
361.6081
366.2606
352.4281
350.9822
352.6637
375.3449
349.1583
350.9871
361.5067
371.1524
353.8469
360.0246
349.7552
354.7081
344.3715
345.9577
359.7274
369.485
335.3673
346.2056
347.9624
341.9995
329.2794
357.0588
358.4552
369.3449
341.2396
345.5776
361.5335
344.7872
363.5924
357.2975
353.2102
359.9702
355.6272
352.3201
362.8528
351.1394
337.0237
353.653
360.4001
344.4597
354.4003
365.735
352.5845
353.5376
349.3775
335.3987
359.8815
350.5304
378.5303
361.8332
351.1559
358.8725
365.4007
364.9837
353.2691
343.2715
340.2677
355.8928
366.0612
349.683
354.6341
370.9965
357.5052
359.2092
365.0045
354.1517
364.111
354.0598
356.1779
351.4463
354.2103
357.0207
364.6548
353.8471
365.2681
349.5567
358.3855
339.7753
309.07
352.8688
342.8036
349.2479
333.1439
353.1926
383.9681
353.8779
353.8223
349.6366
364.1833
358.4891
385.4212
360.9484
336.402
340.3784
356.47
354.5409
363.3153
334.5301
358.9743
352.7549
371.2806
356.0906
347.3876
350.1258
353.5313
358.8157
342.6326
347.2974
346.4984
362.9988
357.1239
360.4976
354.2221
358.1742
349.8206
360.202
359.8389
356.7104
374.5181
378.8906
352.4953
374.0667
353.2751
345.6816
356.4353
345.3256
338.0918
363.3149
352.1893
353.5379
359.0565
342.7461
362.2503
348.6447
342.9767
351.788
348.9256
351.3895
360.7495
356.9086
357.757
349.7226
351.9601
348.0362
347.4473
356.8361
343.9868
366.1654
355.3788
347.6423
349.118
355.1253
334.1984
349.1428
354.106
351.2556
347.9001
346.7983
353.5668
368.7374
362.9232
334.9237
357.3344
373.135
363.4253
372.3015
369.1533
361.7817
346.3065
350.7921
332.1163
340.4662
357.5347
339.2701
367.0716
366.0143
361.1256
343.2914
343.369
365.7691
364.1548
364.9505
352.787
359.883
343.8953
362.9168
355.1678
346.3584
350.1022
351.6807
361.8011
341.5932
368.6368
351.3124
346.4695
355.6478
357.229
356.9562
347.821
336.276
372.363
364.1722
332.181
361.5774
376.9244
365.6431
352.4997
342.6956
373.5293
356.4644
341.3978
335.923
353.4016
348.5116
340.844
349.5646
345.5408
352.7742
359.4092
354.6677
359.3651
355.8056
351.9115
352.6635
356.0483
350.3801
340.7504
368.7713
349.4984
361.0549
356.0971
355.6719
354.8129
367.1788
347.6834
354.1674
376.9177
355.757
344.3862
357.0181
356.9682
349.5562
355.2316
363.0238
341.3666
367.6329
342.37
370.3861
360.058
352.8476
337.6613
340.862
373.3079
343.7752
334.5968
336.4488
334.3257
347.5757
378.9356
333.9862
333.5762
316.9271
359.8534
363.9284
347.0534
340.704
353.4681
353.4647
365.8722
359.8916
357.8492
355.634
358.665
360.3614
344.2361
354.4081
346.4072
362.726
352.1563
346.4735
359.7201
355.8613
365.4321
363.8136
373.4227
339.379
362.1287
352.5885
363.5038
342.83
339.3162
363.6891
340.2064
348.2985
352.906
364.819
353.7701
369.3952
349.2018
363.8937
355.0239
339.081
359.0066
366.5464
358.7635
346.9222
356.3505
341.7143
355.9729
353.5078
367.1407
351.5064
337.7035
358.3693
347.3551
386.4662
341.0309
359.2664
363.1742
347.4802
360.7624
346.4086
373.5983
362.9234
355.3633
373.7928
363.0462
354.3648
359.0915
346.9591
363.6074
355.1396
347.1119
352.1067
355.3798
347.4964
369.0908
362.9052
356.6685
343.4777
362.0386
352.6004
369.8636
345.3983
355.3666
352.6683
339.8339
361.6456
338.283
351.8934
345.9285
343.7046
347.3682
357.1803
347.176
369.8566
358.2513
351.857
341.8522
362.5147
342.9344
369.8008
361.0645
354.7383
344.6998
348.2773
356.6398
334.6834
366.2815
356.0027
331.8398
342.5288
326.4158
365.6383
355.5003
323.3705
366.5361
349.9137
352.5181
348.4175
362.2994
355.3294
340.8279
359.8087
365.3472
340.2578
351.734
344.6627
362.0605
354.328
360.5286
360.9485
337.0894
350.7334
323.493
371.2077
353.4508
349.0474
334.1795
345.4331
351.4184
328.2631
345.6409
351.4257
355.4855
343.7936
348.0059
368.9656
346.9892
363.5585
338.3661
367.9729
348.8477
344.3519
355.8554
355.2358
362.7675
351.923
361.2651
374.3445
361.7824
359.3664
352.4465
345.3959
344.3698
363.6675
352.8607
365.6311
361.7058
360.1576
376.4562
344.8445
350.6849
354.2844
341.7496
358.6406
360.4663
354.4075
357.9332
350.4051
351.2703
360.5404
372.8809
357.9662
356.2458
360.9574
360.044
331.6534
364.9984
352.3412
374.3354
352.1284
356.4442
354.5557
365.4082
338.1979
364.8605
344.802
356.5805
365.8554
358.5613
343.6135
370.3179
354.5183
343.4625
355.7475
358.826
356.4062
351.0883
370.534
357.4515
346.4852
358.754
348.829
361.9578
332.0595
362.344
374.9553
345.5086
346.3956
352.8421
362.1828
355.0008
362.0304
352.4188
358.1102
349.5906
360.3097
344.6084
348.4513
365.151
353.707
368.3339
371.7917
339.454
353.9043
371.4051
361.5365
344.4245
351.0187
345.8011
352.6388
351.9343
361.5972
345.0966
362.6435
341.4331
377.0488
346.8291
359.7035
329.3479
355.0836
357.0268
373.0609
329.8178
349.5856
361.2047
367.816
352.0021
346.8034
340.8302
360.1128
371.7997
373.4337
336.3648
356.9543
360.7895
370.905
333.3344
361.3839
365.5676
349.9999
362.4388
357.3325
353.9369
370.2965
391.2961
349.9735
345.6016
351.0574
364.5444
335.5169
333.3313
353.7949
350.5643
352.2125
363.5292
349.3181
352.192
372.6865
336.9647
361.5716
368.5729
351.1177
359.6946
357.886
356.2623
353.3531
362.1192
348.7326
346.3556
361.509
362.6779
358.8463
373.9194
377.2125
339.2758
371.7736
359.7463
347.6602
347.3375
346.9498
345.4131
370.6106
360.6174
371.4805
341.5817
370.385
355.3517
335.2278
351.3695
368.6659
369.1809
351.4755
356.0687
345.7857
362.5415
354.5148
339.1849
365.7427
349.9708
372.8528
343.89
346.0953
354.6724
351.3126
348.312
357.4895
367.7347
343.8942
357.2271
354.5118
349.3741
358.3202
353.4915
347.3227
339.2142
359.794
357.9578
348.9065
349.5754
340.944
336.3948
356.8419
348.0897
351.9535
358.8981
364.3684
347.9206
371.0027
356.5958
363.1238
360.3214
360.9691
363.7906
366.9168
328.2735
371.2953
350.6087
371.7015
352.5626
361.232
360.0872
376.4404
355.1284
339.6546
360.8991
339.0613
366.6989
353.7762
345.0827
357.0478
349.2683
342.0258
348.6655
361.2334
361.8621
355.4065
353.0077
359.4894
364.7317
363.0312
343.9411
333.1819
356.4245
360.8937
337.8935
340.7771
349.8118
366.0708
334.0311
339.8735
361.9333
346.7894
338.9161
347.1403
356.177
371.4962
347.9378
351.6043
361.6192
345.3394
344.4757
371.9373
362.4502
327.6706
363.8603
353.0984
347.9589
366.2567
352.0957
355.1291
349.72
347.7795
367.9823
349.5252
339.1068
341.079
360.8197
367.505
340.0042
361.7686
361.8684
368.4431
352.3226
348.4024
342.721
355.1828
351.4561
362.5722
351.8598
360.1791
347.8833
360.5518
366.6365
341.5514
341.3374
360.5796
343.5664
338.2832
344.209
369.6558
346.3445
357.2334
343.9066
363.4265
385.9841
343.2193
346.1363
359.5306
366.9614
361.2246
352.8721
359.2266
356.0852
331.028
352.6391
357.2588
367.9241
342.982
355.2096
338.4963
375.5361
377.0769
360.3046
362.326
348.1099
363.165
345.3916
364.875
344.5464
327.6648
340.0738
345.0711
356.8177
357.682
359.276
358.0872
356.4956
376.4879
354.0637
360.6549
346.5075
353.6673
352.9467
364.0242
342.4884
348.6134
349.0191
345.5746
357.8719
350.7294
362.3697
357.0676
352.8464
345.8804
360.8866
347.5419
349.511
353.2358
344.3721
370.1542
348.723
337.4212
339.2009
340.7358
349.6151
353.6508
359.4554
368.4008
360.4583
356.3078
341.9894
379.0041
338.3964
357.6653
371.4028
335.3326
362.6444
359.2208
370.223
337.6295
375.823
353.3143
349.0616
347.231
347.7834
363.3798
340.302
356.0113
359.8611
342.0092
344.468
347.8514
343.0574
344.3923
357.1529
369.7951
345.6054
375.7185
373.1742
346.6254
337.6818
357.169
358.7263
365.6329
339.9281
352.7653
355.9974
362.0695
354.4945
382.5081
359.6965
341.9773
369.1372
345.0738
355.6708
362.2927
368.4198
368.3973
361.0401
369.5612
353.6562
386.8578
341.8841
349.4076
347.7572
372.035
367.4051
380.7336
345.6735
362.9895
350.6244
374.3121
354.4878
360.5124
361.4345
352.3989
355.8993
346.3824
344.247
348.8554
337.008
344.2454
338.676
353.4157
362.3267
351.7048
363.8831
343.1979
336.1752
341.908
356.5087
364.2422
361.7383
354.2438
351.9982
361.9612
340.8747
360.4182
367.2038
343.0759
379.5977
348.4345
350.5955
353.1783
344.2928
339.6959
358.5978
345.8466
334.4282
366.8086
363.7368
357.0574
353.0782
353.6615
350.9461
371.0722
355.9662
375.4052
355.3444
382.0693
357.3486
350.8565
345.1018
360.4302
342.5695
360.9272
358.8749
363.0275
347.0281
362.7365
343.5552
349.0372
348.5624
358.8863
350.8981
366.0733
346.8732
361.4686
346.5333
372.1492
339.0169
354.1382
353.9204
369.3903
358.7544
354.7283
341.292
346.9782
367.2307
362.7428
348.3735
363.4672
348.8569
358.3594
343.5687
333.7316
356.2605
338.1933
352.8265
361.4568
352.501
349.4048
358.4593
352.4459
355.8851
351.0207
361.6334
345.4969
346.3668
343.9925
353.1164
353.1158
354.1074
376.422
396.1415
338.1012
349.1229
357.3902
349.3094
366.438
351.4224
356.7325
361.9631
356.5557
348.1897
362.5635
369.6972
351.1416
357.6629
344.8311
357.2555
339.1786
357.624
362.9239
355.0623
327.9289
347.7263
355.8617
335.4245
388.0996
356.0423
351.4866
349.8711
362.0832
352.9237
347.1609
363.7351
355.3141
351.5375
340.7328
364.2223
341.7185
356.2806
352.2823
339.4902
350.6652
358.5501
351.0694
349.0788
376.5385
351.1487
364.2896
357.925
358.5127
342.8067
357.6711
350.4854
346.2384
346.4258
359.591
356.4706
370.6909
364.4138
357.4801
370.3613
374.2971
349.6044
359.042
382.9042
352.5741
366.5822
367.7446
359.623
368.2415
353.1748
338.6318
355.5133
353.2257
381.6873
335.538
363.0136
369.9655
344.9222
350.651
358.6638
365.1198
353.6335
367.0669
347.9665
343.6732
357.1249
363.564
341.1429
361.6845
354.6585
367.3985
351.7855
359.5397
350.5781
353.5518
354.0058
360.9337
345.7628
353.361
350.3012
338.5223
350.6462
337.3359
346.5262
341.0608
344.896
341.8663
336.2377
355.8785
351.7923
357.6817
355.1975
355.2783
366.4449
358.2305
354.8119
371.4411
347.6468
360.5496
355.1655
336.47
342.2542
352.7675
359.417
352.7554
353.504
335.7796
337.8316
356.1618
351.7249
365.3535
357.8156
342.1061
363.5587
364.5682
357.2346
366.0423
342.2718
371.0943
368.7971
375.4904
369.417
363.0982
350.6812
350.6676
353.7554
349.9171
329.2071
350.9725
344.5781
358.185
352.1775
345.9118
362.4174
334.4292
354.9553
352.3556
362.0186
356.4998
356.8655
344.8737
359.4202
359.0815
340.6681
359.042
351.3697
355.83
349.4217
345.5318
341.0193
349.4197
360.2008
355.8259
361.3485
348.2458
322.2816
370.1547
360.9527
339.1815
350.7475
337.7975
347.4907
353.7709
356.7593
360.0001
346.353
362.7194
325.1799
354.2183
342.1295
348.0311
361.3412
349.1959
347.873
358.3452
365.309
382.622
344.8348
356.7543
359.3793
358.7192
366.8798
375.4465
351.9057
359.4833
369.4689
353.7592
373.1135
349.9318
357.047
342.1409
366.6007
354.0857
381.5755
353.3444
363.062
368.6802
339.7209
359.3405
347.2847
353.1455
348.2685
357.3966
354.4581
352.0866
363.2993
353.8839
358.3968
351.6542
344.6626
353.0628
366.0561
370.3113
348.5481
377.2219
341.6728
364.6943
350.8509
362.6842
352.1318
342.7726
362.3923
353.3104
344.827
349.523
358.0104
361.2979
342.6615
361.9154
347.6336
368.5244
358.2504
377.018
352.5807
360.1561
351.6999
360.2711
357.2038
359.8367
350.6873
343.1473
349.8373
337.8388
360.6596
334.8789
369.5542
342.3802
355.9054
360.4112
349.9881
357.6012
367.0944
354.3018
340.6578
352.3008
350.4338
345.4552
342.3495
341.4952
348.3389
343.8222
354.529
359.3023
376.0754
350.9336
357.877
361.8808
341.3424
353.0165
358.1885
340.9525
353.9155
334.5575
347.5315
364.393
350.3405
358.3098
358.7035
344.3046
353.3285
360.6927
348.4742
339.1409
363.602
364.6271
369.3962
353.0419
347.692
346.4313
354.9539
367.4129
355.1317
354.1358
362.7064
345.8762
356.4552
344.2654
346.3388
359.8731
362.5046
357.8791
348.976
364.5268
352.6924
359.5617
351.6296
349.5366
373.9815
352.1429
349.3444
360.7913
360.9218
351.9619
352.5903
358.3828
343.5456
371.0323
334.2382
363.6515
340.041
359.6819
364.2786
351.063
362.6843
347.2328
356.4516
338.8389
353.339
347.1234
370.382
340.3431
364.2933
327.0066
346.4974
360.5917
362.6367
356.3732
343.3789
357.985
361.9937
352.3625
338.9359
367.7444
349.979
350.9472
338.1035
359.3151
347.8326
348.9909
354.5441
360.0113
345.0454
342.7245
339.8641
358.1314
367.3496
335.5838
349.7798
347.0929
358.2543
340.2195
356.7303
383.3783
354.3378
358.6003
355.7846
366.9583
351.3175
352.9775
346.0261
361.2565
351.2469
363.3323
357.4692
341.751
359.2987
343.8433
370.9415
333.3824
345.989
345.5309
355.1814
360.3445
347.7451
350.2195
354.7967
340.0154
362.0075
361.6203
354.091
354.0537
352.7743
364.088
355.6172
371.7742
360.6744
361.6907
345.6418
357.9495
348.7699
337.0173
347.9177
337.5755
336.2899
364.3008
355.383
355.6496
358.3158
351.4339
347.0523
357.0309
352.0124
364.8507
355.1483
344.4779
364.5121
338.0879
347.1134
358.2792
352.1387
348.3423
357.3451
374.9176
359.6902
350.4766
349.5586
346.1696
353.8572
349.2999
364.9718
323.5976
349.1569
362.0954
339.748
354.9168
350.856
362.7629
356.8016
336.6837
353.008
363.6957
346.8818
361.2019
368.5771
331.0687
358.1923
338.3476
367.0571
348.0468
356.7468
348.2764
361.5788
355.9355
344.4815
347.3849
375.6998
355.0578
357.62
353.8184
358.478
358.3571
356.0788
342.801
355.3916
354.9071
348.4276
382.037
354.0866
355.406
354.7704
343.0209
369.951
361.6834
366.2758
366.9342
352.2171
349.4357
354.4356
346.3425
369.3008
360.3095
355.6935
352.3071
365.4765
358.2316
353.0039
356.3137
341.5841
346.1285
363.5263
347.1927
345.9808
356.7034
341.7832
361.8844
347.922
338.6384
357.6114
365.6804
373.1695
350.9266
352.1763
353.4574
351.2274
350.3017
361.6434
365.6967
361.8263
370.3397
344.2201
357.9252
348.0097
347.1297
350.8554
352.5421
344.8666
350.243
362.0979
357.3795
357.6183
359.8514
357.8799
354.4268
356.5404
341.3944
353.6988
348.1389
357.9712
336.2277
356.4608
356.3114
341.4965
378.1107
342.6381
358.4563
353.3215
357.0396
356.1012
367.777
348.7961
372.3439
350.0643
350.9151
342.711
352.0144
353.2335
361.0176
346.2436
350.2171
353.8604
347.7415
346.9325
361.6577
359.8164
367.3076
343.1536
350.4152
351.0198
357.4547
337.4173
359.213
340.4516
342.77
354.9338
364.5892
353.865
343.3832
351.5771
361.7738
361.7416
344.4174
363.3188
354.3271
346.6589
358.72
359.4501
348.9569
366.1853
346.7273
365.9595
378.2977
355.8519
349.0251
340.9167
350.2786
339.3844
342.4219
366.2418
371.5137
355.7395
359.2613
358.0345
360.2497
372.392
359.3222
341.0214
339.881
358.1128
344.0514
374.5933
355.3337
334.3298
356.7004
361.4963
345.9301
356.6374
351.0496
327.4285
378.4119
347.5811
367.2681
353.0785
349.9563
347.7876
360.3132
337.1125
342.0101
363.5193
349.9441
351.3912
348.5742
356.5718
356.7119
357.9502
351.3725
353.2962
364.585
359.3394
338.3086
347.2094
355.9438
356.5116
357.533
364.9892
361.0316
359.1441
350.6344
349.6829
352.1712
359.4019
332.7274
359.8063
354.4053
362.1446
349.4979
358.7017
367.5243
359.6828
356.6793
350.549
370.0895
352.8519
359.5266
356.5863
358.1001
328.4343
355.649
374.727
361.4554
353.7258
381.0865
341.8396
366.6219
353.7527
350.0566
345.9409
350.8112
367.0723
348.4168
373.8033
345.0983
361.2842
352.3357
346.5279
343.3524
347.178
379.6332
341.9099
347.6133
351.4744
351.8668
369.6177
347.6964
357.2201
360.8466
351.4392
353.8733
342.457
356.8436
365.753
345.6857
356.7938
330.213
348.281
364.8332
360.5659
348.1673
360.3404
341.5301
357.0816
351.3605
342.2383
345.0498
353.311
369.654
352.9917
358.6667
360.246
376.679
371.6855
357.6473
332.3205
348.2799
349.8345
362.932
368.7012
352.94
342.2815
356.42
356.9657
355.0616
335.7901
341.1212
359.2216
370.4438
362.5325
367.5977
344.771
354.849
340.5224
353.5103
367.1976
354.1885
355.8251
369.1325
370.5993
354.5111
349.6724
350.7283
367.6092
350.0764
356.0785
362.0218
347.929
344.2008
334.5961
367.9847
349.9704
350.541
344.6933
387.6412
348.1416
355.6993
321.7014
353.2324
346.2936
366.8688
364.6979
362.6281
330.0847
343.7312
356.3004
341.9039
365.2475
363.4052
340.7221
356.0349
349.1265
362.8863
362.179
345.7752
366.3547
357.495
344.6462
361.4602
346.4733
351.3244
366.8925
355.1416
360.1474
338.0823
364.8512
360.4625
350.7376
372.4184
351.2953
350.6046
339.0138
353.2567
344.857
371.4247
361.5598
357.6624
355.4013
356.7992
343.191
347.5086
367.7553
368.812
364.5792
351.3118
341.3934
354.5068
366.3951
365.7703
364.0872
348.5124
337.563
354.9137
356.8039
359.8554
372.4249
339.4046
355.5862
356.7421
355.8514
364.7353
353.8375
351.6715
367.485
346.6
364.1763
353.7273
363.3353
367.5033
345.4232
354.1487
343.2355
353.6163
341.3251
363.7801
345.106
357.73
367.8466
348.212
368.736
348.9668
349.5397
358.8558
359.9179
336.8198
357.6359
366.3931
328.208
361.2876
363.1413
370.4502
361.6035
333.134
337.0295
340.5403
333.3945
349.0533
365.255
346.338
351.9625
357.1604
342.6934
367.1112
356.847
368.4869
371.6289
332.5992
385.0099
383.4735
358.678
362.7347
355.2587
346.5063
349.8757
366.3916
362.5506
372.435
358.1411
340.9896
349.4571
352.6523
359.3905
361.7868
340.3327
341.7584
350.3809
346.3124
342.9145
346.5642
348.7723
362.0576
345.2554
346.9825
370.1606
378.4359
344.2633
341.9893
324.7199
362.9512
343.9204
355.7618
351.4459
359.254
356.5042
358.9773
353.9456
370.2018
360.9966
349.8887
369.5568
370.1333
346.6705
358.6309
332.2186
358.3612
360.4239
357.1052
346.921
346.1144
361.124
364.1882
362.601
360.3106
348.5807
360.7955
356.6118
346.0997
336.1594
357.0259
351.5976
358.5269
349.9135
344.0949
357.4651
361.9169
354.364
359.1264
350.4696
360.4482
364.4919
352.5977
344.325
362.4138
362.7589
360.9301
338.1241
348.9485
341.8204
352.2433
353.4246
363.1084
371.5758
348.7323
351.1767
341.7365
354.386
339.3939
348.3234
357.5316
357.4725
346.5391
348.505
363.6592
374.5466
346.3203
368.3079
336.6631
370.0623
344.8093
365.0333
357.3541
353.093
344.6464
353.2283
322.9428
352.7817
354.1498
359.7807
357.3389
354.5847
366.0326
369.3804
339.591
375.9249
332.1839
353.9338
354.1484
353.3595
347.9643
354.2716
357.3772
340.9785
368.7432
355.8942
342.7528
360.9436
356.1126
360.5702
340.5888
336.8145
340.8852
389.8737
346.9444
340.385
359.9369
349.1596
354.9306
345.8307
360.954
339.1934
333.2916
350.8344
349.2728
374.7545
362.0535
358.195
346.3579
356.4066
359.6342
364.112
363.6699
364.1256
361.2235
350.2272
349.1359
353.7166
366.8901
350.1799
370.4947
354.5291
343.4755
356.5154
359.688
370.7816
353.267
362.302
333.4907
355.3926
347.315
360.276
340.0518
341.8576
339.8387
363.0884
359.4885
365.4347
350.0998
350.8512
362.4692
369.4698
339.9176
353.4595
355.6997
339.5097
385.1253
374.9523
342.2186
359.1326
338.8672
364.7005
359.5653
345.0782
345.6993
344.6785
367.4097
345.3235
377.9132
357.2817
362.2981
352.6493
362.0834
362.8504
360.8228
365.4428
343.8449
355.3205
355.114
352.4545
348.9315
362.3704
351.0009
358.5749
358.3529
370.6015
362.6833
360.7476
357.2449
350.2593
349.8686
363.1508
355.4221
360.1233
365.1186
347.8211
350.7764
378.2666
361.5483
348.0668
362.1868
362.5919
356.4325
358.4373
358.0466
350.3849
358.6134
338.3752
368.2674
363.454
350.8857
356.9326
364.5843
348.3873
345.905
372.7666
347.1905
347.9038
354.5611
335.5703
367.8215
358.9687
359.2565
335.3369
352.2574
336.2283
351.2981
395.6273
338.3094
381.0049
369.6898
361.8018
354.2737
367.0771
371.2044
351.2033
350.2097
359.6202
349.0889
353.6112
339.6714
362.0755
347.6984
350.3942
347.4415
357.0715
354.3256
341.1649
340.3171
343.8875
360.1162
330.2054
343.8604
360.234
345.5151
349.4388
345.0539
364.7109
345.3789
344.5325
367.216
350.2194
367.3497
342.4242
359.7352
358.9959
367.7083
360.9411
373.2981
358.6864
364.4214
369.1879
362.8682
352.228
363.3607
344.9183
355.8233
350.7162
358.3008
363.9871
360.6687
359.3805
347.477
368.6643
355.0913
353.8386
355.2642
358.8947
369.1756
350.274
340.5745
357.9852
351.8811
357.6184
360.0229
352.6256
352.4143
359.7532
364.2671
356.1518
360.9964
355.2934
342.3716
348.9115
345.7014
371.0806
344.0154
348.3626
352.5621
359.2104
359.8335
348.5961
359.8726
351.2726
363.2538
362.6792
357.1215
359.4241
363.2068
365.1449
370.4294
372.6017
347.7766
364.6812
347.8885
359.6813
345.9173
357.9026
357.837
356.3711
355.9139
362.3744
360.9774
351.7954
355.408
343.3666
352.2603
346.2047
352.0306
350.7438
358.9868
349.5695
339.1575
351.0997
352.6959
367.8959
357.6018
362.8906
370.2262
351.3487
345.0336
343.7773
337.4853
357.1563
368.7734
367.0082
365.4581
372.8632
341.563
363.0662
360.6564
353.9086
339.3733
331.4437
344.2023
358.4291
365.0017
351.4233
361.2035
358.2145
351.3831
349.2576
344.6126
361.9124
376.6575
356.4383
351.7775
358.9752
366.6648
363.2164
338.8894
337.7363
356.295
364.1443
352.6358
351.1736
362.2648
356.6874
364.8367
354.2194
358.1401
359.775
333.3217
340.6742
344.4765
345.0291
359.4792
361.2998
361.1756
346.3895
361.9104
349.8793
346.5026
363.7564
361.2634
359.7244
345.737
364.0107
359.9156
347.621
359.4609
366.9205
336.5864
366.1782
357.1803
354.4505
367.9979
334.209
354.4825
359.0883
348.7238
367.6501
334.0168
346.3443
357.3847
358.6441
337.1588
343.4341
347.9071
365.0079
359.2778
358.2547
358.7312
357.4872
359.972
358.8222
359.7459
348.4818
356.2875
372.987
335.9392
362.826
352.191
355.3455
359.9704
349.8605
374.7226
344.873
348.6688
357.9734
356.0623
367.0992
360.8208
354.4306
346.7284
368.6853
359.5942
344.8527
360.8709
350.3616
364.4293
337.6856
358.2279
351.5296
349.6106
349.7676
355.9328
347.2454
365.2506
345.3378
362.7005
361.4605
370.1499
346.5578
349.6012
350.2954
362.7569
348.1915
332.8324
349.5246
340.9323
335.8368
348.7268
351.8982
356.1996
356.0618
354.5176
370.5208
355.6275
348.4845
352.0202
341.9068
352.1587
365.5092
348.1546
366.5387
354.5902
355.1756
353.0636
342.9816
351.4767
345.3933
348.5904
354.0659
363.8718
360.5201
362.6529
362.2703
356.0328
367.2936
367.2047
354.2545
354.9886
348.318
354.6237
346.5269
357.4243
353.7024
346.7813
353.6845
364.2037
371.4797
351.5096
365.952
353.666
362.8254
363.1129
360.3992
339.9013
362.0128
354.8604
367.4708
350.6719
363.6675
337.8159
374.7558
357.0513
345.862
354.3417
353.0829
354.1968
360.1127
354.3985
355.4459
335.7244
352.9183
350.0882
334.7922
353.797
356.3244
357.4994
352.1842
345.8756
351.3493
374.4576
347.9148
356.6839
362.5297
352.2948
347.7888
333.397
353.611
355.49
357.3508
343.6745
337.7963
354.1933
373.7622
356.3452
337.6277
349.821
350.6051
353.3057
358.6521
360.107
346.8193
349.2661
342.81
355.8028
356.5477
345.4978
352.6784
357.5543
354.9326
354.974
355.5283
352.9835
356.9583
357.8497
366.3865
360.9836
359.2492
337.2487
350.5423
351.5273
350.3832
368.7666
348.8483
354.4132
343.5111
370.4558
347.836
359.0533
360.8304
346.8621
356.5318
346.9339
355.4953
351.0125
342.3621
363.4641
363.3939
343.6638
351.6738
363.555
343.9638
349.2865
347.0768
366.3437
353.9533
365.2109
363.2882
364.1761
362.8715
358.035
345.6214
365.4983
345.6373
349.1143
366.3242
362.877
347.342
355.2622
335.0286
364.8147
355.8537
344.0934
350.564
356.5583
351.7571
362.9377
364.9458
364.6196
352.3256
335.1055
368.0688
329.58
340.9535
355.4296
357.7064
360.6836
345.8595
365.0024
344.4862
345.2672
342.2802
337.6295
342.2542
361.4755
341.2321
355.8586
337.3796
371.2859
361.0219
355.8069
343.7151
339.6364
363.3986
347.614
362.6934
354.4386
321.9689
350.1299
351.7425
350.1097
346.7364
359.8484
351.7034
356.197
354.0367
361.5513
357.1388
368.5883
370.0759
346.9407
350.7185
342.4863
360.241
343.7358
339.5912
359.2899
335.7325
344.4937
369.6686
356.802
358.337
354.5967
355.7402
359.1804
363.6377
341.4016
358.3443
352.8929
340.6846
340.2824
367.5437
331.5355
381.8573
326.2472
344.2873
367.0523
376.9931
356.2483
351.7372
354.1152
351.5929
353.0696
357.4565
348.3322
351.0179
348.1383
368.0306
371.6091
367.4336
366.0375
342.4087
364.0079
355.5379
347.2734
362.7625
354.599
346.4721
360.789
352.3122
364.4463
355.019
342.4118
355.1424
333.4187
350.2724
357.5193
351.0241
343.3099
352.413
353.0842
344.1462
345.7422
365.8467
347.5801
354.8638
353.4971
340.1839
338.0697
360.3022
362.8149
355.5129
357.3624
349.3552
355.286
354.26
357.1966
353.2499
360.0617
351.2545
356.8115
346.476
352.482
337.6238
361.8187
360.4126
358.5443
353.7622
351.4054
347.6542
359.445
363.3963
365.4738
365.7443
336.3372
349.8547
355.9568
335.1528
375.8324
365.9441
354.2875
347.7786
338.0944
377.1302
340.608
365.1302
362.8989
360.6124
356.1637
347.9723
328.7462
362.8607
362.0193
364.5225
353.3937
344.0054
366.7693
356.7887
348.4521
344.1559
365.0239
354.9308
343.0805
351.3437
339.2205
336.1134
362.131
358.6249
363.3812
372.8371
357.6714
357.8005
356.4648
351.0509
360.6616
351.6479
359.2096
345.0991
349.2052
352.4989
340.8495
345.9641
347.5239
355.0336
340.0688
364.4799
361.5889
349.6397
351.3575
352.6764
358.5072
352.776
350.026
357.0342
350.6484
360.806
354.8844
336.8928
359.1747
352.1298
342.0455
359.554
354.8333
374.8796
374.246
358.0945
353.7739
352.6208
354.8874
357.4966
356.6892
350.0418
358.0452
352.2353
350.917
373.0027
349.1283
345.6754
350.4223
363.6142
361.8772
358.5073
354.485
328.3125
358.5386
329.1207
327.0907
340.4642
359.1425
353.4857
364.9248
360.8095
347.7205
362.9623
359.0282
361.109
349.0601
369.2974
349.9818
348.213
354.7213
358.0448
354.7794
359.3639
351.2739
352.0024
357.9862
347.2929
351.5684
379.3866
337.1415
357.7103
367.8842
347.0658
351.1907
347.1476
362.4983
352.371
353.2189
366.0711
366.4044
352.1025
347.3436
340.0586
327.6183
367.8399
349.3297
349.5311
369.4427
363.454
354.2024
348.648
365.6688
362.2556
354.2409
354.3768
356.3783
347.2272
367.0498
346.5089
352.1798
354.1688
355.1208
339.7336
351.941
360.3875
363.0769
348.7273
372.8643
348.856
365.1828
368.5223
374.017
352.9703
345.0973
356.6903
350.4541
360.0985
354.7674
343.9106
347.1198
343.8805
339.8224
353.6668
358.9834
339.3283
359.0614
356.585
351.4286
342.0296
349.3872
340.4193
352.9684
361.9182
358.826
354.0576
357.0138
377.387
358.7979
339.8526
367.9407
349.7625
379.8292
351.5609
354.5296
362.4804
354.8064
334.0265
358.3085
355.0862
350.6477
359.2867
372.9344
355.5933
378.7489
344.0813
375.1244
344.7624
361.4969
369.2945
364.6967
350.7926
353.2525
353.4768
350.0741
354.8233
348.8515
351.3406
330.6148
351.9419
350.7645
359.8057
349.3905
365.5061
366.0457
346.1715
344.1238
360.2671
357.7366
354.1004
344.5808
376.8096
352.9411
358.0975
359.3681
351.0107
364.3481
343.7746
351.4089
332.7331
358.6956
348.9919
377.5815
344.4574
330.8255
338.097
334.6304
350.4467
358.1132
358.937
355.1095
341.8586
354.1466
357.3489
372.6854
357.1903
356.8167
358.1597
359.0291
339.0807
374.2218
360.4097
356.8626
358.6904
339.1386
361.0613
333.2125
342.6013
366.0391
331.6739
367.6593
341.4873
355.1941
355.456
346.1705
350.2266
349.1826
355.633
359.3087
345.6254
360.4623
337.2013
366.8015
345.578
335.09
355.5409
357.9961
342.8264
365.9575
346.4361
343.7922
376.6352
366.3056
353.201
329.1442
378.4864
375.9016
367.2526
355.0323
364.4348
354.8052
355.2887
363.5922
356.2991
340.2644
343.0108
362.1271
362.7072
351.3099
359.8702
369.4554
351.6654
349.7875
359.1964
343.9888
352.4641
341.9137
348.4645
360.5465
347.0044
348.5866
359.2082
345.7896
353.4355
353.2159
365.8425
336.5816
350.1483
377.0748
344.6351
349.0092
341.9282
345.5705
353.9188
354.8082
352.2354
365.2988
352.1316
355.9362
353.1433
355.7758
348.9273
345.8135
360.5967
363.3042
342.4744
354.879
337.4926
352.1358
346.7665
354.3854
355.8648
373.8239
348.5851
364.5639
350.6065
362.6413
342.2043
348.35
307.8618
355.074
344.611
365.3283
365.3905
357.5154
352.4332
341.3511
345.4634
349.8975
353.1421
358.0547
348.7739
356.4486
355.2379
348.6815
343.8881
354.7486
355.9782
360.9637
350.0153
333.389
349.0218
352.5442
365.9867
348.7853
343.3132
364.7449
341.8228
342.561
353.3182
343.8065
350.3737
367.3387
343.9778
351.445
349.9966
366.7818
356.5998
362.8974
365.8195
354.9164
377.3006
347.4832
350.3711
351.726
349.5813
372.0566
357.6418
350.5394
338.3197
353.2882
350.2417
346.0829
372.3679
363.642
360.5633
368.9901
337.8009
349.8741
347.0697
342.4355
349.207
353.3226
355.3599
356.9176
348.7481
356.0398
364.8673
365.3885
364.0239
360.6677
362.4268
353.944
356.8934
360.9913
354.153
363.3737
345.3064
355.3508
367.1146
350.1458
357.0657
355.7169
368.9736
347.7721
356.8763
355.9548
338.1188
332.8753
371.3796
347.917
344.5481
349.2292
347.7723
350.5278
350.6685
362.1916
370.1999
347.2502
353.8214
352.1809
370.5278
355.6989
377.9275
342.0837
350.9514
353.6574
354.9392
359.6287
366.4029
343.8242
360.695
340.9804
364.914
379.1719
348.6183
345.2588
355.3818
347.8612
340.0943
359.1455
336.3317
372.7932
353.4642
377.2624
356.0624
336.1197
352.8013
357.3415
333.8072
362.2078
337.9657
350.0475
342.2265
364.9614
370.2919
368.0796
346.4512
343.7465
368.1047
339.8565
376.3481
351.4637
363.2124
346.888
364.9422
360.7827
351.2382
362.4622
338.7442
342.9964
354.6544
350.1581
370.9262
340.1782
357.4537
349.2723
364.8387
371.4109
351.1112
371.4366
359.0622
353.2239
356.2522
348.8027
350.6084
353.7826
348.8955
345.9163
376.6578
361.4764
328.1495
360.4547
354.211
346.5732
359.2315
360.8139
361.021
365.954
369.5196
335.4835
354.9978
366.9614
344.4562
355.5649
337.6425
341.1493
347.2971
344.9615
365.3309
351.0162
355.7464
347.8713
351.5222
348.0815
356.5793
362.6755
361.8314
347.9826
366.626
359.2298
342.5837
345.9954
361.9287
344.5256
356.2011
342.2804
350.5836
346.7386
363.4818
345.5855
349.5567
352.4776
352.0663
358.4023
357.2474
359.1441
348.607
357.8259
353.2482
354.7015
349.0599
353.4385
343.9722
355.5115
356.7444
345.5613
355.1821
359.9612
366.9113
349.2874
360.4695
350.7484
350.4531
351.9399
353.3262
343.4234
359.3659
380.5266
384.8833
351.8334
361.1343
338.3224
370.799
348.9916
364.4729
353.1043
390.7145
356.8387
348.752
373.6062
335.8454
346.0066
349.3948
359.7225
345.5118
345.4181
362.4037
357.4011
371.9157
363.4017
352.0585
359.886
344.834
362.4233
338.4658
355.0792
336.6286
358.0856
357.5925
362.5098
339.6512
352.0845
345.7892
366.6867
362.3386
365.996
349.0932
365.4572
362.6436
349.2888
360.4205
364.2335
351.832
357.2173
345.4491
336.1719
350.7826
345.8424
348.2693
347.275
333.0043
343.6613
362.4911
350.7757
356.4541
374.3178
351.0922
340.7087
355.0957
357.3446
345.7218
363.8393
361.434
363.2555
348.9738
335.7427
366.7124
349.2696
359.3667
342.3951
358.0692
363.2681
344.9957
352.0973
354.7313
347.7039
333.7581
343.4387
360.811
351.1494
351.9117
366.4538
370.0467
368.0576
354.1492
341.2998
356.7635
335.6539
354.3162
338.714
350.2183
345.0079
355.0422
366.3044
343.2346
362.2429
366.2763
345.0298
370.9978
354.3909
359.4435
368.0752
339.544
359.0075
338.4922
367.2498
350.0675
342.8939
352.5776
361.0902
352.8281
349.1707
357.5942
387.8169
375.3245
368.382
337.6372
368.7004
353.1524
344.2749
347.0584
346.0684
357.4247
348.093
339.3931
353.6977
356.2104
362.2935
349.3
338.8041
363.9763
365.9148
368.0452
318.6432
366.5187
342.701
374.4672
352.4471
359.8037
344.5123
351.3429
360.5312
370.5734
326.8295
366.2839
361.6303
338.8741
373.42
351.0405
352.5923
363.8189
367.7666
369.4689
372.1039
357.3158
352.9184
345.7039
351.8666
371.2458
355.1686
371.1279
368.6834
362.4958
360.3358
356.959
350.41
348.9943
343.6558
371.9587
370.8165
372.0801
353.9346
368.6673
365.7265
347.3855
362.6174
343.4423
355.4373
347.4317
362.0353
360.2453
364.9776
345.1003
363.2598
363.0095
353.2288
361.752
346.1646
343.9432
348.3824
353.3835
354.4067
354.9128
353.2489
373.5603
350.852
365.3161
343.9749
367.673
356.652
360.5866
360.8858
344.1627
360.5024
354.1058
355.4694
357.2681
346.9508
347.5653
357.9897
349.7259
369.425
354.2921
347.2012
362.292
343.1973
352.4009
338.6928
327.8013
355.3768
362.1601
366.2647
357.4872
358.6497
351.2899
350.8613
353.2937
356.1139
346.5346
364.9456
368.9666
353.1812
347.2952
360.84
338.6184
362.2658
361.078
326.3956
348.7461
368.387
363.7675
367.1822
349.4298
355.8996
351.8114
373.0022
352.9533
338.3868
360.8782
361.2488
351.8006
350.9911
363.9124
360.8875
346.478
365.8968
357.3419
343.6492
380.2109
352.6761
361.6218
357.0634
340.4238
361.6607
355.0698
338.1324
359.2003
345.3378
365.4596
352.8559
355.8968
341.1338
353.402
337.993
347.7631
337.8928
356.4577
350.3491
357.4423
355.9199
356.0098
359.2559
358.2341
340.3462
376.3124
348.9616
371.1521
356.8257
355.2078
363.4661
343.4565
357.2125
362.4381
352.0714
363.3967
326.6878
393.3126
345.4395
352.5518
349.3035
353.7462
357.488
367.3872
365.6366
352.9485
349.293
370.4766
367.5861
336.3859
354.1171
347.7374
351.934
367.0416
385.7552
353.7805
362.3541
359.897
352.4946
346.9213
347.4683
366.4894
354.3685
364.5036
351.2584
365.5342
357.6702
368.4096
353.236
366.233
354.7688
350.4974
353.1549
364.1896
358.2112
346.3307
361.662
346.168
359.7557
358.3068
344.7698
366.3132
330.5374
345.3499
359.529
385.0122
324.4382
352.1714
339.2378
347.269
349.5603
349.016
341.9598
332.8462
353.4899
334.0195
349.8991
346.8258
360.9965
357.1154
349.3059
362.3358
364.2714
366.4752
361.7534
369.4708
383.2984
355.4427
356.1268
366.7198
371.1492
348.9349
356.5423
343.2565
368.3017
358.8035
345.3811
364.8836
356.6395
350.4002
348.3923
347.6288
354.3616
353.3377
366.7649
347.8928
359.234
362.8641
342.963
352.4352
377.7531
354.3999
360.5019
354.8249
348.1011
374.4386
378.8757
356.4331
366.6857
344.1181
344.3274
322.2208
361.8498
352.8648
343.2547
353.5415
350.3939
345.4301
352.136
360.1456
337.6238
353.4698
342.0183
339.9175
372.2593
374.7839
363.5097
359.2393
353.9036
347.7709
342.1562
344.3329
345.68
343.5859
348.8341
349.8427
355.2306
354.8688
340.9617
352.5814
359.9718
339.0892
348.725
361.5132
359.4198
357.3103
366.5563
354.9908
344.3155
349.9379
346.7029
360.5808
357.1111
376.9036
337.9149
367.0441
354.6594
383.5778
339.4051
355.2139
345.5762
356.9169
354.7325
340.0476
355.3104
350.6405
369.8961
360.8466
340.1014
342.881
378.6785
348.092
361.0964
364.6265
355.8599
360.2101
358.6572
362.8896
356.3573
349.7146
341.1952
339.8365
349.8049
349.0171
338.229
362.7281
346.4633
335.1045
363.3999
375.2862
356.583
344.9048
362.6223
362.9303
357.0005
364.8602
357.8805
375.9032
357.7592
343.6573
362.9941
344.0551
361.3498
354.1316
358.6532
356.9252
361.1282
334.9447
365.02
363.1974
374.5889
339.8396
353.9621
354.2893
352.8912
367.466
349.0478
342.8743
350.0301
371.4585
342.9025
333.1651
346.7299
342.7266
364.7587
345.912
358.3727
353.3944
352.586
346.633
375.8296
353.1864
370.4615
357.5644
350.2984
357.3789
362.4078
365.2731
364.3563
349.4662
359.571
357.5394
356.9042
347.8746
353.335
354.3454
355.3423
367.2825
366.5747
345.8428
350.1219
344.9342
351.0698
376.7715
344.1801
366.3878
369.1977
359.0302
347.2913
359.695
335.5099
340.5558
369.0181
361.6372
345.8383
353.7545
350.3881
339.5485
351.1902
367.6428
357.6679
372.6663
339.1446
339.562
368.7532
363.3058
353.8779
379.2685
352.4731
349.1542
362.5306
347.2619
349.4876
360.8313
324.1822
348.6717
356.2281
333.3503
340.6345
347.7337
375.2864
378.4134
357.8764
360.6758
352.0133
339.0288
371.7905
355.9055
347.0038
360.8007
342.3427
350.5945
336.4227
345.2999
365.1743
334.9131
367.4908
358.9868
356.8832
351.0511
353.4886
332.7938
342.1431
342.268
348.9288
353.0814
362.2143
348.3851
363.9551
362.5769
364.2778
343.9713
353.6278
358.65
377.6477
373.8517
368.9549
339.8609
359.409
358.611
366.8929
359.6807
344.9204
352.579
342.9793
349.1952
342.2896
352.7967
361.9372
349.0175
358.5096
371.4456
355.741
354.4772
360.3428
348.2855
348.9506
353.8265
378.5784
349.2571
375.1988
345.7104
350.7453
350.6194
361.2479
334.5076
367.4905
350.772
346.8714
352.5892
351.445
340.3269
350.2461
353.8856
348.7038
344.3142
359.4112
367.4444
362.6126
351.8173
346.2634
350.2686
348.1807
354.3942
348.7151
359.8781
371.4785
358.428
355.7428
362.8912
348.2163
345.7358
370.4633
365.6057
335.4428
361.8668
355.5261
367.0587
369.0376
360.0437
348.8099
347.8949
348.3349
354.6651
352.1537
350.4684
351.0475
370.0371
369.0112
352.2771
352.6119
356.9709
337.9516
347.6527
352.154
345.6649
356.0019
374.5664
347.7174
355.5889
355.7672
360.2592
344.9606
341.4581
361.2976
351.7223
344.4498
369.8655
346.182
355.6866
356.6738
360.0841
371.7589
376.3249
346.4781
370.3873
358.0219
345.9003
351.3962
345.9389
361.2457
354.249
349.2425
369.0825
360.8546
344.1687
340.5862
371.8351
356.3122
356.4606
367.8685
387.9224
355.946
362.6417
345.0449
357.8395
370.8626
343.8326
353.2496
379.5982
351.0419
373.8117
340.6629
367.6833
376.2594
353.5272
351.4699
360.4342
349.1855
346.6986
349.0569
373.8597
348.0895
347.5333
352.0561
358.0457
346.6355
366.4728
363.1073
349.0075
332.1696
356.2626
324.2431
353.9202
353.1736
358.2614
355.7282
375.8612
362.5308
371.4618
343.7076
359.765
356.8676
349.3579
355.0114
350.6003
363.8723
342.9024
346.6754
364.514
352.1158
362.3423
347.9208
363.1339
348.5332
361.5766
355.4837
333.2543
359.8459
354.2926
356.2975
349.7808
337.7619
362.3445
356.6861
349.6916
362.232
342.2613
344.5152
374.6024
365.8986
362.3662
352.9725
358.8755
360.5075
358.9674
392.6838
354.8064
359.011
364.0426
354.2836
352.8281
361.0853
356.6005
368.7537
355.9159
356.9056
341.5405
360.7036
339.2089
369.9331
354.1361
348.868
362.553
356.8307
345.0198
341.796
348.4288
336.3267
368.3183
338.9646
345.1069
363.4832
354.8128
344.0742
346.0748
373.6306
341.1766
346.4308
350.2757
347.0369
357.5526
347.0543
360.3975
363.9492
363.1237
337.477
361.3542
396.6272
342.3775
367.2403
346.0676
364.7721
338.0474
365.863
340.4011
355.9575
362.8406
367.0175
347.5585
328.5935
359.5387
358.5175
361.6857
374.7995
351.0655
346.348
350.0577
350.828
352.8041
363.3604
359.9655
376.2205
356.0425
341.3681
365.7914
333.6217
347.09
360.9749
371.6477
340.6857
349.3484
329.0114
354.5841
353.5897
369.1741
344.1501
356.7563
365.0282
348.629
344.1407
352.8971
367.8113
358.583
359.5286
356.0514
354.835
355.1391
341.4272
373.293
351.4369
360.9027
343.197
359.052
348.1974
346.8751
351.2974
365.0639
361.8296
365.6158
355.9644
364.1008
350.2889
348.3748
361.3194
370.7443
352.2422
365.2107
355.0346
344.5681
362.2117
375.1783
372.6371
368.9977
346.5375
328.5973
373.6544
354.1896
365.9506
334.7945
342.1627
364.3888
356.7296
350.635
347.997
356.1347
336.9008
351.9275
357.7365
360.9821
331.199
348.2527
357.0344
358.5927
355.4465
340.6669
360.8247
353.7616
340.409
348.915
351.758
352.721
356.7678
350.4055
342.665
362.9823
345.2357
345.3922
365.7091
341.1399
359.4717
338.5678
368.6847
357.4289
361.7894
359.0683
358.8046
355.7504
362.3596
367.5063
339.0825
370.4641
367.1723
363.865
358.2546
356.3657
354.328
349.5957
355.9148
357.449
344.2941
365.9369
352.7219
362.5852
362.8073
353.4763
370.0907
357.2714
350.4316
354.7186
336.2385
352.3454
357.1659
371.9152
349.685
355.5568
359.4413
351.5494
362.9278
351.838
348.9623
350.3285
354.7728
352.0672
357.9985
353.9197
350.3014
353.2128
370.252
372.851
352.0575
345.8617
346.0349
361.8871
349.8419
369.8416
346.0813
345.2919
355.2789
361.9934
346.5618
360.1946
364.5757
345.6315
365.8217
358.8149
358.644
369.9629
354.1428
357.8036
358.5839
350.5019
333.1032
351.4397
358.1447
350.8822
347.0271
343.4306
357.7322
366.5513
348.4355
334.2874
338.9541
346.6041
356.3631
362.7013
357.5324
353.1576
356.3071
364.5921
352.7298
367.5166
376.4757
356.3632
380.1311
353.7773
365.9734
343.4661
343.5616
349.3831
358.6652
341.3282
372.8036
363.0956
358.8998
360.7958
363.1452
354.4876
371.7752
346.9603
363.474
344.8976
372.021
370.4397
367.6485
362.857
354.2303
349.957
341.7535
355.0186
336.0799
349.1983
359.7523
355.2686
337.3996
358.3424
350.2726
358.9128
341.0898
342.7231
372.4661
337.3231
351.8298
364.4881
360.7118
352.6076
359.6524
360.1025
357.0116
349.3796
351.9691
355.3088
345.0995
360.0751
356.8933
362.5241
345.6677
356.6114
348.7555
342.2617
347.2153
370.9226
354.9206
372.4848
343.1072
347.2243
356.7174
356.5641
361.8654
349.358
361.9438
354.4158
343.2904
353.4197
357.6064
354.8247
363.0162
356.4781
355.9307
356.411
349.5011
369.7497
363.9739
358.842
348.1119
358.1861
356.0824
359.2783
354.7955
348.7528
356.0028
345.4033
356.4082
358.5915
372.7834
358.7655
364.2252
363.6182
364.5995
335.3798
348.3967
347.8018
361.7092
345.7146
361.812
362.1726
354.2826
333.1238
347.9752
344.6458
356.313
348.3655
342.317
359.6705
347.6877
356.5674
361.8308
362.3611
364.8892
351.4691
347.5165
334.7093
348.2279
368.7984
358.4072
346.7368
346.7012
345.3577
361.2783
341.4292
354.6422
339.5663
353.3034
380.8029
360.203
355.3973
352.3632
362.0736
357.8298
329.8513
354.1573
346.9822
354.4717
358.1974
371.4127
348.252
353.0299
369.8823
357.687
359.2294
348.4878
353.332
343.1486
367.7031
352.0948
364.001
377.3399
352.344
347.4084
343.7025
353.5407
364.1618
353.4979
339.3411
360.8034
356.7477
357.6238
346.7943
350.9815
340.6786
364.0757
352.1833
372.4727
354.2932
351.9294
348.459
352.6751
346.995
360.6059
350.0826
364.4806
364.2077
364.1881
363.309
362.1291
352.5045
377.3455
347.6845
362.4095
350.8099
370.0183
356.364
341.9356
369.2564
356.7337
343.4925
356.356
359.9202
344.0942
361.4321
353.9555
332.5983
369.2047
346.5904
372.9276
355.7329
371.4189
364.0758
353.152
361.0421
351.9603
361.7453
344.3725
344.3323
356.8405
339.2259
361.3978
358.0675
369.5678
355.3186
353.3624
364.5431
363.7847
360.5905
344.8886
334.2408
361.0273
346.8892
360.5922
351.3543
351.0045
364.2711
342.5894
357.9397
354.6947
348.9152
352.7046
348.1891
352.0563
362.8051
362.5785
368.6681
357.5172
362.1989
378.874
349.4971
360.8465
339.4736
357.923
351.4635
370.903
367.6007
344.1803
359.6807
347.6438
321.7947
358.7664
344.4158
352.8833
363.658
342.5777
343.9056
361.8199
346.9821
339.9872
337.5154
361.8486
360.9489
351.9292
346.451
373.8182
370.433
346.1856
350.8807
338.8462
351.7502
356.6132
371.521
344.4977
348.6213
345.7229
347.8237
363.6366
345.5608
351.8887
364.4263
356.2486
359.8287
353.8424
345.052
362.1223
354.415
367.5954
344.7892
360.6003
357.502
347.0758
356.066
360.4191
350.1648
354.4474
343.7778
362.9821
366.9903
351.7205
359.9839
357.4078
342.5483
345.565
347.0137
347.4963
366.1369
369.8944
353.5483
350.8221
364.1837
361.6043
359.2887
355.1687
347.0206
374.8118
334.1986
335.1794
348.4564
346.7673
362.0322
351.2371
362.294
347.6988
355.4096
346.3487
351.084
350.4543
340.6124
362.8354
348.7757
355.8306
370.813
349.8923
341.8335
362.3188
371.5462
375.1641
363.0152
360.7316
366.6155
356.7956
344.8506
343.9574
378.162
357.4837
364.1867
360.966
349.5273
360.2561
353.8872
356.3933
352.3917
367.854
352.8342
357.637
366.6706
348.968
365.2163
358.2882
364.836
350.9466
351.9195
352.4084
362.2277
355.8677
347.0637
361.5389
341.8146
355.2111
362.4128
364
341.9884
351.0049
367.1982
351.0766
339.9099
361.8965
359.7349
358.913
332.1369
369.5083
362.4418
350.475
357.1331
373.05
362.985
345.1327
355.6384
354.9688
344.9185
355.2195
360.3393
363.5342
361.3513
369.5767
347.3751
353.6063
354.4318
360.9268
358.7159
338.4487
363.2421
348.4976
344.9914
370.4969
352.5974
337.7889
354.1038
361.1911
336.5435
375.4967
345.7393
357.2247
348.4873
351.3455
353.4206
338.3481
371.5564
357.8171
358.5987
349.0351
349.1821
377.2003
357.6371
353.4512
363.2492
354.1836
367.4022
354.8047
353.5573
345.9318
354.5033
370.2689
354.8577
347.2372
363.0217
355.8557
336.6881
361.8707
352.3259
367.9012
347.8494
347.6768
358.0498
384.3533
362.4246
351.3029
358.0198
364.6244
346.8879
336.8312
366.9612
349.5457
378.3015
374.7492
374.5194
344.6863
348.5565
358.2844
352.2223
359.4484
348.3006
351.8326
332.9332
343.8322
355.9598
352.6201
346.0436
346.0061
363.7975
351.3925
351.4949
365.8243
356.827
356.5082
361.5365
341.7759
356.8355
337.2552
355.7963
357.1573
349.7909
346.7929
370.3583
366.4757
368.7452
357.5373
341.9386
372.133
358.3814
333.9787
355.2756
340.4503
361.4788
366.9156
356.9999
354.6485
377.9002
372.4909
355.1303
344.7364
360.4632
354.1251
358.8151
347.8857
360.2129
354.4492
348.228
345.0414
349.6439
350.9055
359.0421
330.4413
332.5489
326.7457
353.3665
347.2579
362.4513
360.2441
347.1644
348.8332
341.0964
348.133
360.1884
349.3074
355.5089
350.2543
346.2175
341.5616
337.0809
355.9841
355.6466
351.0406
365.7636
342.3026
351.9612
360.1057
362.8686
341.7144
361.7917
315.2551
368.3291
359.1081
368.2491
355.0833
362.9328
357.2436
329.4674
332.8874
363.1608
354.2342
361.4201
333.5151
371.3614
361.3503
368.9636
351.1763
356.0014
365.9621
363.6452
362.3648
372.2299
339.4688
358.9457
341.1232
367.5039
346.9641
362.2506
350.9531
351.1521
343.5925
348.1814
364.1769
356.9487
363.4263
367.0711
361.8815
331.2254
344.1164
365.3301
343.951
358.2235
340.3786
353.887
349.7682
333.7106
359.1501
354.5897
378.9588
387.9575
356.6409
359.7687
354.6642
355.0566
341.7139
362.5674
362.281
351.9915
360.63
363.604
346.4474
371.0874
364.2427
354.8509
339.236
358.5696
332.2116
347.0513
354.8302
355.501
355.444
340.1672
359.3894
368.1029
341.291
356.0035
346.4871
353.1768
366.5601
349.5709
366.9305
343.5046
358.6412
359.0981
397.7341
352.6812
366.1766
351.4513
382.4905
349.205
344.0021
376.1216
358.8033
355.1343
358.3363
345.8041
359.1003
350.8985
361.2178
338.5506
345.3806
349.9517
374.9003
348.0843
352.7665
364.0341
342.9438
349.7172
367.2131
355.6638
348.9348
356.1419
364.3714
366.7428
362.3655
359.6993
323.4288
357.3453
351.6742
341.0867
338.4018
373.8955
360.4294
363.6448
346.0073
352.1701
361.4324
360.0983
363.016
354.5394
357.5363
361.7422
349.3644
345.8909
356.3775
337.2072
377.561
359.5041
366.5512
342.1228
368.2556
346.8162
351.5957
337.5326
355.5315
377.4784
362.1135
356.8624
361.5868
368.9111
359.2871
339.5111
350.1801
361.5501
349.2049
346.4989
365.7395
345.8705
361.1774
351.1399
365.2048
331.4265
367.1748
360.8403
356.2
361.2046
362.5744
362.625
364.3297
359.9085
361.5588
355.763
307.3661
347.0664
348.8365
370.774
350.6697
337.0451
375.5199
355.6642
334.4222
339.6133
336.5582
356.7356
370.5241
368.391
367.2212
346.5791
345.5158
351.8649
337.6525
361.2417
363.638
355.622
360.8442
353.7428
346.0591
359.9979
357.3554
352.573
356.4825
351.1453
344.8853
353.5587
349.6672
345.4253
346.2351
360.4922
367.9547
349.8681
363.4368
339.2636
364.1637
358.7835
344.794
363.8378
356.2354
361.018
347.3872
364.6418
350.507
356.8508
342.0785
347.5717
372.6378
342.1763
382.5267
365.2145
332.0971
346.6864
361.4703
360.2146
324.0189
347.697
355.8806
350.7349
345.6811
364.3136
332.188
353.2056
344.272
356.4811
361.8745
363.8782
343.9152
357.7316
350.8993
360.9205
367.0537
362.9816
343.9526
365.7614
361.1703
362.0764
338.6205
364.7222
357.472
336.9657
354.0031
370.0505
359.2157
338.2277
374.5574
354.0584
367.7221
334.8667
361.2665
363.4133
356.8024
368.0905
357.419
358.1063
362.5504
349.058
357.5811
367.6613
363.1131
379.1115
349.2063
374.3831
349.7015
348.5117
355.7365
360.9312
362.4853
350.0936
369.3828
353.2899
349.0119
355.7538
363.3136
354.6121
347.9348
359.905
363.5656
349.6739
355.413
381.3269
366.0654
377.0134
346.3507
383.5603
361.5741
374.6958
357.0474
348.3933
345.2166
360.6421
370.2045
364.9046
368.0493
362.1141
355.8181
340.1141
347.3638
348.8619
357.0773
342.6167
364.4336
335.8725
357.3692
359.6474
334.8054
351.6532
366.0919
362.4091
336.323
357.5361
340.9322
349.0863
360.9661
362.0858
337.0094
375.6462
351.6464
359.7342
349.3792
366.5395
356.2828
367.667
364.277
355.9077
355.4024
345.6127
351.8024
365.8435
357.5467
353.3919
368.712
354.3242
363.51
344.0543
352.7264
342.6406
348.8037
356.0833
343.2092
359.4254
350.0918
353.9773
353.8351
353.6833
393.7356
352.2053
344.5942
349.5601
360.9396
383.3554
365.7004
349.7567
355.1117
345.2228
369.5573
367.7227
361.6761
364.0304
366.4523
358.1742
364.3779
375.6119
366.0119
340.3583
340.622
356.9391
345.8723
367.489
350.7141
347.7897
343.284
352.9192
373.238
383.7442
370.9371
359.7975
342.9393
355.4586
333.4755
336.9057
333.7533
350.2265
333.0039
359.558
359.9889
358.8034
347.1285
364.2559
364.5311
363.5166
367.3206
359.5523
348.0633
356.2381
332.4526
356.826
361.2777
343.1687
351.2146
358.2224
364.3035
352.1282
351.4576
357.7725
350.3512
347.8797
343.9478
364.1306
345.581
354.7466
345.9098
346.4481
364.4407
350.4451
353.879
381.8154
348.5889
355.0325
355.272
359.9813
331.9455
360.7504
345.4458
369.0623
361.7226
355.2657
364.6247
338.5437
327.9443
368.128
330.5542
340.3875
360.4705
358.0048
342.0405
359.7469
335.2741
355.6218
369.2925
354.7548
372.6911
335.7196
353.0506
363.754
337.6301
358.5121
368.1837
343.0392
343.7379
349.0361
364.1499
345.071
375.1859
346.0735
357.0668
363.797
368.9187
344.3454
358.9565
354.8757
343.6982
359.3171
364.4875
343.7335
364.8828
348.9995
359.9576
331.2277
372.7808
339.9441
366.4625
355.5453
379.7743
345.8143
385.9109
349.6975
352.4571
346.6941
353.833
362.4206
365.5776
349.011
363.5509
333.0389
353.142
355.1133
361.6861
358.7436
349.0532
367.8235
362.3949
387.789
355.7621
341.5057
351.5418
348.6553
368.197
340.7949
355.3607
331.322
362.1921
343.0348
356.9409
359.1956
358.6965
348.7735
354.9892
344.0227
340.15
343.1125
335.9892
349.5493
356.7229
363.2247
380.2555
357.7464
356.9292
376.4563
360.1581
354.1198
354.2234
350.2042
338.9959
352.1223
374.4832
359.556
360.9077
353.7493
352.6892
345.9025
366.0831
331.72
356.7868
361.6887
368.362
367.1793
357.73
367.5677
345.455
375.8056
376.459
358.1679
365.6541
341.6876
352.5821
366.1077
356.274
364.8562
367.8233
328.6191
355.8316
378.3125
322.4833
357.0902
367.858
355.5376
346.6684
356.5726
333.9093
351.911
362.3437
355.0183
346.0972
345.7187
349.1779
352.4855
355.2533
358.2838
357.9426
373.2378
351.1959
353.2111
336.9761
348.2031
363.3758
360.9564
341.5001
349.3355
356.6884
365.3241
361.018
349.2528
350.3099
347.4288
356.7522
340.2873
353.708
362.0379
364.6387
363.1822
351.322
342.1342
341.0332
366.2311
350.9649
350.7393
351.7856
356.5742
348.4387
374.9867
372.1231
354.6152
332.0531
358.7647
345.8353
354.6218
339.0979
355.6005
366.1794
359.2234
351.592
369.5435
357.1352
360.2958
357.8829
363.3183
360.5328
353.1637
340.5093
358.8617
373.1995
355.3156
373.4727
360.6595
362.3367
348.3022
352.3997
359.6982
360.7976
350.0197
343.55
360.8472
374.1279
369.6594
365.9822
351.4562
355.2336
359.4206
348.9051
347.2301
350.8164
362.6985
369.1215
339.3366
361.0169
351.909
333.6157
359.8262
349.6466
347.3318
353.3109
356.4089
342.9927
362.7103
362.524
344.7018
340.2963
349.7638
354.7704
350.1782
367.8827
367.7001
354.2561
352.3584
365.3604
345.1246
355.1279
361.842
367.692
358.7698
351.6578
354.1524
343.5165
356.4202
345.4106
351.5681
353.763
372.6788
346.6374
345.762
331.4521
353.2802
345.7649
347.0244
346.7794
347.0889
349.7407
347.8041
357.9595
351.8676
357.4332
369.1503
361.7699
363.794
359.4862
357.7528
359.7944
349.6523
357.4621
344.2801
347.5284
330.2907
337.4079
352.2575
348.0665
355.1108
366.3374
352.1314
344.779
344.3537
370.1852
338.9024
353.571
364.7279
363.0374
347.4548
352.2256
356.1461
360.7973
342.3212
336.8701
360.8432
357.2293
373.7386
355.5611
357.1468
357.4652
356.5572
355.8068
360.304
365.1657
333.7595
351.7652
344.3991
345.8159
359.9659
371.4774
351.5151
350.9455
339.7515
348.6535
340.5972
351.3959
352.8111
363.0091
353.1992
336.8103
350.0011
354.875
354.3588
357.9193
349.3858
341.206
343.671
363.0245
378.4612
360.98
359.1999
361.2495
348.2688
346.1577
356.9915
334.7818
358.9537
349.4526
359.5059
378.4007
349.1026
347.2565
365.3426
348.4209
366.3688
350.3748
346.8559
360.5926
353.7656
379.9218
356.6779
358.1102
354.0911
357.0262
370.2321
335.1807
372.8874
356.9023
361.8738
353.035
350.7469
359.1073
343.012
348.1936
359.5932
348.1689
357.6294
354.2265
356.7431
354.1358
361.8568
350.9587
349.5467
364.513
355.7677
354.1267
353.9366
365.7048
341.2433
353.9205
326.8396
351.4093
348.968
357.3794
360.6492
345.9696
332.261
359.2023
349.4546
355.2218
355.9832
350.6909
369.1275
349.9415
344.1013
362.5328
358.7796
361.5523
365.1993
355.7226
354.5872
355.8101
358.641
351.3046
360.2892
366.1255
335.016
343.5384
363.3626
366.8094
351.4512
353.55
334.203
369.6373
354.1046
362.4323
362.0119
366.73
360.4499
352.0987
351.2757
351.6684
363.6079
362.7136
351.6507
350.3119
341.5302
352.1131
349.3633
350.26
358.6697
350.4191
340.9129
376.5916
333.988
348.5056
364.6438
358.5793
353.4194
356.9828
347.1749
348.7755
373.4724
355.5334
352.4321
366.4039
357.5361
379.7068
374.3698
349.2962
355.567
362.278
354.6332
369.4135
345.7099
375.9898
350.5048
357.9715
361.038
353.1675
361.9325
339.0139
375.0654
359.2479
363.9045
337.4974
352.0647
357.9315
377.9553
350.6846
344.8034
353.0866
360.6536
358.0733
351.5965
368.9327
358.495
364.9227
329.8539
354.9556
347.7531
362.6919
353.6305
365.2508
348.3262
352.0171
353.2091
346.5753
357.5586
376.4063
344.6487
363.7194
357.4981
359.4472
369.194
362.3458
324.9744
357.5733
338.3643
360.4452
351.4634
364.9574
344.9784
367.25
357.4807
357.6009
359.0304
351.4595
346.7385
329.7424
344.098
348.0264
366.3064
362.1799
371.0282
355.9933
362.3752
370.7085
365.7789
359.1288
343.931
359.096
359.8691
347.9379
384.9137
347.7525
357.0292
337.0603
361.4788
350.6508
358.6477
350.2492
348.9628
351.6256
343.5527
353.6709
363.8092
378.4601
375.1335
344.9225
364.4377
367.8155
343.728
346.4406
331.5821
333.9718
329.591
349.099
354.9819
337.1433
360.0221
344.4661
350.2316
356.4986
342.5979
365.4713
358.4078
353.2802
348.4038
350.7129
344.7184
362.8542
360.014
377.8847
336.7138
357.5085
365.1336
366.7373
353.9584
359.3452
361.7271
374.6445
352.5303
349.9863
343.8533
356.4917
354.6095
358.5308
365.0513
349.9774
341.0283
351.4553
357.955
344.7963
363.3014
369.8779
369.5153
357.1858
375.5667
349.0158
361.3219
361.8404
361.1944
350.4384
351.6163
345.7793
365.7358
364.6759
348.0634
351.3951
352.256
339.7203
362.755
368.1757
362.0839
355.5022
360.5567
336.8778
362.1497
355.0392
366.4664
349.3866
349.1426
356.2087
356.6732
336.2566
369.5302
363.0214
356.8024
354.4888
359.142
361.7267
366.5346
362.8883
351.8909
353.8399
358.5209
355.4138
350.2597
353.3982
