369.158
340.1834
354.2487
361.9516
347.6633
352.1822
363.5439
339.0575
350.6013
352.5527
345.1016
345.9259
363.1686
355.7625
356.9716
357.7455
362.7174
345.2205
360.7573
362.7543
353.1267
355.7786
358.4723
362.6952
356.796
343.6831
359.6383
362.6547
348.5255
370.1388
362.6449
341.2473
356.63
356.2965
335.783
338.1757
350.4448
349.1579
369.3846
361.1848
352.7525
349.5438
367.3154
351.4184
370.1083
347.0567
337.5707
337.6536
344.146
344.7111
358.3945
355.1772
362.2368
353.0971
355.4196
360.2164
355.922
355.7168
345.0712
343.4988
336.1467
355.2076
349.7282
358.0809
341.5371
356.9242
361.0226
334.2301
331.7473
347.7844
368.6375
365.253
343.7123
371.7551
349.2987
357.6561
385.3707
353.7602
365.5429
359.9082
375.7871
349.9996
337.1906
362.9401
344.9621
369.2914
359.0965
341.6492
354.2244
353.3286
356.836
354.6468
352.3454
348.0564
367.7087
362.4364
344.0634
351.0423
367.2028
360.9527
348.7418
339.6603
377.9667
345.201
365.0053
368.4263
355.825
348.88
340.7816
367.4004
348.9903
363.9292
363.7544
353.8944
350.9666
331.8423
352.498
336.0994
362.0039
363.8877
346.6171
351.9216
370.119
334.2736
369.9211
355.0458
361.6956
354.5396
346.2537
351.2456
350.9174
339.714
357.5695
362.8229
337.121
347.9231
359.2233
355.1374
359.5921
339.1949
357.998
355.6259
357.8088
343.6557
349.4579
356.1433
346.5034
353.6616
364.0787
356.6156
356.338
351.7234
352.0815
365.0386
342.4441
351.1131
342.844
352.4519
348.9764
348.5613
358.1054
358.1882
351.0317
345.1031
342.0305
359.0062
344.1499
371.8974
350.4094
368.5604
342.4895
347.5089
353.9177
349.4773
339.5919
347.664
367.6551
351.5937
346.064
366.0807
349.0846
361.7633
353.9032
343.945
370.2056
336.932
360.082
359.4344
346.2493
356.9106
356.0975
369.3125
339.9538
337.0365
350.4391
359.8167
336.073
341.1955
349.7494
345.4011
351.4065
353.7365
342.9398
358.9239
361.8688
346.5887
363.8082
357.8162
346.5273
343.4125
380.3423
349.7483
349.4969
344.1293
367.3347
348.4962
344.6001
360.6509
344.0409
366.0915
351.8905
350.5397
353.3998
344.3484
360.7881
366.1756
342.0362
346.7926
345.6002
369.9012
335.1088
344.8156
341.1048
365.7446
363.9357
356.6697
364.3416
355.1991
362.8299
358.5611
354.1523
365.9011
350.0454
372.8912
363.4746
332.4543
358.9767
366.7361
341.0403
368.3534
347.7421
365.119
354.7517
357.5428
353.5701
351.3167
352.1355
355.44
360.7957
374.5489
327.1116
348.1994
353.4969
350.1259
361.1201
368.8695
359.1042
358.66
338.4604
341.1524
350.5282
354.477
359.4248
337.8424
338.4179
360.3664
357.2632
346.9975
351.3143
348.6675
353.2546
367.0829
354.0185
351.4805
359.6571
357.5807
346.565
365.1666
350.1204
357.4031
362.0962
368.4611
339.8224
342.1539
356.1582
353.1039
365.0038
358.348
342.12
349.7199
356.2039
338.083
347.3211
351.5553
351.5468
344.4432
370.9182
346.9559
342.9252
357.0209
361.1643
356.4339
337.4144
352.7405
353.7967
360.9938
349.4732
342.9641
366.3911
362.7074
370.3488
359.471
324.8244
363.8688
366.2529
356.1065
379.9326
361.4033
347.1085
353.0515
353.0304
362.7336
359.8147
360.9354
348.5781
343.5509
347.8449
342.0112
355.038
336.1423
342.8444
355.6405
351.8145
366.5383
330.4711
336.5249
331.8527
352.8147
361.8538
362.8942
348.5294
345.3508
354.5594
356.9356
365.3324
351.3139
344.216
346.7582
363.1731
358.4968
351.8124
353.3825
356.658
347.6633
389.2446
358.9494
340.8731
356.2731
346.9692
334.8016
374.7379
354.2931
373.3641
342.7636
353.5621
357.3002
356.8302
360.1364
354.6017
356.6828
359.6673
347.2821
356.1992
364.4763
357.1744
343.2875
366.1903
369.65
351.0679
356.191
357.2881
336.0747
367.3146
354.1186
359.2408
354.7492
373.3151
348.9425
363.3431
339.534
368.8865
357.1896
326.4812
338.7042
343.7067
344.1091
351.1009
330.1984
351.2668
357.2047
355.4174
362.1158
352.6209
339.5821
366.5615
363.3181
349.8493
359.1287
355.7885
362.4187
347.0607
356.4792
343.944
375.5817
358.3226
349.7984
364.1581
366.6053
364.0235
346.8394
352.0625
351.9277
377.1529
363.2849
358.67
327.8088
364.774
358.5715
361.8748
379.2508
350.1767
356.3042
370.8523
328.9725
352.7032
370.0573
356.9801
370.3974
349.8836
369.9063
330.8339
350.8119
372.2649
333.8305
350.149
350.9969
366.3463
353.8529
362.9216
359.2926
375.0513
352.6975
354.4082
349.3392
348.1909
355.2398
362.0321
348.3594
347.4169
355.4038
342.1872
366.3468
350.8652
338.5031
347.4396
350.9818
364.7301
357.7741
345.3205
366.5503
366.1855
361.1426
354.1342
345.1523
356.5783
362.0734
340.1014
367.5511
337.1
344.3373
343.1865
355.2012
346.7805
352.9087
359.4875
348.9186
353.3275
343.4703
345.386
359.6653
346.9846
349.7607
342.0258
360.693
367.706
353.0476
359.8077
355.4546
342.9426
345.3718
342.2077
349.3818
342.2027
351.8897
357.8376
362.4098
358.5871
375.6179
357.4037
359.9644
358.2841
382.033
353.9762
347.3229
348.5674
361.0808
340.3076
346.0016
344.3081
346.2583
363.3766
351.4257
353.6218
362.2042
357.8086
353.5816
348.1239
348.2789
363.4348
349.7485
347.0315
354.3856
341.0352
348.7607
352.8123
363.6283
360.6109
367.6921
350.1574
348.4787
350.3518
362.473
364.6194
350.5008
368.8066
346.6686
343.8091
360.5853
367.3877
342.4898
359.3607
353.2031
346.164
358.6084
328.5641
375.7249
342.2075
363.6659
355.5297
355.7498
365.3385
362.9046
360.5528
369.0493
350.294
346.2446
357.2095
365.5351
354.4112
350.9709
373.4235
367.0633
339.563
359.1589
356.4136
358.4189
344.8416
364.9484
349.3137
363.5401
369.3972
366.3204
363.2933
357.4506
344.3657
351.5554
352.0781
364.6
350.3343
367.1525
353.6956
349.9014
345.453
334.8523
355.7109
365.6851
344.9398
359.9895
363.3676
334.8041
336.4673
351.6696
337.1775
363.4703
376.1966
354.0838
357.3278
363.3576
343.1339
350.6942
351.7766
357.7797
359.4798
344.4109
356.7868
347.9049
357.1926
334.834
377.7118
353.7719
360.1241
354.1478
354.1675
348.1387
353.4589
354.068
359.8762
376.2067
369.5723
338.6626
354.0466
364.7644
342.6339
380.3898
351.9265
364.5311
352.9976
361.8013
343.2559
357.4018
344.2585
366.7439
356.1428
355.7178
351.2013
354.2153
349.239
338.5491
345.3155
364.7818
366.014
357.2162
389.1177
351.5845
347.3914
348.597
353.1543
356.1729
358.7286
363.2448
346.5496
358.2401
367.2092
353.3461
338.2488
362.3808
364.9919
359.9095
344.7319
357.7489
358.8772
352.7046
353.7101
344.108
352.8788
353.2531
351.9231
353.1746
343.3043
344.922
351.2902
346.0637
371.347
354.0149
365.7733
361.0318
365.8336
361.1754
358.4603
347.7542
329.1053
358.7852
361.5864
347.0978
349.7579
347.9182
351.949
359.6715
360.5144
330.4166
352.4049
359.9127
340.5542
358.8666
355.0698
338.9327
358.0048
354.325
329.3928
360.5899
339.8412
339.4092
369.6659
356.2294
369.3326
372.0441
337.8662
360.0754
353.7311
368.2033
365.9985
341.2638
365.5322
351.4322
354.6714
342.7325
357.0299
355.6015
360.8079
356.1674
363.1375
355.3896
356.7562
371.1424
350.8221
365.8936
346.7078
360.3788
334.9535
352.3101
352.0017
359.5331
365.6497
354.1998
361.7777
365.2598
362.513
335.8626
347.2799
346.0845
352.8155
356.0573
378.0087
355.8056
355.7812
334.0697
355.7227
340.926
349.4619
347.0116
349.7432
356.3075
342.8088
351.9975
350.1704
360.9641
357.2256
367.2041
368.9578
359.7427
365.6659
375.0889
350.3132
343.0722
361.7839
340.9985
350.12
347.8752
358.7947
355.1986
334.2758
351.9078
343.9471
354.7446
355.1795
361.7811
355.2844
356.6797
347.6428
353.4595
360.9735
350.4782
353.9401
369.8304
362.7781
354.5872
352.4738
359.0608
357.5461
352.1936
374.5815
359.3145
340.5892
367.203
367.2224
351.6385
345.384
337.3159
363.98
348.6964
348.337
370.8478
361.6758
354.8611
357.3373
368.4901
349.7824
372.8432
379.7231
353.6833
350.8312
348.7603
345.0591
365.4651
353.2019
356.1472
363.0932
334.7496
368.783
359.3609
341.1873
354.985
349.991
352.4894
351.2207
350.7338
364.3006
356.4721
347.4233
351.6858
350.0425
355.5268
358.5007
365.428
359.9577
377.3528
346.9948
353.8789
349.6585
354.5063
365.2647
356.5334
351.1866
353.9698
358.0121
335.993
343.9751
359.598
346.4163
335.0181
354.2916
350.9091
346.4375
345.6922
356.4758
353.0545
395.8138
360.6404
372.0994
359.6123
341.9208
352.7172
347.8981
354.0044
344.7012
347.6247
368.1227
344.453
347.74
357.3914
357.4401
354.0832
356.923
346.1727
365.9074
354.0443
359.4188
328.875
355.6658
369.2339
348.8301
357.5928
357.6309
338.7469
342.2825
364.656
354.4695
354.6624
345.2265
357.3112
365.3782
356.4957
356.7089
347.8084
346.6298
365.0301
355.9578
356.6159
337.4597
353.8027
369.3451
358.446
341.2884
363.4913
349.1247
355.0932
353.552
328.1108
379.4474
360.6683
356.9439
346.1236
352.9301
364.2166
350.2816
357.2676
348.8144
355.015
360.9889
367.1025
351.9459
345.8197
360.0104
355.8726
376.5206
342.4958
356.8541
358.0046
352.5515
346.9565
359.6885
357.3351
350.7929
361.4929
374.6438
369.1654
350.5003
356.7809
355.5737
363.6835
359.0741
358.0544
353.1661
346.4374
341.4005
368.3005
370.8514
353.7736
356.3161
372.8448
337.5669
350.4366
346.1869
344.4216
363.255
360.8258
347.1709
349.3927
353.653
357.4761
347.1405
356.0042
347.8674
356.9729
355.9765
362.3766
378.4972
369.9182
357.0156
360.6702
336.7923
360.9289
337.6972
360.7012
361.5791
363.7617
345.6415
377.2584
358.2282
342.11
352.3517
340.8917
393.8787
343.2835
350.7651
367.6314
363.0852
341.9101
355.5825
363.6341
342.3124
354.2888
352.3086
362.4949
373.3646
339.2014
356.8684
342.3635
362.5932
363.2106
361.0843
345.7314
379.076
358.0917
376.8329
365.0776
363.29
341.6763
374.9286
364.392
366.763
356.2075
340.156
359.782
356.7765
354.3567
355.3979
351.9639
354.3775
339.2662
349.2574
351.1417
360.4539
343.8072
348.3552
381.5282
337.0279
361.6244
349.8049
363.8246
336.4309
363.6758
341.4965
349.4735
355.1264
352.2514
364.8045
350.2645
367.3309
365.2806
356.1663
360.0975
363.2627
329.7206
353.4192
360.7414
350.4081
353.3926
347.8682
346.0882
371.6524
358.5613
366.9537
341.0216
353.6078
341.4857
354.8413
342.0194
348.105
347.8141
359.5757
356.3327
365.0875
362.5354
358.4173
347.4878
376.6966
360.5034
350.3867
356.9357
341.1294
349.3324
358.3943
347.7054
357.8652
360.9985
357.3846
371.9482
359.0026
354.4492
358.1966
358.0818
387.2683
357.192
352.4876
370.6543
352.5616
361.1658
350.8379
357.1263
352.9357
367.1259
353.5017
359.3682
336.7777
347.2739
369.567
344.8481
359.6668
345.5104
363.7494
366.4832
364.2306
343.3806
351.8321
351.5565
346.2404
353.5935
361.7139
350.3417
334.3578
348.5793
342.7511
359.6124
360.2634
360.024
347.1337
356.0805
351.9217
369.6213
353.3374
366.6324
343.2581
328.2375
347.4316
360.3703
361.6624
366.8131
358.9641
349.352
350.1541
373.4501
355.8028
332.7321
353.8427
349.4134
343.2883
357.5134
350.6244
350.6595
350.0129
345.6677
357.2974
345.6922
361.1253
349.9574
350.8189
370.9202
366.8107
354.0626
353.8559
372.3531
360.8205
338.1142
368.5841
364.5972
357.7338
365.5787
358.1461
354.8683
345.0545
354.0306
353.0696
364.0344
349.59
377.8585
349.3987
365.8818
369.5628
342.5963
345.2479
343.8196
362.1987
381.5233
362.2265
362.959
365.4575
349.6087
346.6012
350.3688
372.7494
343.0384
348.5061
358.0902
359.6984
330.497
358.98
345.1243
351.6453
345.2963
351.7187
353.9891
354.7043
345.3248
337.501
361.7111
352.3692
364.038
343.9664
352.5937
353.6757
357.2196
355.7048
349.1539
360.6194
354.8522
350.0245
359.4387
347.1152
353.5603
340.1387
365.2986
349.4172
368.4297
359.0901
348.2885
364.2969
339.2624
355.8947
374.7004
323.1659
341.591
359.0694
373.8818
340.667
342.3197
355.9123
339.1085
332.3283
369.9968
353.206
361.9261
351.062
356.7773
355.9731
364.2314
349.8128
361.6606
360.6469
346.6403
368.0811
334.8523
353.3233
369.8827
343.1509
351.5033
359.2473
357.3143
354.082
360.6602
368.4496
350.6456
354.4593
352.2993
351.8067
351.338
361.6908
352.0032
348.1101
351.0783
349.2781
355.3853
372.7642
373.3728
353.908
347.1872
361.9934
349.1206
357.2781
365.824
353.3918
342.3204
351.0223
351.3589
368.5266
367.3628
359.4282
356.8408
365.9457
338.6612
361.2393
346.6147
350.134
352.8107
353.6523
357.7741
362.8614
349.7797
338.8783
355.8711
339.0938
362.0897
336.7828
360.461
368.5573
347.6513
359.1213
387.0471
353.6485
352.2369
347.5782
366.7318
355.9524
357.4565
352.4847
340.2426
365.1992
357.0193
363.6831
358.265
331.2363
359.4155
355.0858
335.4372
353.7689
361.2264
354.2935
354.099
338.9743
359.1841
358.451
378.244
351.4402
355.1434
337.7088
355.3607
343.2829
362.4109
355.711
356.9104
334.6882
329.2464
339.8173
319.1063
362.8503
365.8234
357.3632
339.4531
346.6044
354.4978
376.4967
353.6069
362.4165
365.6402
359.6587
338.7851
356.1244
365.8276
362.3414
352.3497
368.1543
351.7641
340.1723
333.1373
365.1546
353.936
339.9236
360.1468
357.1315
350.5212
359.0502
342.5179
356.4375
361.2831
360.17
353.737
353.7264
337.943
351.9805
353.9995
360.1556
343.5757
351.1908
365.0926
358.5985
363.1347
348.338
352.7229
362.3217
360.7993
357.2936
367.0299
374.1684
348.2455
363.8144
352.0839
352.6416
368.3452
341.0669
354.813
342.5055
333.8046
368.1965
360.3604
358.0832
367.1154
341.3907
342.0178
354.3506
349.1307
346.8098
372.4963
319.9304
353.3902
350.6029
359.3972
346.131
365.7442
341.8081
341.6379
343.7248
365.4818
356.6013
342.7339
343.8415
359.4158
353.7098
342.8642
345.0206
353.5617
340.8755
373.2876
355.2452
364.0144
366.2959
357.343
349.8646
356.1783
351.9379
351.6102
361.8646
367.4416
333.0432
352.2969
340.6574
341.0635
350.8257
362.9619
332.7997
355.1005
347.0289
355.0962
347.1794
350.5269
342.6745
353.9829
369.455
371.7065
375.7455
368.5472
355.7784
342.6538
373.941
366.8549
362.5545
340.5515
360.5258
368.0986
357.5433
353.6117
359.4102
371.2847
349.3707
357.2064
372.271
357.8683
353.7631
348.9092
360.3322
366.1819
378.5616
359.4597
357.7284
366.2999
364.0799
352.781
347.5216
369.2271
348.5647
340.0804
357.4848
339.3423
352.7736
361.6288
360.7675
336.9867
352.3454
354.7694
350.3557
358.0665
356.1631
342.713
364.0743
350.9064
355.9118
361.5651
359.6297
367.8845
384.4329
379.3827
343.6089
351.175
362.6067
345.4989
374.0124
335.4299
358.9857
361.0536
361.1857
341.267
368.8615
358.3867
345.0562
355.8136
334.7159
360.7561
349.7249
360.8497
357.1367
353.5082
345.0576
337.669
340.9932
354.0086
348.9967
348.1903
349.0331
349.2534
353.1734
349.782
359.9299
364.7823
365.7331
361.5805
343.2572
338.3115
366.7712
352.9327
329.5411
342.1626
373.2626
352.3641
383.5189
335.7161
337.7015
355.4232
360.8848
340.8828
352.0945
357.0266
362.9571
349.858
371.7583
349.9747
368.9186
353.8575
358.3347
339.9177
373.0571
352.4015
370.5497
342.3203
348.9775
362.1781
351.6098
356.2808
358.4989
351.5051
362.372
343.4268
350.5759
345.9367
353.1844
366.9023
349.451
349.8117
352.3258
347.8521
372.3189
366.207
351.5735
348.7994
372.0196
352.6098
367.8156
354.879
370.7105
350.5187
353.5827
339.0737
354.862
347.4297
339.3729
351.9727
364.6807
355.2647
353.3974
359.4429
346.1094
366.1033
351.7862
352.9591
362.54
339.4571
349.7277
328.3116
350.1225
357.4625
357.1269
363.34
345.2895
350.3445
359.6101
343.0146
331.2524
344.5899
348.8695
357.8283
351.9219
352.3959
331.8214
373.582
349.7728
347.289
343.7565
377.3323
330.3023
345.1241
377.7029
355.7479
338.4224
351.018
368.6729
347.6667
368.1628
335.6086
362.5104
362.2101
347.6057
366.0542
347.713
348.2343
355.2843
346.0479
346.036
335.4965
351.2815
342.7287
366.6216
371.4912
345.6863
360.2442
351.1681
347.2725
366.9621
356.1449
351.685
355.2653
352.4042
350.2564
327.7382
335.9
363.7224
361.0392
358.6491
364.1648
334.6434
354.2883
374.3366
362.6666
365.8524
364.3103
363.6003
362.8956
350.7809
351.0699
359.7449
347.0832
362.0792
350.3672
349.5087
360.6375
344.2175
359.4292
374.4347
353.1269
362.6982
348.2449
345.495
359.109
340.4785
354.9313
347.4953
353.0625
339.0588
365.2062
352.6666
337.1856
358.351
365.832
357.6692
353.4335
351.0638
358.5531
348.803
338.406
365.8845
334.1168
365.2804
367.2315
357.4722
360.5257
337.9107
350.0724
338.6847
367.9509
362.8993
342.1203
358.9133
370.306
353.6974
351.263
344.4286
351.8529
353.4557
355.0943
357.8435
383.3637
369.096
368.8169
340.046
358.5098
361.7599
360.9546
359.2032
371.4429
365.7035
354.1838
360.4184
358.8395
345.6477
377.8263
357.5342
361.5589
360.2732
373.8717
364.4811
364.2377
352.4502
361.4941
348.8773
371.4358
345.2365
357.5171
347.717
342.3345
361.3565
371.225
342.8447
369.2112
358.1129
358.6656
338.93
356.7152
357.7646
335.0982
342.2675
376.8833
354.788
358.7957
351.9144
361.9443
357.5323
328.8428
343.6254
355.7107
370.0308
354.0126
352.0684
351.0549
356.9961
348.8006
357.1716
356.3349
338.2761
352.7966
342.4595
356.7189
346.6815
363.7687
362.8656
366.2804
361.7028
364.7408
347.9494
333.5229
344.9691
349.9287
347.6617
364.0404
344.4828
369.1412
382.7195
352.8061
357.4825
350.41
367.2171
354.9598
365.2653
332.5824
352.9897
361.4551
353.0807
358.2344
354.4032
352.1306
358.6635
363.6258
338.4808
353.6475
356.3764
351.9181
338.5447
357.9867
357.5873
368.7167
349.4878
347.2263
353.342
358.4628
374.2015
363.7982
357.9036
359.8069
351.4193
350.6052
353.1109
339.5385
359.726
356.8333
359.2132
353.8833
344.7907
372.9725
357.6483
363.8456
353.8273
372.7129
341.9272
370.05
359.8142
365.0881
353.3403
375.9583
359.1347
358.7363
352.8107
367.8131
365.2118
367.9063
372.9025
353.9278
358.6457
347.2914
371.5966
350.9239
362.8645
358.1854
349.7217
363.3597
358.5645
362.2524
388.0906
352.5795
346.6293
352.1303
346.1362
349.7591
349.0778
351.9848
348.7979
367.8988
365.8209
363.993
349.1254
352.5555
343.3225
351.6354
342.2467
359.4833
328.1754
382.3321
349.5148
360.802
358.2332
334.2378
349.4718
331.1514
371.4171
362.9866
358.6398
353.9759
352.3872
352.8218
354.4684
370.2264
354.0411
357.3962
348.9813
345.6527
342.1394
359.599
352.7538
336.8683
359.3485
348.1023
341.5751
353.21
351.9832
340.4352
357.6596
359.1552
363.3991
348.6458
347.0825
373.8197
348.6193
355.9028
353.0034
341.4453
344.0239
349.6292
368.6718
363.8264
347.6044
343.6535
358.1972
352.8067
368.4472
345.535
377.3902
356.3097
356.8246
348.83
320.6598
345.6753
358.6483
375.8061
352.4202
353.987
362.3224
357.5864
361.4457
355.3603
362.159
375.203
340.4371
335.7434
356.1593
346.907
360.6873
364.4645
357.4503
341.4422
363.4341
334.0348
360.8347
345.9847
363.2464
356.3394
357.218
373.5939
371.0866
354.5002
345.0285
352.4401
338.4969
349.6348
352.579
365.8089
370.8151
346.3302
346.7061
349.9653
357.7048
359.2289
347.6489
358.4633
359.7127
361.0702
340.7084
359.2873
362.7814
378.5008
364.1799
365.5436
359.88
345.5685
361.3642
339.9023
354.8759
354.3713
355.1808
350.6707
350.5999
351.3119
355.6931
370.2656
341.4942
357.1553
360.4659
351.8349
377.8762
357.7759
346.4042
347.7367
363.2635
363.4725
356.6986
360.1975
367.6902
335.113
349.4398
361.4635
361.2996
350.4628
345.322
363.2162
341.7633
349.9556
367.6931
359.9179
335.4558
347.92
345.35
352.6443
368.6964
354.6318
373.0691
352.1078
358.8876
357.9407
362.7265
364.2558
357.5142
355.4477
347.2433
361.4357
342.391
365.8167
349.6713
363.8483
344.8588
362.7266
352.1684
358.4898
372.1105
366.0819
350.331
360.1015
362.7174
354.2413
338.543
346.4511
376.9944
356.6288
337.9716
331.4669
353.8089
337.5397
359.2479
365.3434
356.76
366.6631
357.2428
342.0677
350.9077
345.3644
364.1158
372.2419
358.1171
342.2633
356.2358
336.9711
354.0651
346.471
359.222
347.1287
368.8135
345.8715
346.7491
348.8889
352.3891
354.8641
355.4019
364.4486
337.8029
362.5668
350.0928
375.1352
363.6593
346.1228
342.3351
361.6234
361.5135
358.3157
342.9742
354.0265
377.7822
368.8644
360.615
351.605
360.2629
343.1853
347.0841
348.2835
342.1529
367.2561
355.1575
353.604
356.0975
356.5126
359.131
352.0927
351.4875
361.8858
340.0915
362.6888
340.0836
363.9552
343.2846
343.1922
344.1087
355.6003
349.9249
361.8537
367.7664
347.5369
357.6508
357.8208
330.9139
347.3062
343.9493
364.7026
342.0894
361.5788
338.9717
363.3449
347.2961
342.4634
351.9616
349.9467
344.8617
354.1178
343.0696
345.118
363.0077
344.5347
381.9988
355.3196
366.6678
352.1216
365.013
344.6474
366.5148
372.1975
362.8657
363.6804
345.7557
358.9502
350.3514
371.9851
344.8271
341.1927
374.6634
362.24
352.7909
344.8648
363.778
340.2318
333.3186
360.1123
325.104
373.3325
376.9222
357.3111
344.201
348.7935
348.7178
365.9165
357.3931
365.8447
345.884
355.0308
354.821
348.2198
362.729
352.8891
365.9834
355.1236
347.507
359.6492
359.2133
361.9477
349.2386
368.4621
339.1681
337.5873
363.1595
349.9422
354.0055
342.9958
351.1465
357.0685
351.2055
363.3766
353.4094
360.6825
369.4011
355.3546
364.789
358.2996
376.8449
348.7101
363.4167
352.665
352.0679
355.3799
360.6914
345.0837
367.3853
368.865
364.5989
339.7982
376.5799
348.8965
355.0119
343.6743
346.6154
346.6378
349.1347
360.3716
335.5166
358.1338
349.2685
367.5385
365.1432
362.3059
360.0141
364.0769
348.4676
346.4288
342.5919
350.5242
365.8858
369.0448
353.9956
366.4976
357.484
356.6249
360.3216
360.9885
354.0319
334.1777
373.0637
343.4731
350.8777
375.7174
373.8213
365.2786
348.8812
362.2074
353.7853
376.7652
352.4746
367.6547
336.1024
343.5589
356.9564
353.4228
339.2989
358.1238
349.8839
368.5657
359.9907
341.8542
347.7662
354.0715
346.1299
354.1444
369.9668
351.9999
347.217
348.8779
353.8977
356.9148
357.8199
354.4783
366.4681
337.766
369.2186
352.7457
352.3597
364.8904
367.0996
361.7836
357.2475
341.1863
365.7905
360.5088
358.8985
346.1931
346.2506
352.8713
358.6732
350.7029
337.6744
355.2068
356.243
364.1691
339.4101
360.1009
359.8961
358.4812
357.3141
370.8456
372.8817
322.6763
356.7221
339.789
352.8543
369.5107
358.5231
351.7366
343.3904
348.3579
343.2737
354.5642
347.9093
348.0347
349.9516
349.3993
351.3534
364.5951
361.6527
352.9059
371.488
355.9344
338.5756
356.2778
356.963
350.6212
344.852
351.8621
352.8021
358.8176
354.5134
352.1426
356.6261
345.9238
348.0465
355.7852
348.353
347.5066
367.8396
360.1267
367.0802
344.0063
350.4149
359.6828
338.6233
361.3949
347.9226
369.0728
349.7082
368.8647
344.5836
342.1101
357.3568
354.031
343.7649
367.263
355.8341
370.3486
365.2862
361.6638
346.3858
356.1694
354.9831
341.0437
347.1863
354.9731
353.416
349.0977
362.8029
339.8609
372.096
359.3411
354.3863
363.4575
359.4539
343.8374
346.2899
364.9406
366.1992
360.7332
350.7692
348.5165
377.874
358.1611
367.8925
332.9721
326.9363
360.7541
362.9301
369.7685
355.595
373.2422
346.6648
339.7984
375.2562
373.406
362.712
347.191
352.5635
358.4073
344.2589
366.1337
329.0533
360.835
360.0236
351.8817
358.3453
361.7754
361.4537
351.0216
353.756
355.0645
361.2698
346.064
336.8392
356.0016
371.8191
357.7834
353.9944
358.4047
343.1028
346.2661
352.603
364.5139
355.2338
347.0436
353.5504
349.3638
348.8035
349.0012
355.584
369.1254
355.2512
354.2946
354.3128
354.8779
357.8789
348.1631
352.1823
355.3089
341.9379
352.0905
353.5342
343.3952
324.897
344.9687
354.0739
349.9642
351.8694
366.2275
372.8428
349.3624
349.8524
357.3124
347.58
360.8945
358.079
356.6917
357.8479
357.232
363.3798
359.1484
356.8054
403.0568
339.5649
361.9524
350.6744
361.0024
358.6466
367.1897
378.8186
356.1178
347.7652
356.5217
349.622
365.9273
361.3603
358.9213
336.4342
343.9493
345.7881
349.4279
363.8489
356.993
344.4783
355.3253
352.3535
349.326
347.0634
344.331
348.6783
342.8873
361.0431
355.4013
364.0523
359.371
340.0079
351.7696
372.366
345.1531
366.0148
345.7551
359.1405
360.8338
364.1961
356.2535
351.8275
342.2429
345.9215
355.4267
357.1481
345.7643
362.1434
347.9159
384.9479
327.4468
354.4248
355.2588
368.5832
341.1231
350.8034
347.1396
343.9288
358.3647
363.2139
341.5154
346.3482
352.2089
357.5342
366.2498
346.1522
375.1265
364.8692
370.479
348.1599
348.3513
358.3748
349.1225
355.9293
365.652
362.1673
340.9486
357.0174
356.6662
351.9285
348.2603
360.0658
336.8062
353.4711
348.9725
360.256
353.8819
360.2116
352.3107
355.0878
372.21
353.0958
355.2961
340.5525
362.0247
342.1164
318.4153
356.3977
341.6884
356.3293
343.1102
368.6195
364.7386
363.99
350.3734
343.1576
340.5368
354.1576
346.0969
350.9386
352.6787
356.2105
345.8408
346.6213
359.3345
349.3197
345.6956
344.6652
356.8858
353.7364
359.3028
362.2406
357.9478
347.446
352.1298
364.0276
335.6197
328.3963
358.788
351.9059
350.2571
368.1392
374.389
368.0962
343.7802
335.7791
343.1996
346.7338
375.6288
364.0361
352.9356
361.3229
357.7183
350.2355
351.5702
355.9497
346.6034
364.1595
350.3492
355.6269
357.4937
353.9304
364.7002
364.1548
369.304
347.1411
355.6402
373.6452
365.7468
349.6482
347.6484
363.8
359.4097
329.7782
368.5575
345.7497
349.6903
338.7389
357.5906
356.7187
337.9328
354.2584
372.8919
327.0595
355.8316
353.2882
357.0647
354.2145
354.2012
348.8132
356.2671
358.0557
373.8769
337.1476
346.7183
378.0536
352.469
359.9746
374.1536
351.9462
381.1344
328.4567
354.6704
380.1554
361.393
359.3937
362.3098
356.4836
373.5762
352.1279
351.0897
352.8951
354.197
348.8157
330.7747
347.4548
355.6245
368.1487
361.2359
363.1356
363.2216
345.3234
350.0575
353.6633
357.2818
364.6901
357.7013
331.9511
359.6874
358.2263
357.8139
358.2976
360.6218
366.2877
345.9567
341.2214
363.304
362.3667
370.7627
350.4547
339.7164
355.1867
340.207
347.1563
352.2258
350.1254
334.0297
367.9978
365.4581
348.1726
347.9824
359.9626
349.4501
363.0535
356.3321
351.5525
379.4168
355.2571
349.9164
354.1367
329.3496
376.0831
370.4915
365.5449
350.1073
358.5135
354.45
358.199
366.8101
368.6466
336.2297
354.5532
352.077
340.7954
354.1163
366.8882
356.026
343.4789
358.8204
352.9639
355.1472
341.1311
357.395
334.2691
368.3037
355.5355
347.6347
345.7118
357.6908
354.7876
351.2883
328.05
355.0325
360.2675
348.0114
368.0378
348.0264
354.0455
369.725
337.381
340.1857
375.9771
359.518
370.9176
348.0746
350.5553
384.2976
331.4432
357.2597
362.4535
340.2938
353.3498
367.0901
362.422
361.7843
361.6457
353.3195
340.5688
358.1312
334.8659
377.7976
364.925
362.759
348.6048
346.3465
369.8743
361.8441
341.1718
357.308
342.3529
352.9507
353.6084
347.6725
351.3296
351.0587
355.3361
371.5922
330.2187
341.8938
354.0968
337.2416
377.2967
362.0103
339.8494
357.227
356.7636
365.6252
356.2604
357.5186
344.4993
351.1505
358.0471
353.9506
352.2192
351.0931
351.3088
358.3076
348.3161
342.9092
329.2416
359.9114
353.5315
315.2358
343.2549
349.5678
374.8413
376.0531
363.0934
346.3624
355.9128
350.8012
359.9501
362.6086
353.5361
350.9038
348.7469
354.638
355.9962
361.213
354.9372
370.211
338.625
352.887
372.1838
382.1202
329.2965
353.3057
344.9103
341.4153
373.4333
352.427
343.2008
359.8687
338.0015
370.4742
376.858
372.5618
348.244
358.8816
356.4578
353.3227
355.6034
355.3613
338.0989
355.7217
348.2104
356.6938
354.948
355.6907
362.181
339.8886
348.1969
354.5261
353.5632
365.1267
351.4579
361.9678
372.6748
342.179
356.4694
367.0203
346.299
355.5605
364.548
382.9019
360.2365
336.9496
345.7987
344.4299
361.4583
356.7009
354.0902
357.8462
356.101
347.307
336.4756
366.3448
358.9449
340.3826
345.6462
348.5426
363.6167
358.1083
368.865
377.7639
362.118
336.0323
346.8743
360.3019
364.0249
332.5812
363.042
363.6406
348.0959
359.7847
335.8001
339.2072
365.9742
372.2546
360.6617
355.1208
362.4787
345.7756
349.2055
379.289
342.9149
371.3936
346.6778
348.1253
345.8288
347.3017
350.9531
344.8552
352.6699
351.0132
361.9637
329.7096
358.8123
335.6836
340.6029
373.8119
355.0667
354.4927
357.4948
349.7325
356.5128
357.4107
369.3456
328.8586
347.7581
344.92
352.3106
356.7884
362.4542
349.6958
364.3096
363.5355
349.5676
347.1272
361.3562
354.1761
372.4882
363.2942
365.7512
348.5382
358.7326
338.6179
361.1197
349.8435
335.8258
363.9125
365.6086
335.9186
366.9139
363.5247
361.5455
368.3349
354.2512
361.5879
374.2157
370.2802
346.5271
361.0072
364.081
348.1709
353.473
348.2045
355.9884
354.9999
332.1027
355.0105
358.66
342.7349
360.8546
350.3902
345.1804
366.9721
357.7324
354.7192
360.781
370.9983
341.3043
375.0623
345.8846
359.6054
346.7798
345.2449
350.0923
366.1042
344.1539
355.0828
365.0301
341.1221
359.6846
359.7203
367.404
347.3934
354.981
352.6839
359.2647
358.4468
361.8482
340.5074
367.4758
349.0825
363.8489
362.1146
361.0339
361.3066
362.0008
352.4065
364.3166
363.1128
368.37
348.8122
355.462
356.7789
349.3577
356.8623
364.6584
360.0578
344.3171
352.2738
353.9098
346.2664
385.3235
370.1719
342.5073
373.6826
360.9654
361.3857
348.9887
349.0887
339.3532
354.3864
354.6153
366.1027
370.7882
348.5448
338.6648
353.2442
363.643
335.2804
341.4698
345.2439
345.5347
326.89
352.5423
358.4105
359.9527
344.6966
358.4174
371.9592
353.6519
351.2089
345.4441
347.5827
364.2829
350.2583
370.5907
330.7271
363.5986
351.1071
351.2731
332.8925
362.1465
358.4922
358.6512
348.8878
362.2073
357.5708
329.3793
371.5613
357.2271
356.5047
352.1227
349.2025
354.8206
361.1987
352.0847
350.5515
343.9336
351.8374
351.2583
359.9976
347.6148
366.7074
356.6817
367.7743
351.2935
352.8095
360.9589
352.3936
348.834
342.9044
358.0829
364.0042
359.1416
365.0193
343.5021
359.5553
351.2317
338.8689
374.2127
356.9544
364.6575
353.0062
362.3382
358.8799
340.4107
357.1037
351.3029
358.1454
364.1783
350.9141
339.8132
350.0422
345.264
357.3909
351.5574
343.062
354.8983
357.6047
360.2383
345.2522
348.3111
356.1609
371.1678
353.1759
340.2164
359.8
354.4996
366.7541
344.2945
345.4887
362.5635
374.9706
319.0253
352.7292
362.6618
353.3485
356.7813
362.1337
341.433
354.387
353.6505
364.1927
353.9938
357.807
346.6579
346.9813
364.8135
337.5257
351.1003
352.5676
361.1073
353.5763
345.2907
344.8499
338.1523
355.0316
365.8531
364.1369
384.6197
354.4763
345.8721
353.7652
352.66
355.4478
339.2093
346.6447
361.4337
344.7873
344.3411
363.9737
338.22
344.3284
352.3146
370.7791
358.191
353.547
362.8948
356.2947
349.0207
358.951
345.6873
352.3424
353.8184
350.6502
356.784
354.2094
360.5734
359.3526
352.7049
387.2562
353.5131
347.8989
349.3978
358.8949
357.4558
350.7719
359.6189
360.2512
341.8268
344.7038
359.6099
344.0506
342.4002
348.6576
370.6036
325.4956
350.5776
337.8221
363.7432
362.5057
336.018
364.9414
347.4972
365.2099
362.5771
350.5564
356.3771
345.4953
369.8282
357.9276
362.0282
358.5603
357.8574
361.0066
340.6424
372.91
315.2717
371.6305
358.0776
349.7913
363.2257
357.8834
355.6566
367.7092
371.6951
349.8532
369.6074
369.9295
350.671
356.4304
338.9798
350.8748
365.3893
345.2656
352.6491
349.091
365.5244
350.4595
354.4968
354.3078
336.3953
359.8308
361.7179
345.0212
365.5891
359.8145
359.4091
332.8624
360.172
353.6853
337.1072
347.3214
338.173
348.8095
348.8493
359.0194
383.3535
333.1724
348.8141
362.2405
363.5486
357.1903
367.4357
356.4717
344.9382
344.6338
355.9428
340.9662
369.7868
364.6564
357.9867
372.3446
342.5307
358.4061
352.0911
364.4876
324.6344
342.3901
356.6905
351.8989
346.1463
347.3129
357.1842
349.289
358.7437
352.3652
352.1512
359.7461
353.5168
357.2175
353.0596
348.1883
343.4002
351.7553
354.3479
350.7674
348.7729
365.7304
364.7085
360.7562
351.7612
346.9765
337.9635
346.5722
346.9023
360.9432
340.1069
350.9345
361.158
360.3482
345.8846
374.3963
346.2834
348.1758
349.8467
358.8039
362.4045
343.3604
349.5904
365.0568
353.3145
361.2606
335.2412
354.997
343.2348
358.2112
374.7249
357.9678
352.2553
367.4563
339.4368
331.3328
349.7825
339.0379
359.1572
356.007
353.0936
346.8495
347.1827
350.9875
349.3544
350.2048
365.0398
348.8518
352.9086
356.2265
357.3983
369.1654
360.8938
366.6358
346.539
345.8368
348.5485
365.2704
348.3131
368.7224
354.582
345.3011
352.5266
345.3927
359.0315
367.4509
385.1047
360.5837
351.0109
350.4833
349.4246
363.649
348.9194
370.1636
369.8273
369.0964
347.9847
361.6476
368.2362
331.5236
349.7292
365.1079
353.2842
353.3586
350.6718
336.6998
358.2226
361.168
359.3875
374.6641
357.2659
379.1985
348.8628
366.012
351.652
356.8577
356.5047
358.7151
350.7139
349.1629
358.0404
347.4048
357.4298
366.5953
362.7889
363.484
351.582
372.895
350.138
341.328
351.1118
360.2397
351.5712
359.3794
356.5319
359.6608
352.7546
349.9195
363.469
350.7886
359.2267
376.7989
356.5789
360.7963
369.2224
350.502
349.0036
375.6944
337.3046
359.6804
349.7031
351.4087
351.2515
353.7985
360.3338
362.5055
350.3019
364.1087
360.6227
360.4577
350.3115
345.688
336.82
351.7497
346.4601
351.1737
366.3052
355.3878
350.0251
347.1747
340.6776
361.8262
356.6995
357.0822
346.2882
336.5993
363.1255
363.6904
381.9019
360.3025
354.1462
354.4227
352.5089
382.2833
354.554
334.1385
366.072
342.2318
363.3247
369.4583
354.145
352.9323
357.2183
353.1469
372.0132
351.0986
344.578
358.2354
364.0737
359.9217
364.3163
356.3867
353.2696
374.2012
339.2532
357.5193
353.7617
336.9267
349.2269
346.2525
348.7669
358.677
378.9663
351.4496
367.6953
359.2286
330.9205
358.4384
367.546
349.6153
350.3125
352.3378
339.7245
339.9375
332.3344
353.3892
357.6048
342.1428
368.5303
357.4327
346.9744
355.5599
360.5619
342.0298
336.438
351.3383
350.2686
359.9894
341.5703
363.0876
358.8605
354.46
364.97
364.4995
355.5503
360.456
359.7142
360.215
366.5814
347.3928
350.1589
347.8741
362.8208
361.6457
372.4988
352.6724
354.0411
361.6934
356.4311
344.196
369.1572
347.8474
347.0553
346.6592
375.2719
376.1927
343.9515
344.866
346.8035
371.659
351.6675
360.2055
380.2478
358.7524
351.9592
354.0455
361.5479
347.2653
342.8967
332.7074
357.7024
362.2231
353.2853
355.3669
364.2863
345.5486
341.5555
347.2142
373.7716
357.0043
339.9279
371.5919
352.0676
355.7565
350.3113
351.7636
377.6748
339.4759
339.2991
331.3456
361.0266
344.3752
353.7893
337.1538
360.1773
353.7712
358.6786
359.1661
367.7322
358.0094
346.3263
367.8679
345.9353
365.9961
358.3369
352.8397
361.0467
365.6188
356.3149
356.7585
333.5676
368.7786
350.187
350.9423
353.9816
358.2026
351.3406
352.1985
347.1901
358.1929
355.3527
353.5868
366.5837
351.6214
352.2556
356.601
344.4824
342.7312
361.5936
358.2538
364.4872
369.7162
372.9782
333.3494
348.1389
357.2673
359.6631
335.8377
356.3712
349.6708
361.9839
349.6206
356.3499
353.7942
354.6368
356.2793
353.2712
349.0264
342.828
364.0806
354.3147
354.6262
364.5599
351.0144
337.7606
353.8047
354.5614
353.0315
356.6861
349.8162
368.1809
349.1218
353.5924
375.787
348.2658
355.3454
360.1684
383.5229
336.9209
330.6682
349.7434
361.5946
360.723
349.9594
345.9946
341.6988
337.5053
359.5176
351.5559
358.1291
357.666
356.2433
367.6281
361.3297
367.8806
366.3787
359.3086
368.917
344.2525
364.7704
351.4594
379.7132
362.4138
363.23
349.9107
367.9628
362.2761
351.4609
358.8067
357.3777
361.5553
363.2247
356.518
339.9101
358.8302
322.3768
362.7184
352.0601
351.2893
344.665
352.0976
349.1019
342.0303
360.0224
352.7769
348.4164
337.1384
369.4679
346.7161
370.52
361.8754
346.295
350.9301
342.8893
338.1712
364.0093
336.0124
352.4489
346.644
350.7386
361.0901
365.0862
372.9999
359.308
377.8928
358.1772
338.2987
358.565
354.2255
348.8663
341.7957
361.7138
374.5967
376.1731
361.412
342.9682
357.4115
352.2061
357.2921
372.534
363.8537
355.6409
364.8236
383.9356
376.2511
335.9119
355.0942
363.5767
347.5495
352.763
359.692
356.0732
348.1654
364.5906
353.3512
371.9947
325.058
355.8457
352.0091
343.0527
377.3529
344.4553
349.5615
339.7378
360.534
374.9331
366.9952
360.3284
354.937
335.0737
318.5393
355.0337
371.3003
376.4039
328.2267
365.373
355.9278
377.1749
350.7597
358.1336
354.9486
364.2486
336.1466
363.4156
357.4469
348.2615
349.787
352.0658
360.7266
364.1946
367.4497
342.4535
358.9259
357.2169
344.1171
334.6626
331.3508
350.0337
358.1523
348.4447
354.5416
367.3553
357.1098
346.0487
362.7705
372.8773
352.4551
371.0638
355.5121
349.4983
375.0151
356.8318
352.2328
363.8972
349.9671
370.2605
363.4607
364.5802
343.8391
339.3466
353.6952
344.9608
366.1813
357.7025
336.2094
351.692
351.3273
366.293
370.418
352.7581
350.7294
356.6389
352.0605
340.6075
343.7908
366.6409
359.9102
350.0548
344.6671
335.15
362.5059
361.773
308.8798
337.6613
353.6651
363.2057
357.1272
353.6311
347.0793
348.1292
358.7219
350.4095
351.6962
350.7392
345.8495
369.0867
363.95
363.1049
358.7146
357.7931
353.6231
347.1292
342.539
347.8896
360.1205
375.3833
347.4595
361.9081
355.7175
352.8784
339.9422
354.9461
357.6106
363.3203
348.9115
337.0211
348.1112
354.3902
369.5201
352.0976
360.6549
352.8096
358.3239
349.9815
372.2544
348.7296
362.565
348.3746
349.9684
364.1383
364.7518
362.733
367.3504
360.2468
360.2987
363.7898
356.8912
349.1654
357.6006
349.1412
340.337
363.5563
350.4298
369.6843
359.3897
370.709
374.4419
386.2052
341.1631
368.8385
370.3138
380.8129
352.5356
348.7708
350.4421
352.3394
364.5717
353.133
371.5013
354.7429
359.9435
352.795
356.5556
349.7852
357.798
355.497
389.6104
366.1899
346.3698
353.4578
354.4396
354.503
360.631
335.2082
360.8258
346.4142
377.0406
358.2091
348.2444
336.0855
355.164
367.3767
356.4138
355.132
357.0537
375.6879
341.6923
344.0679
338.9869
369.4448
374.2192
358.4352
349.5847
337.7694
345.8657
356.3476
372.3931
372.0979
352.8849
358.2579
356.7547
351.001
354.5498
342.9592
352.0571
359.2358
368.1416
369.2347
365.6812
340.3288
345.8334
358.6148
355.3835
350.989
356.8643
354.8957
365.9535
347.74
342.1076
369.1064
358.4223
336.1056
368.2273
334.9084
351.0216
372.877
353.746
356.1385
358.9724
365.0138
369.5783
349.1777
361.9501
365.9119
353.6789
345.3302
343.7226
353.628
364.5756
339.5333
366.6867
349.5814
342.8248
395.6442
362.0797
352.8753
348.9668
343.7378
349.0235
348.9657
350.8099
356.8841
366.8047
349.66
349.1788
354.3649
370.7899
359.2683
370.892
356.8309
342.0589
353.7084
334.7988
342.4203
364.6235
352.4162
355.6712
378.1359
338.9397
353.6966
353.1714
353.3582
339.3249
347.801
349.679
346.1945
373.4418
363.2696
373.0456
343.5229
335.8321
351.8266
361.3998
360.2764
340.1305
354.9063
362.3567
362.437
378.141
351.7513
354.9267
366.6322
352.0766
358.053
355.7946
367.4558
348.0742
346.2882
352.2859
361.6587
352.0113
362.8148
374.4617
362.367
357.1902
368.4027
353.2993
361.3734
347.5207
343.4351
377.8604
345.8898
352.7534
341.2712
327.9451
343.4895
358.5575
340.234
344.0672
355.0419
352.0646
361.1299
351.0924
360.6015
344.5051
359.7604
352.0941
369.1261
360.8209
368.8192
337.1678
364.052
371.2291
355.6905
344.1949
338.9324
349.0391
346.8995
350.9562
362.9324
354.0499
354.3395
348.2699
360.2568
353.3416
354.7035
363.53
362.995
349.6955
348.3574
355.6796
345.4344
363.3754
355.3552
364.3316
355.9584
360.4605
351.7782
349.5499
358.7369
362.283
369.4634
351.3222
356.0258
353.3902
349.5372
351.5392
347.4523
353.558
369.3552
356.7129
357.2241
365.6038
348.2247
357.0943
349.8972
346.4206
364.5159
342.4538
346.5456
341.0585
358.7718
340.0025
358.4777
350.8208
363.4181
366.1296
359.8227
339.1842
350.752
352.0608
344.7194
365.0011
339.5925
349.8942
362.1112
357.3217
364.76
379.1658
342.4919
353.8288
354.4082
349.7012
334.0564
360.042
333.8873
361.2265
359.4962
337.9408
340.2494
361.996
354.6133
354.472
361.9827
357.2818
353.3198
349.89
374.9747
354.219
366.4147
341.125
368.1894
345.8965
370.6303
343.5071
356.2881
355.0993
350.0743
358.6996
359.1092
351.2
347.4522
349.3836
368.8469
361.1654
352.7265
356.5817
345.5283
356.0297
355.5975
355.5631
370.6118
356.8197
355.4128
369.098
340.583
339.7405
352.8156
363.4174
342.61
371.3406
362.019
358.8896
357.85
352.8509
359.9869
349.5919
367.7382
366.9914
344.7321
342.8043
338.9223
362.425
356.6663
332.7808
360.6298
344.5989
356.8113
358.7958
360.2459
342.2
349.3815
363.0053
356.5001
345.7489
351.4348
347.4607
369.7413
368.771
362.7939
346.2002
348.4718
366.8914
338.5769
347.7439
349.2686
353.8531
340.8226
361.4991
349.6273
344.9404
356.8067
353.0001
350.9088
350.4363
344.6091
359.3652
348.6346
355.5649
350.0823
349.7364
359.3839
348.3361
356.6712
360.5021
349.6367
358.6231
355.0272
348.7163
347.0365
358.1522
335.9032
357.5648
359.5894
351.8234
359.5342
346.5383
356.7189
365.9145
351.2625
344.0058
366.9306
365.203
354.9928
356.6257
350.2208
351.6009
350.4652
352.4248
337.5569
355.7943
349.3971
336.8134
333.9173
354.1734
335.2783
353.0675
376.0503
355.6278
355.1935
350.3617
354.1449
356.5113
344.5442
357.2418
351.2904
356.5559
379.1427
355.6464
344.6265
353.3845
360.9689
361.4882
365.8711
376.4216
352.0566
365.2849
351.0835
338.2794
355.952
343.7016
350.841
353.566
378.0283
339.7271
350.0224
346.4426
367.0352
363.1895
344.3664
339.6148
337.7168
366.1842
362.9152
371.722
332.8757
360.0991
349.7749
363.7706
354.7637
368.7162
353.943
360.7685
367.2685
346.7532
356.0196
359.9301
347.0028
360.9783
372.0099
368.3566
358.1833
344.1345
332.4179
361.9041
376.0614
367.3973
348.3017
354.5339
362.4009
360.9353
345.3842
365.5992
331.5475
362.72
349.8693
337.4927
356.3089
351.1755
360.0758
355.0293
346.5222
364.0244
366.8083
365.9416
348.2073
340.0028
360.6607
332.306
354.1554
352.0249
355.3468
350.3532
380.112
362.2001
350.378
367.1518
343.3091
359.6634
344.2133
349.9624
343.8968
363.3478
340.0687
346.4496
348.2608
373.9792
345.4757
369.9775
373.8477
340.2061
352.0705
366.3053
358.0404
363.3835
346.1504
365.6832
353.0878
364.2985
346.148
353.7315
332.5906
356.8807
360.6989
355.0645
360.5087
372.4003
363.0198
332.2155
366.6881
346.9901
351.4195
348.7703
342.5928
362.2084
368.2435
361.4407
359.057
340.9047
363.8687
352.6682
364.0986
371.0815
343.5355
361.693
337.0602
345.5214
341.1416
357.6842
371.4868
356.5754
352.158
353.3554
352.0132
369.2288
359.3141
357.0757
346.0031
348.5962
343.1992
343.2532
368.9721
368.6612
346.45
373.5849
360.2132
357.7324
372.6092
367.2183
346.2396
366.437
340.1607
354.2125
352.0743
341.9095
330.6972
350.6092
357.6356
351.2938
368.3565
360.1266
350.3842
358.0556
350.8228
362.8175
348.3966
365.252
344.6609
363.4665
351.7461
356.8545
350.714
355.2175
339.1442
365.0035
357.7821
360.1236
361.4943
370.807
366.6489
339.0319
336.7192
357.0898
359.7258
348.807
388.1356
360.5496
354.2435
365.059
344.7246
351.0818
360.7005
342.2542
359.5042
343.2197
382.5163
356.0551
341.4397
352.9014
355.4178
358.8215
348.3885
351.5196
353.7303
365.5359
352.515
361.5507
348.0451
347.6108
376.5559
351.0749
358.3024
366.3489
360.7883
356.5178
354.7602
331.6616
359.2648
374.7352
370.4642
334.182
356.6236
366.5085
372.0682
354.1485
355.381
357.4246
354.3578
366.364
359.2087
351.122
342.5366
357.2246
357.7875
353.1805
358.8518
358.7106
352.89
349.4849
385.8589
350.9876
374.7953
343.8915
344.3274
341.9667
352.3593
362.1721
356.0445
348.6626
351.5342
356.2856
350.3367
359.0827
341.9419
357.2859
356.7691
352.2688
345.872
365.1891
350.3541
350.4608
354.6545
364.7122
345.8142
347.1871
357.532
338.4031
359.193
368.4768
348.693
358.1516
334.1793
347.0641
343.9314
351.098
363.756
363.0969
342.4058
356.6708
369.8385
356.6508
356.3844
358.3371
343.9085
345.5375
355.2252
356.5178
352.832
351.7534
341.6424
363.254
369.8746
373.1237
356.7275
355.7481
363.9483
369.4961
352.2116
343.962
357.372
335.4639
363.5401
358.6856
362.1303
353.32
347.2832
369.0955
356.3431
353.2118
351.5385
348.6551
358.7041
350.7244
350.4342
337.4786
374.3739
358.6825
344.7434
354.5992
371.9865
358.2507
363.004
338.3861
370.468
357.1498
346.9862
374.0404
352.3878
345.2999
349.5686
351.7327
343.9571
361.3316
357.9785
374.3865
347.1415
366.2856
344.0592
358.29
356.6683
358.0281
359.147
365.8186
345.8385
363.2782
339.9454
360.3259
379.3225
361.0085
352.1999
365.7637
365.5103
350.3262
368.5441
360.123
346.1865
348.6386
353.1632
365.9073
355.206
347.1663
354.2545
339.4292
338.2993
343.0718
356.5627
345.5598
329.1356
346.6842
379.7426
356.1919
363.7176
356.9401
350.2596
352.8448
363.563
350.7064
360.8643
348.9915
343.0047
341.313
354.4197
346.7521
353.7996
360.3052
372.9762
367.7552
345.7892
355.8194
358.3625
363.7055
370.0989
346.7321
355.001
343.7779
358.8997
348.2353
348.1455
366.8313
356.0492
346.4067
346.8285
366.8268
334.0001
345.7886
360.5864
359.9986
367.6114
333.7279
355.7473
377.9528
361.7269
372.973
353.5334
354.6489
352.4145
350.6176
351.4026
363.671
369.17
364.945
353.6479
354.5788
352.0918
381.377
350.3901
360.454
352.8246
347.1672
363.6461
348.4426
342.7161
348.3757
353.2297
373.6132
347.7454
349.3924
375.4014
332.4127
355.4305
348.6059
365.8012
362.5111
351.6321
344.582
343.2439
368.0339
350.4244
340.1682
346.0301
340.1759
368.9415
342.656
347.9515
361.8018
348.9516
371.8369
352.2164
360.8202
341.6717
361.3899
353.5005
338.8754
351.0903
364.1405
346.3543
345.4184
347.5489
349.4612
355.0291
353.8525
348.8407
361.137
376.2117
359.6766
372.098
352.2462
354.1446
356.5353
351.8413
357.3765
364.5969
367.5662
344.9191
383.7274
351.173
359.9947
348.8917
326.7661
350.9603
353.1558
371.4018
359.7725
354.9123
353.0023
353.6041
342.6678
361.5413
357.9533
363.9367
348.45
366.7558
359.131
339.6227
361.9848
352.3613
353.3843
366.19
340.1471
341.8771
364.9951
353.4666
359.3095
341.4894
371.3076
338.7262
354.1838
355.3048
355.5564
355.6115
358.7777
371.2606
330.5668
361.8174
362.4301
352.6833
352.1651
354.3084
354.5636
357.5197
353.082
350.3877
364.9252
342.3369
359.4802
365.6343
354.9405
361.4863
358.2452
344.9677
346.1444
336.4074
365.7539
345.8287
358.6008
356.679
344.6128
350.9279
343.3779
354.8804
360.6257
351.7468
357.4583
338.4063
377.3482
363.4075
343.5795
361.1867
370.0197
359.1808
357.2274
374.0067
358.2069
356.8785
345.8974
353.9607
341.1378
362.6613
349.1966
352.6265
371.7628
346.6945
358.7655
358.3595
363.558
333.8293
350.834
353.2119
343.1913
351.4771
340.2259
351.8748
366.5885
376.4927
336.2474
367.0502
334.5378
370.5738
361.9702
364.5433
358.604
356.2078
335.3878
374.0659
355.1942
359.4436
365.068
338.4718
374.5335
344.7942
347.8415
387.4986
361.7669
348.9796
348.5986
358.9509
355.5011
364.5572
353.3589
354.2808
339.7989
359.9742
335.2632
355.2353
345.7234
362.3321
347.9313
349.8062
344.7809
356.162
353.3459
341.1552
354.4604
340.7442
355.8929
367.7591
357.2489
354.1328
349.8498
361.4209
355.8057
369.8375
356.5295
355.3899
344.1563
345.7568
371.5626
351.891
351.8084
366.4641
348.9692
348.7721
351.8978
346.9166
367.8685
361.615
339.3812
355.0836
375.4635
366.4712
363.1035
339.0714
353.8247
353.0873
356.1308
366.7516
347.0639
359.9915
361.4656
345.2411
367.9813
344.3494
355.9718
349.516
355.3802
356.5855
347.9205
345.2199
354.8572
362.8982
342.9786
351.0657
347.6387
351.6446
344.3229
367.0803
350.3069
373.9051
354.7912
356.7305
354.5374
367.9323
346.7249
365.5828
347.0215
359.9664
355.8683
360.3256
353.1092
362.7492
368.051
345.2649
348.8448
335.8324
349.3806
363.4311
352.7349
347.4005
364.5906
332.7292
344.2796
331.2378
351.2857
353.7606
343.9773
339.929
342.4887
370.3109
345.7904
352.8179
353.7614
358.0797
354.3036
354.0373
362.1505
349.6626
366.8101
359.7994
365.4367
370.9073
361.0688
360.8406
363.0243
341.8613
385.0284
365.3759
344.9202
358.0957
354.8656
349.2002
346.3858
370.326
370.8836
360.2587
356.9095
355.3651
344.34
336.919
360.319
357.8397
348.3705
358.9521
351.0991
347.8303
350.473
373.3187
362.2663
363.328
358.3997
371.0114
357.7115
351.2435
361.8061
339.4532
358.8291
357.8665
353.3776
340.5874
351.9892
379.6739
351.6917
349.5246
384.2485
348.0124
364.3589
359.3958
352.614
346.9417
344.9156
368.072
364.3076
343.3086
360.7536
351.1042
356.4744
329.268
354.7464
358.2639
357.0124
358.8809
340.2151
358.1043
350.2168
355.3656
354.0723
348.2536
365.3855
341.2161
351.914
352.9399
353.1822
373.0248
374.4838
341.4325
354.1784
351.5851
364.651
362.0033
344.1111
352.2871
348.1601
361.2445
367.834
352.7232
340.1154
347.2571
326.3968
330.2505
341.6995
364.2627
350.7551
354.6467
341.7967
361.0585
356.6177
365.127
348.2499
355.4802
347.7642
338.163
358.0154
345.92
353.6297
355.1777
364.1474
341.1867
350.0163
356.9529
363.261
354.8292
345.1314
356.3541
362.913
332.1658
367.8499
354.7353
358.2067
346.6078
359.4389
338.2203
358.592
366.849
376.8164
354.1722
353.3298
344.7911
353.6484
364.5396
359.3113
351.5335
362.7268
361.8695
347.827
377.7852
345.0499
359.3678
363.7177
353.303
343.0457
364.233
354.0595
382.0902
353.3994
350.0582
345.4533
366.3762
343.1081
349.5791
346.6877
350.1588
357.5607
350.234
351.4974
355.0591
362.1318
369.3186
355.0393
319.5662
359.5577
334.3534
363.6071
348.7275
340.3882
353.3768
352.1783
351.2768
366.7295
349.9733
345.5165
355.6071
345.6188
368.7836
337.0956
380.7159
361.1878
362.5922
352.1534
356.6675
352.1221
350.8887
356.6936
358.1388
346.0295
350.0828
348.8577
361.136
341.4701
346.8973
341.2171
363.5299
371.0343
350.0976
318.0281
348.9347
335.2926
327.8811
345.3585
327.7182
354.4331
362.3401
361.4679
346.8503
343.4432
368.3742
354.7106
343.4491
352.0008
368.5546
357.606
354.4
358.4357
351.3576
357.641
348.1676
353.8803
345.9157
362.0284
360.6932
343.3806
357.4892
356.735
359.0713
387.5297
367.491
361.7306
329.6992
360.7548
349.3136
358.7343
330.8267
357.7766
346.9194
334.3675
361.5059
373.6491
346.7963
368.8084
351.4957
359.8283
356.9656
336.8568
347.6151
367.8425
357.9558
355.3925
360.6288
352.1822
348.0585
346.5618
351.5499
346.8047
358.711
333.2636
334.8118
360.1306
344.5394
361.3287
342.3762
350.3595
351.1774
364.4016
363.3581
346.0881
370.3224
352.0698
355.7456
337.9432
355.0208
348.4648
353.8233
361.0248
357.7322
346.2633
352.604
353.7127
341.2592
354.4633
352.2987
343.5966
342.7076
331.7732
364.0391
358.9338
357.5036
343.1463
358.5706
354.4895
369.8335
349.9059
348.1485
337.4984
347.727
341.6538
367.7591
362.8707
333.9495
354.1448
352.1029
359.12
379.614
370.9983
377.1728
358.2808
361.3914
352.1924
357.2761
352.1922
362.9107
341.8678
376.5313
363.5254
341.5903
360.9248
346.9419
361.8197
363.3486
360.4408
352.133
360.9356
344.2113
355.2211
365.0116
351.4613
338.216
350.5269
360.6935
349.0064
371.8473
355.0095
356.8826
364.6662
354.9398
352.2271
351.629
364.6751
347.9584
367.7462
367.5941
348.4321
350.6233
352.1771
342.3658
359.6591
346.2279
342.079
334.2909
361.0473
359.1364
362.8042
357.9932
365.6096
361.1694
352.0528
344.9822
351.7839
351.9989
365.4807
371.4233
343.4655
400.6868
341.0201
361.1866
350.8055
386.1459
370.31
338.2185
347.6566
346.3314
357.2133
342.2376
346.8409
364.3266
365.4136
373.0578
367.4613
381.0793
351.8301
378.3142
373.4201
361.5527
336.4215
330.5968
341.3147
333.7223
349.4261
353.537
354.7793
347.5436
361.4954
353.8492
359.7608
354.2145
365.4236
367.5218
344.8682
369.333
348.7102
374.6872
341.6291
356.6926
345.6998
354.0115
368.236
333.6899
364.9334
381.6985
362.3212
354.6386
365.3945
342.0409
339.9656
341.1479
333.0757
359.4105
346.7772
355.1831
359.7802
351.8414
353.1337
355.6898
338.8389
355.1607
341.1031
350.989
382.3703
360.3861
359.734
342.8178
369.6754
356.4254
350.4896
351.9034
360.1565
351.1046
355.831
339.945
363.9777
352.801
356.124
351.0222
335.4573
356.0832
353.1421
359.4163
343.3035
357.462
358.8224
348.9075
375.207
344.7705
358.8069
366.3452
361.108
344.5516
355.7543
341.145
350.6781
364.6691
340.1132
362.0251
355.263
370.1507
376.5332
361.3052
362.0201
347.2463
364.2113
349.6014
354.2882
364.0015
350.4507
359.923
352.3736
372.9051
350.2342
345.7088
359.2204
336.3781
363.5611
349.9284
349.1704
340.5878
358.8982
351.1132
345.7055
359.6364
345.2893
372.1162
348.5198
367.2249
353.5058
335.6169
348.4984
352.3839
353.4169
350.8843
363.1037
362.3678
346.5432
343.2873
358.3483
355.4698
358.7332
381.8117
350.792
349.2078
359.436
355.8014
362.3454
355.0062
359.9078
360.3101
349.9046
357.8559
348.7517
371.509
363.8919
362.3657
361.6881
361.3999
361.6553
341.2277
362.0983
359.7627
358.0277
356.5266
352.6339
350.8308
360.9361
365.7167
343.3279
367.3216
369.4574
351.4498
342.3408
362.7894
322.7943
363.8926
363.2626
350.1583
350.5897
357.8213
360.1842
346.2742
360.9337
357.7964
369.678
348.7152
343.5723
348.4708
348.0143
341.8878
344.7349
350.8115
361.3633
359.7347
320.7298
354.9071
343.0189
354.7366
353.3655
365.0747
366.8593
354.5902
364.8111
367.9069
362.1374
336.2103
359.3841
373.4569
346.6223
362.9089
371.8724
354.7638
340.8124
350.3486
344.0074
355.7058
350.0119
343.689
356.445
353.7643
363.0787
365.7216
333.4131
353.9922
364.4165
353.3105
361.6598
377.8755
369.1532
354.4453
368.7245
378.5935
357.4993
347.8601
357.0871
373.1898
354.9461
365.5226
371.9378
356.6912
353.1595
335.4172
360.1693
327.136
366.0478
325.0006
364.0871
353.3157
355.8744
348.6426
353.4377
335.7953
362.4541
359.0232
362.9121
358.3831
356.696
341.699
348.4571
355.6556
359.7125
321.831
361.6478
366.5637
349.5558
360.0481
387.2288
350.1575
358.7826
350.6202
348.1397
353.1969
340.9307
344.9707
364.4199
350.6162
358.9721
356.2026
368.7798
358.1203
353.0605
351.308
362.591
364.245
349.5992
355.9398
330.4545
351.3637
350.6759
358.1709
342.1868
355.8552
354.5621
350.52
349.6107
362.1035
340.034
359.4191
362.8363
349.2929
340.9784
367.6142
356.1012
361.3144
334.2543
331.6443
363.0795
354.0749
357.2563
351.6043
359.7226
360.9147
347.0816
350.4921
359.8734
357.5318
359.2467
352.9002
340.9132
361.6569
363.4755
365.5567
349.8852
361.8485
347.9265
369.3127
333.2261
352.8565
360.535
346.0104
365.7708
361.9499
362.5587
336.9036
364.3631
351.7177
355.2517
353.5689
340.3039
350.4151
334.1119
349.4469
352.5263
347.2832
347.9102
333.395
378.7971
350.1334
356.1852
342.5684
346.4724
346.3707
365.2295
351.7941
361.3813
348.2101
356.3815
352.9761
344.4309
349.7859
356.7804
342.5435
370.7302
357.9131
361.7771
352.6564
337.3332
362.4806
366.3445
365.2186
354.0182
349.0653
355.258
349.4652
347.456
374.4476
368.3338
350.5484
355.1542
369.6969
346.3907
340.8657
338.4477
352.945
366.8684
351.7492
358.4136
360.0363
369.3065
358.3545
357.6897
347.5253
362.258
364.0431
345.1519
372.2105
364.3995
356.4734
356.8215
366.6311
367.0807
356.9729
365.1685
358.2893
349.6718
358.3062
347.3499
358.0013
348.8026
354.1465
334.264
360.0777
353.9825
357.023
355.5341
361.5044
355.06
343.8788
363.6621
366.7842
354.0198
367.4668
349.376
347.3899
334.1365
332.0182
377.0432
349.74
356.7688
347.1534
350.9313
361.7654
366.6376
371.3786
361.1634
334.047
348.192
353.8288
359.813
338.9107
374.7464
336.1902
350.2775
352.6719
361.4452
349.5288
349.0478
351.4567
347.3485
360.6615
364.5274
337.6895
341.7987
365.9367
354.2123
377.2553
351.8686
357.9531
345.5935
363.392
344.3319
347.6763
373.0731
342.4128
351.4554
353.3884
336.309
356.7352
358.9951
349.1581
366.7979
356.5198
346.2743
347.763
365.2853
381.0895
360.1445
367.9097
359.3396
354.1606
351.5677
348.2984
354.111
339.799
374.6411
346.453
342.5476
342.283
337.5848
346.6166
363.0958
348.6467
361.5304
353.0377
363.1051
370.4769
368.2862
356.9554
326.4988
357.1952
376.9452
363.6559
360.9434
357.5143
347.2608
347.4308
363.8852
367.5969
367.6651
360.7884
360.9982
334.5259
360.8509
321.6053
342.033
350.2426
384.1102
394.5769
357.3931
370.7102
350.2729
343.8713
380.4784
347.6967
342.8162
348.4262
344.9094
356.0703
346.605
375.0249
364.9031
351.8217
336.253
314.8236
360.8995
367.4554
