9706.568
10316.75
13489.74
11882.83
13790.63
17546.47
17860.36
15082.2
17489.86
15305.12
15780.93
14140.47
13537.26
19197.17
17282.57
15703.29
12463.81
11191.67
11788.14
10978.55
16953.7
12373.96
17269.04
21531.61
12739.81
14478.19
15747.85
16731.65
14764.15
12198.03
16834.93
16852.94
10894.67
15490.84
15617.47
15716.06
15242.22
12840.57
18784.44
13201.79
12055.89
15526.82
14875.58
21196.24
13312.17
17656.22
17154.33
15918.09
14641.05
15931.73
11475.16
19915.64
18629.06
12346.16
13172.7
10410.3
11190.42
16987.51
16501.66
15713.13
17458.57
12227.2
16101.65
14446.45
14541.77
14618.99
16111.13
14592.6
10502.98
12432.79
18169.35
19436.61
11017.92
11305.3
13664.04
15200.5
8126.658
14406.52
11962.54
12236.18
11453.79
11523.01
10869.24
9390.905
14993.25
18997.22
13845.42
15062.31
16622.4
12167.06
13530.03
13374.55
21338.36
15156.38
15826.97
13884.77
15095.93
19096.46
17014.05
14079.84
14487.16
13814.74
18016.06
11632
13619.26
17512.38
19069.5
14999.9
16245.03
12895.15
11544.48
13481.39
13808.05
14490.6
11884.89
19048.87
17608.28
15616.51
16377.85
13235.64
12883.96
12527.19
13685.42
11365.47
14842.27
19426.08
15832.2
12788.55
18310.86
14567.69
15950.31
18099.05
16271.61
17169.19
15662.7
13264.49
19070.71
16070.31
15319.53
12340.21
16455.69
15190.93
16727.44
10832.51
13228.79
13840.92
18261.1
12792.56
13396.41
12460.79
16326.47
13000.47
13051.38
16782.32
16852.07
17574.05
16242.49
19213.44
15308.8
12339.47
15085.69
11446.56
13548.17
14430.21
17386.93
15152.43
14817.76
9157.153
12931.42
15277.11
12976.31
15157.85
15040.48
14838.17
14299.6
14936.31
15527.02
14415.19
14114.38
17144.08
15737.91
12176.22
12774.66
13122.56
15500.81
20558.46
15483.33
15101.25
12822.53
13346.23
10858.53
13766.61
14152.51
13469.65
15828.03
17071.99
17955.78
16909.94
13628.3
14675.5
22514.4
18989.9
17794.91
15720.08
15360.39
13380.54
14359.57
14639.73
11659.82
12360.54
14277.46
16235.85
13119.25
10338.53
11846
13638.84
19791.16
15455.79
21517.08
15497.81
12107.32
14673.45
11768.97
14817.47
19000.41
13482.98
10163.04
9620.152
16260.92
10829.99
16099.11
10875.06
12315.3
18048.99
16261.59
19344.04
16011.1
11834.06
20617.71
15224.62
12175.63
16059.51
15306.29
16287.19
14206.43
13472.03
16022.6
17698.73
15135.07
13842.64
14860.47
13024.23
16472.69
16025.59
17327.77
22825.08
15096.49
13932.88
13485.58
13679.95
13328.63
16113.64
14341.86
17456.17
15728.52
18368.97
17102.46
16578.88
20786.7
11521.7
13754.73
18866.12
16486.4
18743.26
15266.42
13877.93
14987.93
14075.59
15492.41
13722.37
12858.98
16146.04
14366.44
11700.32
12402.06
17351.47
12620.09
9310.278
12297.18
18413.29
15395.61
12621.32
17415.46
16215.85
14728.51
13716.26
12570.38
16578.29
16237.59
16364.29
15913.02
14305.57
13669.79
17050.95
19083.01
14020.06
11267.18
16607.23
13408.39
15441.18
20825.4
17047.14
14772.35
16107.46
15609.35
16923.44
14637.08
14650.46
11734.12
17852.85
14908.82
13682.14
17843.94
11135.49
13854.44
19887.17
9871.536
12125.13
8873.104
22145.32
14810.08
11472.73
14685.83
10304.23
11388.02
14040.91
11706.52
16015.29
15962.34
15596.12
16771.62
11481.86
16554.63
12267.19
16066.71
15226.61
15118.2
13841.18
18363.07
16633.42
13144.73
16180.99
11074.16
14331.47
11727.71
13482.48
13268.68
15624.09
15353.07
17200.54
16342.98
13979.39
10951.46
9875.753
16801.66
13452.08
14162.69
12412.82
11087.45
14150.07
14541.86
15048.7
11004.18
9474.369
12601.39
16250.79
10398.61
16649.14
10339.13
14910.82
16589.42
13150.17
15590.96
10716.1
18386.13
13079.49
18775.39
14173.7
12565.3
10987.4
16639.41
18009.02
17939.11
17990.41
16652.39
19597.21
15763.7
13854.23
15838.98
21137.47
19661.31
20270.01
16164.25
17077.6
13210.77
16114.17
13624
13453.93
14267.15
15988.95
14359
15748.52
19710.04
13452.93
15561.02
20743.23
12350.81
19222.47
14940.96
17188.13
12318.33
13546.32
17238.41
15056.4
11990.61
17190.84
14840.44
14247.78
14754.98
10490.5
12097.33
14153.62
14568
18436.57
10970.2
18020.58
16602.66
18432.39
20528.62
14869.47
15505.46
15793.69
10233.84
15097.71
9467.052
17531.62
12671.85
15298.38
11664.78
12344.78
16232.38
15384.14
17367.48
16016.18
17264.84
12581.65
18000.05
15946.73
17336.68
17985.63
15567.78
14678.39
17760.22
23422.38
9269.374
15395.79
17802.33
14621.71
11588.77
14762.42
15638.34
14842.76
14722.22
17973.1
12110.8
12355.2
12694.38
7036.761
8714.212
8220.916
10090.01
12054.44
6373.804
9574.382
10339.87
14052.14
13220.63
13210.71
13969.96
13684.57
17095.19
15242.34
13785.47
14122.12
12280.12
11506.8
12660.57
11305.11
14327.28
7761.449
12235.59
14195.45
12768.82
13051.18
10320.3
9353.355
12567.3
13564.86
10844.03
12902.21
11848.81
12863.59
13800.36
13516.54
13971.02
12734.36
13934.36
16702.24
13030.44
16058.55
13254.34
10967.9
17901.96
17525.5
16291.97
16227.24
18868.35
16029.9
14176.6
14101.27
17023.68
11297.49
9901.715
9177.745
15101
15203.12
12683.04
12833.76
16018.7
9319.42
12666.29
17521.44
22192.86
16440.51
17611.93
19583.7
19725.75
14229.98
13954.68
13888.14
13872.35
15201.37
18899.57
12321.97
16828.03
18638.99
21714.19
16125.34
13179.39
12486.43
8843.537
12818.65
10917.69
17854.7
11928.38
17416.47
20864.18
16102.79
13682.4
9216.924
6339.081
11534.65
13682.78
11702.07
11999.36
14729.26
9900.579
7090.751
15125.14
14106.68
14256.48
14259.18
12974.7
12709.99
19181.1
12365.02
8873.145
15201.74
12790.58
11040.44
8187.366
9983.288
10432.84
16255.4
16774.37
17639.8
11402.48
13174.18
15701.38
15600.97
11104.88
13304.38
14051.02
9106.803
16703.06
22845.41
16788.57
20869.67
14965.61
15008.11
20101.03
17565.55
14583.89
15967.25
22277.08
21488.66
11494.95
20268.27
14569.56
14170.69
12160.13
16940.66
12193.04
16889.41
14121.95
11085.6
12194.05
11525.77
17470.66
23539.11
20114.44
23251.17
12270.77
16335.13
14706.7
12889.94
19927.31
13213.69
13520.45
11719.27
18319.41
17004.59
12924.26
14932.53
19198.69
15763.88
13405.76
13060.18
19264.9
15258.03
18526.13
13485.27
13416.68
15651.72
19159.91
13066.02
10099.06
15387.12
12283.57
14066.83
17517.91
14586.57
14294.06
16829.95
17511.74
18255.22
17453.86
14292.77
15791.68
17563.63
14505.66
14817.89
14899.14
12692.85
17610.34
14035.76
12874.1
9943.076
19145.16
14040.45
19427.75
12232.24
14699.57
14183.32
10371.52
15199.04
10821.97
11360.08
16675.32
11350.57
16045.15
12056.15
9726.224
10420.56
12438.16
14636.2
9241.916
12466.59
9601.687
11127.17
11757.62
13029.33
14682.13
10654.6
11955.52
18884.96
11551.52
14537.64
10063.27
10374.58
11005.88
15826.95
17925.32
11401.6
14382.54
12335.36
16852.87
11745.11
14147.2
11628.88
15383.54
15100.15
11609.43
11099.64
12187.51
17787.44
13001.33
12945.62
13377
11742.78
12482.2
14613.31
11085.38
13071.19
15646.35
16903.74
14515.53
11819.87
12101.63
20228.29
9520.432
13637.95
16591.58
16535.72
12423.97
12484.67
16771.64
10532.57
10836.75
18021.42
12071.95
16081.12
17271.78
16354.82
16347.29
15494.45
12170.46
14092.1
14507.97
11987.86
15905.51
15223.91
13304.34
12230.63
14162.61
14178.06
17446.72
12316.3
14619.65
13948.59
15241.23
19842.48
12014.63
12670.55
12641.13
11467.2
13701.4
9605.304
9346.447
12629.84
13192.89
18373.55
18524.21
10711.37
9011.012
16726.79
16480.63
11918.32
12262.89
15590.61
15800.36
16585.69
15778.31
13500.09
16527.87
11804.6
16453.77
17679.52
13573.26
14966.07
13171.56
15939.3
12978.26
16065.58
13508.8
15399.44
17215.38
13045.26
14927.46
12598.4
13478.44
14866.1
15969.51
18401.75
13164.97
18762.58
14174.42
13119.42
17129.91
18886.16
17128.24
15742.11
13090.46
12847.89
9772.175
15866.86
13487.3
14224.88
13576.96
11729.38
12793.52
16677.16
12520.93
12038.43
16026.37
10180.33
9972.882
16762.99
8949.647
14298.52
14066.71
16931.3
13815.85
10494.03
10192.21
19626.77
10122.16
8780.308
7248.514
11044.94
8121.624
12418.16
13974.75
14797.68
18462.93
14192.65
11529.79
12814.31
14727.78
17451.86
16497.9
14549.97
17621.95
14871.88
13567.79
10895.88
10667.51
15011.45
16591.34
17237.84
18553.26
13327.82
12822.65
13271.45
14936.73
12801.95
14560.63
16050.39
10415.09
11636.25
12605.83
11687.39
12767.02
11379.39
11887.03
13608.84
13755.08
13925.1
11150.81
14761.72
9274.617
10937.66
10126.41
14723.03
15763.66
17919.92
14514.59
16540.86
15311.98
14243.96
15772.59
15525.21
15548.82
13213.08
14892.14
12201.84
11350.28
15886.63
18904.02
16495.73
15803.4
18593.99
12789.3
12997.66
9860.615
16202.42
16006.15
18533.64
16164.9
17231.23
19287.92
13031.38
15503.79
17987.06
14165.73
16707.12
12362.25
9425.456
10588.9
13493
17700.67
14706.73
12376.41
16249.71
19261.09
17500.54
11302.37
15869.22
13682.8
11790.47
12240.08
15371.94
13132.37
12166.21
12095.71
11604.2
17558.44
10260.3
12665.37
15233.58
15208.35
17748.58
18599.62
15754.86
19705.94
16104.64
17953.62
13484.8
17616.25
13844.53
18209.33
16113.49
13679.92
11222.95
11967.56
10919.61
12589.1
11667.51
22370.2
15361.71
13775.1
10377.21
15318.74
11000.85
17197.64
14372.87
16828.39
14215.27
15520.88
11496.81
17897.47
15315.12
16988.45
19781.11
19567.78
16604.94
15701.92
16801.67
13143.57
15615.62
15105.42
18257.94
16070.34
12089.01
15989.04
22009.21
12059.43
14407.86
18533.55
10862.28
10943.27
17619.17
13292.22
18978.19
13515.33
13042.34
13408.27
14212.69
11377.4
15292.59
16259.64
14216.56
17361.93
14842.69
17786.52
15260.55
16127.53
14706.87
13904.47
10520.97
11515.65
12491.63
11872.76
10218.79
13541.58
12810.46
11245.95
13232.85
13473.03
16230.45
15607.56
15126.54
14146.09
11327.5
16354.69
16065.99
9297.988
10803.11
12749.28
11717.71
11664.01
15148.26
9711.42
14778.24
14649.76
12966.06
10782.63
13605.14
13591.39
15309.82
13363.2
17292.75
12107.53
13677.81
17558.41
12597.23
17709.41
19136.45
17749.38
17085.25
13526.51
15465.1
11520.64
16370.36
16309.05
16744.54
19700.38
14304.6
11989.21
13923.97
15555.26
13830.94
16900.18
10347.33
10563.68
14896.19
13074.17
15777.48
17344.43
15930.18
19318.49
14039.43
15472.18
13700.37
16743.53
12890.27
17212.96
11816.3
16699.73
14740.47
16502.75
12260.16
10193.95
16153.31
11211.88
15500.94
11677.47
17090.03
15292.64
16496.97
12414.93
12273.29
13244.74
13033.87
15784.05
18771.19
14367.83
13447.13
13208.09
17911.61
19968.03
15096.98
15781.23
15875.69
13989.95
12928.47
13483.83
13291.55
14953.26
14564.31
15631.71
15325.2
12076.68
12146.89
13388.92
16693.71
18554.71
19993.61
19279.88
16397.18
14649.87
11932.11
14651.16
12846.01
21841.89
13509.58
15229.58
17231.32
11651.06
17975.56
22852.58
12476.61
17312.46
20699.53
17537.12
17263.66
15312.77
16316.93
22163.59
14111.32
16155.35
18541.32
14966.72
13873.03
12413.5
11149.3
15551.92
14352.42
22854.87
14429.98
12658.79
15704.9
8861.503
11446.76
10694.96
15433.87
12803.44
12360.24
13396.46
15923.49
12734.11
16942.66
15306.83
12143.19
17906.39
9261.004
10802.87
12944.23
13592.14
11685.9
8382.333
17409.9
11915.05
17384.33
12921.41
9140.669
11091.45
12858.7
16653.26
14375.07
10139.32
13746.87
14342.98
13607.93
15354.15
14604.34
17495.3
13815.49
17268.92
12973.07
20323.79
19351.53
15857.39
12666.83
11394.58
13437.97
11893.35
16620.13
12878.93
19953.64
15218.67
15304.18
14978.96
15264.37
16700.02
17481.25
15381.06
17681.15
13174.24
8731.263
10728.23
13555.26
13772.99
14432.7
17387.29
11963.33
13072.21
12230.06
14818.5
10139.4
12228.12
15238.5
12116.62
14746.85
8688.012
10637.88
11617.2
12034.91
12842.07
11577.57
13039.93
11083.57
10666.52
17635.68
12246.17
15016.54
11272.59
11877.98
14877.18
14806.36
14273.4
11466.91
16624.97
16414.11
21492.76
11994.51
14014.77
18326.55
16053.61
13703.15
15976.16
10872.96
23463.59
11510.96
16292.15
13619.5
18533.06
22534.1
13965.18
14409.51
11054.69
17515.55
15965.59
13598.45
17357.61
11185.52
11042.75
15075.25
20871.9
11657.69
13220.55
16687.46
13656.62
15460.57
14222.72
12949.02
16897.05
15040.39
17862.18
15246.54
15216.09
13317.41
18963.31
13329.1
9982.377
14496.79
18479.42
12570.66
21578.16
15259.08
13714.51
14054.87
13666.6
11319.11
12320.98
17441.99
17054.87
18894.79
14177.3
14046.96
14080.79
11817.67
15296.8
10520.58
13430.47
21735.41
17440.78
16826.72
12336.21
15903.04
16693.03
18689.95
17304.77
13158.82
22242.18
12466.5
14502.71
15264.54
14940.09
15003.88
20683.16
14436.64
15962.07
14105.41
18079.85
15475.39
13646.59
12057.74
12764.93
12123.89
14373.45
12564.76
14453.01
13912.54
15253.69
15835.15
14464.14
13212.45
13523.99
14520.91
20476.86
16928.33
14150.04
18239.2
17712.05
14054.61
16274.37
14865.21
14694.37
15908.55
16926.8
14211.06
12640.92
16835.02
15665.06
21076.41
10962.24
17492.01
12719.9
14470.37
19638.55
21859.99
16869.61
17626.19
15360.78
11738.83
13737.71
10247.87
19573.6
16498.6
12728.15
11738.41
11923.84
14310.04
16647.68
14051.4
10579.57
12054.38
13298.41
15421.02
15076.45
10746.63
13108.94
12493.3
13131.18
11113.74
12582.54
13441.47
12360.5
13529.39
12397.41
11086.52
14465.02
11790.78
12990.08
15040.27
12093.96
12231.09
11136.42
14660.98
12215.23
10009.29
20567.22
15276.89
11324.26
14919.53
13467.81
14159.56
15980.36
13421.24
19178.14
15581.79
15491.09
16353.45
18510.69
20928.73
15321.23
19747.34
19741.78
20145.6
16199.76
17694.71
13664.29
12739.77
10396.12
12631.33
16387.04
11179.31
18446.1
16876.71
17610.68
15079.63
15225.86
18936.08
16274.34
15942.3
12889.43
19555.64
17184.85
13118.16
19190.82
17560.28
16874.12
15686.03
11827.78
17608.44
13989.14
12072.11
16518.22
14924.88
17633.71
13356.95
14067.46
15369.73
16059.09
20360.52
16034.18
15441.54
16191.14
11378.58
16344.79
15990.27
13538.06
14319.64
13558.45
15250.65
18291.34
15080.83
15378.13
18382.69
16356.23
13570.27
11844.44
16331.58
17483.92
14711.99
10004.86
13529.41
18090.16
20710.01
18564.14
19450.43
18034.12
13856.96
15109.32
11499.69
13509.83
14688.37
11896.48
15437.89
10262.62
14697.36
14618.33
18111.95
15645.31
9951.641
12475.27
13989.25
10366.6
18629.05
15779.76
14055.72
14631.35
13858.52
14319.92
14173.11
12447.13
16522.84
16072.89
14133.97
11678.67
15820.17
18873.46
15580.7
13385.04
14930.33
17199.37
12332.72
15128.12
15894.89
12935.35
12513.23
16005.97
19028.82
15895.96
15845.83
16889.99
19725.17
14647.21
17377.3
13567.44
16535.1
17535.62
13256.62
13977.27
10655
13614.47
16949.84
15170.09
13083.88
12815.41
17532.57
17354.55
13611.2
11970.5
17160.52
10734.51
15512.31
17170.02
19219.63
15016.75
23663.78
16874.87
11125.83
15010.48
17231.18
16069.68
17398.95
15967.97
14845.25
18713.25
14246.65
16054.14
18005.45
18766.06
14449.05
16340.85
14330.54
12701.65
13863.91
11013.06
15648.53
18069.18
15503.64
14672.62
14737.99
16947.07
12199.26
11436.47
17608.1
17887.66
13824.97
14294.45
13157.18
12897.26
16580.23
11630.66
15547.68
18802.84
14063.35
15722.78
11734.91
13109.9
13287.11
11929.78
16661.69
13491.73
20235.03
14848.63
15872.87
14883.84
13924.42
12856.22
17837.27
12725.73
13242.73
11581.78
8699.436
12210.16
9658.578
11188.28
11697.32
12581.05
15503.9
16260.67
13292.44
10465.19
13615.35
12617.38
10488.84
21449.22
16363.77
8628.135
12090.21
13587.4
16892.34
14269.85
12420.5
11826.66
10895.71
12111.45
11778.77
9710.924
9885.931
11333.68
12577.08
13308.42
10602.24
8834.088
13278.23
11253.69
10725.39
14637.93
13519.32
13204.65
12578.79
13761.5
13359.22
14701.79
19005.63
12875
13599.62
12044.91
9908.712
16144.32
14548.61
11700.18
14692.28
12765.1
10220.5
13107.08
15237.88
16189.23
9968.742
12201.78
14801.85
18362.08
14174.94
12598.01
19008.3
10000.28
14140.34
13629.01
13217.31
8772.832
11848.1
12322.08
12615.35
17564.77
17081.46
13810.92
16260.1
20220.77
17176.17
19148.38
14243.28
17256.12
13664.91
13630.67
16696.6
16608.2
13840.65
15362.6
13636.91
14726.99
15013.39
17308.96
17181.88
11530.42
12604.01
14697.3
15751.28
13754.46
12858.68
16391.81
14180.19
15230.65
11408.34
17485.48
15890.98
18121.27
18589.75
10853.43
13970.39
16426.82
9464.962
9451.908
11612.95
12415.15
16579.95
12899.53
15732.84
16922.67
18616.49
14239.18
14431.2
13896.11
12193.54
14240.75
19612.05
14893.71
16394.49
13551.4
15334.8
14178.15
17380.73
17806.44
16512.6
16570.04
18472.47
16573.52
17753.09
11585.89
12106.37
15449.29
18866.39
17525.94
12458.69
13416.93
14253.56
13242.87
14013.97
13150.32
14365.9
14205.01
11861.9
9749.397
13077.8
15696.92
13484.09
19792.24
16924.44
16651.24
13587.25
16058.38
14780.53
16875.65
17446.3
19196.74
12929.4
13033.03
11962.02
11964.42
14299.4
11994
11674.36
13284.86
13374.47
13217.85
16958.63
12495.03
16259.27
14299.19
12077.19
17750.31
16867.32
17363.42
17305.69
14547.34
16564.26
18005.1
15232.5
17888.19
17443.33
19151
12765.06
14151.76
16845.62
13050.71
15018.67
11562.13
13594.51
13194.12
14324.28
15228.21
19130.03
12839.34
14081
22622.45
18150.63
20081.31
14220.67
10352.68
15952.87
14264.59
13660.1
12044.21
13247.09
9172.029
10142.78
10116.63
10323.15
18250.22
16697.52
14512.15
22002.57
11914.8
13787.9
14494.43
10424.72
8823.723
11682.58
11373.78
15342.38
13472.78
14613.75
17120.41
15699.56
13882.5
13925.78
14041.11
15228.12
12686.06
13606.56
13243.28
11679.58
10750.84
15419.27
11125.19
16448.26
13219.72
14412.53
14535.09
11451.21
11028.28
16291.4
16247.87
14247.04
11275.31
13102.51
16085.66
12547.47
17675.85
13184.49
17331.42
14548.64
17461.51
17296.54
19175.4
15452.26
10976.94
15617.04
13797.22
14985.21
16090.47
15861.54
10743.58
14759.32
15141.58
16302.73
11743.27
14845.81
16337.22
17071.48
14365.5
11286.7
15298.17
17249.85
12497.47
15996.4
13776.43
12312.77
13095.07
16193.24
13051.46
16845.3
13909.89
18540.86
14639.97
15629.53
15615.91
13933.43
16137.08
18192.13
19259.58
14537.21
12183.61
14999.46
15717.52
21311.65
14848.41
13517.24
13266.55
11031.77
12874.12
12009.94
10286.47
12090.58
9231.607
14337.31
14252.4
11108.01
13642.74
13271.6
9245.361
12888.49
11031.14
13261.48
15579.96
14943.7
15631.34
17410.91
18034.06
17805.21
18175.1
18774.52
16186.14
15977.15
14144.37
14650.37
15618.69
12003.33
13435.04
12302.49
12961.7
13645.33
16189.22
15752.46
16051.96
13874.26
12694.35
18400.54
15806.44
17499.06
11866.69
17141.11
18169.11
16148.55
14582.84
16145.94
13783.11
12822.37
13061.69
17524.93
15044.35
17036.28
17316.42
16735.2
23897.05
13322.1
11935.02
17352.29
16222.29
14016.03
16375.17
19516.54
12419.8
14191.46
11997.69
15265.53
14152.11
11725.84
13112.14
16463.8
16030.16
14627.09
20265.82
12913.68
18413.59
16048.02
16363.49
20292.71
17517.15
19667.25
16629.1
10235.45
19500.36
15762.66
12436.37
11856.54
14156.06
15328.41
10701.99
12857.81
13948.86
8052.317
10029.47
10408.88
10760.37
17610.74
13849.05
9178.965
11442.66
12302.59
18149.97
10945.07
11750.58
14851.36
14429.13
10289.18
9843.108
16813.78
10628.97
15312.8
14550.86
13425.56
18727.69
17087.48
11106.36
10328.5
10159.42
15976.54
9790.176
13416.72
13422.27
16144.32
15000.64
16715.46
12891.19
18766.1
17696.11
15988.56
17427.19
16153.35
17955.1
15491.26
18166.63
13407.94
13199.09
12340.16
14105.41
12699.7
10853.14
15358.34
11745.67
7882.559
10224.28
8633.529
7427.2
13995.38
14327.94
12479.68
10671.89
9725.858
10315.96
10048.86
8741.093
10546.74
13808.88
13580.31
10869.05
8395.888
10604.34
8083.262
14399.98
10737.64
12766.87
15910.88
15262.87
11832.74
10377.75
17250.75
14750.24
14816.46
16452.29
13007.81
15012.49
18462.4
13677.19
11832.94
12172.24
12605.05
16538.35
15089.38
17674.34
15874.54
21931.07
15389.64
13815.74
17268.54
14085.86
13873.68
19596.78
15162.65
10730.14
16544.86
15404.51
14568.33
19947.28
10499.83
14935.97
13843.31
12961.25
18800.51
14762.51
18230.99
19252.41
11572.35
11602.62
17950.88
16845.5
17245.14
17140.09
16184.43
14256.86
15895.6
18137.85
11938.61
14177.18
11167.82
11963.76
15090.02
18881.71
15223.72
20946.15
13417.84
14175.3
12886.04
10545.27
14809.01
16635.38
13791.36
21878.96
16495.52
17240.51
19527.42
11657.67
17546.23
16469.44
15234.38
16961.67
14152.29
15564.58
10409.14
12236
8685.518
9226.941
10918.87
13537.89
17894.97
11644.28
11693.35
8336.431
14740.98
11294.72
8425.154
14756.59
12573.37
10500.79
9893.958
9240.435
10674.58
14424.75
13794.9
13035.01
8671.292
15925.38
8559.548
10716.6
13566.36
13835.03
16190.88
11247.53
10191.99
10665.13
12723.58
13730.33
13230.6
12445.52
11585.58
16758.48
16007.7
17148.4
12828.43
18522.76
19267.26
15212.97
15838.94
12348.49
13178.38
13269.91
12438.93
14266.76
18077.37
18394.56
13015.69
10289.7
13194.41
11250.61
13254.96
16801.75
12985.19
12744.81
15665.07
14893.14
16425.19
17441.9
16682.46
15368.02
16821.59
14944.9
11750.21
20901.13
19202.23
13750.88
15722.53
12060.72
14341.08
11526.43
11805.6
13793.7
11147.82
15998.56
6758.128
8027.451
12981.42
12211.53
12919.49
16292.99
15095.86
12013.86
21258.92
14865.98
13578.78
15881.16
12370.85
19639.4
13231.54
15418.67
17717.31
15798.32
18741.84
15086.32
15480.28
20194.65
16665.25
13449.35
13863.27
12793.59
8920.49
13716.53
12320.86
14671.42
13298.95
11675.49
9371.704
10964.61
13178.3
17349.76
15919.34
10657.38
18235.64
15596.32
12650.97
14523.41
15505.24
15801.84
17899.03
10289.92
12137.37
13297.62
15053.62
13080.21
21019.98
13839.72
16238.08
13261.04
12819.23
17163.04
15926.27
18350.27
16495.55
15522.48
13903.54
13933.86
17353.43
12672.04
16867.05
14702.5
13148.97
15288.63
18342.43
16913.07
17910.85
12989.99
16000.2
17358.47
13252.4
15044.51
14022.77
11478.37
14615.1
14085.05
12843.46
12505.58
16956.84
13323.34
16847.07
15291.35
14742.94
12498.61
11520.78
13374.05
19770.28
15717.07
14738.9
16779.51
12321.63
8736.113
13348.15
12416.09
12540.32
11662.2
15998.1
10873.82
13621.68
17500.5
14175.94
16543.03
11689.06
14604.28
17915.85
14208.39
19011.34
11989.73
15141.96
19626.96
17840.49
15477.79
13658.99
16178.21
14750.99
15546.33
17032.21
12718.85
12486.27
14574.71
16282.05
13688.89
14656.82
11069.6
13768.46
15368.81
19394.71
12918.76
13847.07
17706.2
13676.51
10533.62
14546.09
13457.91
14461.72
14981.87
11350.45
19327.61
17607.4
11810.5
12607.03
13667.31
15676.57
15127.4
20744.54
17964.86
19466.92
13671.52
12409.51
18151.16
12019.43
16870.1
15007.04
13129.26
15380.56
11827.04
16706.14
9382.736
11658.2
12723.68
16361.64
12048.43
12623.73
18346.01
9292.806
13118.34
10166.08
12327.92
13097.96
11146.19
16701.77
10298.75
11680.22
12319.56
9502.961
15858.59
13105.31
9970.346
20520.44
15009.14
13017.03
14376.96
13815.2
14116.5
17444.46
11596.84
13288.92
18426.87
11138.47
17337.05
22433.47
20076.8
18727.96
16276.74
17509.99
21704.45
14679.92
14403.81
19593.05
13208.27
20453.09
18228.27
14574.52
14089.6
14587.08
12978.49
17612.11
14822.05
12478.84
16304.6
12620.88
17068.6
12036.83
11957.57
15878.32
10565.6
13171.26
12936.72
13147.61
14504.68
13402.85
16003.81
15805.54
16041.34
15067.64
10560.49
15234.28
9646.769
11291.71
17546.75
13729.21
16648.76
15495.7
16560.92
20233.53
15198.08
11079.1
14675.35
11039.1
9574.021
15121.44
17017.16
16535.57
14288.09
15801.9
15239.97
9489.793
13884.07
15576.44
12468.07
12763.17
7440.591
8090.054
9104.491
9229.474
17524.09
12927.27
10659.92
11288.09
15424.4
14849.73
16857.21
16246.35
15213.88
15566.69
15015.62
13593.9
12785.23
16055.98
13812.06
14397.4
13394.49
16017.86
14622.98
15442.38
16448.9
17304.98
14076.46
15741.76
12828.15
14483.35
16258.91
11931.57
15441.29
14480.41
17103.4
13593.57
16995.9
12312.46
19131.33
14321.88
13937.42
15569.57
13928.13
18303.03
14886.7
16954.76
20250.25
14976.3
11477.26
15690.22
9337.115
11805.78
12867.46
17346.57
17030.4
14569.8
17210.69
21166.99
11515.25
13915.3
12873.74
14444.49
11981.54
10967.5
8146.828
10053.45
9290.305
15484.58
16285.36
14073.86
14193.82
19574.27
15315.29
19119.44
21175.73
18396.59
16485.21
13852.74
16655.66
16641.76
15400.74
17655.71
15909.71
18414.29
20692.46
11765.72
13722.6
20068.71
15188.5
8386.893
8752.559
9026.115
9214.02
13331.71
14116.35
13028.49
9589.215
11587.27
12493.09
11305.53
11778.54
9058.089
15797.97
11395.07
11562.11
14027.99
18619.07
14512.39
12159.7
18002.85
15224.13
16904.76
11209.32
17525.89
10885.24
10933.97
19410.59
17815.4
16411.92
22298.43
14592.33
17233.44
12517.19
14916.71
16896.44
13554.88
15801.86
15217.12
14327.88
16672.55
18950.88
19395.41
13195.73
12446.34
15282.78
14627.52
14437.65
17509.53
16317.89
15437.64
15560
23556.6
15657.86
14509.13
14490.42
16199.84
13682.68
11962.15
12674.31
14800.92
14325.49
14505.52
11686.94
12777.81
13292.64
10143.26
14970.08
12650.58
16227.83
13082.09
14805.17
21339.41
15231.92
16417.27
14887.18
16128.47
13863.02
16744.46
14300.68
16741.6
15137.61
13771.88
15584.33
14321.97
14895.18
17131.36
10631.46
15516.66
14777.3
13283.9
14239.39
14143.03
19291.93
12400.74
11536.16
13796.71
12673.81
12364.81
14229.99
18032.27
13426.49
14958.99
17665.66
20948.68
15143.15
16332.61
13685.14
12825.59
8703.074
20466.71
15746.38
15093.29
13586.48
15141.77
14281.13
12590.71
13581.22
21732.3
15878.34
16605.68
18526.12
14353.78
16730.07
15080.14
12578.1
13821.88
16369.23
15208.2
13240.27
20689.61
15016.35
16844.35
13356.91
15998.8
14355.5
15196.15
12954.5
14730.26
17161.3
19629.26
13947.86
18352.97
15399.87
13948.65
10765.63
8963.046
9334.818
9497.898
13047.23
13019.8
14492.78
10768.58
12111.39
20157.12
13795.98
17197.09
14924.68
11804.48
14085.27
20409.31
16540.22
19590.83
18415.31
17265.1
11698.49
16348.61
20120.54
19013.27
13444.91
8236.909
12025.75
11885.54
11733.45
13098.77
13288.16
14729.59
8571.899
11165.64
11410.92
15753.47
17531.65
14865.6
14221.35
15478.18
13325.57
11963.07
12660.51
15599.13
12758.15
14430.21
18219.19
14905.19
13604.48
16529.95
19297.42
15517.63
20668.75
16930.56
14819.24
24861.13
13188.11
9044.74
11138.54
9472.819
11811.95
11157.9
15939.79
12439.68
17198.23
11251.03
15983.42
12674.88
15035.09
16843.03
11137.1
16593.92
16500.04
13400.2
16423.5
16617.16
13494.32
14413.6
15294.15
15836.29
17655.83
14088.36
14943.66
13488.68
13516.62
15295.99
11850.33
11020.75
13185.3
10915.85
16254.74
11796.59
12311.95
12578.52
11276.99
8999.166
13379.31
11487.46
21339.14
16832.56
10478.99
16493.04
13137.11
13053.02
14914.12
16109.87
15664.47
16325.24
10444.83
11867.3
9278.677
15074.31
13042.72
11482
16115.9
14085.06
14732.75
9178.858
10990.77
13263.97
12173.05
12494.23
11587.87
14725.55
13232.9
16240.32
23005.87
14565.86
14051.62
14628.7
13551.88
9262.821
8169.311
10100.16
9574.677
22112.33
13971.99
13663.42
16314.97
13931.18
16626.82
22322.51
15445.11
16202.63
17394.9
14851.45
13715.77
16137.43
14735.08
14597.23
19975.23
15242.6
13725
12635.97
15453.63
9015.891
11313.56
15790.15
15114.29
14203.28
14582.39
15917.08
15019.77
21226.62
12361.78
18486.89
15016.07
13181.4
14668.18
11433.35
13093.36
11874.17
14205.27
11606.49
15660.51
14216.7
17537.09
11180.96
12571.51
14400.28
18125
13102.93
13457.38
13981.1
16408.32
15574.45
12360.2
11804.03
15055.6
14374.86
9414.931
17625.33
20289.33
17593.34
15950
14225.02
12941.88
14831.6
18686.82
16748.53
10105.17
15597.65
11929.19
15107.23
11192.11
13125.14
19563.82
14515.41
15625.77
17089.43
16729.95
15294.31
12955.15
14282.39
14068.84
17408.29
13921.26
16179.56
12453.02
15947.64
14406.53
18820.14
14643.77
15024.17
7832.569
12784.04
12593.75
11947.22
13437.92
15510.9
15003.28
18310.97
17990.35
11607.51
12811.44
15731.69
15247.9
16446.35
14219.02
16167.11
13156.34
13708.05
16594.83
12906.05
15627.8
12974.27
12590.62
17719.02
12376.88
12964.26
16519.77
17455.92
13465.41
13908.21
10987.42
19110.67
11400.15
10461.78
11932.39
12587.36
9937.383
10175.27
13823.79
11283.88
11604.2
11811.72
9754.675
6829.018
7816.064
7950.964
6875.816
10404.28
14240.64
13376.07
11897.77
15772.7
11704.59
16417.51
12679.98
12782.14
12590.14
17258.07
12133.48
11657.48
14926.44
13765.85
15275.79
15049.71
15426.24
17034.32
17273.34
17165.14
14146.04
16681.47
11050.66
11871.98
13499.85
15034.27
11393
13580.56
13893.09
12771.18
16239.85
12932.94
16028.7
15789.28
10696.45
13439.84
13296.01
12387.19
15126.72
13286.25
15570.52
15651.75
12100.03
12544.7
13259.36
17654.12
6715.906
10291.76
11642.38
7203.967
10745.48
11363.72
10573.32
9713.517
13138.15
15393.04
11562.27
10617.68
10428.27
9527.564
7400.076
9312.109
13423.13
15355.81
10502.36
13373.38
12835.67
12375.54
18678.6
17316.13
13251.7
10209.16
14742.39
9614.534
11758.24
10259.23
11074.42
12021.77
9818.033
10881.85
15758.98
8609.209
12405.93
17797.17
13936.17
10087.52
17500.43
14406.18
10696.67
7327.652
7911.885
6426.122
15007.08
16395.68
12763.9
14259.04
13785.84
17173.89
12457.64
11970.88
9620.206
11835.34
11922.66
14367.73
12778.09
9048.417
11336.6
8391.381
9166.152
9654.191
9496.634
8161.477
6209.848
8351.86
19972.25
12542.45
10891.65
12883.51
11538.96
12826.71
13460.62
16900.39
13065.71
12830.85
17672.74
13733.45
14119.95
13679.95
12348.7
12387.38
17524.74
22533.99
22412.72
18562.08
13849.77
18227.84
9955.265
17590.78
13202.03
14680.06
15158.64
15378.66
17269.39
15605.1
13883.95
17105.94
15220.2
11154.1
16260.94
13779.81
12589.04
13871.09
13100.76
17105.26
14480.7
10798.53
19947.64
17570.7
16027.67
12010.7
10847.81
17158.38
14066.98
12383.79
17084.45
13185.22
16647.89
12750.93
12074.71
13031.44
13041.95
17085.6
12105.01
13244.81
14576.7
15080.14
14412.34
15664.33
14936.43
14934.84
11854.08
12591.41
14028.12
11782.93
11120.71
9948.792
10219.96
12393.72
13130.53
15088.35
11997.04
13428.6
16220.49
6823.418
11226.06
11483.56
7355.168
12004.59
16412.12
15203.48
10318.88
13522.94
9172.652
13847.36
13936.29
12504.85
16194.35
11899.58
12621.93
19745.03
20296.89
15222.83
11180.85
14893.81
17139.12
18284.33
25050.31
14383.85
15068.95
17150.23
12837.45
9600.856
12980.83
14517.33
11550.09
19092.02
16312
14183.9
16235.93
16454.94
13455.36
13664.03
16777.17
19176.58
16561.75
17252.4
13315.97
16936.53
14512.38
17211.7
13574.78
14811.64
23597.1
15311.18
15067.62
18197.11
16028.46
19879.59
18149.61
16887.61
14871.96
16183.22
13925.61
14416
16257.21
15382.9
10110.31
11240.59
12564.2
14652.98
9590.973
13755.89
16314.3
18130.4
20673.31
15386.25
14243.77
12916.34
13721.28
15900.88
14319.97
16093.5
12510.62
14203.76
13926.36
16283.55
14096.28
15245.77
15217.86
11076.83
17615.35
12922.14
13102.1
16793.95
12092.58
16600.21
18956.76
16345.34
14995.15
19952.07
16553.1
15483.35
10322.98
8422.083
14326.44
13197.05
12167.56
11668.51
14250.2
11517.16
12481.58
15987.22
14273.59
16556.45
9966.128
10295.08
11358.75
11601.32
12280.13
12296.91
13561.58
11262.1
17826.79
11287.93
9826.432
13156.87
19434.92
12627.7
12109.67
13778.04
14506.32
13900.63
11629.72
9174.525
10793.06
14957.64
14313.13
12840.29
13253.18
23506.89
11970.18
9333.606
7189.387
14366.54
16980.23
15444.49
10712.76
13044.01
13879.82
13942.06
10887.36
16406.82
9701.4
7845.87
10243.07
9744.929
13892.98
15181.78
12214.4
15757.07
15478.7
15029.24
11769.8
10141.15
18465.16
14311.22
11887.94
13301.13
19116.12
18514.45
17527.93
12306.27
13735.59
18970.26
14772.52
18509.47
19170.81
18878.95
15387.29
12213.59
15960.82
19690.52
13436.74
15206.64
16335.76
13548.82
14399.42
12409.25
14364.51
11340.06
9606.744
13671.35
11477.02
14853.75
9469.674
12249.96
14158.04
11006.92
16203.48
15724.51
10574.82
12550.05
12433.09
14282.87
15637.74
15208.45
13473.43
11512.77
17685.07
13925.33
17063.4
12985.13
12420.67
16839.95
17347.41
13471.1
12530.11
14188.34
13158.7
14968.98
10785.54
7307.707
10859.26
15572.13
16087.4
17051.34
12404.66
10645.16
15602.42
11281.6
15899.74
13082.44
16897.35
15013.28
14326.28
9975.047
13552.77
13032.75
11880.43
8856.312
12833.95
11515.89
11722.19
18127.86
13124.69
9783.345
11024.63
12711.45
19534.18
14579.74
13688.24
15100.39
11582.9
14838.14
15078.32
14445.77
17200.11
15114.02
18356.29
19449.28
14832.75
19899.62
11784.96
14623.66
10230.97
13280.01
11890.42
9421.327
12021
14930.13
10669.17
15055.78
15838.06
13966.65
16167.03
17793.91
12915.26
11971.33
19737
13885.15
15099.15
17523.5
13402.49
18880.23
11739.51
15121.63
10356.64
13201.2
13085.14
14952.12
10402.14
17737.98
13488.05
16814.62
13549.27
16951.63
13560.24
15400.59
11638.48
21209.89
9935.869
15790.57
16469.64
18143.88
16496.66
15622.52
19066.12
13758.42
13997.51
13843.91
20000.91
12224.39
12828.82
20153.7
15210.92
11233.17
15877.83
12014.5
11873.29
11641.71
14953.19
11455.19
10884.07
10788.42
10467.67
11473.54
13262.34
14785.48
12050.11
14644.18
13572.37
16453.21
15683.29
16877.89
14844.85
15926.48
12495.08
12797.24
17414.94
17067.75
14713.78
11581.77
15360.85
12636.25
17407.41
14396.42
20631.23
19754.11
21479.6
13119.16
13436.8
13969.59
14563.02
11979.83
16847.27
15099.63
18565.18
12848.87
13937.24
12145.48
11176.64
14595.75
13151.15
9668.111
14329.57
10019.36
15415.25
11776.69
12858.1
13596.87
12224.08
12400.04
15162.13
12526.15
7962.72
9680.271
9074.748
13586.32
13358.9
10904.33
10125.84
8874.143
11342.76
6491.508
10174.22
15516.25
13722.55
20658.89
14499.57
14559.07
15602.23
10237.44
17711.34
12104.05
10775.27
17228.49
14251.73
13795.12
15587.69
18066.74
14425.11
14911.98
18136.4
18684.44
18448.77
12960.19
14181.34
12410.08
12119.99
17570.24
15980.11
14214.13
12328.58
18163.37
11410.13
11620.75
11640.94
17846.32
15455.42
17245.64
20952.61
16963.9
13988.18
19354.66
16186.79
13638.31
11376.02
13166.05
14086
16983.96
13585
16109.9
12846.6
13449.71
14854.63
20010.3
10923.62
11963.76
18375.38
15754.59
16683.93
11408.46
13701.52
12369.16
14720.45
10538.91
13401.55
12745.1
13871.23
12363.9
13593.63
16814.95
14357.58
16069.32
18528.06
10674.62
15957.8
11321.77
12912.56
13475.8
14582.37
18837.56
18453.17
14764.19
13957.51
15400
16252.63
23656.67
11670.8
18250.38
12290.98
17268.29
13880.26
16749.75
13533.86
18064.92
18360.09
17390.43
12127.55
16175.71
16091.67
10317.23
8891.162
8062.527
10962.54
22314.14
11737.78
16720.29
20168.26
16285.87
18384.66
13792.21
16300.73
17051.49
14135.54
18476.23
14305.23
17511.82
17958.68
12311.87
17005
16186.67
15005.19
16555.89
17695.53
13900.66
8150.191
10268.05
12393.63
18594.27
13205.95
14091.73
12882.47
12082.16
10537.74
19826.28
13431.38
14609.83
15669.5
14890.12
12058.81
15234.15
12750.35
13003.69
19386.66
14328.38
13020.89
15456.46
11897.78
15423.87
15169.41
17918.68
16646.8
11904.2
13031.85
18292.62
11007.98
16568.99
16143.97
12990.73
14461.46
23009.81
12408.94
12711.92
14078.69
15468.39
12900.44
18903.04
14409.02
11384.43
15265.26
14048.26
9870.416
13723.19
13431.22
10601.53
15858.08
17420.6
15092.19
18508.25
12909.71
16539.66
14947.84
13570.41
14808.19
15831.91
9165.78
11210.51
12030.86
14004.01
13639.77
16811.16
14558.14
10963.79
9145.444
8337.662
14943.61
12012.78
21660.49
12232.42
12955.18
15297.99
13464.31
22305.52
13014.84
18340.07
15485.95
11999.48
14847.07
12953.68
13578.06
19116.71
17241.85
11313.99
13390.85
16309.05
16151.35
12677.97
12753.61
16901.55
13033.04
12436.4
11986.33
10457.83
13195.12
18684.52
12620.07
12573.79
24602.6
10522.2
10765.9
16229.53
14172.92
15059.69
18204.4
14319.08
16259.81
15597.7
14168.07
13005.76
12844.63
7858.685
11198.75
11890.6
13892.23
10863.62
15190.41
15920.99
14969.35
12123.81
12520.59
16712.64
9554.595
17584.93
17634.99
10042.33
13386.79
13882.65
18225.87
19561.87
13633.31
15730.26
15653.81
15280.42
11537.45
13714.36
14247.29
13875.4
10140.01
15574.04
11524.89
12163.09
11695.21
12769.08
16454.91
18397.22
12848.01
14122.75
14294.48
14575.8
14447.13
13866.97
16283.57
11182.44
10853.28
7532.574
11313.31
12879.24
12651.83
13244.39
12243.62
11385.04
13660.04
17730.41
13176.07
16674.04
15230.45
14175.61
15407.27
13222.75
11914.1
14443.41
12567.5
13496.81
15784.58
13991.2
13633.56
14154.54
11655.85
7120.968
7062.792
7551.357
14270.71
11332.72
11643.49
13969.46
16996.25
15355.73
12739.97
15696.41
15839.12
15649.05
13012.22
13183.11
15087.78
10648.8
13374.55
12313.86
11514.24
13180.35
15691.65
9316.33
11424.44
16478.29
16743.32
16867.95
17875.6
11723.17
21152.52
12489.25
10879.06
16560.9
12885.8
11082.82
15412.22
11562.93
15026.54
18909.87
13217.15
16908.16
14364.74
12565.85
13676.8
19122.68
15748.4
15550.9
19067.65
14750.17
12746.06
16591.85
16697.08
15252.92
14542.42
12897.64
13706.31
18485.32
19847.46
17626.8
16114.36
14618.86
12802.3
18276.48
13163.54
16460.1
14588
14182.46
12453.99
19667.07
12417.87
11273.7
16667.29
15922.31
14603.03
11000.28
14566.03
12527.39
17122.83
14338.38
11815.97
10870.13
12598.7
13885.64
9386.317
13087.09
16508.63
17467.68
14015.37
14034.54
15926.11
14410.65
17486.02
16457.47
13773.81
12778.98
11945.82
17077.34
13385.91
13438.98
19210.28
18935.24
13180.66
15852.87
13984.81
14069.93
15151.27
13392.81
18418.79
12399.66
6638.549
13023.79
11521.84
11930.89
15521.96
9834.369
19228.71
12404.23
15881.12
14104.03
15501.95
15551.39
14894.87
14783.85
13929.7
14112.59
11367.3
12869.85
8583.685
11573.36
14002.92
9924.693
15492.71
11418.49
11262.28
13932.57
17484.59
12886.13
13543.15
15687.59
14303.28
12528.78
19426.43
15567.2
13964.94
8853.304
12899.27
14938.7
12604.49
12265.1
11840.64
18326.5
17669.7
15712.23
14906.37
14124.32
14541.27
13169.66
22447.28
16788.17
17694.84
16040.78
18392.77
19079.96
12405.45
14923.03
15432.92
12148.58
9857.821
13498.64
11500.74
11470.35
11804.52
12152.2
12529.58
18458.16
12591.06
14916.54
18511.82
17402.1
15624.39
11523.7
18685.71
16436.66
12388.78
16507.13
13591.4
12899.69
16612.68
15437.59
16193.6
16738.57
15394.7
11770.36
15009.54
19234.31
13381.31
19222.52
11311.8
17226.08
18531.98
16354.09
16778.91
16428.48
17107.6
16957.03
20433.77
12529.48
14439.9
17754.94
16160.44
14318.67
15558.56
16628.46
15370.24
16204.31
12138.67
12757.62
17439.7
17534.17
14755.31
18131.22
15856.92
14224.75
14299.38
13099.51
17805.64
14624.21
17432.49
14630.71
15632.21
14158.51
11824.64
15307.65
18966.41
14580.62
16569.19
17246.98
13178.3
15763.13
15948.82
17995.35
17179.88
16180.76
14294.48
13285.33
9908.023
12681.03
15045.73
14024.14
15389.54
14202.67
15040.85
18219.35
11605.16
16250.81
19109.44
12041.4
16053.04
17126.41
14726.45
12873.23
15929.11
13150.31
14392.59
13983.38
10647.62
11696.36
11153.69
17420.82
12018.62
13728.35
14060.16
12814.21
11875.5
16699.94
13936.84
10595.9
15038.72
13081.14
13205.62
13151.55
19066.89
12154.57
11833.28
15610.94
18183.13
15407.02
16956.99
17524.79
13348.2
10407.86
17779
21903.73
16992.03
17486.97
13762.66
13936.92
11279.77
12282.54
10642.6
15208.5
13370.36
16283.32
18045.98
13894.11
18241.52
15715.98
17996.52
13543.91
12299.79
16128.73
14166.49
13301.87
20767.42
13364.43
13519.34
14662.54
14144.6
13501.64
17971.46
9056.616
12103.76
18248.67
16145.74
13430.51
15023.84
15280.55
18880.21
18343.3
11865.95
23525.56
16077.28
11962.47
19052.41
18833.1
15342.56
17587.86
12582.92
12676.25
16492.82
12028.57
12523.81
13836.96
13422.08
14868.81
11828.69
12279.68
9771.954
11532.51
10633.87
12546.18
10905.51
12298.2
13034.9
15246.2
18031.3
15603.33
14623
8547.534
10077.45
14347.91
15950.08
17515.13
17022.63
17577.75
20808.88
12070.52
12022.35
15420.91
17210.65
12196.82
15293.93
15578.12
16880.53
16310.77
16767.1
14734.88
18917.68
21096.7
15008.08
15065.44
15610.82
12159.58
11074.07
15693.96
13577.22
12975.78
13389.19
15449.93
14775.09
16020.38
21256.17
20090.95
14410.27
18042.39
18488.19
17353.61
16024.16
15419.43
16307.61
16114.29
15522.07
18270.88
17137.25
14199.53
15331.18
11348.59
12019.06
14091.72
13156.88
14671.97
15057.26
15093.75
17513.67
16397.1
18661.8
13561.23
15505.71
16413.26
12218.89
19209.13
15375.19
15652.78
13085.31
14642.73
21470.55
23201.68
16236.07
11115.24
17240.4
17286.97
10930.66
15501.86
22986.88
13224.02
13474.01
16504.26
14341.96
13288.48
15928.28
14344.61
16148.71
11828.32
13147.17
14493.25
11849.14
14411.8
9639.101
11263.7
14761.17
13627.43
11833.57
12503.6
13990.31
19189.18
13859.44
11537.55
16308
15329.26
14746.4
17944.49
15506.64
16033.63
17238.34
18854.04
18789.94
11929.06
12674.36
10716.7
9801.206
11519.32
15946.06
13462.41
13753.68
10151.35
19048.33
19696.84
14714.54
13268.68
17707.86
15360.81
13505.47
14319.12
16837.42
12755.15
15728.92
17933.18
15141.94
15326.33
11863.13
13583.87
13715.57
24092.15
14375.74
12243.2
14008.9
8681.862
12981.9
13723.52
12149.83
17024.31
15286.02
15436.91
15223.06
14258.46
13278.89
14056.93
11099.63
15365.4
12279.29
14040.49
13435.41
16001.79
16516.12
15142.58
13944.51
14544.62
10091.17
19862.1
13587.55
15836.62
15309.48
14534.53
17071.79
15007.87
13268.6
13219.94
13855.83
14189.16
12318.41
16100.46
14488.12
12011.68
17416.94
18526.54
16517.46
11760.16
12934.07
11606.71
10374.76
9914.768
14445.03
9231.372
13145.54
15837.21
12991.45
17134.82
10710.64
14382.03
21557.08
15239.07
15715.82
17134.36
13621.79
12926.81
15508.35
14022.05
19174.69
13519.9
13939.9
17084.99
11759.06
16529.73
19682.69
15718.17
12134.5
19299.91
14358.53
14347.66
13861.75
18974.46
15397.81
11772.36
17442.33
15282.13
10872.79
13750.49
10573.46
10070.72
17648.61
15393.93
16618.26
13431.37
12863.51
19618.38
10818.51
16522.49
14765.18
14822.21
10950.09
18838.88
14311.5
12379.61
8986.863
14402.16
12936.75
15599.61
13570.89
14766.89
16795.88
15405.27
14363.9
13776.8
11880.73
12174.87
14026.4
11519.36
15061.38
13704.2
13688.3
15940.73
13789.74
13278.77
17929.78
14970.14
14719.61
17731.67
17330.75
15181.04
19617.71
15132.18
15763.51
17730.52
17572.61
12166.86
14985.57
14871.64
14846.97
10829.12
13493.43
15936.89
19223.27
18557.12
14037.51
18974.69
16122.04
17163.16
11363.35
12523.8
15818.49
14615.59
17803.32
14777.82
11309.16
16010.65
14648.15
16428.65
13772.1
11916.87
14116.97
13357.36
16026.73
16475.14
16715.9
16815.05
11032.44
12608.93
13059.69
11600.48
12912.17
15615.82
14869.54
11147.94
14947.31
13932.33
15111.52
11214.08
13535.62
12414.3
10275.8
17567.77
13771.25
18478.64
10781.91
11236.88
14889.75
13073.7
12000.12
17501.18
14466.53
12056.1
17312.69
16057.03
14615.9
16092.66
13997.95
14027.14
18137.05
9265.173
16884.89
16225.51
16095.08
16060.4
16904.64
10325.64
16002.21
19969.11
15380.69
13750.43
15950.78
15794.07
15526.74
11967.73
19512.87
13211.57
12502.56
14766.82
16987.46
14263.32
15889.26
23599.09
12844.52
9459.358
12422.71
12562.26
13383.73
13106.75
15181.97
14093.38
14499.88
17814.38
18340.84
15759.8
17397.77
19464.97
9295.585
17472.21
13571.08
10915.52
9170.933
11633.36
18866.81
17635.66
18598.21
16328
20321.88
13607.18
18824.64
20910.43
16458.13
13084.75
13160.55
15036.35
12587.36
16845.75
14635.34
18287.39
15261.23
15150.9
12628.91
15257.97
12388.22
15504.76
11447.96
9846.181
10655.79
14524.57
18042.07
18734.2
12480.81
18421.37
12063.27
18085.57
14141.37
14180.64
16238.07
16459.3
14609.07
18136.59
14265.16
15743.34
20853.8
17439.51
15805.87
14672.92
13316.7
14539.79
14606.68
15974.03
12233.66
11311.36
11348.56
12216.34
12480.4
14505.42
15107.83
12842.79
18768.16
15523.89
11580.11
14379.95
14616.67
21029.24
18503.24
12659.08
16697.37
17658.87
12434.77
13401.15
14743
20147.65
12035.82
16465.41
15104.52
11745.12
9921.203
5487.619
16142.26
11204.35
10797.06
15794.14
16156
12192.48
16108.96
19058.11
13851.83
14187.98
17337.63
15074.52
12489.34
17153.8
9854.719
12113.81
13446.09
9857.783
15150.52
19143.7
18401.39
19517.26
13805.7
12528.4
11172.61
15606.3
15559.18
13078.68
11965.85
16831.52
10595.51
12809.17
15181.61
12077.48
10358.06
15902.73
16813.2
20758.04
15375.34
14333.04
19846.55
13993.96
12546.67
16737.34
14419.19
18754.52
14402.27
16898.31
16936.89
15096.87
17031.96
15529.37
10775.91
9464.433
12679.6
12947.39
14004.97
19015.66
18714.04
13994.81
15501.94
21263.24
8580.379
13301.88
10012.83
13928.96
15564.99
13892.28
11597.63
13061.96
10541.93
13746.88
12757.58
10358.55
16507.53
9638.508
13660.36
14186.57
14979.99
20124.74
15207.09
14773.5
13092.69
11692.56
12694.25
12937.25
12492.96
17705.49
15776.26
13752.52
14139.04
13833.32
13551.34
9866.214
16131.18
13569.2
12040.36
17440.15
17341.06
14641.38
16706.3
17296.8
14858.49
15441.4
12774.66
16003.66
19646.42
14826.55
17928.51
16474.97
14207.24
13512.99
21338.62
14388.88
11219.38
13728.73
9046.548
11359.71
13776.9
10787.83
8538.914
9532.176
10377.27
8615.521
9217.733
12462.32
15439.3
14582.58
16564.14
15614.24
13790.17
12900.56
17973.02
15513.06
15701.48
16187.8
19653.2
13121.36
12468.69
12384.19
14315.91
16739.86
10019.84
11321.76
11352.34
14554.89
12901.56
16653.65
15253.99
17047.6
14599.44
14081.55
18354.67
13023.81
17987.49
12872.5
11634.58
13499.87
12741.6
10791.67
11904.74
13238.5
15789.03
14084.8
15288.77
15917.58
15159.92
14561.74
20610.63
16081.18
16107.87
25083.86
15741.67
13665.97
14632.47
14746.9
12411.58
14957.61
14875.7
12686.71
15441.82
20101.98
14250.84
12808.86
19947.87
12477.91
15922.28
16115.09
15103.51
13797.09
15582.27
12673.18
20823.02
15644.74
15955.2
14417.4
14297.31
13874.15
12168.8
17116.21
11969.24
18112.19
14696.18
17230.92
11760.91
14508.24
17650.82
13731.26
16240.93
14816.38
16407.08
15343.76
11176.79
11938.33
12020.26
11772.71
15592.53
15257.13
18024.86
15492.38
15570.14
11332.9
16721.08
16785.88
16637.66
14555.89
12763.5
15122.73
20489.71
16262.39
11818.36
20297.17
17661.11
13669.44
13509.16
14439.45
16809.31
13962.83
13045.03
15656.88
17283.31
13145.46
21023.64
12356.98
15409.04
15616.21
16209.93
18949.82
11678.29
16348.22
18595.86
13842.04
9721.548
11781.57
14700.86
13342.72
14892.85
14704.48
15014.44
13634.18
12369.58
11683.88
13314.19
15804.43
19896.17
19637.29
18168.21
14953.68
19616.31
18816.89
14142.68
17003.16
13107.04
11692.38
15370.31
13423.42
17921.73
13625.05
13922.19
13164.31
12091.77
16551.59
11461.05
12955.13
14089.43
12064.26
18892.88
22597.3
14108.53
13344.38
17010.99
15333.7
17679.03
12427.24
16614.29
20721.83
12950.54
13495.77
13808.83
16758.63
14925.14
15386.86
13812.34
12259.02
20786.87
13780.02
21170.14
18463.14
18818.35
17117.39
12131.98
19137.4
14159.34
16148.28
14572.9
16344.5
16682.87
14995.72
15654.38
19059.5
12729.33
12016.24
10769.85
16725.41
17466.4
15741.28
20409.58
15399.86
13312.66
18487.48
15443.6
12083.75
18711.23
15982.23
10569.57
14444.97
13657.62
15854.6
16441.44
14733.15
13886.18
12794.43
15130.56
12037.43
18367.87
13394.91
12180.27
13183.39
17127.7
13389.63
15738.66
15542.3
22212.45
13264.82
19480.96
16592.29
17895.72
19724.42
14315.96
16630.04
14782.94
16326.53
14712.07
13508.28
9717.508
19600.1
18920.92
14396.81
17651.07
13408.89
9930.739
18253.63
16212.48
12924.08
15502.2
15914.04
13844.67
11983.7
10997.38
18422.72
13615.79
15717.56
13417.31
18049.49
17919.87
13520.99
15888.33
17431.18
16119.66
14642.48
15540.25
13436.27
10842.1
13234.14
11409.01
18305.6
17340.66
15442.18
18963.14
19517.97
16074.2
13534.08
15406.19
11813.52
13201.37
14273.7
10745.39
19244.47
17927.71
18135.89
17537.59
15157.93
20175.43
15561.56
14989.81
13676.86
18433.82
21696.93
16589.37
16487.81
18314.32
13886.69
23232.86
17167.21
11670.21
13649.68
10976.06
12273.28
11092.85
11015.27
10912.84
11264.93
11129.45
8038.076
8803.551
10090.06
8649.61
10599.1
13903.28
12833.13
14177.05
16190.47
12201.42
10750.85
15806
15045.27
18126.65
20145.96
16809.21
15204.16
17037.16
15482.32
13165.21
15753.35
15851.59
14663.46
17429.56
13523.64
19564.46
11775.86
11700.55
13913.3
16130.58
20236.45
13648.4
13034.48
13322.95
13035.5
11256.55
10090.31
18935.55
17368.79
18959.86
20743.9
17561.48
16680.26
13361.51
19571.25
12204.87
16498.9
14093.44
12411.55
24737.29
14533.91
18452.45
12130.19
17471.04
14394.91
10013.69
12855.78
15539.28
15165.39
21815.16
15676.46
15358.96
14837.98
12864.4
11399.94
17548.26
11199.71
12386.91
11699.83
15260.12
17559.08
12566.94
19037.37
13503.93
17723.21
20847.09
12596.56
22081.7
14161.61
13205.98
17164.35
18786.42
18903.57
13996.41
15236.44
17794.42
12351.8
13514.52
12769.04
14362.72
13905.94
10376.44
11322.9
15995.24
17416.11
11661.94
12231.06
13255.34
14134.37
15756.16
18200.64
19538.51
15686.74
14804.76
15368.95
15295.33
18567.35
15392.17
16319.6
12257.9
13436.56
16097.71
10634.82
13891.36
21054.15
13434.57
9696.918
15000.19
16127.64
16713.68
13192.78
12685.65
21245.33
17863.4
14193.35
13565.09
10880.18
12451.17
18886.8
16823.55
13732.24
16344.95
15217.35
16352.17
12441.55
11577.24
15841.08
14292.8
19902.79
14012.06
20048.62
17057.32
14079.29
14834.26
15937.34
13437.1
14396.37
15660.96
17758.56
13855.98
11865.82
12245.67
19434.57
12338.94
14922.52
9979.994
15894.6
16996.88
17251.29
12220.27
13936.81
19352.37
14461.85
12980.2
14859.95
10918.22
14195.32
16779.24
12835.03
15078.98
15585.7
18210.38
16748.94
16055.59
15478.98
19145.65
13928.33
19288.36
17179
15488.07
14448.53
19955.48
15033.7
12225.5
11983.36
14185.3
20229.24
15612.52
14267.08
17791.62
16065.49
10557.59
10788.82
11943.72
11609.87
14628.96
14220.66
11572.74
11161.95
19374.32
9570.738
8850.412
15945.87
22260.39
13793.09
14494.05
17577.58
17292.98
19604.97
14266.79
15990
13782.64
17563.83
16168.66
11756.43
16588.84
13666.13
17087.96
13893.89
13826.97
15737.01
15348
16531.74
14670.69
11220.39
13897.59
13913.78
11763.54
11434.45
15652.15
13303.66
16461.32
14244.15
17495.27
19078.93
17055.39
15473.72
16288.35
15674.65
19171.97
21242.68
13154.49
14383.77
16725.11
18934.14
8979.229
11863.85
13922.76
11758.19
18033.47
11409.01
16429.83
16209.7
16865.98
14026.19
17103.16
17315.17
16640.98
14480.96
15030.43
16124.55
18100.13
14365.07
19938.54
17519.57
13958.37
12231.89
11179.48
15181.32
12182.06
8804.1
8921.701
13207.59
12420.67
14519.05
13509.87
10652.34
14202.23
9799.048
13137.86
15417.95
14507.06
12924.42
12800.24
15033.9
14475.69
17744.43
17265.14
15366.5
17861.11
16920.78
15220.61
11908.03
14998.42
14473.08
16188.05
11684.78
13372.26
11349.24
14905.44
16185.04
12626.58
14737.46
10408.39
17123.42
19354.41
17897.59
18390.11
13765.03
11797.92
18824.29
14439.54
16491.55
11632.22
20951.89
14543.77
16598.47
16510.58
12709.22
16534.18
15505.98
13416.04
22661.62
16065.57
14866.89
16161.16
18477.12
14818.93
14299.12
21303.69
19116.83
13914.57
14767.91
17172.05
19596.84
14309.84
19167.98
15075.64
13913.37
13560.37
16753.66
16902.35
8833.176
12250.95
12498.19
18791.72
12661.03
13728.91
18177.63
15314.99
16692.84
14120.28
13629.24
11331.62
16155.7
14578.4
16896.63
17183.72
13921.41
17800.35
14049.68
16950.25
16542.46
15473.96
17181.11
12398.45
19310.67
17374.78
17091.86
21159.75
16750.89
15402.44
17853.21
16070.16
12749.66
15838.08
10948.76
15352.59
15840.79
19720.92
23544.78
12071.53
11373.19
11649.83
13137.83
15582.38
16992.11
15929.02
14341.3
13293.18
14203.3
10286.01
15646.11
18077.01
12176.2
14288.98
14993.06
18516.44
14455.93
18576.14
17075.24
14468.4
13761.22
21127.28
16523.39
14882.6
13577.68
15938.36
15235.05
14091.57
10186.23
13785.01
11956.17
12350.58
10724.05
11289.51
11249.08
15017.01
14138.12
13051.67
9860.681
11585.08
14534.75
12534.28
14609.48
12886.16
17247.94
11600.74
16487.82
15671.88
14763.01
16545.89
13538.95
12472.31
13964.01
16422.38
11469.5
11993
10946.1
11255.35
20933.09
19013.39
14805.75
12177.25
17953.87
9549.535
14494.76
14447.74
10827.93
12614.78
11955.38
10607.27
14633.08
13321.33
14834.68
17283.33
16443.9
17872.1
14816.29
15755.18
11511.17
15885.81
11408.08
13944.95
16160.27
14350.99
11755.35
11832.23
14130.55
16885.62
18897.03
13270.4
14029.99
13394.96
15612.66
14525.42
17298.62
16225.31
13516.66
14904.25
14181.1
15970.82
13987.67
16804.69
16889.76
14694.45
13394.8
12444.19
18693.84
17679.17
10332.53
10685.52
9217.158
14202.41
14632.05
13893.09
20337.83
16627
12449.6
14432.53
12317.79
10812.71
18189.99
16266.23
13526.69
14275.05
13346.57
16173.06
17775.31
14989.51
14570.34
15208.16
9254.877
13244.1
14053.78
17267.15
15387.38
16660.53
18029.82
13668.59
10138.4
18794.06
19417.04
15067.93
18261.87
9813.049
15894.24
8019.669
16321.51
13215.15
15216.93
21392.35
11157.56
13999.28
12796.88
17072.17
12439.12
12959.27
13803.23
15926.04
14494.08
11527.47
15670.52
9415.374
9662.18
17943.7
17256.73
10660.04
15053.35
17964.39
15337.22
11745.16
18078.18
20045.34
14877.84
16413.09
19338.91
14452.48
13748.87
12892.19
15037.14
16939.75
13867.95
16379.55
14209.53
15208.95
15281.1
11417.81
12529.14
13220.19
18007.17
16977.27
14242.82
23446.53
18475.49
17836.91
11743.18
15258.87
10430.93
18810.04
15314.1
17403.84
13609.83
12172.83
11033.27
11515.39
19791.12
12645.91
9034.135
16520.36
13674.39
14832.96
13731.21
15876.42
15619.77
14559.13
17483.61
10894.63
21107.56
12574.99
13770.78
12422.5
9801.344
16316.97
13010.48
13862.04
21001.91
15013.02
20255.57
15498.68
11259.51
15049.86
15445.7
14691.51
13336.31
16472.15
18377.19
16558.77
24328.05
10398.29
12909.5
16405.94
15831.98
12541.87
16512.03
14071.8
14781.39
13592.22
13552.66
12527.02
12012.88
13971.32
20993.85
18097.7
13210.69
10796.68
14983.17
12157.89
15508.89
19495.77
12378.41
14692.45
14667.35
14693.65
15084.05
18798.64
13517.04
14571.02
15611.55
18435.71
15243.86
15187.35
11880.45
14263.45
11769.43
12491.53
14541
15461.73
11900.78
17316.58
17343.02
15287.91
18220.02
14102.2
13816.65
7629.018
18478.27
11385.63
15525.17
14430.92
16718.13
15464.95
15420.5
16108.16
16634.46
10584.16
9494.991
18978.18
12917.18
9792.243
14286.77
15028.21
11452.8
19451.74
17959.96
15601.98
12894.92
18352.71
14838.46
19218.85
23323.65
16817.21
19432.82
11679.58
16198.96
13002.64
13261.77
11714.63
13408.95
12226.72
13918.49
14882.84
13778.86
17297.14
18157.09
10858.04
16869.24
14976.29
14319.95
22137.49
16982.33
12967.86
10978.91
19584.59
15490.18
8955.855
10274.98
14104.76
12391.82
14377.69
13729.42
15271.61
18905.52
12974.75
12390.81
12449.81
13664.14
14484.07
14143.68
14904.36
13498.62
11424.07
14062.64
17535.46
16539.42
19250.46
14002.72
13548
12019.05
14378.09
12118.86
12700.36
13136.79
14574.07
13092.66
15992.16
14541.76
16060.19
13793.98
18654.14
23938.26
18794.06
16921.26
16183.54
16198.61
16822.51
18627.43
17170.53
11563.27
16393.27
12993.99
17027.13
15632.66
15795.76
15011.11
16375.76
14293.94
17847.62
16517.11
11989.36
11349.92
16227.92
12503.53
11235.25
13719.11
15864.03
16648.15
16186.63
15265.68
11265.25
9769.015
16765.66
15188.6
16620.3
19390.99
17193.03
13536.25
16764.88
12696.96
15441.73
12995.77
18080.83
15739.53
14380.75
17196.61
14030.35
14578.03
15056.8
13480.7
17142.86
11656.82
13157.37
12262.37
13901.35
16279.32
16329.26
10073.91
12477.22
16918.35
16423.55
16171.63
14210.09
12216.2
17306.87
11766.52
13558.39
15608.84
13926.33
18064.68
14864.89
16141.04
10391.37
13825.09
11503.38
15972.45
15971.46
17062.4
11484.6
9818.818
15268.43
13538.08
13183.14
15772.3
10575.85
11557.42
5989.037
6284.067
11771.97
11073.09
12421.01
9519.836
11684.41
12486.58
20509.61
15494.14
8366.397
9235.253
9118.519
12349.79
11918.55
14359.91
15089.29
14364.16
12809.62
13604.37
13123.15
18374.37
13980.62
16302.75
10840.8
12831.87
14824.95
11706.63
16880.86
14650.5
16953.86
11959.17
14844.98
15618.16
17973.13
17063.03
17594.72
15250.74
17722.25
17808.26
13911.26
15595.52
