22709.2
19662.75
15024.05
20838.9
21606.81
36447.17
41442.87
29581.51
36373.47
34606.67
56279.78
40951.96
54980.7
41839
46535.83
49505.7
43968.47
39495.67
36980.33
35364.35
34014.79
31993.55
52187.78
39740.18
33323.22
38162.85
26355.16
28531.23
31888.59
31250.68
36703.02
37643.68
24588.56
18315.94
37735.46
20802.18
23353.11
25615.4
26270.88
35491.41
44470.01
49406.16
27023.28
32238.74
25527.54
43460.95
31680.43
30301.54
36109.18
31072.11
30335.99
22476.19
42425.02
44698.99
30037.99
27460.77
52208.29
41531.7
45847.58
25068.05
28237.55
43875.78
36639.48
36913.5
41998.04
56538.14
40264.45
24181.67
41027.94
45483.99
33881.45
32617.81
38150.01
34012.92
34412.45
35248.31
19475.39
18686.11
19514.46
26336.51
23077.6
34797
41765.31
20856.94
28115.3
33801.88
40078.82
38790.25
35191.85
36802.42
41801.72
39813.68
45050.31
44458.6
46599.65
46382.2
32994.38
35204.64
30613.7
43751.36
36533.13
55415.52
45228.43
39964.25
22822.99
32393.91
29500.44
46594.96
40735.44
50497.93
38438.49
40584.4
37609.65
41125.45
35011.09
28353.84
41982.32
41001.31
31103.71
38580.11
34862.68
27348.76
35506.11
23217.35
18788.48
24723.56
23218.7
28802.07
30396.49
36894.55
20594.28
37152.12
47555.02
30658.16
31321.27
27450.26
26916.3
44429.59
48256.2
28871.17
24840.7
35855.61
26870.4
12511.05
30928.24
38425.04
25910.75
21704.74
50626.01
27521.84
35996.67
31820.31
31932.79
32186.32
44690.62
53572.43
45363.28
41761.98
47341.16
38269.35
42932.78
30472.23
17609.15
23264.62
17433.99
17910.45
18291.56
22439.64
26733.22
19911.14
40225.68
37208.42
48106.47
22351.77
29652.96
21827.62
49323.69
49857
38575.46
33077.99
27028.28
26888.13
58252.82
48949.04
38166.44
51392.37
49751.73
36743.03
51823.85
40590.6
36601.82
46046.92
38662.7
25583.4
36283.3
47476.4
33231.66
35565.5
23313.14
30493.43
40517.2
22362.3
26328.05
31485.91
28409.53
37945.62
46328.74
42165.11
59530.47
35801.05
37744.02
56966.56
41310.13
43135.81
48439.76
33640.61
41440.31
58991.11
42637.36
40767.49
53344.1
46622.74
45415.34
42347.23
42063.6
28426.99
34517.64
31535.85
45786.51
33569.86
25826.22
35260.15
41455.59
33228.91
32126.97
36555.78
34198.19
47262.63
42207.4
34634.34
33427.24
48553.43
42846.59
24362.47
36561.64
47012.37
37934.98
33002.82
32879.46
23384.71
26049.36
18244.51
30069
30091.79
34273.3
21285.44
14993.27
16377.07
29173.65
18551.86
20074.33
25137.64
27569.92
25198.6
27356.04
28094.58
31304.65
45629.82
51567.23
54489.4
42835.92
29955
45237.6
35482.64
35395.86
42269.14
33806.56
47207.55
47013.44
33074.44
37235.04
40434.34
28030.14
55432.6
40218.15
37031.52
37604.56
29043.49
48019.39
37663.75
48549.75
45823.61
52992.98
47847.88
37170.28
40959.06
47417.45
35040.78
42000.63
40563
39596.58
37507.3
25764.8
17471.33
33273.52
35539.14
35099.37
22985.64
44250.01
44961.91
48592.74
48398.73
42563.68
48921.54
34605.9
34392.07
52934.42
28894.33
31531.97
30460.92
44438.61
30880.63
49522.85
50297.72
51974.29
41940.01
51340.39
42786.81
50877.79
52810.46
35527.45
48973.21
36762.1
50662.92
49217.17
27297.63
34779.97
41317.51
35702.41
44528.45
51336.71
35621.72
22654.46
19991.06
35068.78
49295.8
22335.51
21705.63
28438.04
16867.61
33532.39
29098.24
41509.17
38588.76
38828.73
35560.87
37844.99
33944.62
40404.26
44534.36
32737.46
32712.16
24908.69
24721.21
32798.96
39968.47
33407.5
39330.29
43302.13
37914.74
39994.62
48190.7
63090.88
40060.3
37227.13
44360.97
32185.44
27686.64
27758.8
32134.34
42398.66
49032.4
41513.35
41377.45
42913.82
35888.14
46779.63
41461.05
36581.21
30038.48
35151.88
35563.16
29070.69
50541.63
42901.49
44496.45
47769.72
42234.43
41082.75
31442.81
51679.07
44257.38
33873.14
33050.11
38687.77
32601.6
35913.66
46096.64
56751.69
50802.51
46140.04
39547.1
44425.26
52791.19
40851.72
57450.28
61742.88
53541.67
51799.85
52064.8
34662.21
25128.74
39702.88
39921.19
39569.87
50676.47
37529.17
40534.74
41517.08
37949.38
30686.02
35149.78
43924.86
45719.82
48015.33
38158.51
29250.89
34948.96
26750.8
42822.13
28986.1
35089.2
35534.83
49921.7
42351.44
38111.42
36809.19
40024.9
48794.52
36311.55
46681.53
46335.37
39606.28
26317.12
47359.49
35955.41
44530.74
45725.65
26214.67
37466.22
19847.38
43782.88
47530.25
30976.22
33654.35
52542.76
53132.62
42361.04
36017.58
44752.33
55078.76
40324.46
43821.26
45594.72
38365.83
34798.99
37236.83
35087.89
39153.24
46682.59
39896.95
42794.65
54774.88
55484.43
34497.23
27254.95
42048.32
40186.43
31620.31
41699.47
40618.24
36234.48
36277.44
20765.4
32687.68
25319.78
36439.72
35727.9
43023.31
43468.88
43829.62
54654.01
39921.04
42925.01
50877.65
43708.14
53630.07
40913.96
37302.21
31606.92
33621.91
44534.77
44892.35
41468.44
35715.03
38421.6
27191.78
62139.68
44976.57
48204.63
37557.89
29007.65
44050.64
37197.98
54876.53
28937.84
36742.83
32435.67
31588.38
34079.51
38221.11
43905.84
35643.99
34990.46
38621.91
43750.52
43025.18
30127.67
41730.4
48089.57
46128.83
32349.89
47810.72
44555.09
50078.15
48505.61
40293.21
23913.81
24587.03
43736.27
43934.4
50725.86
33193.99
31617.81
53487.57
40708.61
38190.77
40450.17
41598.16
29481.07
37811.08
38517.8
39834.38
73604.52
43612.84
52184.01
47724.39
33665.78
26613.26
52904.61
40946.45
39175.51
42714.27
38335.06
45509.11
32297.09
53050.47
69155.6
35027.13
47381.41
42895.6
37439.86
59875.93
41957.98
39513.67
41306.44
32732.82
41672.28
41994.98
39143.08
32224
36695.04
51838.72
54343.83
39787.46
45957.06
40566.26
29369.42
19171.57
22822.25
14383.72
20343.54
19858.03
25900.84
27422.35
27055.39
20849.67
20223.83
46885.24
39908.25
36247.78
25470.63
48950.76
35766.43
28180.95
46769.31
37363.87
43945.74
45555.83
48085.43
39077.4
51088.09
30270.89
50190.29
36865.97
44052.94
43860.05
36978.82
40698.88
31926.81
35541.61
41439.69
35561.4
33006.03
39421.12
43019.11
53243.95
41280.59
50657.11
42666.74
38364.02
28486.76
40738.93
40789.08
39383.63
37320.49
35801.2
38048.73
41488.25
34168.14
24459.03
51320.97
47415.06
36444.57
41315.75
29422.17
44766.83
41502.25
40505.2
48978.54
58471.05
52143.42
42500.36
44265.85
42626.43
51737.64
27115.12
41840.66
46747.41
44496.98
50681.75
48067.39
41527.11
41518.66
42311.42
27589.4
37069.18
46080.91
41569.63
48745.04
33825.09
36860.98
33997.63
39316.61
28962.85
35752.88
39810.13
40298.39
28564.69
39044.91
31473.08
23437.31
22015.54
24119.24
20480.62
18701.52
27402.71
18262.09
28953.15
47434.91
38457.07
49651.01
43021.65
48434.54
44971.01
39324.35
23728.69
29465.4
39651.45
67407.95
34294.36
30222.85
37486.42
42611.99
59626.06
33498.04
40816.57
80849.36
39156.29
55609.37
49953.76
41334.28
41734.03
48417.54
47841.77
34390.41
24817.51
32450.41
32603.74
49847.76
34611.15
36501.2
37792.07
40296.59
37778.26
42161.92
48521.3
41941.96
32510.84
32268.1
39163.95
51067.05
34948.03
34779.43
37779.15
33352.53
38512.42
32708.33
39429.41
33860.59
45769.35
39650.22
30978.29
34505.55
49930.88
27444.92
38203.46
43259.22
32550.57
44153.71
38323.05
44518.35
41362.62
38194.05
44312.02
45755.94
54796.5
50865.62
53012.11
35933.74
34994.82
33475.07
40812.82
36509.03
29543.74
26092.63
33392.78
40618.52
38097.08
39387.3
56445.9
34971.01
39033.2
46729.4
47159.25
43487.83
42969.25
37947.71
25419.48
34903.79
46687.33
40273.03
43396.01
43255.05
36883.07
37990.77
37821.7
48127.13
42349.8
34856.09
30986.66
23120.12
21763.49
37199.19
33514.12
46414.94
53386.01
48946.7
42133.55
28135.81
32785.44
48182.64
32890.73
46306.88
39908.95
29374.09
41007.31
40846.88
66930.21
45424
35050.35
36618.54
32907.38
36201.43
39169.34
44593.08
35453.65
43026.2
48021.82
35881.28
30225.04
36769.27
41035.32
55533.3
41538.51
44807.44
62090.46
45877.84
39742.73
38934.08
45763.32
39361.66
40852.17
44510.82
40841.17
48755.81
45225.63
45114.91
37762.93
54929.05
33956.45
39519.65
59305.72
43422.9
33613.09
31209.27
59322.13
39015.52
52104.2
61212.09
43233.88
56596.83
34026.39
38034.34
37958.28
37620
37667.37
40876.21
40340.75
47518.21
49263.8
51215.45
46088.66
51696.31
47404.36
35662.91
54163.22
35385.8
33640.98
42458.77
30412.34
33462.42
40552.54
49293.94
45139.1
36951.39
50036.02
48472.93
36142.06
42912.12
37215.84
39933.28
52176.63
35439.12
43231.57
42623.4
54371.04
47822.27
54041.4
38714.3
46506.22
37203.27
52263.73
51870.47
46517.56
43340.46
38483.81
53869.62
50637.62
52701.24
43432.07
39035.55
37611.9
70240.94
28811.04
41312.24
42438.74
42463.34
25393.96
32376.5
42635.11
39704.02
34272.51
50220.49
37187.66
47001.35
36211.09
27307.96
39072.45
51391.59
48097.02
51018.94
45064.2
32643.73
34812.52
43377.81
44267.23
44527.36
60903.1
46952.96
37626.59
39844.74
38301.13
43188.66
36912.43
45980.16
48990.93
46410.81
41716.42
40995.68
39056.59
51616.4
38702.61
45090.69
44833.38
52611.89
44318.35
39696.9
46419.62
39706.47
46237.29
41605.55
34351.37
36845
48021.84
59918.42
46615.17
51716.24
43127.12
39360.58
43032.63
52226.63
40576.67
48975.68
52103
49555.01
38566.18
25337.69
41764.42
46498.29
55970.61
40255.24
46325.23
43163.27
42760.23
39843.24
38892.12
41756.98
34009.72
44790.38
40321.86
29379.46
44028.73
50905.88
53592.41
44637.23
39832.89
40480.25
41170.06
44456.98
39061.36
39701.49
48350.58
65698.97
43790.84
44523.2
47066.1
42302.1
42516.8
44928.81
56659.22
38666.14
41826.51
38729.3
48729.93
35018.36
41533.18
44734.25
55647.21
50377.22
36913.82
44096.52
36115.99
48427.56
31256.78
37376.03
30909.97
39353.15
45061.35
50507.49
37625.58
37476.49
47138.5
30841.69
30388.98
41959.33
55980
52683.04
38683.26
32596.68
39220.03
46181.53
34512.77
40934.62
42206.04
57264.4
53623.97
47249.56
31623.91
49618.52
51297.16
54280.59
38502.47
40176.76
48210.46
33064.13
38208.42
40592.61
48104.31
39542.26
51294.38
50168.91
36383.92
45452.81
50843.83
44776.72
36006.42
56731.96
43636.29
45906.18
44298.17
41261.24
48648.88
44282.42
44267.83
61951.43
36360.67
46311
43747.82
39545.89
54211.35
52580.49
46156.41
46321.96
51993.42
48930.17
51414.57
50462.5
40537.65
51695.27
35173.18
40189.71
29813.57
36125.12
43668.87
41928.26
51649.63
47556.81
51974.56
36221.19
53204.46
62572.94
60419.21
57825.19
38109.7
44884.57
44345.92
43394.35
50560.65
40744.96
36225.61
31723.43
41466
36791.34
42724.11
44778.62
39936.73
50121.33
54541.21
35985.23
42776.07
54619.32
35130.62
37206.81
42605.32
45981.03
40738.42
48386.76
49706.57
37047.83
55861.2
35916.82
40316.23
65142.59
56910.24
66112.9
50274.61
44478.04
40311.81
47791.68
34670.28
29192.89
44458.19
37016.67
40446.48
53620.31
38623.14
31993.47
48004.92
37923.05
41985.24
33449.85
62838.39
52090.36
34266.16
41669.51
64193.8
35036.13
49632.05
43764.94
53848.81
49267
45846.38
48592.4
32496.31
44021.03
50555.59
41358.13
39288.02
45696.23
39794.72
46827.52
37114.23
50895.54
50150.47
51342.81
29426.24
42988.38
37892.45
46934.51
46201.33
41358.97
41000.34
36416.05
50753.46
39608.64
45754.22
42348.79
43458.55
48423.2
48942.68
35918.33
36948.31
39215.76
46667.6
48525.84
49896.03
43672.76
45109
30749.24
72403.54
48892.44
46612.86
53602.05
36001.95
48746.63
49540.96
43610.53
42238.16
50346.95
52979.58
55295.78
44385.86
49111.53
38921.73
60180.84
52882.97
47851.51
37254.01
44289.79
42746.14
39966.18
41909.04
39139.53
38417.44
38196.37
37088.01
44962.65
46639.23
48784.46
47218.15
29085.94
44243.28
29136.73
37448.44
44457.02
51564.86
42966.43
39576.63
48311.99
42203.22
38953.97
41651.56
34501.58
51680.66
31376.05
42514.28
39781.88
31954.88
35304.63
46752.82
43149.78
45662.33
45838.01
43809.77
40598.67
52084.72
48474.15
43608.7
50066.98
42653.92
58019.84
42042.96
52555.1
63626.14
52605.87
43714.95
36432.68
43874.53
48360.8
43420.28
39737.59
38321.44
45021.69
46131.88
46125.73
33788.07
34734.66
44920.73
46675.44
35833.66
34822.42
39083.08
42032.73
44058.85
41041.07
32636.17
37374.83
40735.7
46862.79
36717.94
47157.43
54583.83
58434.7
46626.26
54271.12
42263.93
43091.16
55275.98
49945.1
46430.58
42401.57
45066.55
42644.76
47167.28
37621.38
45047.33
56584.27
42326.93
46249.24
50004.13
46750.37
43733.21
47108.93
61274.91
43238.79
42653.44
53025.84
40919.66
43732.77
44717.29
35722.59
49782.51
32380.08
26515.59
35951.85
38924.67
39563.81
27112.27
38271.32
42595.28
49916.73
46249.37
39254.66
35402.4
37617.17
38466.86
44036.87
44202.56
43657.43
41827.18
29420.15
26436.99
32566.06
48250.68
47402.99
36336.78
52795.43
55095.13
44932.15
49176.15
41631.98
43595.81
43630.35
46183.59
54526.23
38662.66
39914.26
34055.18
31595.43
53023.28
47812.4
41987.65
47423.84
43237.25
40351.91
62424.42
56445.23
35222.31
44726.07
45830.43
36635.79
37258.43
45655.29
35276.68
50298.25
32621.01
28073.04
41293.57
45294.41
59235
40774.34
49544.24
35980.18
42723.13
35925.12
37396.44
43837.56
47533.7
45283.76
37188.29
37111.37
53655.11
50205.39
42685.01
43023.04
44301.63
49914.5
52827.54
45049.1
57241.95
46528.19
37575.87
52034.53
33894.38
51220.61
42224.77
53176.99
49140.76
33784.41
34264.59
43167.55
48822.14
38316.46
44137.06
49895.46
44611.33
40211.69
43809.37
47613.66
34540.78
37897.38
44881.87
51762.49
37931.8
36953.69
41471.74
49256.71
42918.91
37198.41
43362.74
37732.75
43357.8
45387.26
33978.94
34193.37
42924.79
37728.28
30601.67
39260.02
43889.84
33564.09
44726.14
52560.12
45795.26
42985.02
61089.19
47434.42
56031.8
49454
35131.91
37972.59
38305.04
46106.32
52718.07
47074.56
44627.35
48424.78
41783.43
51500.03
44313.07
50415.89
44758.64
40843.86
52819.08
46557.86
50650.45
31731.09
35265.55
47123.04
45029.52
42941.76
53579.47
53081.81
37074.92
41266.31
50946.08
44892.6
36701.81
52470.09
49458.66
38118.37
35904.39
37226.3
52646.11
50621.81
45972.12
34098.96
46448.66
36114.81
35982.87
72132.59
38533.65
54479.01
54083
52675
31902.31
34128.97
29377.79
33567.28
45183.11
46840.69
44499.8
41763.17
37342.72
32865.6
28019.33
29887.03
42918.11
49005.64
50851.36
45395.79
35650.59
48260.19
40958.4
51979.37
45997.49
33646.2
43892.09
49601.12
46273.06
31100.7
22186.68
28939.66
44996.68
37521.47
47429.23
39869.18
35783.01
49464.18
33325.86
46162.09
42318.61
42758.53
70869.06
51192.36
46179.46
37574.86
51388.45
51323.06
56231.81
45936.77
46671.39
42483.77
46025.08
42483.69
47232.54
41000.64
45950.57
28676.43
29003.25
26698.31
38341.79
25021.92
49494.22
41648.24
47400.08
38341.07
36427.61
46940.51
51303.98
51167.05
46407.67
30003.83
34728.4
38233.08
35226.32
48102.68
26402.91
46168.63
28252.03
39264.94
44720.38
45615.79
41925.73
53857.9
47187.11
53301.66
41562.07
33663.43
35855.82
32767.76
59635.38
39343.48
34993.98
50338.38
38902.93
31840.26
43067.14
44659.32
33412.66
48584.63
46568.19
51150.64
54591.25
46963.4
48323.92
45256.2
41579.95
43918.97
48860.58
56009.01
42897.5
41965.74
50861.63
48776.94
55558.22
38925.25
45869.33
48344.71
52927.55
33786.62
30509.93
61991.08
48173.12
47745.2
32465.21
52084.87
46020.34
33784.92
25094.84
37353.01
40017.12
42843.8
59243.73
35891.94
28280.58
23494.48
26332.75
29430.46
20557.45
22256.73
25679.17
18642.16
30467.38
30698.39
39810.81
38491.14
43237.06
40153.37
36444.05
42214.35
41753.24
44850.11
39553.05
38883.86
26520.2
21921.13
28872.84
27856.48
23263.21
33761.55
42024.49
37639.95
50743.07
38786.62
56197.27
36215.2
52456.52
54795.6
39039.52
32677.61
37136.65
42314.72
41424.57
52240.43
52376.1
43235.62
36881.77
36066.62
41327.21
34171.81
35742.02
45112.25
43967.97
44701.04
33406.53
50104.2
47191.87
44122.69
40366.44
47715.87
55636.9
48092.06
52822.68
42841.51
32642.65
37198.55
53102.82
40081.38
43098.36
64005.37
41662.53
40251.8
40097.12
46901.46
40748.04
37099.66
41612.36
38054.46
46663.81
38880.29
49573.84
36826.8
38192.99
25527.67
30712.28
49699.14
34304.75
32808.82
45391.28
48242.06
45143.81
28062.03
37944.4
42548.1
43225.13
48969.28
41805.08
58728.98
41853.09
51459.55
48763.39
40657.34
41288.33
41298
49965.29
44123.2
32738.25
38880.72
58946.35
52943.91
40907.27
40740.27
47868.59
46876.32
44134.35
44070.91
46052.97
46118.67
44806.9
41822.31
40197.03
47307.28
51754.12
43566.36
38618.18
58024.39
38699.68
46381.15
39462.59
38306.51
43234.15
42910.53
39503
41122.44
57075.19
50624.96
43565.04
50190.76
29352.75
34950.5
45651.04
46293.19
26306.29
37889.31
47554.18
37103.6
44805.93
58329.75
39714.33
51792.12
46905.56
48047.9
58113.87
38243.52
49852.39
45382.37
53304.62
37334.83
48380.16
40583.04
44545.62
41693.96
45983.1
28869.6
36947.81
21916.57
51375.15
48521.55
33614.43
46769.76
51953.49
39447.39
46546.77
60901.16
53462.99
45759.79
37501.09
32589.43
37107.85
47406.95
41049.7
41714.66
41712.67
44247.8
47954.34
48295.24
52391.31
38623.41
39927.39
38648.74
45414.79
38163.62
37842.31
35451.76
45713.28
24277.97
37253.92
41695.76
46760.87
50840.1
32233.68
45509.98
51357.17
40464.9
42336.02
37176.67
43553.16
41439.21
44354.23
53884.55
43430.05
26651.09
46190.8
39453.62
45044.57
35709.98
41457.41
48036.28
40201.91
33128.86
41242.5
34008.76
39636.83
42138.51
33290.53
47502.07
44427.01
38354.5
46047.14
37123.73
28319.59
44740.24
43494.94
46134.34
50489.87
36881.72
39914.89
59337.73
46288.01
34626.65
46602.22
56059.1
48096.53
47877.15
43138.09
42858.44
47275.53
45995.96
44942.32
34082.48
46109.33
46115.98
41671.03
36367.68
35851.72
45527.93
54563.62
41876.04
51222.03
45355.07
39139.26
31841.69
64550.84
30317.12
36370.18
26796.56
33428.15
29007.33
31041.94
40109
44015.47
48171.51
44481.44
45869.4
42446.61
50058.73
42496
42425.29
52104.88
36943.61
48535.2
69000.89
43553.8
47830.31
47034.91
37312.5
47206.57
32621.32
29233.54
29806.64
30386.02
24778.32
32419.24
40932.88
39803
30599.94
56627.21
42924.91
53188.61
35881.82
42288.66
49627.41
52151.03
46471.43
36550.67
39643.12
47025.02
41486.53
41471.26
50259.63
44294.98
58868.37
37865.04
39132.17
53864.52
44095.81
49150.06
34430.72
32004.66
41209.91
40527.38
41137.2
44589.27
55609.93
40582.49
49490.88
46618.04
57830.45
41284.45
62974.46
37330.78
41292.26
37814.86
48028.53
39129.19
31467.38
39848.48
40928.2
55758.35
43122.27
39886.64
37060.56
50783.73
31523.86
38485.33
44106.5
43928.78
50149.49
45905.63
56783.08
35863.37
47584.1
41590.08
49677.41
48522.37
53278.42
41757.76
37903.56
53772.15
52516.69
56271.06
41225.17
54891.33
37055.57
49759.88
38781.09
33435.66
51295.77
36398.07
34258.59
40580.64
44017.61
50822.54
38646.97
46557.75
42397.22
45334.97
42507.05
28067.26
29353.72
24952.3
36331.58
40251.35
46789.24
45467.65
38666.23
32437.47
53962.39
47460.05
46219.31
26200.94
27303.94
28464.47
44920.49
37788.05
34426.28
30807.49
36894.51
51720.13
31518.12
38835.07
25105.59
57660.79
45018.69
35903.37
37931.64
46692.74
42202.35
41673.38
53283.1
37349.55
30756.59
52747.5
54322.07
28464.21
40892.36
18499.64
33449.56
49301.47
43572.29
45638.4
38620.66
43308.21
37686.57
49070.52
50218.73
46606.72
45306.15
54782.88
58408.6
44171.61
37606.52
43751.34
42112.52
33620
45164.47
47497.42
36910.01
41080.97
47706.35
54688.8
34532.81
48981.61
38393.85
39015.56
38518.01
29841.51
31465.11
41112.43
40164.9
55587.71
43650.09
39079.54
42909.34
43443.06
42381.9
33884.87
31984.51
28208.37
35345.65
48919.41
41071.5
45687.57
40757.1
37524.66
42986.76
45242.89
32996.24
37894.15
49121.8
37009.24
40225.49
36865.26
47288.73
47913.22
44356.47
36800.02
44692.46
45942.57
43661.91
43561.67
39621.88
40950.7
45412.96
39974.59
42485.74
44985.15
44125.98
40167.33
64766.84
43438.41
48472.6
31342.18
39164.77
44592.03
40621.19
47084.39
38328.49
58160.81
39337.64
54273.98
34884.43
34658.1
36730.02
47579.3
46701.28
41990.53
43077.39
38114.51
36884.59
43948.34
48679.1
30630.66
40914.94
38596.55
40353.42
39105.92
32711.81
50119.35
39220.37
59267.61
38796.18
49512.97
41816.98
46061.01
53274.37
49046.04
48198.03
36777.79
28653.24
40832.77
51329.62
48236.48
39032.71
48709.46
43707.54
44932.09
45206.69
39155.28
46353.1
31480.52
45557.18
57719.55
56675.16
41421.51
39314.17
31950.09
53543.36
57999.7
43414.01
46253.93
44331.32
40787.9
42696.66
51632.71
50412.97
43486.16
34120.79
46178.36
47400.58
60346.8
42451.25
51828.39
38700.58
45306.37
40904.43
40516.68
28569.59
33894.26
26569.09
37002.63
45016.26
52021.35
44646.32
53101.53
48435.52
60955.16
45048.97
26649.92
31592.8
30387.31
31774.49
28848.87
53498.7
36020.05
59214.46
38085.96
32229.97
47017.52
30351.11
36596.06
38816.29
38968.26
40692.73
41531.85
40426.26
27890.59
41977.78
42255.6
28288.84
25515.18
43267.99
50027.42
35056.95
43793.88
42657.92
29915.58
39153.09
28672.25
39783.99
51056.38
37073.17
40253.05
34627.6
42090.36
41610.7
35843.37
31428.6
43806.39
38810.33
41093.49
52056.05
42299.26
35837.04
31955.8
41344.6
52384.32
30811.7
44231.58
43335.8
54175.44
39044.75
40150.23
44446.26
38925.49
20641.42
33150.95
51806.42
44177.36
32478.25
37143.98
23552.91
44292.99
31479.56
49408.3
29849.98
42530.37
40304.6
42665.89
32881.39
33992.91
37835.31
38372.8
54549.08
47482.83
37728.23
50000.75
41982.88
41495.55
32757.32
34136.64
48804.95
33664.88
51487.01
35892.29
30412.47
39877.32
23497.72
15921.43
18290.56
18911.81
19028.14
30589.44
28946.95
46712.17
35439.8
43480.59
46832.29
39076.7
33502.14
49423.21
47813.43
52053.78
38795.64
35758.03
45429.89
47971.81
47354.17
44803.14
40559.68
44921.54
31819.74
54742.03
42927.11
39129.88
44065.16
41009.91
48358.64
37757.03
40713.71
45262.76
44789.65
52224.84
43912.44
40484.59
43703.1
34551.5
42800.55
36600.53
32880.3
49919.43
41722.22
42459.99
46222.84
40373.31
39248.47
44583.36
45964.85
35610.65
49669.26
39818.3
42710.85
40574.97
32386.08
46473.93
45202.09
33698.41
45262.67
40712.54
38997.85
52356.78
38755.01
43313.32
44842.14
43947.08
53115.61
43584.53
46832.3
30276.63
44142.44
21577.23
26138.8
43210.41
40240.89
51779.6
36224.18
38590.2
33827.58
44861.28
48824.14
40233.85
38418.85
46148.59
42596.99
38732.79
35992.54
41388.31
58022.45
52143.8
50081.52
50834.8
41010.95
52430.18
34740.96
44989.79
33610.49
35051.1
39521.37
42533.42
41862.06
45089.95
44856.19
45509.83
34699.63
27462.83
29283.49
36300.21
42800.17
37137.72
32651.53
30493.68
31570.8
38672.71
37654.59
44887.39
34468.72
45566.16
37455.53
36295.86
41216.25
36018.39
36604.77
46185.26
42288.33
47076.31
54384.3
52257.44
39701.82
42607.06
31666.17
44215.02
40509.28
33036.3
34769.66
38224.1
32775.94
41284.58
49863.03
56829.15
36028.27
36093.76
38653.61
29539.31
33748.34
35615.73
50583.81
42324.76
52741.67
34258.88
31803.67
38471.59
41634.42
46370.23
43150.36
62957.68
43463.03
39174.53
41472.8
39997.61
42889.26
39929.94
36385.02
52305.59
34440.59
34343.28
33601.68
42753.05
40340.09
42293.78
43455.17
33866.85
42931.58
54513.79
48046.4
52708.56
33749.7
44155.14
45844.34
35915.16
39159.72
35888.43
38298.07
40207.38
40088.69
42419.54
36313.03
32350.18
39999.67
34519.49
53441.24
56194.05
42610.72
51833.15
36688.52
39721.67
38942.68
44063.71
37522.4
61681.67
40059.09
50472.28
36399.45
37765.39
31845.75
38509.9
36026.33
38489.28
47874.43
27871.02
41306.68
34519.58
65915.12
42004.39
42034.61
60474.02
42093.65
42785.05
35051.95
36383.33
41306.03
33862.51
53156.23
52679.67
54085.64
37672.38
38786.39
26131.47
30831.08
22565.06
33006.91
38354.92
52292.43
39407.47
39950.15
44688.38
49841.08
30703.56
37682.67
31579.18
45797.21
45398.35
45459.84
42232.55
55882.24
47686.07
43156.33
37923.5
37498.9
52090.13
36453.05
55507.42
42322.86
36208.32
31285.24
33526.7
47054.01
47860.36
40535.66
42384.36
42149.99
37981.55
46146.36
43889.24
44199.02
34934
38780.05
29952.12
35656.34
53605.47
39403.13
42328.6
45822.7
36197.72
46043.6
46833.35
47097.61
38310.44
41533.43
44660.13
33005.47
35171.79
35860.56
49300.49
43713.36
43594.93
61098.14
44385.89
39609.72
36667.92
47089.89
30213.1
33828.2
38568.44
39420.47
43667.21
42605.57
51352.21
40837.05
39137.26
41486.05
30149.35
24462.67
48953.64
33885.27
55999.65
38760.33
44478.62
48955.24
51569.48
43993.82
57400.55
52306.55
37761.14
44289.12
41426.8
52114.27
36002.24
46941.28
53866.39
45203.52
66378.98
35064.51
40979.81
45751.17
49108.42
37789.59
40000.87
50510.29
39691.68
53657.92
46155.57
52275.05
41305.4
41325.38
47006.19
58321.73
34264.03
55628.36
51238.27
41533.79
45704.92
34141.41
50406.12
43990.17
48554.82
38013.43
41334.33
46797.03
39706.66
28817.94
34242.29
35119.57
25990.38
33365.51
30404.05
45724.29
41300.24
33170.86
35719.29
40831.49
51088.27
39831.28
47288.62
56745.91
47253.57
38970.09
44292.98
46431.13
41598.62
33389.63
42173.16
48364.94
56861.58
26146.65
25695.45
45660.46
50363.34
50477.53
45699.72
49351.7
48285.86
46666.4
42680.78
66810.14
41318.16
44523.01
44490.18
51555.66
46325.69
39593.87
39518.58
48517.16
40554.83
29282.5
43064.59
48773.79
49318.96
30012.57
39710.83
44633.26
62682.78
44531.59
47268.73
43555.03
44007.21
53295.63
42063.58
37808.69
39552.31
41171.34
50518.98
50942.13
44597.19
42007.67
40014.35
39482.71
27793.6
39451.7
34135.11
28753.28
45632.91
44076.16
40591.45
44631.98
42537.05
44251.39
61842.57
45574.36
41352.23
50935.93
31371.47
36363.44
42585.71
52074.84
49176.56
38300.66
52865.36
45981.2
34133.4
35736.03
27454.58
29118.56
27287.22
48407.8
35148.67
28421.85
30757.53
46715.14
40767.93
66567.91
73784.26
39052.53
58640.45
42512.47
48922.63
41440.35
62500.46
42767.11
34752.78
45654.75
33061.21
30845.32
31739.84
41763.62
36718.21
38914.06
46298.47
53140.33
52055
43485.13
28825.2
42581.78
41082.55
43636.09
38134.29
52832.1
40052.12
58637.41
39523.21
39230.65
38862.68
40378.21
51444.8
43111.32
55559.07
42578.98
48320.49
41986.89
33775.08
40958.11
49980.33
32167.44
32947.06
44908.99
26336.01
33217.18
42818.94
36091.68
37789.15
43697.93
50380.4
38640.98
43490.35
31864.89
47690.67
37948.9
58521.53
41781.3
46733.86
47346.25
39359.32
43624.94
54672.83
38215.89
28524.36
40008.54
33895.02
29155.75
32253.7
40022.44
56174.32
39152.22
45848.13
36733.56
47262.83
42353.35
45956.11
46298.57
40641.53
43178.77
61825.05
54930.07
47887.88
42517.45
38840.36
41351.11
42184.28
57271.57
44162.37
44047.75
44763.55
40084.66
39305.01
38134.23
43495.2
53862.58
48453.41
27416.03
35134.79
37062.75
65739.15
53381.84
46190.31
38107.93
40966.34
47658.2
28260.66
47921.22
40795.61
36312.21
55931.83
53011.05
34770.97
53849.09
43573.31
51165.88
51374.42
44057.93
45872.47
59164.28
52824.71
51886.46
46829.87
39333.89
46513.4
55321.86
40229.52
56154.36
52516.31
42270.24
50876.57
45012.87
55836.42
37450.26
48522.59
48038.61
44801.9
41426.82
45459.77
40773.21
31428.11
37865.23
46296.4
50353.15
41948.6
48270.57
40877.48
44326.5
63591.91
47714.21
51762.1
48516.88
31803.19
40653.07
53502.12
44052.6
50498.99
45371.4
37278.69
41996.29
35905.89
40125.4
40899.97
42382.69
39368.61
34208.9
46916.17
30652.33
39992.24
56289.55
40659.82
32556.32
26887.38
17388.08
17451.57
19211.36
18063.24
20824.36
24518.57
18606.06
22530.08
23137.07
24600.55
22836.4
27701.77
49414.52
36939.61
34441.03
51889.01
62974.46
43676.95
46874.42
47658.26
41215.85
47010.51
51173.58
38881.9
35461.11
45690.12
60006.02
32358.51
46874.12
52610.42
53846.79
49354.22
36177.08
52625.65
42466.59
36168.36
35735.45
36757.07
33182
37818.63
38933.56
42773.31
38683.52
37144.54
43193.78
44767.81
36750.27
33809.82
36478.06
45470.33
49518.06
45281.01
50136.49
29604.42
41607.09
47153.48
38921.53
50155.07
42415.31
52547.5
40001.89
50439.63
38055.36
41067.2
47019.34
52078.26
44483.29
55489.6
31807.15
34808.94
50777.46
52733.07
51346.82
31723.74
43011.73
41100.06
53805.01
35230.65
45104.99
38772.33
42355.91
48529.81
63753.09
44525.93
40544.06
40073.56
52378.13
46444.58
50473.19
44839.74
45367.92
50458.64
40605.12
57573.98
47366.21
46990.3
40137.44
38018.09
42814.7
38482.03
50698.01
35335.17
31672.49
42410.57
42827.87
39549.25
47958.6
50095.57
47612.86
42891.05
37004.37
46222.59
45200.91
43900.16
42517.3
42389.42
59328.91
53955.28
44709.69
45678.29
48241.22
46292.36
41732.95
50316.53
57901.22
47224.78
42225.82
38087.63
51399.71
45071.36
37526.18
47607.77
43937.74
42118.86
41539.48
55641.49
38445.89
32268.77
46588.63
39081.98
38520.93
45692.68
45865.23
31286.79
23922.52
39626.96
47516.35
45401.8
46739
45432.75
44615.33
45674.72
37459.82
48100.45
35574.44
42987.95
61126.45
36315.18
47299.46
33220.54
34708.09
42155.21
36879.33
36553.67
54425.21
51542.47
44674.99
40674.93
46112.06
45554.83
45440.82
41866.23
50888.68
39650.14
49026.31
62040.6
35950.29
31654.96
36893.72
46873.28
45742.35
36818.22
42046.07
37644.21
48275.38
51805.77
42728.68
57947.14
48744.06
39681.37
43397.41
44394.4
46056.17
51705.97
49308.86
31264.78
50598.61
55498.9
77788.91
48607.44
36539.55
58792.55
55247.05
53828.25
36673.03
46289.41
57516.69
40370.12
47443.65
39311.67
50543.85
46801.84
46085.93
54836.49
42836.15
44895.78
51942.45
40680.06
47087.18
41598.92
36118.44
40374.28
35273.4
40700
40661.48
36017.43
47856.24
45524.29
44954.67
46284.98
39212
38319.15
51526.51
39195.53
58638.75
57171.48
35266.22
51704.21
43315.6
60657.7
39203.72
52872.82
45487.95
44072.8
46965.1
51296.77
51373.45
47984.68
54559.22
40417.65
59229.87
53299.15
47631.79
52379.22
36364.31
49523.39
54105.51
44979.5
38618.05
48315.74
37769.98
31646.13
39842.17
45796.16
46415.15
59252.12
34581.47
53235.75
28995.35
39562.97
45951.91
36553.48
41031.5
47609.37
29585.61
46818.06
41994.58
44695.07
39479.67
52908.33
45554.4
33389.33
48691.09
37161.39
51946.94
46250.1
51743.26
45222.14
63390.31
41202.46
38972.76
43893.53
43524.55
38417.34
40160.67
44781.11
48487.01
62129.77
55729.73
43210.31
42776.3
39544.46
47138.22
37160.62
35232.98
50439.52
42339.24
37736.53
53497.67
39873.84
54598.97
40796.39
42088.24
34789.95
41639.85
45661.45
50649.71
41808.54
44813.17
42967.01
37701.33
54146.95
48765.15
36472.04
50588.51
38125.06
47338.32
48816.07
51580.39
36777.22
47003.43
43933.23
42541.88
40274.1
50193.22
43055.55
49909.85
45387.25
67392.51
36788.96
44136.97
53102.84
59996.55
52620.74
39164.01
46325.94
44187.17
45772.32
39292.39
46314.96
39221.83
43454.36
48678.41
47473.52
33040.87
48028.12
46669.9
36148.64
43756.39
32991.8
30452.95
25645.43
42032.51
46553.52
48356.05
42494.13
51928.06
40384.09
43191.65
42751.05
31690.74
41495.55
40571.86
54756.61
50671.87
36455.16
52619.91
30511.2
36436.03
44536.13
45683.78
48695.09
41531.89
45100.51
56833.36
43844.8
42338.62
49607.05
44480.31
34785.6
36221.62
43529.7
66881.67
44270.3
39555.21
45593.98
37145.01
43502.48
40629.97
58533.08
45462.4
40215.24
46115.58
37494.38
54778.35
36967.42
40007.33
43613.85
45905.08
55488.4
59667.63
46188.63
41782.19
57598.21
32272.45
31281.83
45974.8
45843.11
42118.05
49351.93
39745.26
41327.4
44137.54
45287.14
42178.88
33941.75
47998.5
41121.46
53736.62
40919
44347.5
32085.67
50051.01
55504.18
41813.5
43521.23
39204.34
51899.63
46463.09
41015.01
43893.32
58671.41
46383.87
53489.61
37914.55
48477.35
35807.02
43198.35
40202.3
40845.77
36438.98
31889.67
45357.02
44067.58
49452.75
46194.68
44424
45294.44
35444.47
36824.98
36100.29
47994.09
57930.88
38509.82
39083.14
39809.59
41825.32
45304.37
39196
44121.54
47000.51
45244.36
47720.06
39149.55
41758.78
49924.1
49333.39
30160.23
40432.24
44729.39
48893.69
44359.26
35438.28
40923.73
44610.09
42868.13
54407.8
49104.11
58029.94
41368.81
56800.07
64759.82
40505.9
25591.77
25700.5
11906.25
13321.39
23548.79
26418.52
25909.87
23018.74
23697.98
31290
43470.35
43778.13
59641.54
56848.62
46234.63
44684.63
49113.99
39624.14
37201.32
53685.34
48388.12
33329.47
48577.7
41497.73
42844.82
48945.76
36380.41
53354.04
35272.37
62274.76
36944.92
41999.13
39800.4
45604.3
38934.85
45033.05
38753.94
38012.79
49359.51
42179.34
50302.69
33495.53
35909.44
51869.63
40308.21
35000.5
36160.94
53464.89
42916.19
35765.21
40593.03
43150.37
47954.22
45344
48555.73
62762.38
39921.39
50057.58
44240.54
38477.3
45007.66
41766.43
53513.38
53345.86
42076.87
54117.05
49622.62
54280.68
41070.79
41648.57
48434.08
43899.78
32450.23
43559.59
48980.44
46859.9
44685.12
48143.75
38152.42
38595.55
41588.95
51346.94
64143.4
42786.74
30277.62
24887.85
23805.24
34618.66
51655.75
50390.68
34207.85
46366.28
47078.96
40623.28
42766.91
34293.21
41870.9
43376.35
39205.21
53946.98
48909.64
49884.61
50714.2
30167.85
37800.75
37747.26
49091.05
30506.93
25671.58
21720.08
39112.27
36040.39
40452.51
42834.27
44601.34
36301.39
44831.42
42475.56
47698.98
47781.81
35556.65
43104.42
41143.76
47035.63
35943.72
42571.91
55647.89
44083.24
46477.93
49676.17
41449.55
28722.73
28677.56
48400.39
41088.96
58686.07
47195.62
38191.97
44136.62
41785.5
34442.26
49956.85
34974.01
42716.87
42720.32
55525.75
48029.92
37451.28
23621.58
23236.55
25863.29
48077.5
49067.95
45988.31
27105.6
38484.65
56702.74
49230.18
50901.36
50618.92
43618.22
42604.36
54925
31110.1
51609.3
45090.88
44452.69
37476.32
33215.31
46261.79
43139.1
43555.33
35638.4
27097.73
36366.47
51576.29
42680.82
43682.54
34061.95
38856.85
47662.89
25723.81
44658.18
33475.53
42469.31
56581.68
44253.61
36014.48
39431.43
39753.92
31843.04
52573.87
38126.87
49164.57
25862.77
47969.03
41065.91
38183.54
30342.3
36882.55
24554.1
34258.17
40388.94
39116.08
41799.91
36903.26
35227.28
29443.03
29752.9
35686.38
40815.12
43604.11
30957.62
35033.94
38720.88
44131.9
36668.33
28782.58
43338.21
48037.2
36450.28
36251.66
48051.84
35014.8
35898.52
46831.7
44476.97
41592.23
35258.79
18299.33
43428.84
46718.21
40108.54
58362.08
42426.04
38526.53
37108.12
43784.3
48384.98
41164.93
53173.75
63661.03
42377.46
42976.47
47717.12
42603.84
25974.3
35497.49
43731.81
37246.55
29487.76
42069.99
52122.64
49377.73
41574.54
46445.81
37892.64
45419.72
49158.64
33232.01
46225.57
40375.07
43060.01
41903.01
35153.42
40194.42
33518.88
55526.02
57867.02
44632.13
41031.98
32264.33
43594.21
42164.94
41159.96
32981.52
23075.45
45166.11
49939.34
34713.24
55959.88
46749.33
43099.26
41621.01
39654.49
28870.09
40661.47
44927.54
33240.71
22551.44
27995.8
48452.19
39058.31
31927.06
21192.4
39458.18
55028.67
51942.85
43227.47
49234.54
41793.14
40431.54
22594.78
27117.01
29019.65
40451
39756.56
39017.36
30815.04
21808.85
49664.74
40146.97
33578.23
57523.96
46318.87
56233.05
36849.94
38445.84
49323.98
41538
40527.55
51128.56
44405.08
37781.14
36158.98
44533.37
46946.49
44953.96
34253.73
54373.8
51422.37
48178.24
48694.59
43774.16
60743.97
44836.77
44972.87
34013.14
33305.16
24359.27
25529.87
26480.66
17474.11
24080.24
35936.43
40499.61
46837.81
48384.9
47195.22
44126.42
44516.32
59305.77
49771.18
40036.86
44742.61
42244.43
33940.67
45417.18
51976.35
43851.32
49753.28
48574.55
36398.45
48621.73
40255.91
39423.93
54428.44
33803.65
33393.86
35020.8
28599.62
31182.08
30852.99
39990.62
38287.1
28747.11
30432.16
37302.18
50550.9
57914.42
45483.87
25603.49
25466.73
25351.48
53262.35
48694.25
49017
44644.25
30222.45
23142.07
31478.34
27595.02
34825.19
27645.21
44776.88
43964.12
49307.77
35062.18
50619.29
44019.85
51569.31
45449.32
51503.04
48113.16
38303.24
56149.85
47336.72
40858.19
37256.82
46065.87
50269.62
45342.74
42053.79
49560.52
51192.51
45231.4
48214.06
49431.31
36614.22
41432.24
26313.8
40386.74
33114.98
52489.74
34953.04
36965.79
39224.78
32217.18
41954.1
36452.68
34660.59
47158.24
43075.46
43825.74
47585.16
43271.79
43160.15
39542.98
50565.16
44722.24
37572.2
44341.7
37324.14
40179.22
38709.62
41974.68
37536.86
39185.74
47671.46
42692.76
47679.29
46197.15
41949.72
41646.56
38039.95
31422.59
53367.94
34853.53
44275.36
54490.35
46256.39
31365.87
34098.03
42620.84
27812.01
39547.45
44169.1
39029.3
40903.9
43769.23
32897.48
39312.05
43589.94
50233.02
65121.03
50859.88
54977.63
38539.9
19507.16
23312.3
31860.73
51648.1
39615.03
42838.19
35881.21
36780.73
36517.74
43210.03
45037.08
24497.31
31977.81
37035.59
38099.52
34491.75
39916.02
34379.54
34030.86
49656.54
48584.78
36094.11
32204.4
39794.55
61106.19
43916.51
40242.26
38585.96
38782
36843.75
50218.59
34615.84
30000.35
37204.57
40164.94
37954.35
37744.22
47495.69
43721.18
31686.89
36646.72
37521.27
39272.48
46877.37
47117.57
35734.23
38547.87
41611.43
37253.28
38457.77
40423.18
45901.19
44319.42
31890.68
41040.5
44550.6
31545.12
41044.66
37053.81
42632.13
35642.67
29382.95
35985.97
28385.76
27799.05
37513.27
22552.27
27646.55
31777.89
38280.02
33478.62
39210.68
42401.17
46655.93
31180.31
24995.92
22232.91
33191.58
37219.52
29721.09
37894.19
52035.42
33756.28
43597.91
53191.5
48225.84
49716.06
50782.21
51883.06
35664.43
33051.2
37988.39
47770.48
30891.63
47066.54
41110.83
56964.13
29530.34
38390.92
40309.2
41132.56
48441.14
47518.52
33805.44
28731.05
48748.94
31743.16
40351.83
42269.05
43551.28
42448.04
38846.05
46425.78
40139.92
50847.93
29603.43
27545.52
34587.42
42842.94
46965.22
45477.68
47616.14
29343.99
26038.41
30376.14
37148.52
43231.44
44803.42
39328.01
39079.6
42269.77
28498.45
31463.32
33579.68
45176.73
30716.98
35043.9
47673.08
57735.25
43380.04
42421.03
34321.06
40867.82
46432.91
50742.05
42987.78
56506.6
40836.14
67371.26
43302.56
47694.04
39005.66
38415.17
45880.92
36913.38
38912.2
40530.43
43542.47
58014.36
45601.34
46730.9
36948.38
33919.52
56010.12
48432.5
30537.62
35993.55
52375.28
55134.42
41341.31
43680
46158.93
60643.31
34831.2
22976.61
37370.92
47564.6
40500.9
31377.07
28910.9
31143.58
25518.71
43414.8
46602.01
37039.22
47668.82
55057.84
44998.71
29614.91
39530.23
38952.6
54077.72
47981.02
54837.2
45359.58
47786.7
37447.59
28984.15
26837.18
29512.17
39456.18
29197.88
32213
34046.2
34495.74
47350.37
39449.34
47640.47
44243.37
50068.9
54392.05
49944.78
30344.57
37980.37
47091.45
46326.27
36986.31
40058.19
53195.85
34757.12
40815.9
40419.91
50105.74
31070.61
54701.41
42367.44
40805.16
32628.79
32011.51
26142.28
34940.85
35944.41
31751.08
29765.28
25832.91
45401.58
36704.91
38922.77
39823.05
29987.4
46145.93
46982.63
42532.8
43063.64
55726
49369.85
43710.37
30416.42
19267.96
26242.17
23472.21
25350.59
21952.47
17783.51
26504.14
23272.53
18545.93
20730.35
19058.87
20831.88
27438.46
23003.7
32336.67
23340.64
17386.45
20994.6
19247.37
20202.86
14377.69
17108.18
18532.51
24264.59
35541.91
25650.28
38555.8
24200.59
43683.28
37727.15
40904.86
29341.54
28888.11
44646.22
38262.93
39469.11
53585.15
42103.65
45163.85
43572.96
43179.05
63541.18
36613.3
37058.36
50443.01
38776.8
37601.69
58243.56
50819.82
40949.29
32463.41
65632.47
24772.76
34991.24
35833.26
57638.43
50777.6
42992.29
47326.51
44329.7
48929.66
44890.25
57800.51
38788.55
36839.93
49221.84
28813.65
40331.53
42533.93
36444.4
35311.89
35860.79
43532.01
38950.2
43454.22
29237.98
37439.23
39551.4
35660.13
41943.6
38038.47
40775.02
43415.33
44940.22
32398.1
37211.4
26655.78
24286.65
32986.34
26645.54
23850.56
42146.77
41556.55
33853.73
40102.05
37675.96
50298.65
46272.92
51544.14
43069.89
35269.28
31681.63
61463.57
46689.77
49063.03
43913.9
38065.89
42308.21
36885.41
33631.81
34851.78
42387.52
42733.71
53332.31
29206.35
22817.63
23847.49
23804.93
35507.18
34676
38750.52
45602.05
51053.1
41895.92
50679.04
43005
44123.1
37718.68
49151.93
35628.09
40527.27
24872.61
49386.72
43880.38
30147.38
32385.53
44734.69
54492.75
33857.98
34125.6
42580.51
45751.11
39790.44
37054.28
47801.52
38873.98
50398.57
53090.18
38486.03
45380.09
40335.58
46796.09
31975.85
35952.28
40816.3
45255.07
36485.72
29766
38682.04
47503.97
42032.28
41181.51
48109.25
33470.98
22247.02
28858.3
42973.59
39775.22
50772.87
37286.37
31872.95
40405.72
52222.88
35656.83
56721.72
37518.22
35455.91
41106.75
37640.23
23675
33720.51
55095.76
37371.45
54183.45
31553.78
31557.31
30210.16
24084.79
33056.07
28529.44
49204.17
40347.23
48740.75
48865.14
41743.94
39199.4
45550.23
40956.34
36657.12
38554.96
39352.2
34697.43
51390.86
38839.13
39066.37
43242.23
48312.62
55197.86
32332.47
43380.33
32129.46
33951.74
49961.3
24124.43
21681.73
14316.17
24908.88
22912.46
24848.71
23368.77
25376.4
42346.05
49254.98
48073.16
42919.99
36471.63
23706.12
28240.38
18166.7
18614.39
35260.77
41812.7
37176.65
42935.71
47789.43
44114.88
57899.73
37357.32
40504.63
39301.39
47341.25
35804.21
41811.3
38957.97
33636.27
33228.68
49709.51
41255.97
41362.5
67822.95
45684.79
45497.65
50301.2
46094.17
41330.38
36245.24
31693.41
39330.28
29345.91
50727.16
31391.44
48444.43
31441.97
36233.17
37798.37
32594.97
54194.63
46386.35
35827.92
55219.56
39005.07
40860.12
31473.33
36398.46
47141.65
38138.02
41761.8
48529.61
26367.41
30534.43
54721.46
43166.72
30256.39
38396.21
49123.73
39160.31
54551.71
37701.35
42681.31
34125.91
43303.03
46760.42
28951.65
30919.21
34096.39
37580.02
34508.19
34851.64
40658.44
62099.17
34201.96
28197.54
44007.61
36148.65
38637.73
42949.94
38663.61
31088.47
37174.07
42405.53
43079.18
42026.98
41811.36
36126.62
36757.23
38274.01
33280.82
36730.36
22138.32
33081.77
29661.89
27313.97
29899.42
23412.6
43777.64
33112.13
37602.24
32036.52
27755.05
34292.18
27364.05
24157.41
40666.05
30331.44
33439.36
20011.05
19212.57
18374.13
21424.02
43465.23
39934.58
54496.47
38001.26
40725.28
25675.34
31024.95
39054.22
38882.38
31270.54
34715.56
30161.26
20807.67
58500.09
41155.01
39247.51
41656
34293.82
47478.6
23822.95
33138.2
31590.98
42421.87
41089.2
40571.57
34760.11
36582.93
46395.19
43686.83
38496.25
42973.01
56627.55
48443.46
28021.63
45270.98
39319.41
46355.42
45602.48
37475.88
43443.1
51728.28
37427.99
40211.85
40415.78
37846.85
35249.37
36249.53
26929.49
32876.51
43587.19
26224
34343.86
32626.17
38246.94
53237.91
44657.09
38487.56
37971.91
35385.79
45457.03
51216.08
24583.43
33071.71
41266.81
35278.4
33427.68
36810.6
29395.93
26838.7
19727.96
37678.64
35495.69
44849.09
23960.41
38438.9
28869
29517.62
41862.94
31422.28
54102.03
40152.27
38540.06
49385
34874.85
55268.49
51224.82
35761.56
30934.02
41839.46
31617.54
34454.14
36460.21
39122.48
44033.58
50998.45
61308.43
39477.32
26619.52
33703.99
30587.34
42148.12
47004.59
32249.57
24066.19
32331.15
23504.24
37385.77
40143.5
31099.26
32417.87
28280.64
36126.56
38812.13
37767.49
44261.93
31772.29
38638.22
50017.82
46589.51
45931.5
42228.31
33804.18
40009.78
25502.64
38251.98
24509.17
32187.06
29808.74
42261.36
38296.39
35198.17
50386.99
46719.31
50731.92
53498.42
51920.24
33752.54
33433.85
44983.46
42526.01
41426.68
26342.47
39015.56
28722.03
35598.53
32555.37
22748.86
20494.08
17317.16
21568.58
28715.26
39034.46
42733.63
40461.72
47805.55
42009.1
47796.33
58302.78
53682.69
33657.08
41026.86
36284.66
38334.89
59098.07
32813.98
30245.55
38071.62
46941.28
27777.18
29558.57
30948.81
27743.14
30604.28
31408.21
17789.55
25738.87
44728.01
44210.15
52061.45
39158.96
43617.04
43664.46
39279.5
43447.68
18417.73
15381.62
21976.66
32794.58
28961.45
38852.27
38506.51
37134.59
41381.43
51034.4
41592.44
44950.32
34012.59
38477.51
35286.74
40174.52
33244.24
27413.28
59116.24
33628.49
43965.8
53081.04
39161.5
41254.49
45167.51
39576.78
45030.79
35640.99
40057.43
34016.43
40120.29
44261.38
47517.04
49241.05
42694.22
29207.75
17372.51
27862.72
34799.2
33299.68
32240.95
25522.27
38814.45
42284.24
34972.73
39468.04
31873.83
46739.48
30746.78
27861.41
28925.08
28233.58
22726.32
26847.47
28166.38
36744.15
38514.72
27438.85
41071.84
34729.64
43973.68
45571.57
57160.09
51086.83
44082.78
37550.64
41803.52
47818.16
48799.87
53359.51
43944.76
42395.53
51454.83
45331.25
37281.81
38477.9
55434.01
42466.92
47949.03
39866.22
64301.68
46967.79
45242.42
43272.84
35558.01
44620.83
42765
42486.19
24472.79
28729.02
26676
36014.32
45420.53
39134.6
52850.4
36108.63
41422.28
41856.1
37470.53
41166.63
42438.37
31310.32
37443.67
33862.26
40643.85
37805.93
39937.29
29827.55
32372.19
38832.39
27715.02
36435.24
36277.16
36830.24
32133.79
33999.05
42726.44
32543.21
41385.46
40171.73
41638.56
24422.08
32911.47
30019.07
51859.05
33684.16
47105.36
34953.18
47942.01
29074.91
33131.68
27122.12
21942.01
27591.75
29491.32
28913.8
23782.89
30326.74
34546.98
31011.83
25887.89
34036.03
33624.7
30347.75
32817.58
24052.19
31035.37
32401.92
32371.68
39835.05
37730.83
33935.64
41063.52
21396.92
36007.54
45577.03
38106.09
31096.82
54674.02
24836.11
30959.81
36193.73
32968.82
41837.56
29961.92
50358.92
37018.01
26393.95
29920.45
26866.53
27553.13
22790.39
28043.68
17169.35
24809.3
35953.91
35973.92
21802.51
28363.49
38782.22
43383.85
30859.18
45881.22
40875.22
31347.52
34822
58004.57
33390.86
59273.11
35580.68
28525.47
44702.38
50916.56
34580.53
31604.82
39639.8
38154.45
37522.9
31309.64
19153.9
20670.05
22445.29
23003.72
16398.04
19336.43
24388.22
25636.99
34956.04
25335.22
25762.84
35339.63
23841.49
21126.55
33702.43
28799.82
14240.5
35074.91
35618.4
31101.53
40153.34
40653.12
27523.22
48724.05
34322.53
36309.04
39334.28
33939.98
31074.39
38115.5
48238.27
31693.59
48202.08
39081.02
46330.19
54320.13
47489.5
36393.92
33655.69
41791.59
43397.59
39655.76
65558.34
42208.58
45745.5
48095.59
46376.27
21061.32
23125.85
24587.65
18919.99
25217.71
33330.81
27244.07
35201.32
34562.74
41821.57
44704.91
42634.22
38764.65
34178.45
35678.15
33549.98
23038.95
25659.44
36022.35
32780.9
42794.92
46142.46
34117.21
44338.08
43062.98
21034.88
20043.39
20670.2
33386.56
31602.84
24234.93
25143.2
23625.62
35033.65
34461.99
34397.09
40790.87
59070.64
48669.61
45340.21
30369.46
29485.47
39427.07
46022.07
44402.69
48978.95
34398.53
46282.74
51129.61
42738.77
48915.71
42585.56
45915.59
33500.26
36261.36
32221.67
29542
31152.37
26679.11
28973.77
46366.05
29855.18
23584.3
28795.4
49448.24
44808.57
33359.81
34957.48
33578.15
26923.13
26358.99
33371.54
22281.34
29340.48
17312.13
24718.73
25894.77
32408.04
48894.81
30626.18
22931.3
42425.66
30167.37
42540.14
39590.94
39381.57
18545.26
21786.54
18533.73
28373.09
23790.07
36632.14
51951.8
40961.8
39968.05
25986.14
33889.25
32197.32
25634.2
27180.36
30143.93
44961.67
37781.52
43029.72
37245.35
41574.19
43952.96
41130.8
30075.53
18706.16
29679.81
21339.1
36138.27
30577.63
23980.2
13764.25
27211.38
44396.27
39939.04
44017.54
43924.68
38692.79
33297.93
42269.51
52725.55
44669.84
33294.77
23925.96
34226.72
41492.89
27732.96
29333.68
46121.04
43912.82
40508.68
33584.11
28565.14
33872.54
32833.52
28106.92
26375.16
36486.82
19721.9
20806.83
17717.35
22650.9
23778.35
41635.65
41391.05
35223.55
37001.04
43191.01
30343.6
30415.35
38799.99
33720.51
26384.49
38138.67
38222.58
55957.81
47998.07
42037.87
32918.94
35137.74
31851
48012.51
32865.84
39782.19
60505.54
42165.85
50569.01
34889.18
34356.16
29908.58
41384.25
50462.09
47507.56
44440.07
45025
31066.12
34926.52
29291.04
42188.49
51731.51
38798.91
34194.11
43433.47
48010.27
37980.93
41897.51
38404.54
44367.45
50234.69
42947.17
43545.15
47275.07
27630.64
30466.31
42880.18
28974.55
31089.37
50614.13
42659.06
29765.35
27850.06
32749.87
35982.88
25979.64
28693
60993.14
36622.3
68133.29
37379.78
47973.33
50741.17
21292.54
36286.75
33293.93
31543.47
23446.33
17854.36
35316.32
32889.41
28963.98
27459.87
41018.54
32523.93
35159.92
31211.61
24808.88
19103.33
24521.36
37911.46
29718.33
27438.55
28083.38
24633.65
19108.09
24600.25
24859.09
17268.81
28186.49
26464
30681.72
30074.26
26595.01
34705.38
45058.39
40023.02
49356.57
34418.72
37681.94
41694.46
52270.22
40063.56
35757.04
47131.51
42282.49
36173.91
35952.53
50600.04
38293.56
34818.64
23848.31
37978.61
34900.25
19859.69
25963.14
33248.47
22927.79
30782.3
35855.69
28973.83
20770.74
36550.53
29915.75
29241.22
36526.25
37374.72
40943.25
30841.96
47158.15
42422.81
24490.86
25952.03
40698.1
24542.38
17486.7
30397.12
34639.97
36737.16
38767.84
47740.05
48414.75
55667.87
47750.02
44236.16
48823.62
57988.39
47989.13
43702
37109.19
39168.87
47820.03
39286.31
40493.92
32625.76
35970.45
32055.73
29853.22
34057.07
31166.77
37510.29
31473.12
43425.1
50723.99
34294.56
30510.34
30215.3
34508.17
31722.88
29185.8
42377.11
40434.06
47478.26
34751.83
50422.05
35235.86
38936.16
45811.44
38744.18
33174.91
41279.04
35557.92
41328.89
47658.6
51700.56
47507.38
48603.59
44186.32
42891.49
28171.94
26625.75
19995.86
33005.88
47351.13
42568.03
50374.77
45276.71
36201.91
37511.69
39891.65
61086.18
38065.06
33566.79
49032.66
37429.87
38236.38
27265.93
23208.43
25409.1
36331.87
24518.7
27702.27
21523.08
26834.6
20553.4
32266.37
42372.78
50250.6
24207.17
21834.68
33339.64
51907.52
43706.21
46890.96
39896.98
33491.94
30165.94
33895.94
45855.33
37629.57
43233.7
38659.26
20796.06
18231.85
21367.35
25082.04
20276.86
25567.66
30022.61
44246.25
38386.46
20203.83
28011.57
34213.87
33081.55
34970.88
44611.88
39685.75
42109.21
43420.82
48410.69
41600.05
64632.94
56510.36
34376.47
49863.52
43444.59
30260
58385.41
42699.6
38672.19
41729.75
33058.33
25516.23
36047.16
43694.86
30283.6
19395.37
22839.32
30995.59
25187.85
40918.63
30212.03
42637
30380.61
27944.89
23622.87
33583.17
47066.78
32369.09
60275.62
39792.68
38022.91
25050.35
27835.1
35693.82
26549.85
34949.75
39378.09
30915.3
33707.63
32997.87
40694.71
28069.81
49660.82
35196.53
38905.65
41842.3
45110.02
37566.12
44721.42
37576.81
37095.21
37743.46
33678.35
35310.71
40901.79
36400.47
40277.01
33823.3
34892.54
24587.06
40403.62
43737.23
44583.25
46340.73
50783.4
37669.16
46676.27
39085.99
47524.83
46124.78
43048.76
41346.37
43572.49
36567.26
32159.27
24166.98
28865.86
32518.49
33849.02
44119.94
49062.71
59170.27
59331.75
33792.3
40880.55
34598.5
42589.57
41188.74
28183.05
30572.36
38221.51
31127.81
25428.94
34295.91
26673.52
31379.34
41073.77
32327.12
53003.99
36849.43
34563.74
36993.99
29076.7
34409.03
29961.05
39039.3
27681.71
27480.97
25947.59
20853.68
28592.59
27711.33
32994.92
30873.5
31843.84
42404.53
33934.99
36568.04
47262.58
39535.01
37040.25
45059.76
36186.46
49580.11
37505.73
42542.78
47651.02
49799.74
54089.21
51025.01
38407.91
49883.66
41994.55
40047.24
53984.71
48528.44
52613.16
37062.54
18553.26
20899.81
27491.7
12290.02
22275.49
42997.62
66085.19
43972.39
46750.19
37006.92
40667.21
52057.03
33608.51
65075.29
45461.9
38474.2
41322.33
56209.36
36484.99
50041.93
42516.94
25341.14
43915.65
40296.07
22354.83
15163.71
26864.77
31074.33
31217.03
20863.1
27591.39
52245.16
28932.2
44874.79
47826.99
39423.63
53735.04
35896.88
45082.74
41493.48
40706.91
45450.04
42215.8
31959.29
36546.47
41886.67
42440.24
51879.98
35455.22
63118.68
47026.46
41274.27
35844.58
45593.26
50237.62
32331.8
51444.38
33627.07
27843.46
37278.63
39109.57
31395.34
38196.13
35656.9
36603.94
39339.95
50551.42
40734.96
30733.08
46918.11
39550.34
31711.35
42455
25331.7
42176.78
52852.32
37696.44
42243.1
44448.65
42022.26
42218.49
49562.52
40287.69
37352.8
46458.29
35236.03
45284.27
42233.04
53035.95
35488.07
33565.05
37996.92
31838.15
40089.25
41909.86
50690.17
38565.15
46578.98
37997.83
41630.46
40207.44
45829.61
37625.69
39581.46
50158.72
54244.65
44905.02
35039.21
36136.57
42200.83
31846.01
32329.02
33209.87
42140.58
41215.25
37698.27
39616.12
32422.93
47007.24
40524.89
45172.69
39062.49
35237.07
36429.89
26823.09
30679.71
29339.57
22500.01
23936.94
26517.53
28915.12
28337.96
33905.6
43625.15
47958.56
38476.76
53904.29
43027.45
53357.23
44742.57
60338.31
42325.35
45845.94
41527.48
33128.44
41792.55
55162.22
40814.19
43718.58
57720.32
50371.37
49508.67
32694.2
37640.05
28650.75
26341.44
31221.88
20903.64
25636.34
20564.69
24907.58
27241.58
23560.26
46807.15
27270.76
34655.94
29926.07
34695.06
22440.14
26727.76
17789.8
23206.76
34820.83
57408.01
49040.53
40170.51
53554.71
40139.39
34943.92
42138.6
38247.44
24507.19
37291.48
30769.39
24844.5
34948.7
32915.75
29311.9
32954.18
38920.81
23657.31
28867.93
30780.72
25915.26
47301.74
37654.08
37001.96
38926.07
42556.33
34756.96
42681.99
33807.12
37672.12
44079.27
45672.21
36433.06
42134.33
43968.94
43632.25
41613.88
43601.35
46643.47
41724.2
44108.32
32440.11
36616.87
41045.33
41485.53
64132.52
32996.93
51012.6
51433.46
25762.39
20406.53
32554.35
39037.25
44315.86
50205.97
43875.23
47503.09
46732.18
32948.06
45361.3
28623.87
48659.67
39983.51
31605.77
28838.28
37475.4
37593.23
43558.63
32357.37
36956.76
39129.71
49772.25
46398.28
61322.56
45811.92
33787.91
36159.83
41512.36
43487.46
23976.57
20100.41
16015.93
30645.66
26881.26
37945.22
39018.73
43483.22
44012.63
55257.69
52673.42
36984.45
43404.03
37670.41
45244.61
38016.92
19207.47
25851.25
32508.85
38199.7
45389.39
29617.95
59357.29
38608.56
48012.45
46573.87
40805.22
54568.14
57135.48
43099.16
49337.18
42966.99
29447.87
37964.65
49190.42
53905.93
47397.95
39027.26
36180.66
37065.1
42502.03
53548.32
52421.07
46569.18
48852.32
29492.24
40830.4
49136.61
49892.49
44541.86
49992.62
35807.08
36395.35
49837.3
42747.87
40275.77
42700.29
33488.34
53048.04
28650.76
23678.89
25180.79
28564.99
30124.67
61671.85
58232.26
48873.88
72553.19
40977.3
53713.01
47675.39
38275.17
37750.05
47676.23
48699.12
40542.26
27938.63
25244.35
33304.94
20370.35
20921.35
25012.63
17345.98
21101.12
17588.59
40736.46
34809.78
44197.74
33402.33
33390.8
27321.68
41389.56
31783.39
35762.25
50577.93
31609.69
28111.27
37690.67
41781.95
35253.33
60535.74
37585.7
31548.13
50228.29
31651.9
42265.62
41794.39
44123.26
40927.73
43024.26
35361.03
45447.94
30526.79
39366.73
51092.97
46240.84
42897.26
33778.68
34233.16
31980.4
34959.23
24379.43
21007.61
24984.16
29381.25
33044.97
41010.61
38822.24
44772.49
35477.86
29055.81
39840.23
36609.2
29467.18
50859.38
45533
40628.1
54002.84
45195.56
40539.01
48455.75
30610.11
34533.97
17953.6
31759.3
21772.81
22800.45
29790.05
41175.13
33771.95
48390.18
46317.15
45748.56
57513.01
47150.78
54886.39
41930.09
39005.68
41268.14
36766.64
34575.23
32658.74
47486.84
56725.1
40690.68
37476.84
37569.1
23929.61
25383.12
40658.74
41171.74
39192.13
41939.04
60071.68
59565
43551.91
49384.74
34064.5
42803.96
37569.71
43440.06
45931.24
43249.23
28729.79
36411.65
31074.57
45701.86
44764.23
34469.97
29788.31
37866.6
22708.95
38695.48
34733.86
39043.02
30424.03
14898.39
27214.08
41055.08
30218.95
28184.38
24654.28
20588.39
21122.65
27922.01
21296.83
23432.39
39192.71
38585.28
37374.27
43568.23
44717.79
34464.17
38602.91
38336.5
54044.41
45014.39
33009.14
31362.92
27895.73
28487.97
49982.97
39860.24
31605.45
36763.59
35403.7
43616.39
33548.44
34549.93
40717.08
41881.5
27278.68
26846.47
29026.29
36742.38
30639.33
19748.79
24769.99
26227.61
16158.51
18476.9
34184.18
35008.13
32064.11
46779.92
48276.29
29205.58
30718.01
24558.88
47171.82
43776.61
40590.61
45181.18
47225.18
39100.37
36070.79
42350.9
38381.17
55620.54
45264.35
55518.79
46461.68
36475.47
42949.87
51943.71
40336.42
41689.14
26898.46
16396.81
16368.94
17599.43
34569.44
24442.17
28598.9
15732.87
21570.83
23313.08
32469.54
33782.7
39004.95
29771.41
41361.71
43209.25
49403.82
35105.41
34899.19
26795.71
48741.64
20041.34
21025.9
29777.72
22580.65
22433.06
20972.86
22467.47
37919.07
27887.01
16485.27
33662.36
35159.42
30138.18
36361.4
36219.89
