6.741751
6.714475
6.692792
6.683454
6.7086
6.679299
6.70727
6.718828
6.694824
6.702929
6.769059
6.74032
6.724938
6.750134
6.678984
6.684548
6.722685
6.65906
6.703911
6.695479
6.681564
6.745244
6.731227
6.692877
6.668194
6.708075
6.714793
6.705226
6.7374
6.734934
6.667096
6.716915
6.714061
6.725173
6.67452
6.671462
6.707043
6.717194
6.682319
6.689153
6.713768
6.675162
6.707822
6.677044
6.728858
6.71188
6.722572
6.699888
6.68988
6.720699
6.723253
6.705665
6.664335
6.795632
6.678706
6.65843
6.728181
6.696989
6.735646
6.724018
6.690407
6.71722
6.718569
6.744962
6.697025
6.599555
6.672021
6.718201
6.709935
6.698418
6.658221
6.683853
6.668158
6.669346
6.685643
6.702805
6.73028
6.675202
6.76528
6.726891
6.667889
6.667367
6.683765
6.706414
6.695355
6.697253
6.693523
6.719799
6.672829
6.713452
6.656728
6.756844
6.72463
6.735287
6.718866
6.753918
6.663639
6.678606
6.675615
6.720906
6.736387
6.674139
6.717322
6.705613
6.713509
6.71721
6.663132
6.703195
6.72096
6.666801
6.721583
6.743797
6.674991
6.668463
6.689356
6.678838
6.681147
6.71492
6.718623
6.674338
6.666484
6.69271
6.702577
6.71955
6.767705
6.729826
6.656641
6.689521
6.654335
6.751052
6.678651
6.726956
6.7129
6.685039
6.6798
6.706769
6.713861
6.738195
6.745165
6.721356
6.734106
6.689011
6.692448
6.643652
6.707676
6.716596
6.717304
6.698831
6.734688
6.713367
6.680749
6.731897
6.720283
6.698844
6.705617
6.68394
6.685187
6.694614
6.699333
6.731427
6.706844
6.707748
6.656718
6.691249
6.660569
6.67675
6.680128
6.710932
6.722796
6.726067
6.696422
6.66154
6.705039
6.748077
6.699015
6.746155
6.720945
6.699622
6.662718
6.690958
6.714278
6.687897
6.711475
6.705809
6.725914
6.693299
6.666469
6.690145
6.688205
6.718762
6.720538
6.699554
6.694916
6.663328
6.725442
6.650452
6.706884
6.691285
6.715965
6.687208
6.710127
6.703746
6.739246
6.709631
6.748539
6.689845
6.690521
6.719831
6.675724
6.707106
6.693406
6.767706
6.692345
6.633001
6.717241
6.692449
6.712222
6.638024
6.739629
6.717734
6.724144
6.673475
6.642506
6.725996
6.700751
6.668897
6.723036
6.747142
6.679055
6.681664
6.680241
6.6784
6.687289
6.693995
6.678979
6.652244
6.720789
6.724639
6.732008
6.71763
6.701303
6.65268
6.703581
6.699326
6.725321
6.687083
6.766665
6.712343
6.697889
6.688619
6.676904
6.700467
6.712647
6.691875
6.71068
6.710582
6.759541
6.737944
6.655243
6.718528
6.698029
6.698408
6.780951
6.667237
6.728626
6.751049
6.677348
6.685569
6.68091
6.731488
6.717191
6.712229
6.723779
6.716265
6.678641
6.700274
6.656296
6.672841
6.675379
6.711751
6.631319
6.718412
6.714544
6.684081
6.702432
6.676059
6.732892
6.701254
6.706997
6.633252
6.701605
6.705769
6.669373
6.657211
6.731843
6.72299
6.743152
6.668397
6.681203
6.711468
6.726335
6.652358
6.685054
6.74522
6.728994
6.697001
6.745844
6.74514
6.718602
6.687618
6.780126
6.687099
6.646639
6.721761
6.74778
6.719264
6.69671
6.67999
6.723139
6.668126
6.669066
6.726179
6.721007
6.688224
6.689057
6.704329
6.706009
6.704473
6.676363
6.722707
6.658377
6.699807
6.72335
6.714227
6.691442
6.699744
6.655568
6.734224
6.715181
6.72581
6.710325
6.647134
6.721917
6.702793
6.762025
6.656672
6.730314
6.669439
6.714865
6.681979
6.701661
6.724001
6.619287
6.694057
6.598078
6.712659
6.75762
6.704219
6.710104
6.693801
6.684918
6.757648
6.706684
6.677268
6.649965
6.699285
6.767274
6.758132
6.666166
6.681077
6.66757
6.706383
6.682229
6.697153
6.65782
6.686722
6.721435
6.703607
6.708342
6.694908
6.71325
6.697838
6.730299
6.718507
6.718852
6.695436
6.687434
6.721998
6.658424
6.703139
6.794995
6.695584
6.673663
6.719652
6.68951
6.716838
6.741438
6.693716
6.658283
6.65791
6.716364
6.667944
6.661341
6.778465
6.636141
6.766096
6.710073
6.666963
6.7158
6.698928
6.76512
6.734472
6.716605
6.667267
6.661596
6.701574
6.649853
6.721435
6.749499
6.67614
6.71519
6.731406
6.720856
6.686791
6.659567
6.618656
6.699504
6.748735
6.716402
6.696587
6.671131
6.676755
6.688093
6.731582
6.697839
6.666469
6.746505
6.661144
6.705341
6.661842
6.733393
6.683458
6.751454
6.706649
6.686612
6.705727
6.69821
6.699336
6.659571
6.721201
6.673114
6.736637
6.698228
6.657573
6.705531
6.686197
6.665848
6.69809
6.691734
6.706414
6.687999
6.676291
6.674233
6.687661
6.714938
6.649845
6.773798
6.679676
6.69303
6.693368
6.679698
6.66627
6.72352
6.667453
6.673048
6.707675
6.697856
6.646893
6.757086
6.706749
6.707521
6.67383
6.675229
6.719647
6.674409
6.759867
6.727778
6.709261
6.689001
6.71672
6.636373
6.688754
6.651535
6.698271
6.727815
6.736323
6.679399
6.683612
6.717097
6.718772
6.73928
6.698437
6.733856
6.658483
6.668239
6.702301
6.67258
6.714263
6.684134
6.755244
6.723039
6.712977
6.726011
6.648833
6.703005
6.670879
6.700766
6.678986
6.77332
6.720836
6.711346
6.705415
6.716739
6.61402
6.666506
6.730649
6.742537
6.685537
6.72979
6.731153
6.671311
6.72947
6.67356
6.723043
6.665226
6.710026
6.725432
6.650598
6.709696
6.698507
6.700322
6.698707
6.70634
6.69476
6.703567
6.628564
6.692502
6.724124
6.687746
6.711364
6.715582
6.78578
6.679543
6.659468
6.750066
6.703576
6.753726
6.670698
6.65652
6.666924
6.692113
6.686293
6.754444
6.64996
6.723407
6.720106
6.742856
6.646147
6.673416
6.706705
6.733114
6.699638
6.731607
6.739629
6.678084
6.667044
6.710768
6.761821
6.716358
6.710765
6.727893
6.728837
6.702877
6.719293
6.721333
6.71517
6.690856
6.665925
6.703789
6.700031
6.745383
6.750769
6.763973
6.745553
6.697234
6.712654
6.688908
6.681325
6.715444
6.720755
6.719682
6.705595
6.672447
6.711681
6.627985
6.724566
6.699907
6.71696
6.71545
6.716993
6.755697
6.636276
6.72585
6.632344
6.665606
6.691032
6.754197
6.652619
6.717841
6.686591
6.712351
6.677739
6.687533
6.672247
6.704034
6.686397
6.698785
6.671613
6.66188
6.686242
6.728761
6.731073
6.741576
6.701379
6.74341
6.666226
6.689258
6.685898
6.665861
6.647418
6.696821
6.692364
6.678369
6.709324
6.700657
6.663837
6.779571
6.682976
6.674448
6.664301
6.687122
6.675179
6.675126
6.6338
6.70377
6.707974
6.667247
6.702331
6.721096
6.708163
6.676406
6.6937
6.720699
6.755059
6.69884
6.67277
6.657906
6.730347
6.723808
6.675623
6.687502
6.685283
6.674959
6.669564
6.658238
6.664093
6.721608
6.707574
6.747354
6.704157
6.734589
6.631941
6.726177
6.729728
6.755857
6.737642
6.672469
6.692717
6.72225
6.679322
6.662822
6.673998
6.733665
6.732262
6.705794
6.725565
6.723483
6.751065
6.726268
6.763913
6.690359
6.705345
6.741093
6.665893
6.661424
6.685477
6.648542
6.709653
6.704376
6.679271
6.717145
6.668033
6.725715
6.703646
6.752456
6.682242
6.706858
6.71839
6.713782
6.717822
6.709068
6.732707
6.713101
6.66449
6.731672
6.752866
6.657254
6.804395
6.686925
6.758152
6.724498
6.688434
6.669152
6.670146
6.685236
6.694573
6.716375
6.764443
6.68114
6.71459
6.705711
6.710579
6.689641
6.683327
6.660687
6.701207
6.673265
6.686546
6.656702
6.698532
6.70064
6.752461
6.702286
6.733821
6.684929
6.709792
6.743735
6.717025
6.715358
6.707769
6.689301
6.728171
6.738177
6.703856
6.709211
6.717887
6.730634
6.690975
6.682024
6.682564
6.6837
6.664538
6.710857
6.692598
6.698492
6.695054
6.663322
6.71935
6.718513
6.705796
6.661858
6.706022
6.734502
6.722499
6.68916
6.686342
6.722382
6.769106
6.730635
6.676984
6.688354
6.71626
6.746942
6.697353
6.686823
6.694575
6.738999
6.700772
6.69445
6.693641
6.69942
6.696239
6.66761
6.684925
6.705817
6.714679
6.713501
6.691385
6.709097
6.707655
6.686122
6.678561
6.718675
6.673114
6.698004
6.750596
6.679285
6.706703
6.700524
6.778699
6.714034
6.683665
6.66119
6.695818
6.711056
6.788086
6.719528
6.680029
6.670934
6.70066
6.686748
6.717958
6.697256
6.692257
6.706088
6.720071
6.720623
6.67414
6.715305
6.711482
6.665418
6.781924
6.708106
6.72182
6.71206
6.66893
6.685747
6.695936
6.698556
6.701506
6.685725
6.699557
6.729761
6.747794
6.725453
6.723577
6.740629
6.675754
6.668453
6.696925
6.743926
6.630518
6.68602
6.697912
6.739968
6.688645
6.685921
6.688126
6.686623
6.668309
6.702881
6.732669
6.704045
6.652396
6.693151
6.673294
6.676327
6.729192
6.697823
6.696257
6.73061
6.641441
6.694953
6.726995
6.732464
6.713719
6.685082
6.671396
6.725666
6.660821
6.719447
6.660799
6.730389
6.734342
6.679677
6.700371
6.61443
6.703733
6.704573
6.724177
6.696084
6.711899
6.731144
6.681971
6.69925
6.729927
6.717081
6.740643
6.670691
6.723393
6.703568
6.706491
6.720984
6.730454
6.715702
6.663778
6.724214
6.662004
6.672527
6.754805
6.686492
6.694535
6.691741
6.669847
6.664753
6.724736
6.695026
6.693962
6.734791
6.689058
6.634697
6.695996
6.737469
6.722032
6.694281
6.72124
6.733603
6.712257
6.69009
6.733737
6.706348
6.720941
6.654464
6.720078
6.733244
6.602225
6.747709
6.645475
6.68602
6.668064
6.66871
6.816873
6.730912
6.663248
6.665156
6.730685
6.751328
6.727622
6.65522
6.728098
6.687188
6.75768
6.734243
6.69255
6.7195
6.736073
6.695291
6.693961
6.688606
6.721043
6.650176
6.726191
6.705335
6.735078
6.714142
6.733407
6.681
6.686309
6.759741
6.746392
6.731524
6.699103
6.710609
6.754605
6.749764
6.66695
6.714912
6.654112
6.640985
6.702255
6.670568
6.686583
6.742174
6.708141
6.708986
6.704854
6.762265
6.676646
6.668201
6.69742
6.679198
6.679345
6.684538
6.697015
6.708036
6.680226
6.671553
6.69478
6.719109
6.710742
6.733396
6.741414
6.761297
6.694676
6.684298
6.698796
6.743348
6.649965
6.679769
6.631477
6.711682
6.72637
6.662007
6.699802
6.671567
6.716542
6.742572
6.708755
6.683346
6.742352
6.696683
6.673972
6.701439
6.738971
6.723669
6.670119
6.643206
6.701268
6.640932
6.710522
6.680138
6.745498
6.701097
6.663923
6.701766
6.710392
6.677841
6.725481
6.703894
6.717505
6.70798
6.630695
6.747446
6.740869
6.707883
6.719804
6.721849
6.668082
6.685456
6.74392
6.651575
6.699835
6.712251
6.735228
6.694063
6.692917
6.69622
6.695438
6.65995
6.69116
6.709789
6.658965
6.624518
6.717883
6.724125
6.737364
6.661513
6.632306
6.7173
6.66657
6.698215
6.740015
6.66381
6.669211
6.705629
6.690966
6.773663
6.685101
6.708704
6.679377
6.710786
6.725241
6.746744
6.698468
6.730942
6.710595
6.709269
6.688878
6.747752
6.710728
6.750567
6.746959
6.707522
6.747442
6.71572
6.735373
6.716286
6.690493
6.720771
6.700895
6.719654
6.750068
6.688915
6.733738
6.657503
6.681311
6.705132
6.652328
6.70539
6.726655
6.704676
6.696378
6.739594
6.732826
6.684675
6.736131
6.69765
6.716029
6.706788
6.71155
6.709544
6.714635
6.742875
6.710481
6.707239
6.684282
6.7095
6.713717
6.696366
6.653145
6.700313
6.686458
6.722906
6.706785
6.738797
6.698093
6.687222
6.708447
6.641495
6.668351
6.69982
6.675588
6.732101
6.734462
6.675057
6.667711
6.712673
6.647096
6.689594
6.716553
6.710914
6.752227
6.666658
6.714221
6.70239
6.726888
6.704798
6.722191
6.729027
6.797824
6.723316
6.728427
6.682946
6.695368
6.674736
6.657925
6.653303
6.67354
6.715165
6.745139
6.669793
6.725328
6.719371
6.720674
6.715238
6.733118
6.727302
6.726796
6.69922
6.714765
6.712341
6.740348
6.691003
6.667703
6.707975
6.672617
6.714591
6.668695
6.707306
6.746089
6.708744
6.706954
6.642395
6.68988
6.712041
6.71737
6.654666
6.745897
6.669703
6.684271
6.700883
6.689446
6.692915
6.69261
6.716089
6.710268
6.694698
6.662242
6.719888
6.690436
6.645166
6.676326
6.728444
6.708921
6.711619
6.670697
6.689606
6.641739
6.720178
6.675161
6.754651
6.664107
6.689458
6.679675
6.692766
6.732521
6.667234
6.676448
6.734225
6.70324
6.661663
6.702628
6.652729
6.677144
6.735705
6.716581
6.693012
6.697514
6.699989
6.712867
6.741495
6.718148
6.708665
6.748688
6.715537
6.773845
6.722184
6.707722
6.724415
6.673026
6.702942
6.637036
6.751404
6.652456
6.664533
6.684829
6.70682
6.691369
6.690494
6.689114
6.717354
6.673006
6.714498
6.66826
6.736709
6.727722
6.701625
6.693222
6.679092
6.662465
6.706538
6.746262
6.690949
6.682873
6.64718
6.676841
6.676904
6.70542
6.650852
6.684111
6.718032
6.726041
6.709851
6.75433
6.695948
6.676723
6.678268
6.729505
6.70776
6.725778
6.733396
6.684393
6.691534
6.690702
6.713803
6.712402
6.698249
6.727704
6.695564
6.703308
6.718447
6.677309
6.697488
6.692381
6.724286
6.674239
6.635715
6.692166
6.688708
6.727178
6.689619
6.692549
6.682606
6.693982
6.674724
6.652257
6.756424
6.711965
6.70503
6.717561
6.727155
6.69408
6.769414
6.693283
6.750942
6.738144
6.74385
6.726367
6.723154
6.751371
6.685435
6.701235
6.72134
6.757513
6.697945
6.671609
6.719472
6.713288
6.713326
6.724201
6.699061
6.678625
6.703219
6.670416
6.682802
6.675901
6.702793
6.71122
6.73004
6.696969
6.688478
6.742314
6.74724
6.749623
6.721501
6.66621
6.68907
6.688698
6.717568
6.708531
6.758926
6.748743
6.704258
6.690707
6.701432
6.731296
6.679128
6.697865
6.714027
6.700035
6.685309
6.675346
6.723688
6.705443
6.731086
6.74008
6.74349
6.721571
6.699936
6.678446
6.633084
6.692824
6.750458
6.675962
6.709084
6.677815
6.67784
6.727391
6.715045
6.753419
6.695078
6.687386
6.68281
6.696484
6.694052
6.701506
6.716099
6.707164
6.742129
6.691606
6.726391
6.70531
6.686321
6.713137
6.671068
6.725213
6.75918
6.755923
6.671781
6.719615
6.749042
6.737789
6.690722
6.70706
6.702147
6.728135
6.65453
6.703854
6.721602
6.719975
6.664597
6.699048
6.765587
6.651303
6.689333
6.692391
6.670957
6.704615
6.71092
6.66785
6.698881
6.721938
6.727196
6.693037
6.735326
6.670249
6.72575
6.722659
6.62452
6.745806
6.708068
6.686325
6.653378
6.689047
6.683293
6.712599
6.717903
6.684395
6.703596
6.656048
6.684968
6.69957
6.727617
6.746078
6.661738
6.716145
6.651798
6.726125
6.751107
6.728994
6.706073
6.696026
6.68641
6.668847
6.682829
6.706967
6.674127
6.687404
6.662413
6.685105
6.650791
6.727026
6.723221
6.722189
6.711939
6.702256
6.71049
6.743607
6.704726
6.686161
6.670622
6.717724
6.718351
6.759774
6.682049
6.629476
6.694725
6.739439
6.714803
6.656679
6.70565
6.708823
6.749977
6.666932
6.599364
6.744822
6.698243
6.723756
6.670918
6.694829
6.625026
6.686969
6.712158
6.73784
6.634865
6.645984
6.743682
6.652064
6.677361
6.692353
6.705296
6.683948
6.743179
6.728265
6.70128
6.684244
6.67303
6.697887
6.692526
6.716886
6.695975
6.702812
6.664919
6.734202
6.691417
6.756732
6.692723
6.695454
6.641409
6.670307
6.684165
6.76783
6.706954
6.680113
6.72963
6.700082
6.687522
6.718185
6.67947
6.644589
6.700884
6.691569
6.70173
6.713144
6.714162
6.640996
6.681451
6.708503
6.761177
6.727268
6.713641
6.687667
6.715726
6.737406
6.728485
6.721093
6.68814
6.706596
6.701009
6.74527
6.726865
6.780277
6.676454
6.665226
6.700648
6.676235
6.700706
6.740405
6.756181
6.750867
6.659514
6.667105
6.691082
6.774576
6.713837
6.690962
6.75123
6.684385
6.731378
6.658065
6.714995
6.714877
6.678265
6.675504
6.643392
6.709803
6.694552
6.725863
6.72362
6.728677
6.724172
6.751164
6.663933
6.710697
6.709182
6.676793
6.662402
6.715929
6.657387
6.65076
6.729416
6.721982
6.667881
6.643534
6.692037
6.701684
6.684818
6.696995
6.694303
6.76966
6.725093
6.689246
6.69292
6.709096
6.707578
6.736992
6.695643
6.687131
6.646512
6.732476
6.693449
6.748955
6.650362
6.653278
6.741614
6.689249
6.730132
6.699551
6.685584
6.684224
6.713921
6.692452
6.725166
6.655108
6.7102
6.669106
6.73743
6.673408
6.696762
6.715448
6.706802
6.675692
6.720762
6.655535
6.71214
6.726212
6.707155
6.682239
6.680376
6.717288
6.676973
6.711297
6.694968
6.70695
6.702975
6.676633
6.725104
6.682739
6.707836
6.733554
6.684223
6.66716
6.70601
6.687853
6.742843
6.722114
6.694106
6.713007
6.727874
6.71377
6.734886
6.726517
6.711662
6.668925
6.709059
6.697992
6.684982
6.689781
6.753925
6.745007
6.693631
6.735008
6.698195
6.717104
6.703954
6.727344
6.761857
6.717076
6.668745
6.719776
6.67953
6.713038
6.713189
6.752792
6.67556
6.743134
6.727175
6.698728
6.737955
6.729183
6.715823
6.67132
6.696636
6.674313
6.681837
6.721048
6.688868
6.687807
6.694799
6.689208
6.713636
6.640499
6.690723
6.71361
6.678574
6.648477
6.712225
6.707406
6.704173
6.65121
6.698914
6.712728
6.695677
6.718215
6.671927
6.678361
6.690813
6.714669
6.695367
6.703754
6.708647
6.696825
6.672107
6.737016
6.727101
6.746777
6.689614
6.705619
6.667793
6.745362
6.685594
6.692472
6.659274
6.658148
6.687108
6.683995
6.651596
6.658211
6.718669
6.675859
6.712655
6.720926
6.673429
6.698167
6.67109
6.726976
6.662405
6.698979
6.629166
6.660554
6.732178
6.724779
6.684819
6.683429
6.697441
6.771576
6.715603
6.724934
6.709414
6.694733
6.714637
6.748367
6.700892
6.714732
6.727966
6.698346
6.685823
6.741107
6.70881
6.738399
6.702553
6.729463
6.767531
6.716603
6.690599
6.699359
6.662234
6.754034
6.712528
6.664446
6.653685
6.699921
6.677761
6.6998
6.709893
6.679966
6.68902
6.707189
6.739153
6.735702
6.673854
6.721734
6.730112
6.698742
6.726031
6.733635
6.68239
6.727702
6.696401
6.65936
6.73787
6.700264
6.739254
6.723413
6.680483
6.685028
6.659369
6.69248
6.776414
6.693156
6.714271
6.647507
6.704403
6.704198
6.698281
6.728812
6.723874
6.715036
6.67386
6.675364
6.710701
6.774692
6.697584
6.693912
6.733159
6.705868
6.646334
6.702645
6.715046
6.708103
6.695729
6.732099
6.666233
6.690981
6.7014
6.690751
6.729547
6.778144
6.718212
6.69467
6.668926
6.694636
6.692269
6.735338
6.683249
6.728948
6.677682
6.724737
6.732138
6.704735
6.718021
6.736271
6.759572
6.677663
6.730735
6.69589
6.694156
6.748597
6.689801
6.717021
6.698985
6.680283
6.711283
6.708923
6.693276
6.721859
6.69655
6.763886
6.695342
6.683927
6.668737
6.68251
6.67612
6.684084
6.729242
6.732499
6.709998
6.694143
6.7008
6.659286
6.70041
6.725777
6.695333
6.757077
6.710846
6.729598
6.707247
6.713254
6.734093
6.671111
6.706179
6.728451
6.713552
6.696749
6.716495
6.654504
6.681
6.709971
6.688302
6.649053
6.708409
6.662578
6.679669
6.678366
6.697957
6.743187
6.686147
6.646864
6.704818
6.674831
6.671986
6.673772
6.731714
6.7743
6.721361
6.654186
6.773365
6.763897
6.713394
6.727025
6.664682
6.699766
6.685445
6.677123
6.689512
6.715181
6.718557
6.651302
6.642921
6.718078
6.744819
6.667435
6.714654
6.686288
6.629079
6.667011
6.706861
6.695949
6.703135
6.662358
6.689734
6.716938
6.695046
6.741004
6.68704
6.757234
6.696841
6.712966
6.67328
6.69903
6.644109
6.701189
6.672693
6.647085
6.678637
6.694291
6.694932
6.670244
6.692015
6.682553
6.685773
6.732024
6.700762
6.768209
6.709808
6.667617
6.675533
6.710612
6.70743
6.716983
6.690846
6.718301
6.688667
6.700047
6.763555
6.727101
6.715379
6.679932
6.696068
6.6792
6.670066
6.692928
6.665805
6.715552
6.73183
6.645847
6.70752
6.740588
6.708459
6.690577
6.693753
6.698304
6.713055
6.701209
6.655422
6.713082
6.621617
6.725682
6.650044
6.685724
6.686491
6.706315
6.709461
6.752562
6.76355
6.720267
6.705963
6.676108
6.744778
6.753378
6.683737
6.724844
6.673422
6.713319
6.741894
6.730731
6.634452
6.741249
6.68128
6.674704
6.730534
6.750298
6.642607
6.710246
6.679772
6.760189
6.685557
6.705442
6.690363
6.664155
6.706145
6.714287
6.698377
6.68958
6.698867
6.714107
6.685037
6.712483
6.720584
6.680792
6.712875
6.713868
6.675273
6.734234
6.700601
6.702412
6.731216
6.724539
6.702127
6.69227
6.751996
6.755566
6.6624
6.700641
6.719505
6.669168
6.695952
6.760806
6.749767
6.710615
6.728373
6.662252
6.726129
6.690861
6.634401
6.726984
6.719101
6.70496
6.748864
6.725947
6.691155
6.714197
6.743394
6.691249
6.705119
6.742683
6.656798
6.676248
6.738604
6.740681
6.754844
6.678111
6.711422
6.699875
6.739816
6.725966
6.74157
6.700266
6.643522
6.731279
6.700923
6.737117
6.689101
6.715228
6.691678
6.705315
6.705527
6.718279
6.690371
6.709142
6.638686
6.688495
6.703416
6.646748
6.67165
6.691172
6.693035
6.650617
6.692381
6.699274
6.751307
6.714957
6.697775
6.686733
6.744667
6.677401
6.727763
6.719349
6.688765
6.676254
6.689853
6.681707
6.695676
6.707493
6.750277
6.662987
6.707121
6.682022
6.689747
6.738128
6.687119
6.675704
6.735917
6.693503
6.712202
6.649595
6.701425
6.67457
6.707094
6.661966
6.666794
6.687821
6.70291
6.709144
6.671317
6.695757
6.665097
6.708401
6.702166
6.728988
6.704522
6.698052
6.698818
6.692044
6.713516
6.700401
6.759274
6.669527
6.698842
6.66531
6.711375
6.673041
6.68792
6.658708
6.714542
6.641848
6.697739
6.700223
6.721757
6.746291
6.736909
6.668172
6.729265
6.728128
6.707093
6.693167
6.69759
6.703102
6.688406
6.691355
6.669397
6.661253
6.752276
6.729732
6.698512
6.698991
6.738568
6.673878
6.731926
6.682688
6.652527
6.754567
6.682996
6.735168
6.682601
6.706278
6.702656
6.693843
6.709718
6.661821
6.640459
6.654888
6.744683
6.685205
6.693827
6.687512
6.685905
6.689402
6.719601
6.741353
6.669181
6.662175
6.679004
6.704741
6.672228
6.648341
6.669444
6.719007
6.699474
6.675283
6.712477
6.669654
6.725483
6.69104
6.646257
6.696241
6.683477
6.665934
6.689487
6.717209
6.684518
6.720706
6.672205
6.693321
6.717966
6.716233
6.754679
6.758619
6.746823
6.686904
6.725886
6.714251
6.653454
6.711718
6.800541
6.687437
6.711932
6.67718
6.727937
6.689209
6.709261
6.68405
6.739775
6.669868
6.68369
6.695227
6.67749
6.713944
6.693342
6.717368
6.688328
6.715609
6.691263
6.689719
6.731383
6.707002
6.659215
6.70828
6.719838
6.713965
6.723472
6.701681
6.688101
6.680921
6.746188
6.686304
6.636744
6.759322
6.682289
6.703069
6.708875
6.690878
6.705066
6.70117
6.72549
6.711233
6.714564
6.717062
6.661978
6.680881
6.732123
6.713691
6.724678
6.728768
6.70981
6.707849
6.67856
6.707517
6.691849
6.651969
6.726861
6.724322
6.71908
6.688391
6.682151
6.646332
6.699867
6.665905
6.716605
6.641737
6.72577
6.78033
6.672208
6.677419
6.759825
6.705389
6.700735
6.702352
6.702652
6.699518
6.719481
6.683555
6.690434
6.652082
6.726163
6.690715
6.687992
6.687434
6.677484
6.648129
6.747762
6.683664
6.647941
6.707475
6.758631
6.732424
6.702128
6.724011
6.707906
6.694395
6.690014
6.715038
6.689287
6.68324
6.656267
6.638547
6.687333
6.690992
6.720457
6.704533
6.700823
6.706666
6.708401
6.668056
6.678043
6.728062
6.765301
6.722656
6.669868
6.68124
6.661745
6.668339
6.66843
6.672842
6.727149
6.703108
6.686716
6.671132
6.719873
6.673977
6.661368
6.715031
6.683014
6.699449
6.732308
6.732323
6.685206
6.779424
6.66232
6.697766
6.737878
6.708505
6.694134
6.68481
6.709324
6.738194
6.672634
6.693373
6.660841
6.692679
6.712765
6.662411
6.682398
6.688726
6.682766
6.73778
6.700201
6.659462
6.728688
6.680227
6.68548
6.734984
6.68711
6.684688
6.701876
6.670233
6.690348
6.695622
6.687335
6.666957
6.680004
6.670967
6.716492
6.701008
6.700734
6.643858
6.669544
6.742334
6.728983
6.667505
6.731591
6.736328
6.74867
6.75672
6.736327
6.708693
6.686218
6.696015
6.647881
6.73254
6.722937
6.674241
6.671054
6.723646
6.737709
6.728124
6.687753
6.707447
6.687781
6.71819
6.71563
6.686773
6.710178
6.725146
6.69506
6.715706
6.692279
6.670932
6.66469
6.724439
6.708188
6.695586
6.696696
6.725888
6.693272
6.72454
6.704571
6.733211
6.681866
6.685061
6.743665
6.724033
6.714939
6.738705
6.672493
6.728152
6.697523
6.716014
6.734512
6.683274
6.717313
6.70071
6.696079
6.707689
6.698699
6.718752
6.738255
6.691377
6.732878
6.69593
6.664719
6.68127
6.663727
6.724495
6.648294
6.663198
6.737459
6.688125
6.653377
6.67706
6.734179
6.711794
6.693461
6.704112
6.707025
6.719694
6.647619
6.648527
6.732054
6.690231
6.684421
6.706701
6.709772
6.71524
6.691064
6.690423
6.708217
6.691984
6.719853
6.736324
6.700195
6.678175
6.731353
6.673925
6.652529
6.689648
6.662734
6.695073
6.704795
6.654184
6.664897
6.683594
6.761966
6.732399
6.716443
6.680827
6.732544
6.714336
6.693066
6.720889
6.665304
6.675046
6.717323
6.699876
6.652342
6.720086
6.71142
6.724065
6.67367
6.709427
6.699774
6.687318
6.697449
6.686644
6.702927
6.721657
6.693928
6.711157
6.723465
6.727883
6.67382
6.699317
6.70903
6.643128
6.722346
6.7304
6.700007
6.708339
6.664855
6.714638
6.698024
6.712503
6.7252
6.708443
6.708132
6.67685
6.679339
6.71256
6.683573
6.703132
6.646195
6.704988
6.722663
6.676436
6.69819
6.682221
6.666789
6.661161
6.732484
6.688446
6.687555
6.710135
6.710128
6.682153
6.658423
6.691096
6.693256
6.699772
6.726753
6.688552
6.655176
6.686363
6.672503
6.691684
6.673476
6.707262
6.726117
6.69409
6.705706
6.651383
6.706725
6.71565
6.716986
6.685472
6.655604
6.694944
6.708091
6.708751
6.723467
6.672628
6.65486
6.730473
6.672437
6.661026
6.695654
6.71999
6.704215
6.685119
6.738753
6.699535
6.683693
6.74296
6.682382
6.710542
6.578494
6.699717
6.741966
6.693268
6.668148
6.735458
6.694138
6.729017
6.699914
6.715289
6.701199
6.705281
6.736096
6.736307
6.712378
6.667289
6.679377
6.729709
6.668435
6.719464
6.690269
6.699286
6.704701
6.707229
6.690349
6.709487
6.747489
6.720342
6.684148
6.662407
6.6859
6.67748
6.690664
6.710738
6.653896
6.704555
6.66994
6.67401
6.677718
6.702386
6.657386
6.713579
6.715899
6.698921
6.768366
6.664955
6.707897
6.730802
6.706494
6.656091
6.748285
6.710375
6.709004
6.660047
6.677947
6.753182
6.682479
6.689064
6.725836
6.728723
6.766744
6.688169
6.693439
6.698964
6.665726
6.705198
6.65822
6.665428
6.728239
6.712921
6.73764
6.722035
6.745038
6.683772
6.711569
6.673431
6.674431
6.71028
6.68803
6.637057
6.663636
6.709946
6.736363
6.643584
6.735429
6.667866
6.691203
6.710668
6.753972
6.706616
6.715829
6.610442
6.707677
6.667799
6.678548
6.644766
6.713107
6.718783
6.646852
6.722403
6.724331
6.719895
6.650471
6.734559
6.650499
6.670278
6.680223
6.705807
6.726062
6.744295
6.685847
6.711526
6.671563
6.737737
6.699108
6.725483
6.71559
6.670922
6.717949
6.670212
6.690112
6.752134
6.720923
6.701032
6.709882
6.705292
6.670602
6.687681
6.733072
6.717839
6.69864
6.704163
6.766115
6.692985
6.713927
6.657849
6.75528
6.719438
6.712788
6.691415
6.713968
6.656395
6.661082
6.658364
6.675195
6.638304
6.699863
6.740344
6.722687
6.696239
6.718087
6.707506
6.706788
6.727815
6.718093
6.699353
6.757822
6.760303
6.689669
6.71543
6.659333
6.715947
6.747694
6.749125
6.705599
6.677288
6.727663
6.723255
6.713717
6.701715
6.705214
6.720669
6.70042
6.691161
6.665164
6.696193
6.667377
6.725496
6.72291
6.684576
6.721394
6.713277
6.694531
6.702416
6.725448
6.699522
6.692914
6.708581
6.716691
6.678695
6.716835
6.70632
6.725898
6.689454
6.65742
6.713868
6.669603
6.734833
6.765315
6.683927
6.671617
6.654965
6.699784
6.714827
6.697569
6.751434
6.746886
6.68555
6.671726
6.694803
6.714205
6.680924
6.699761
6.661876
6.732011
6.688494
6.723853
6.716597
6.725698
6.65242
6.696866
6.684009
6.745827
6.687025
6.725228
6.716024
6.714837
6.712262
6.713099
6.732674
6.737157
6.690318
6.69374
6.72397
6.711968
6.667558
6.671418
6.742053
6.694515
6.716748
6.731651
6.689744
6.715094
6.706997
6.684623
6.757606
6.703729
6.655718
6.6883
6.718058
6.730879
6.684113
6.675722
6.695723
6.690395
6.70671
6.68875
6.670442
6.732564
6.669071
6.74234
6.671873
6.704087
6.669538
6.694098
6.684352
6.70606
6.736461
6.769844
6.680111
6.723819
6.658065
6.706191
6.697031
6.732759
6.694882
6.735748
6.706331
6.726426
6.696392
6.697283
6.728822
6.661976
6.712394
6.640562
6.691597
6.67111
6.696376
6.709191
6.672412
6.682071
6.743681
6.685152
6.693218
6.653552
6.706675
6.677593
6.730878
6.692298
6.699472
6.695626
6.665199
6.702168
6.669221
6.675292
6.715644
6.679199
6.691721
6.702055
6.678129
6.716374
6.693696
6.682999
6.713623
6.651207
6.668504
6.717083
6.669217
6.717653
6.728966
6.715847
6.676462
6.682516
6.708753
6.679104
6.700237
6.680427
6.703246
6.664652
6.694922
6.7151
6.706899
6.689201
6.697116
6.633132
6.652823
6.714423
6.668449
6.7436
6.687502
6.761671
6.673913
6.741504
6.646607
6.753928
6.717593
6.69951
6.716355
6.717069
6.731166
6.693799
6.689501
6.68738
6.696279
6.664131
6.698846
6.691734
6.700822
6.735831
6.736053
6.705779
6.707679
6.698998
6.731857
6.696677
6.674721
6.705942
6.697816
6.69685
6.713644
6.706508
6.645702
6.715358
6.671829
6.724152
6.684139
6.713583
6.725467
6.712645
6.734118
6.738044
6.71392
6.684245
6.654962
6.699001
6.700032
6.776699
6.756551
6.660705
6.69085
6.723101
6.684964
6.707635
6.681012
6.664746
6.72376
6.688475
6.701139
6.733694
6.716516
6.687718
6.752205
6.728664
6.716798
6.690641
6.673209
6.664978
6.665427
6.673889
6.707549
6.722497
6.726437
6.683204
6.715969
6.68031
6.715636
6.669924
6.703683
6.734281
6.680474
6.713494
6.679689
6.672382
6.670925
6.705746
6.732952
6.726994
6.723297
6.72609
6.733774
6.663032
6.709958
6.690819
6.717993
6.693329
6.699898
6.714272
6.662531
6.695548
6.649776
6.66733
6.736369
6.698441
6.71521
6.728979
6.656865
6.700254
6.742551
6.765257
6.673196
6.686939
6.65753
6.715807
6.672369
6.765978
6.769453
6.687024
6.708011
6.64107
6.636314
6.707832
6.701331
6.699442
6.734777
6.735708
6.733473
6.70194
6.714374
6.691611
6.707209
6.680365
6.705851
6.701447
6.663406
6.708304
6.704807
6.721582
6.689491
6.744424
6.666512
6.739633
6.797617
6.682242
6.727585
6.650708
6.653474
6.707533
6.759304
6.694931
6.6834
6.66998
6.701622
6.698818
6.692301
6.70504
6.718533
6.710375
6.711568
6.700537
6.708872
6.687538
6.740827
6.71524
6.67562
6.69306
6.759929
6.70633
6.684099
6.6874
6.729963
6.722065
6.654044
6.690477
6.691338
6.687409
6.713057
6.656624
6.708295
6.731866
6.72972
6.665734
6.707764
6.65292
6.678694
6.728758
6.6775
6.647668
6.734929
6.686076
6.73131
6.720361
6.698478
6.718578
6.735314
6.708942
6.726356
6.697837
6.656569
6.695977
6.704696
6.715432
6.698532
6.721183
6.699193
6.65714
6.683649
6.732672
6.648961
6.674037
6.638716
6.691784
6.717104
6.654735
6.692754
6.721032
6.722401
6.699065
6.696527
6.702079
6.681893
6.727991
6.723652
6.692902
6.713871
6.68363
6.725498
6.715927
6.692386
6.74535
6.747439
6.67799
6.689456
6.710631
6.658113
6.658036
6.697205
6.68863
6.712497
6.6946
6.68544
6.739329
6.741051
6.667992
6.708911
6.705227
6.726117
6.703493
6.699873
6.699894
6.710415
6.642411
6.7041
6.706814
6.712939
6.651598
6.762173
6.703935
6.738776
6.769766
6.708702
6.686645
6.684313
6.771293
6.677485
6.675079
6.662533
6.715834
6.691016
6.638274
6.707618
6.687783
6.716846
6.722111
6.688411
6.667107
6.682775
6.651495
6.74231
6.717539
6.671883
6.707957
6.677671
6.759236
6.690459
6.700762
6.695328
6.657088
6.639031
6.6952
6.731233
6.712208
6.721736
6.729509
6.679225
6.727795
6.669773
6.724227
6.679672
6.703915
6.703173
6.68384
6.694861
6.731614
6.67768
6.745652
6.660696
6.718951
6.714641
6.716502
6.713159
6.694491
6.7445
6.687406
6.6823
6.686255
6.719179
6.764167
6.700821
6.741282
6.703702
6.671701
6.704473
6.7048
6.639337
6.681201
6.665765
6.747173
6.656216
6.728896
6.639635
6.737592
6.724482
6.640727
6.677943
6.732745
6.724177
6.72809
6.75171
6.73537
6.729491
6.723645
6.739428
6.706143
6.750763
6.725833
6.680488
6.772899
6.723083
6.691613
6.675789
6.758873
6.750538
6.74115
6.715383
6.736684
6.716921
6.711966
6.722038
6.660054
6.671883
6.717329
6.687644
6.710302
6.715473
6.708237
6.676516
6.719109
6.709345
6.708577
6.649137
6.724494
6.773998
6.720631
6.724726
6.705062
6.65399
6.698197
6.70567
6.644486
6.748661
6.687665
6.719695
6.703926
6.714231
6.680956
6.718483
6.699886
6.683321
6.667663
6.693553
6.716138
6.71482
6.71543
6.707596
6.671995
6.786771
6.651968
6.661157
6.744427
6.677569
6.702926
6.696079
6.712929
6.696184
6.704049
6.68785
6.700779
6.684526
6.680804
6.721421
6.673928
6.714076
6.661982
6.700941
6.650159
6.696092
6.634344
6.705313
6.661049
6.687192
6.697582
6.717361
6.6774
6.695913
6.706944
6.666143
6.69852
6.640336
6.722206
6.726838
6.702825
6.705266
6.765333
6.740304
6.686895
6.698656
6.721638
6.674307
6.710536
6.746336
6.709728
6.664957
6.723579
6.739898
6.640402
6.752265
6.679119
6.728733
6.745796
6.701459
6.678178
6.686327
6.7007
6.736722
6.652899
6.721697
6.685212
6.662991
6.700614
6.742423
6.691799
6.706119
6.629929
6.652695
6.729406
6.686543
6.68825
6.665048
6.701851
6.698666
6.689737
6.658277
6.683242
6.739673
6.67927
6.727354
6.704507
6.758866
6.714698
6.73641
6.70827
6.701817
6.690673
6.681421
6.694962
6.732104
6.671503
6.674725
6.685371
6.672373
6.686105
6.72919
6.708627
6.66916
6.709821
6.692244
6.744716
6.674625
6.706407
6.687228
6.716974
6.707998
6.705993
6.71823
6.711438
6.675809
6.73345
6.688607
6.628706
6.742735
6.689761
6.71955
6.691663
6.704286
6.657427
6.655187
6.679217
6.71147
6.721946
6.678438
6.69359
6.700855
6.670964
6.735339
6.6487
6.632182
6.742912
6.728041
6.693993
6.661166
6.733623
6.696362
6.664857
6.693519
6.712242
6.673423
6.693912
6.724483
6.67249
6.732314
6.698186
6.707002
6.71296
6.670449
6.717899
6.669969
6.698387
6.7571
6.666784
6.670336
6.734768
6.710235
6.683457
6.737119
6.680122
6.676609
6.702296
6.703851
6.755565
6.734282
6.726352
6.688647
6.699876
6.663466
6.645541
6.742486
6.692347
6.70787
6.706078
6.696693
6.695185
6.683032
6.708732
6.775894
6.706788
6.704567
6.708385
6.760902
6.693698
6.695198
6.680438
6.676966
6.711873
6.69058
6.740471
6.710904
6.675145
6.724434
6.776294
6.718496
6.655668
6.717598
6.713725
6.694186
6.741841
6.667495
6.694141
6.725018
6.701343
6.691666
6.718906
6.707227
6.691945
6.714857
6.695179
6.769832
6.714499
6.664267
6.686917
6.723716
6.651425
6.678194
6.708095
6.699046
6.726719
6.695753
6.734843
6.716962
6.753325
6.714121
6.733573
6.68795
6.691555
6.725444
6.736458
6.759973
6.692645
6.704121
6.736048
6.70355
6.678756
6.72078
6.700621
6.697958
6.696879
6.745589
6.707935
6.711176
6.716399
6.657508
6.714442
6.653796
6.761642
6.69088
6.678194
6.727812
6.688875
6.730867
6.692237
6.717954
6.687192
6.694265
6.70542
6.707553
6.714299
6.702304
6.700666
6.699566
6.729257
6.702363
6.687659
6.677045
6.747383
6.71814
6.703306
6.69518
6.709541
6.723311
6.695379
6.745115
6.720105
6.732198
6.646414
6.73305
6.692801
6.718059
6.7038
6.70637
6.692597
6.734328
6.679018
6.706207
6.768116
6.690704
6.670117
6.714025
6.673526
6.673149
6.721155
6.647421
6.725912
6.694118
6.744759
6.729021
6.702124
6.761733
6.704038
6.723158
6.716592
6.689145
6.731
6.719035
6.757609
6.731585
6.688978
6.697897
6.728943
6.66813
6.68529
6.722994
6.695201
6.714381
6.70012
6.717179
6.712408
6.723472
6.679764
6.68473
6.69167
6.743473
6.69088
6.679319
6.746304
6.731987
6.721083
6.718959
6.701749
6.682397
6.695915
6.718332
6.709774
6.683413
6.633142
6.753054
6.657854
6.698274
6.702752
6.758339
6.646288
6.707907
6.651494
6.677216
6.708683
6.713976
6.689919
6.665415
6.693408
6.693843
6.725355
6.683081
6.687088
6.688669
6.729481
6.702261
6.682549
6.724479
6.722154
6.661294
6.718823
6.702911
6.71455
6.687661
6.632688
6.642933
6.671114
6.694609
6.742417
6.722548
6.681613
6.71774
6.660531
6.620567
6.698415
6.7016
6.710378
6.72967
6.637905
6.740629
6.714128
6.686982
6.710788
6.669681
6.737162
6.705513
6.663714
6.73993
6.721936
6.64541
6.745436
6.676118
6.710159
6.682634
6.692184
6.693718
6.676631
6.698128
6.707753
6.733552
6.695318
6.674632
6.670466
6.711729
6.698325
6.661262
6.67397
6.675599
6.702141
6.652184
6.756995
6.676682
6.699365
6.656547
6.672746
6.717851
6.651577
6.656661
6.678099
6.741965
6.739407
6.686672
6.682453
6.702551
6.732973
6.680922
6.730487
6.763722
6.693147
6.673827
6.66561
6.666468
6.688501
6.753104
6.69545
6.704203
6.668875
6.711249
6.73734
6.706161
6.70278
6.699358
6.746378
6.709681
6.704115
6.683749
6.714509
6.628006
6.683734
6.745146
6.665005
6.688199
6.694958
6.709512
6.649112
6.714828
6.724167
6.661466
6.683684
6.770427
6.704004
6.698477
6.67393
6.7126
6.702725
6.757313
6.678314
6.740221
6.715281
6.729236
6.66892
6.741895
6.701559
6.698152
6.678182
6.727706
6.671119
6.702069
6.706283
6.689717
6.678689
6.712464
6.670553
6.669729
6.652763
6.614806
6.62228
6.707278
6.712089
6.717414
6.674625
6.703863
6.745001
6.714754
6.719326
6.666318
6.709895
6.721783
6.746921
6.741955
6.709199
6.732484
6.710642
6.676067
6.702845
6.710353
6.716853
6.698526
6.719365
6.74522
6.734062
6.675083
6.744349
6.722466
6.699944
6.694215
6.693439
6.69716
6.676238
6.730535
6.686536
6.699597
6.680014
6.708725
6.773185
6.644211
6.698624
6.705469
6.645348
6.640093
6.707638
6.682809
6.687409
6.737399
6.727703
6.700726
6.663329
6.707911
6.699521
6.704296
6.664934
6.680637
6.709622
6.692663
6.702644
6.67235
6.66316
6.62946
6.733762
6.754796
6.672886
6.694947
6.686625
6.685874
6.698049
6.714578
6.65159
6.655684
6.685968
6.75581
6.677564
6.68017
6.729705
6.706271
6.699557
6.672257
6.70941
6.68083
6.665747
6.714556
6.634202
6.733123
6.732329
6.67046
6.658252
6.648857
6.685517
6.704647
6.656773
6.706994
6.721595
6.71298
6.705226
6.663839
6.750985
6.702222
6.780144
6.724452
6.643889
6.804738
6.667362
6.766678
6.761413
6.709118
6.765329
6.751326
6.686312
6.644171
6.750897
6.666021
6.674413
6.690716
6.670129
6.703299
6.724477
6.644142
6.683615
6.724653
6.69535
6.718443
6.729412
6.747366
6.657959
6.723628
6.723185
6.683642
6.678537
6.70773
6.704183
6.725223
6.70214
6.716081
6.647075
6.734115
6.709267
6.749936
6.681569
6.72426
6.696915
6.675563
6.685674
6.667623
6.746653
6.687165
6.712508
6.702843
6.679558
6.74765
6.65755
6.708037
6.690962
6.663025
6.745588
6.761933
6.700976
6.682103
6.711762
6.709195
6.683557
6.727244
6.721103
6.754641
6.740204
6.711305
6.660861
6.748083
6.685412
6.692163
6.708109
6.710457
6.69558
6.691817
6.666282
6.703876
6.68857
6.715796
6.663325
6.679874
6.677187
6.733143
6.6504
6.802228
6.678792
6.711129
6.709329
6.732873
6.759716
6.648724
6.690801
6.643537
6.675275
6.688835
6.747539
6.696906
6.65238
6.658213
6.707656
6.727188
6.675997
6.686172
6.718556
6.675191
6.706457
6.697957
6.691021
6.691587
6.718062
6.656892
6.726008
6.751262
6.679434
6.682967
6.651898
6.680099
6.747145
6.667722
6.731693
6.716345
6.685745
6.721919
6.662991
6.746798
6.669719
6.73845
6.690562
6.730019
6.670065
6.708023
6.695523
6.713649
6.645145
6.730193
6.705322
6.722366
6.660929
6.682946
6.687023
6.699723
6.687867
6.748516
6.656279
6.732621
6.746573
6.67738
6.649564
6.760157
6.746366
6.669586
6.706342
6.717723
6.728589
6.734544
6.693478
6.69133
6.684833
6.728654
6.665893
6.730134
6.716748
6.666059
6.742039
6.722211
6.649676
6.703651
6.676385
6.692871
6.766124
6.68012
6.657164
6.687707
6.716874
6.753712
6.710387
6.746479
6.744888
6.743099
6.698144
6.717709
6.733776
6.655228
6.726523
6.615233
6.699377
6.695438
6.676814
6.662239
6.754237
6.667154
6.708752
6.671651
6.688046
6.651525
6.709584
6.666593
6.656775
6.70626
6.720153
6.695951
6.719745
6.716219
6.723262
6.704731
6.679304
6.64881
6.677363
6.690591
6.764908
6.71226
6.68034
6.726974
6.717687
6.721338
6.744145
6.744877
6.682069
6.750541
6.705577
6.656604
6.706824
6.729228
6.71117
6.728743
6.75872
6.732666
6.711847
6.6921
6.700107
6.706415
6.706936
6.684869
6.740093
6.735754
6.684426
6.740124
6.715282
6.755356
6.645679
6.685483
6.676429
6.644654
6.640688
6.671237
6.753734
6.74091
6.7226
6.65
6.70227
6.704842
6.686145
6.683289
6.643091
6.747802
6.710415
6.695575
6.721277
6.711734
6.701978
6.699565
6.724705
6.645667
6.711028
6.739381
6.716452
6.728273
6.706717
6.663631
6.674514
6.754866
6.682914
6.644197
6.747375
6.708376
6.661432
6.6962
6.711814
6.687675
6.710177
6.68999
6.713106
6.758235
6.66496
6.708915
6.692731
6.70635
6.673452
6.715007
6.653525
6.734379
6.718366
6.667863
6.660471
6.705843
6.728365
6.704091
6.696501
6.673613
6.708463
6.705252
6.722066
6.65956
6.724012
6.654536
6.64143
6.671867
6.695823
6.674309
6.756435
6.667139
6.701517
6.698784
6.674158
6.761473
6.690608
6.713466
6.671972
6.707619
6.694929
6.733173
6.700756
6.667042
6.717524
6.687032
6.694372
6.686841
6.746951
6.726369
6.722309
6.715938
6.674111
6.702659
6.702203
6.676311
6.736994
6.72434
6.718322
6.648869
6.732502
6.676287
6.707777
6.703871
6.729976
6.746114
6.702171
6.683236
6.733563
6.713114
6.733772
6.728934
6.650429
6.674163
6.717011
6.715629
6.675932
6.715274
6.704352
6.707974
6.671561
6.713487
6.678734
6.641983
6.703847
6.666668
6.717888
6.6378
6.673015
6.696691
6.710023
6.75048
6.699098
6.660779
6.726094
6.719162
6.709634
6.746024
6.704788
6.699492
6.691354
6.716108
6.682429
6.684289
6.730529
6.681193
6.738058
6.705625
6.764929
6.673412
6.659954
6.649737
6.710828
6.650537
6.740616
6.737856
6.716696
6.697942
6.669055
6.661476
6.686836
6.675211
6.68622
6.711285
6.693467
6.704495
6.700121
6.722191
6.761199
6.68501
6.732938
6.726108
6.723109
6.695973
6.67023
6.719445
6.724243
6.683951
6.71283
6.764409
6.724958
6.693547
6.691748
6.697606
6.705853
6.752012
6.670861
6.669256
6.695965
6.719294
6.742246
6.718878
6.730263
6.717091
6.692189
6.685107
6.688053
6.622945
6.715155
6.700413
6.714344
6.673317
6.765445
6.680954
6.696833
6.694825
6.683222
6.693619
6.67272
6.701064
6.708046
6.739515
6.689206
6.703237
6.698317
6.691107
6.693975
6.721695
6.692213
6.704145
6.679407
6.681712
6.719882
6.657335
6.668124
6.68757
6.689116
6.709354
6.695909
6.724175
6.689677
6.672307
6.701083
6.661782
6.664647
6.733632
6.723514
6.712287
6.665423
6.676832
6.693029
6.703284
6.666414
6.651128
6.758611
6.679298
6.683413
6.688695
6.696663
6.732082
6.745116
6.688354
6.684061
6.699885
6.698936
6.649005
6.693842
6.705289
6.731488
6.714056
6.716982
6.667676
6.65657
6.71142
6.710336
6.676061
6.749103
6.721828
6.763024
6.711798
6.697821
6.709894
6.711782
6.673673
6.690728
6.709716
6.709025
6.742774
6.670969
6.703479
6.685848
6.638447
6.679412
6.735487
6.705315
6.63876
6.715599
6.749957
6.772781
6.710169
6.737925
6.704202
6.678163
6.706355
6.665478
6.737408
6.659602
6.716496
6.714633
6.746501
6.726375
6.721332
6.678142
6.651972
6.735488
6.707385
6.668378
6.750293
6.737409
6.693629
6.70002
6.672856
6.71748
6.679751
6.691977
6.699125
6.725281
6.690532
6.702271
6.703812
6.720184
6.660497
6.670027
6.721511
6.755098
6.71442
6.706784
6.713407
6.731511
6.736604
6.69102
6.724706
6.658733
6.643612
6.695991
6.720639
6.681665
6.65798
6.701646
6.684895
6.687486
6.677892
6.684812
6.702407
6.696196
6.648428
6.634419
6.66243
6.671181
6.617166
6.716528
6.717327
6.672995
6.731837
6.731245
6.723515
6.715365
6.6962
6.670536
6.781826
6.688231
6.6772
6.685209
6.723519
6.70828
6.742463
6.712185
6.689071
6.696511
6.676473
6.724881
6.611272
6.723036
6.757231
6.688813
6.68699
6.704024
6.681847
6.679783
6.71421
6.709783
6.673546
6.754195
6.724842
6.703074
6.70413
6.738383
6.687818
6.69078
6.69718
6.735352
6.691844
6.717593
6.784582
6.653186
6.69032
6.705037
6.721679
6.672031
6.701196
6.695566
6.630846
6.696102
6.745449
6.682544
6.723573
6.709445
6.725384
6.694258
6.716773
6.717239
6.70595
6.662908
6.688568
6.713425
6.715283
6.717205
6.691238
6.715458
6.729749
6.722719
6.71298
6.715278
6.667664
6.692927
6.710085
6.697201
6.721062
6.693212
6.754948
6.643924
6.737904
6.654189
6.722323
6.678807
6.729299
6.682521
6.715788
6.728013
6.717765
6.687021
6.695915
6.698536
6.705204
6.703906
6.685686
6.714662
6.720109
6.699554
6.69023
6.713766
6.710565
6.740842
6.675396
6.69048
6.676321
6.685462
6.715109
6.70319
6.727645
6.692224
6.746845
6.696912
6.741556
6.701677
6.701
6.709709
6.739867
6.6863
6.679708
6.692809
6.714744
6.704391
6.701101
6.701437
6.72296
6.703114
6.72086
6.710866
6.662993
6.681084
6.68865
6.762258
6.69031
6.697299
6.649617
6.683697
6.741125
6.730676
6.720135
6.710103
6.735847
6.676656
6.692934
6.728607
6.641642
6.64524
6.711656
6.67232
6.646448
6.659874
6.743414
6.705849
6.667789
6.686662
6.745281
6.685764
6.702873
6.683398
6.714113
6.678742
6.734652
6.687045
6.727343
6.695564
6.715062
6.671757
6.710954
6.683417
6.725914
6.745658
6.723688
6.684116
6.637898
6.700332
6.713164
6.700207
6.68553
6.747268
6.701712
6.68275
6.721084
6.646362
6.662778
6.713332
6.747533
6.69322
6.687456
6.668146
6.681299
6.731938
6.6888
6.733558
6.697647
6.747256
6.722982
6.669202
6.688112
6.68939
6.658887
6.720025
6.692012
6.755773
6.679426
6.693201
6.708301
6.692054
6.719068
6.700582
6.733324
6.659146
6.722037
6.705401
6.723397
6.655638
6.690709
6.702943
6.688161
6.712852
6.745575
6.663653
6.685599
6.73865
6.76078
6.686506
6.682105
6.738339
6.695489
6.668152
6.726015
6.719264
6.696812
6.714395
6.725119
6.654027
6.701603
6.693212
6.689659
6.710519
6.746456
6.689591
6.73133
6.673967
6.696655
6.682234
6.736273
6.709347
6.726983
6.695843
6.724573
6.748068
6.735891
6.678454
6.68235
6.705483
6.704655
6.680626
6.698603
6.705302
6.725866
6.711962
6.715314
6.698955
6.678453
6.708242
6.70373
6.660136
6.724308
6.678788
6.659994
6.726296
6.709674
6.726093
6.67696
6.688765
6.718211
6.675526
6.683931
6.725839
6.712237
6.723062
6.68611
6.704867
6.674056
6.743421
6.712375
6.665854
6.680591
6.726356
6.723165
6.687044
6.706504
6.646936
6.668933
6.686394
6.68948
6.702379
6.692385
6.659299
6.70675
6.706428
6.702049
6.672229
6.700682
6.69019
6.713509
6.660888
6.753949
6.7247
6.65783
6.73143
6.72463
6.677126
6.704079
6.667737
6.704731
6.684779
6.673469
6.697761
6.72894
6.746758
6.679627
6.72364
6.673093
6.687621
6.702929
6.738619
6.749783
6.694585
6.736255
6.690946
6.661171
6.70934
6.700743
6.673643
6.715572
6.677754
6.699754
6.6991
6.702282
6.753417
6.7267
6.743028
6.685164
6.684369
6.734769
6.698243
6.727963
6.776116
6.719953
6.675917
6.70865
6.723781
6.709512
6.702403
6.679052
6.682559
6.663403
6.687197
6.714831
6.717936
6.737968
6.722066
6.728307
6.688834
6.727767
6.681949
6.678191
6.641462
6.666905
6.698507
6.705918
6.735236
6.690212
6.729358
6.702142
6.752495
6.705159
6.76518
6.660758
6.719962
6.698156
6.69165
6.727148
6.704515
6.711466
6.702391
6.717059
6.681205
6.710336
6.693684
6.709796
6.718977
6.661116
6.722091
6.701004
6.688229
6.671231
6.706882
6.767513
6.715413
6.684591
6.691537
6.704859
6.699756
6.709166
6.713018
6.75672
6.733565
6.745588
6.724573
6.71504
6.682482
6.714811
6.718398
6.701246
6.699094
6.71495
6.69795
6.670444
6.672553
6.676855
6.644573
6.661029
6.687598
6.608393
6.683211
6.653529
6.697676
6.70598
6.713953
6.692669
6.719843
6.765224
6.712905
6.699464
6.677777
6.714589
6.668597
6.674961
6.712352
6.722007
6.701386
6.66033
6.738428
6.697951
6.652712
6.725338
6.722402
6.671901
6.62441
6.712225
6.714998
6.710088
6.691824
6.652057
6.680346
6.720796
6.705611
6.707807
6.739806
6.70905
6.701665
6.676079
6.740922
6.688904
6.714462
6.699179
6.718758
6.683188
6.652191
6.735301
6.681929
6.707579
6.693557
6.658781
6.681625
6.706614
6.685693
6.684964
6.711605
6.658783
6.72566
6.735514
6.667386
6.674465
6.693854
6.732636
6.664804
6.682222
6.697328
6.691633
6.663953
6.647831
6.681657
6.661994
6.645601
6.691747
6.697115
6.69404
6.721353
6.676797
6.687987
6.699592
6.731733
6.730707
6.6913
6.690127
6.689202
6.696728
6.681149
6.693565
6.643896
6.704162
6.677273
6.718756
6.728204
6.682321
6.709407
6.689353
6.712293
6.668237
6.729684
6.724371
6.741478
6.665408
6.728676
6.736032
6.670881
6.694256
6.718212
6.664864
6.696034
6.694941
6.713291
6.702533
6.651751
6.729849
6.685661
6.71908
6.712694
6.65551
6.714982
6.636511
6.71123
6.710832
6.663881
6.687652
6.756046
6.703282
6.693077
6.676405
6.674299
6.748099
6.71051
6.641495
6.805461
6.666749
6.719515
6.702549
6.687631
6.711219
6.727362
6.729237
6.69516
6.712645
6.715097
6.715473
6.664629
6.728521
6.734866
6.644248
6.720958
6.739531
6.699714
6.682975
6.735378
6.657829
6.747237
6.661509
6.678274
6.650832
6.67289
6.704721
6.640968
6.689199
6.72933
6.678091
6.705668
6.731398
6.719205
6.664583
6.651245
6.714676
6.708802
6.66157
6.698315
6.685353
6.693358
6.689711
6.669532
6.759075
6.694446
6.661638
6.675322
6.747334
6.730667
6.699219
6.662712
6.715337
6.697073
6.702573
6.692466
6.713501
6.703612
6.731359
6.766023
6.666332
6.699686
6.707051
6.700081
6.725316
6.689997
6.723174
6.728694
6.692159
6.682773
6.663401
6.657864
6.755538
6.666258
6.697155
6.639044
6.703822
6.686071
6.724931
6.707072
6.701107
6.649036
6.714946
6.761897
6.685593
6.70656
6.714092
6.689878
6.718438
6.681192
6.670382
6.696471
6.665221
6.706403
6.696308
6.698833
6.714703
6.695022
6.704629
6.665646
6.69867
6.696277
6.715636
6.685035
6.713349
6.731075
6.718225
6.751513
6.724839
6.69832
6.694871
6.659973
6.740641
6.744771
6.698371
6.682037
6.691234
6.678318
6.721276
6.718886
6.636633
6.674181
6.773738
6.724848
6.700457
6.698081
6.661925
6.670254
6.71975
6.690286
6.661384
6.698337
6.703662
6.682044
6.62649
6.675938
6.70888
6.678065
6.663193
6.720841
6.708895
6.689258
6.695248
6.70456
6.679078
6.706645
6.685822
6.658492
6.74232
6.714582
6.72046
6.680604
6.708421
6.705622
6.680754
6.689745
6.665718
6.724015
6.673065
6.749875
6.670931
6.757595
6.735614
6.704287
6.73097
6.704533
6.687451
6.750856
6.701914
6.725293
6.733465
6.642591
6.70774
6.686458
6.706875
6.681007
6.740609
6.692966
6.662104
6.714253
6.652959
6.659119
6.671086
6.707354
6.602142
6.687002
6.6756
6.674661
6.662593
6.70922
6.715081
6.649949
6.672608
6.738998
6.752765
6.706529
6.726022
6.663468
6.654768
6.652661
6.679651
6.702774
6.652394
6.70065
6.657969
6.674647
6.694368
6.694651
6.676642
6.638124
6.740085
6.722994
6.693955
6.671579
6.717339
6.712992
6.715818
6.650261
6.650867
6.687476
6.694458
6.681049
6.744727
6.71068
6.695807
6.701732
6.646344
6.707643
6.705943
6.713373
6.720191
6.786213
6.681524
6.694679
6.672737
6.695495
6.691599
6.704742
6.724812
6.69147
6.667484
6.716296
6.701127
6.696897
6.691326
6.694241
6.722952
6.656766
6.687543
6.684063
6.709215
6.681345
6.676029
6.663709
6.707689
6.695403
6.743348
6.715325
6.665205
6.712286
6.701996
6.688732
6.682681
6.696492
6.678248
6.715105
6.661062
6.738882
6.706509
6.715144
6.6509
6.680537
6.644546
6.677504
6.664318
6.711383
6.670778
6.738313
6.704116
6.688657
6.713484
6.607609
6.687426
6.699297
6.65677
6.689622
6.707943
6.744145
6.708523
6.698046
6.694788
6.700733
6.714127
6.707343
6.686526
6.67474
6.724982
6.714033
6.690338
6.717631
6.709214
6.732415
6.661475
6.671348
6.705391
6.700924
6.769477
6.663535
6.70395
6.717675
6.676042
6.678124
6.72705
6.728784
6.672939
6.683141
6.738602
6.645447
6.709115
6.686333
6.699825
6.699081
6.712765
6.693656
6.657984
6.72318
6.668101
6.652199
6.719172
6.737594
6.702049
6.713339
6.721278
6.683184
6.712663
6.719001
6.672534
6.72989
6.71927
6.742616
6.688478
6.724478
6.691534
6.741418
6.757304
6.715128
6.666395
6.692562
6.758506
6.739743
6.745185
6.684785
6.687055
6.693394
6.638226
6.665851
6.711024
6.657852
6.696472
6.723818
6.712836
6.72265
6.757276
6.699728
6.682373
6.691143
6.693047
6.696592
6.69954
6.721405
6.665082
6.75189
6.757749
6.670778
6.688686
6.672329
6.655253
6.661551
6.711167
6.673417
6.70454
6.724704
6.682125
6.730025
6.651474
6.694853
6.710278
6.680163
6.667941
6.688953
6.672859
6.664934
6.688799
6.702217
6.745843
6.718647
6.669151
6.72341
6.76868
6.739825
6.704844
6.733971
6.674316
6.657461
6.681386
6.726665
6.709061
6.632309
6.731311
6.712162
6.757735
6.675239
6.733281
6.651334
6.679834
6.636665
6.72845
6.712148
6.691082
6.675153
6.675958
6.658416
6.626132
6.711566
6.722233
6.697665
6.733312
6.661313
6.701715
6.683079
6.699858
6.730976
6.66406
6.734572
6.700116
6.71858
6.715506
6.663489
6.724643
6.702239
6.703542
6.738934
6.68094
6.666065
6.694878
6.738595
6.72015
6.707946
6.694214
6.67333
6.697143
6.684716
6.711707
6.686187
6.666727
6.720631
6.706006
6.661438
6.716894
6.690629
6.652572
6.722249
6.677301
6.712816
6.752907
6.683195
6.740709
6.673084
6.67775
6.700626
6.746388
6.705988
6.71304
6.701733
6.682138
6.700628
6.7332
6.683819
6.693995
6.687858
6.709482
6.649808
6.698691
6.68742
6.694156
6.754918
6.709208
6.678517
6.683891
6.727923
6.699047
6.695798
6.668723
6.659017
6.71886
6.667826
6.671945
6.687184
6.744177
6.707213
6.72573
6.722907
6.737527
6.733935
6.72057
6.718423
6.6902
6.705144
6.719055
6.699201
6.712719
6.675707
6.680601
6.682067
6.683341
6.674346
6.724656
6.726016
6.733671
6.685984
6.700847
6.692267
6.727312
6.727753
6.673544
6.731953
6.655668
6.722879
6.673177
6.705026
6.743797
6.692458
6.65149
6.667194
6.722168
6.665556
6.717313
6.66051
6.709131
6.676035
6.728694
6.684809
6.709147
6.673355
6.702216
6.745323
6.723335
6.709706
6.72036
6.704357
6.715091
6.698453
6.727327
6.744722
6.6627
6.66568
6.669322
6.678523
6.675409
6.69531
6.716204
6.714415
6.699533
6.668761
6.705454
6.7152
6.740245
6.690605
6.690848
6.691729
6.6806
6.67447
6.714052
6.684957
6.689233
6.691902
6.754321
6.729625
6.728982
6.745444
6.705241
6.713316
6.700213
6.697683
6.734262
6.75808
6.699946
6.708675
6.693102
6.708829
6.719524
6.721511
6.702455
6.685398
6.655596
6.718107
6.715056
6.710289
6.741517
6.736134
6.735449
6.719039
6.656928
6.712842
6.715956
6.671123
6.710207
6.683195
6.697437
6.702486
6.726252
6.653056
6.6711
6.693034
6.721223
6.704304
6.716322
6.748185
6.692708
6.71531
6.701969
6.727282
6.657436
6.7025
6.744531
6.659987
6.684513
6.726209
6.70583
6.705411
6.65529
6.737697
6.710159
6.697702
6.733138
6.71505
6.666839
6.715732
6.703813
6.695584
6.683853
6.637727
6.686021
6.728162
6.6828
6.688813
6.711915
6.723716
6.679318
6.694544
6.691446
6.746196
6.666437
6.682735
6.705679
6.690253
6.74371
6.711783
6.743094
6.671443
6.675811
6.72276
6.688544
6.676558
6.712778
6.690774
6.699397
6.675664
6.686727
6.725885
6.726799
6.696847
6.713538
6.737449
6.694628
6.734883
6.749797
6.710628
6.66933
6.724762
6.710896
6.712333
6.657922
6.766063
6.675327
6.627243
6.64484
6.68017
6.684271
6.694927
6.77764
6.705722
6.644238
6.747378
6.699497
6.694013
6.646964
6.729278
6.714138
6.743344
6.702931
6.659135
6.658042
6.685351
6.679805
6.687931
6.706132
6.653532
6.709888
6.705082
6.723195
6.653353
6.731267
6.699214
6.74651
6.712982
6.708215
6.697648
6.69855
6.69821
6.700151
6.676578
6.696929
6.709733
6.722927
6.676445
6.696946
6.696081
6.695293
6.759669
6.74016
6.663781
6.694628
6.698092
6.713818
6.75711
6.698597
6.754897
6.727745
6.707086
6.703612
6.724824
6.674487
6.717924
6.687871
6.702668
6.754635
6.679717
6.642646
6.707261
6.660155
6.705229
6.712683
6.706978
6.745903
6.689007
6.719566
6.69185
6.694359
6.701089
6.672178
6.644202
6.705465
6.660743
6.722643
6.666009
6.651984
6.712132
6.665124
6.744195
6.651985
6.653824
6.700084
6.702487
6.702359
6.707698
6.666584
6.676001
6.722711
6.707641
6.667337
6.72774
6.712261
6.7034
6.703869
6.6834
6.704109
6.649876
6.692938
6.712076
6.703504
6.757538
6.705922
6.734839
6.736256
6.687466
6.660302
6.695738
6.719256
6.737157
6.697466
6.672313
6.75025
6.700146
6.738305
6.743354
6.718371
6.70709
6.674821
6.723693
6.714793
6.717404
6.70575
6.656486
6.747706
6.733015
6.696351
6.761773
6.666615
6.707129
6.644703
6.742297
6.719942
6.716285
6.670084
6.704837
6.688349
6.616511
6.737271
6.679941
6.691099
6.678074
6.709286
6.675729
6.680979
6.659203
6.720098
6.71531
6.736416
6.680131
6.647698
6.683332
6.71286
6.718945
6.6936
6.678962
6.696873
6.741221
6.68841
6.681138
6.704828
6.754653
6.694237
6.669008
6.706665
6.78299
6.703527
6.709654
6.703643
6.689607
6.690572
6.659144
6.668571
6.735516
6.675137
6.694955
6.693189
6.674036
6.69167
6.685691
6.704139
6.715662
6.686715
6.697664
6.68383
6.687354
6.677871
6.714119
6.690471
6.672751
6.737192
6.70112
6.720504
6.711302
6.695395
