4926.07
3890.099
6576.975
5455.181
4090.455
2969.967
2560.952
4304.694
5313.323
5869.523
7648.649
7540.946
6850.305
9198.166
8846.842
8874.878
6716.669
6598.521
7092.314
9496.896
8172.379
5007.811
4636.421
3898.802
3807.396
3885.887
6513.181
3876.853
4672.531
6261.152
3097.678
5497.258
5171.727
3857.998
4453.52
3772.238
3103.724
2344.967
3440.168
4923.673
5199.872
6641.939
8320.516
7020.787
7266.241
8698.114
7394.176
8884.367
5825.072
4090.857
5140.107
5138.99
7325.474
4413.499
5580.058
4383.275
5577.726
6089.849
6499.133
5209.791
4727.967
6100.166
7929.313
3217.614
4165.879
2793.481
3753.496
5420.365
5527.276
5329.775
5166.326
5296.144
5474.269
4336.881
8615.619
6501.101
8749.614
8298.618
5797.698
7947.632
6882.165
5478.91
8382.244
6645.475
4564.129
6132.428
7397.99
6797.585
5589.082
7028.639
8136.645
7076.743
5655.81
4341.511
4311.701
4126.349
5322.209
4494.229
4639.066
4565.577
6172.333
5258.569
2656.681
4879.588
5643.446
4276.536
5976.866
6333.033
7801.067
7163.804
5797.651
8502.482
6482.812
4958.02
6765.926
4399.168
3361.065
5057.247
5593.551
3181.76
3614.957
5892.709
5705.413
4826.758
5958.109
5009.402
3846.476
3750.059
6339.287
5738.403
3347.949
2868.589
3094.555
3849.448
3804.328
5178.76
5751.514
5711.436
6924.205
5134.509
5138.589
6253.013
2804.376
7821.9
3989.625
4085.695
4718.24
5772.99
4200.378
6499.786
6636.276
4843.662
4517.274
3697.258
5426.849
6424.444
4126.496
4449.763
5863.327
5126.091
7478.922
6023.682
4322.372
6963.27
5661.419
5938.22
4954.164
3964.68
3898.93
2476.262
5783.937
4955.502
5060.107
5170.911
6213.909
6590.428
6635.12
10785.88
7148.239
5379.529
3234.067
5820.058
5212.32
6978.828
10103.25
7324.947
6658.713
4543.927
3326.971
3204.481
3850.735
5548.566
6441.579
6307.518
6807.533
4671.81
6262.131
5953.631
7384.992
6683.086
5109.597
6512.067
5545.886
5112.746
3413.527
6095.896
5970.572
7617.68
9295.421
7383.205
8102.817
8477.426
6565.677
7320.233
7879.289
8071.302
6126.925
6627.186
4333.604
5696.59
5168.121
7710.123
4756.026
4304.929
6660.466
3632.849
4090.275
3729.406
3508.057
4036.298
4392.486
3589.234
4619.698
4935.772
6185.883
2859.256
6926.556
7497.303
3903.093
7186.707
3766.057
5090.702
4420.159
3737.002
4761.897
5610.565
5540.938
5687.075
3103.323
5752.84
6589.887
5033.876
5769.899
3764.172
7283.327
6320.588
6684.202
7091.56
7283.043
7287.193
5219.475
6431.494
3721.645
3756.354
3915.252
4579.746
5145.948
5421.011
5214.37
6830.504
4304.354
5992.778
5566.301
7158.035
7865.708
7385.475
5603.588
5257.934
7449.361
4628.871
7345.188
10877.24
6927.268
6125.708
6893.603
5756.827
6405.653
4562.847
4962.254
7497.665
3648.464
4818.427
6995.693
4886.041
5695.448
5530.617
5830.578
7342.51
4517.038
4344.147
5078.218
5872.603
10399.71
5880.453
4652.029
6349.021
3988.867
4191.49
3444.961
3867.823
8184.818
4852.85
3939.993
6085.736
3164.061
4944.909
5722.021
4402.012
4411.455
3541.206
3930.984
2956.882
5314.94
6060.834
4159.895
2818.13
2424.858
3598.524
3145.836
3078.329
2593.518
3279.449
4451.207
4827.788
5109.933
6288.701
8749.563
7690.193
5278.163
5412.064
6594.943
4979.266
3840.014
2575.613
2906.142
2354.949
4777.313
5595.596
3317.459
3763.669
3786.298
7489.051
6154.79
4910.949
3213.168
2199.949
3583.818
5677.099
5673.708
4688.813
3302.322
3743.824
4659.371
2392.012
5908.09
3098.371
2886.136
3743.141
9356.459
4117.547
4597.114
5199.014
4478.929
5884.195
4813.019
3092.276
2338.452
3203.576
2664.36
3908.283
5363.248
3244.208
4682.992
3949.34
6575.935
6628.019
5868.03
7616.772
5919.551
6018.618
8211.63
6354.489
4960.817
5141.21
5858.339
7694.512
7978.986
7320.659
7076.612
9648.107
6196.875
8906.732
6361.167
4599.695
5096.189
5340.375
4829.975
6461.276
5789.268
3104.047
3617.308
5652.276
7021.915
6268.876
6391.528
3856.489
4082.532
4118.976
6823.247
4748.281
8056.718
3258.203
3975.344
2813.117
3507.314
2171.689
1294.64
3474.25
4613.334
4856.544
3808.851
5188.269
3641.407
4344.698
5278.931
5761.488
3409.886
3411.39
5363.546
5942.323
5627.436
5200.23
5395.836
8242.49
5842.785
7693.033
5063.94
5284.892
7764.112
5379.6
4809.76
3531.413
4495.673
5757.216
4989.219
6434.093
4364.622
5181.538
2223.836
4009.249
5843.032
5569.91
6206.111
5567.973
5989.619
6373.393
7214.941
5011.439
4252.459
3862.698
4445.442
6716.485
2848.031
3116.268
4014.86
4592.243
2812.926
7362.357
7584.22
7420.236
7583.081
9548.622
7895.678
6433.055
7134.282
3942.498
4701.367
8235.542
5142.384
4914.754
5153.421
4694.32
4943.626
6589.852
4068.049
7480.658
6217.978
7573.216
6599.84
5456.128
3304.744
5071.891
3333.688
2670.755
3052.919
2660.261
4402.298
2776.922
2568.562
2736.826
4268.962
4104.67
8110.691
9498.545
5647.421
8259.544
3826.641
5665.922
6086.735
5332.752
7076.361
3954.656
3601.569
5570.215
3542.605
5122.195
5534.132
5333.364
8881.844
3476.693
4566.35
4635.068
4699.595
4901.375
4802.525
4536.323
4104.033
6045.499
4813.78
6060.489
4491.631
5927.732
4382.714
2173.728
3076.301
5618.951
5057.388
5666.761
4985.525
2310.944
4275.823
3776.913
6169.409
3606.819
2627.805
2406.514
2004.88
2274.232
2930.024
1775.672
2429.721
2941.329
3741.931
4007.103
4017.325
5227.797
6038.163
6500.654
7220.696
6254.93
8114.439
6678.629
5137.356
4427.09
5240.942
8626.013
6055.284
4603.801
3092.528
3856.08
4931.338
4863.797
3858.043
7137.078
5646.122
3481.611
5949.665
5710.389
4702.605
4860.811
4702.354
7288.844
4691.931
7547.559
7153.441
4739.048
2494.04
3715.085
2734.642
4303.699
3940.281
3824.053
5357.601
7087.268
4460.914
4514.524
4941.386
4139.67
3995.282
4683.495
3710.376
3424.439
4780.038
3570.657
4377.27
3912.282
4349.992
5431.086
4801.971
4055.975
4539.113
4279.377
10057.94
6134.654
4786.518
6134.567
4636.737
3757.145
5316.202
4278.405
5637.969
5860.608
5449.098
5802.981
6684.093
5595.453
6136.484
5191.549
5328.943
6839.757
7358.323
7650.311
7355.983
6399.648
3936.441
3372.91
2820.976
3969.478
3408.142
5995.463
6436.659
6853.281
4325.919
3452.472
3232.674
4256.205
3813.99
3880.757
5734.033
3878.137
3710.626
3209.395
4767.961
5959.747
5440.871
5412.635
5988.194
5614.7
4548.32
4272.963
3376.202
5506.501
4397.455
5756.249
6690.832
5373.524
6820.64
7302.469
7382.223
6621.044
5357.108
4534.774
5690.355
6048.942
4501.695
3952.051
4973.631
3727.308
6885.448
10124.39
6389.818
7359.632
9279.014
5436.207
6903.279
6771.417
4197.939
7928.326
3983.363
3000.761
2431.41
6646.935
3503.475
5750.209
4448.115
7980.704
4915.344
6746.719
6980.2
5328.147
4968.951
7097.629
5753.073
6903.175
7950.28
7242.934
10557.27
5886.277
5369.115
8024.668
6576.163
8979.43
7909.213
5696.642
4877.616
4876.484
4710.919
5252.162
4826.925
4938.478
7291.66
6446.281
6667.382
6565.28
5255.988
5779.526
8328.736
7494.907
8288.698
6112.289
7601.108
5168.087
6336.147
5711.011
5383.83
5001.6
4706.599
5380.088
4258.976
5177.968
6658.285
6729.021
8036.216
5480.135
6805.507
4980.446
7253.783
3385.331
6065.801
6146.028
5421.071
6182.694
6758.256
6191.674
3938.945
5356.136
5963.448
3047.03
4421.074
4535.188
2109.516
3305.334
3897.266
4238.809
3956.858
3158.702
4347.766
6246.738
6978.611
6635.139
6493.292
5522.346
4412.028
3521.037
6270.667
5975.447
5357.975
6322.937
7826.777
8879.308
6852.716
8198.108
6607.38
6125.978
6803.523
6684.39
4216.828
2670.465
3643.594
5531.603
5936.145
4762.712
5988.979
4370.54
5763.34
3382.261
3852.396
8719.817
3265.934
4482.238
4920.252
4337.541
3579.2
7302.814
4066.789
4471.493
5874.565
6649.727
5686.652
4544.866
6379.143
4541.514
7183.911
6948.294
6131.924
6854.878
5044.451
6837.403
6528.901
6139.416
3763.212
5606.933
4046.866
3947.369
3256.308
5536.237
6114.913
7819.613
3195.751
6885.425
4024.662
6984.895
6458.895
7352.463
7399.459
5056.294
8624.342
6952.984
4360.462
4768.187
5073.353
7897.108
6508.579
4401.62
3036.25
3579.525
3295.278
3959.973
3150.494
6545.205
5805.369
4837.357
6024.4
5804.206
5436.85
6920.808
3484.956
4758.508
3235.472
3578.565
6886.245
7387.641
8244.73
7718.707
7451.221
7347.01
6659.176
5603.119
8647.592
6755.319
11424.18
8453.485
9777.698
8171.074
7665.301
6384.636
6160.675
4763.043
4083.997
4537.393
5653.276
6877.257
9267.046
6242.332
7326.677
6139.018
5177.886
4281.476
5898.469
7143.639
4150.209
5683.543
4403.754
3668.36
4478.307
5404.364
7562.337
6509.228
7084.404
4463.449
4536.12
7477.193
7353.235
7980.366
6867.98
9669.27
3697.44
4234.405
4139.415
5154.897
5687.277
7768.079
6802.447
8814.515
9051.733
4275.342
8401.823
4557.384
4761.115
3976.25
2531.196
6151.093
4131.118
3468.656
5830.958
4947.895
7987.562
8011.612
6552.144
4297.081
2246.254
2410.4
3898.108
6206.315
5517.101
4877.804
8130.567
4015.131
4604.202
3530.948
3488.505
2342.401
4361.931
3430.695
4947.771
3559.073
8490.767
4827.243
4708.389
3905.782
3926.408
5279.723
3050.969
3055.588
4865.597
4378.648
3485.508
5891.605
7070.921
6326.699
6184.121
6018.639
7776.338
7078.701
7116.418
6690.381
6796.392
5879.188
6846.657
5074.787
3620.424
3702.538
5607.221
4218.185
3529.878
6060.075
6025.355
6574.734
4983.556
4008.802
5676.393
3668.656
3351.193
3007.565
5837.348
4693.883
5112.531
5792.499
2436.746
2459.276
2024.406
2287.506
1607.149
2775.45
3798.19
4480.049
5853.782
2600.307
3642.172
3484.541
2981.608
2804.776
4335.872
6031.89
4482.956
5523.884
2383.847
2842.9
3663.633
4649.693
6464.176
6279.233
6170.218
4618.513
6056.322
8898.953
3646.257
3468.868
5984.952
3950.221
5243.819
3039.236
3109.866
3593.659
5816.347
3097.424
5296.001
3188.742
4044.141
5772.468
2237.393
2755.246
2951.385
4189.669
4418.6
4648.483
4358.106
4962.787
5197.764
4369.3
2581.65
3053.766
3054.484
2354.215
6283.53
5101.665
4228.955
5507.756
5118.978
6002.719
5332.143
8156.652
6737.59
7308.506
5867.228
4462.222
4373.066
5085.849
2472.403
4173.224
6806.153
5926.305
6124.535
6552.335
9550.075
4704.772
7320.91
9077.32
6736.714
5554.74
8869.174
8221.976
5908.838
5907.406
3590.747
4637.298
5881.064
4987.995
4603.559
4400.262
3386.485
3386.267
3901.107
5092.41
3448.562
3975.677
5143.087
5512.597
5326.177
5186.846
5435.547
5800.291
5860.993
6883.858
4960.238
11616.35
5722.963
4715.473
4253.58
5185.117
5389.706
6422.621
3679.871
3280.335
2345.723
5242.435
4137.213
4211.561
5628.088
7818.937
3607.092
5903.662
4041.101
5308.938
4481.6
4588.913
6310.657
5829.774
6614.355
8179.49
7276.984
6408
7378.425
6754.022
3508.151
6140.233
3160.594
3947.036
6190.958
3815.98
5761.144
5670.057
4571.666
4587.547
4903.56
5273.659
7580.478
7185.677
6591.405
6528.679
6936.988
5777.538
5831.519
7578.444
4594.325
4827.356
2213.667
1975.042
3305.36
6364.334
3321.924
4696.189
7568.824
3478.555
3967.907
5359.387
5191.668
3755.31
5462.363
7211.113
6105.233
8752.466
7021.374
6190.419
6040.455
8231.545
5789.95
6884.595
5055.946
4136.184
6361.984
7264.227
8009.384
5256.893
5948.788
4094.378
4197.133
3802.558
3979.144
4563.279
4936.428
4636.388
3203.781
3847.087
6278.82
4890.674
5660.375
5056.101
6054.965
5781.835
7131.229
5791.437
5376.096
6131.755
7921.491
5525.693
5918.332
9565.231
6619.29
5300.519
6228.342
7107.348
8477.715
8299.993
5803.803
4761.014
6204.412
6804.659
7758.579
4242.549
2406.4
4663.764
2861.447
6034.455
3744.078
4388.245
4935.685
3799.86
4785.117
4251.167
3514.631
2063.417
3984.853
3502.058
7189.572
5037.606
4385.173
4713.913
3302.969
4520.395
4618.741
4730.271
6955.333
6981.827
9045.398
5140.473
5407.845
6240.825
3574.349
5442.129
7638.979
7924.262
9328.896
6960.538
3744.864
5001.878
5074.201
5774.773
8575.028
4580.046
4412.535
6406.186
4479.062
5858.321
4804.955
4103.263
3724.645
4486.102
3384.031
2722.296
3821.827
2373.321
3608.188
4305.505
4631.903
4223.595
3112.268
3523.101
2817.106
3597.492
4536.118
4133.979
4520.804
4556.524
4871.871
4351.191
3708.437
4884.161
3597.28
2974.184
3175.752
3474.221
4413.136
5293.768
2772.494
2458.546
3565.24
3851.206
4082.374
2357.928
5633.801
5722.859
4536.329
4003.8
3282.653
4209.042
5048.548
5433.11
5533.531
6367.73
4354.865
6917.741
7444.458
4601.192
4824.261
6804.303
6463.824
4628.633
5529.327
4071.169
3308.825
5940.839
7615.304
7167.357
7011.482
6987.768
7020.584
6452.496
6407.247
4782.717
7771.157
6852.023
4722.491
6309.423
6817.757
6145.333
7529.399
7002.659
6769.206
8101.861
6747.227
6095.996
7407.119
10858.63
8328.925
5047.768
6402.283
5745.181
6222.808
10794.63
6545.729
3645.594
4200.771
4755.525
5887.608
4978.747
2022.281
1665.091
2124.682
2956.983
4351.841
3081.262
3409.216
3851.808
4720.923
2272.037
3523.611
3362.507
3765.688
3524.443
4619.999
5364.855
5004.093
7930.669
5713.506
7426.807
4221.11
6040.934
3892.471
3915.257
4255.386
3756.33
4013.009
3025.222
3719.157
5076.41
4857.06
6632.359
4594.742
5888.822
6621.179
6527.905
5583.331
4119.741
5468.208
5439.66
3075.778
4460.026
5306.687
5498.35
6243.899
3648.68
4489.662
6494.464
3971.439
5609.19
7794.961
5762.634
5258.449
6807.141
4594.62
6702.542
6247.333
7061.548
5065.459
5183.844
6636.599
4038.464
4452.225
5702.491
6087.186
5225.443
5434.687
3505.94
3562.178
4199.045
5034.516
8827.981
7033.652
4471.682
5226.563
7814.739
5435.755
5992.214
3364.426
5028.469
5781.581
4156.706
7525.332
3087.722
2445.795
4173.394
6060.441
4202.473
5805.272
3493.812
3346.332
3796.085
3010.832
4315.897
5292.286
5684.493
5260.212
3758.938
4230.065
2708.874
2796.363
2695.526
3548.657
3100.566
3986.075
7510.042
4637.421
4050.667
4566.362
4115.136
5799.223
4357.31
6460.271
5598.478
6815.839
4947.166
6109.545
10030.24
4327.701
5336.55
5091.145
3541.915
4247.468
8107.054
5721.568
6824.876
3409.261
3281.496
2661.689
3846.006
3627.685
2526.096
2687.214
3191.608
3056.086
5097.601
6218.079
5169.717
6432.986
6588.359
5549.98
5841.325
5690.907
4733.024
5343.786
2567.285
5924.399
4064.859
3557.886
3269.492
2661.102
6284.583
5769.679
3886.388
5914.409
4707.528
4680.947
4103.858
2700.658
3446.798
5165.435
5179.766
4340.528
5774.117
6427.791
8390.365
6129.552
8555.49
6302.599
7740.03
5810.998
2355.691
4403.987
3799.724
4463.066
5225.441
3674.941
7126.526
5925.439
4159.036
5626.838
6419.083
5058.686
5689.612
5911.231
5752.575
3489.093
7493.97
8257.879
8668.436
4060.989
5665.604
7357.146
4510.436
4610.637
4453.379
5651.694
6118.123
4335.377
6879.568
8090.95
5681.36
8067.747
6636.309
7086.587
8194.777
4492.25
2949.891
5329.662
2897.798
4993.492
6177.755
3682.207
4419.32
3508.27
3478.79
4343.717
4085.186
4640.713
5701.972
5570.613
5421.137
3556.628
4507.781
4408.35
2987.78
3353.814
4505.328
3424.275
3195.812
2787.098
3173.771
1807.352
3115.31
4697.97
2739.284
4578.579
4241.111
5584.393
4931.892
5365.323
4879.135
4215.509
5002.366
6815.128
7670.366
5145.973
5393.003
3779.782
6376.195
6963.952
5758.836
4184.504
5280.28
7099.046
5330.726
5549.924
6589.325
8787.431
7169.391
6037.624
8238.239
8329.168
6505.841
6595.083
7602.034
4726.854
3398.152
2953.916
6164.88
8065.171
5096.881
7950.281
5888.151
6466.254
5948.923
6484.44
7277.315
5323.998
3905.153
6632.467
5801.075
4962.167
6294.901
4613.805
3640.748
6737.86
8187.276
5771.719
5440.151
5504.713
5391.18
5264.494
5113.067
6537.861
6451.9
3997.42
6621.646
4785.342
6114.871
6829.314
5406.36
5505.344
8470.638
6287.136
7257.444
6758.26
5421.773
6287.543
5168.479
6875.202
6207.324
4681.381
5002.451
5333.424
4716.65
4319.984
4285.409
3982.145
6038.709
4481.093
6065.597
7744.763
7930.051
7011.949
7560.143
5151.373
7300.835
5930.475
5681.555
6971.431
5038.582
5957.782
8014.014
4714.687
6161.988
7010.267
7661.785
6836.993
12649.35
6348.674
8243.234
8720.789
4640.912
4723.513
7016.507
6615.449
6569.678
7620.596
4504.495
5524.423
8527.927
4922.55
3883.127
3131.08
3538.656
4870.555
6378.574
5034.862
4725.869
4040.733
5380.845
3412.319
5349.487
6557.113
9598.287
8106.702
4810.727
3517.888
3314.853
7521.327
4409.784
3588.739
5014.389
6261.369
3846.168
4560.56
6209.62
8304.086
7958.63
8216.134
7232.038
6247.725
8957.276
8593.729
6107.382
5318.454
6075.141
7618.137
3579.605
6548.231
7300.042
6590.268
3010.921
3010.113
3569.899
2794.043
4544.44
6006.5
6864.594
8779.591
5221.422
9675.005
5062.736
6218.34
7446.442
4639.482
8015.732
5896.118
6331.073
5510.23
7768.76
5035.934
6719.72
3847.187
3898.494
3216.447
4990.453
3622.112
2745.179
3630.16
3653.946
4098.51
5810.041
3708.986
5306.967
6495.164
4945.138
5018.499
3585.67
3652.279
4154.927
5204.736
5582.5
3275.804
3841.955
3564.115
4287.883
4750.887
6123.397
7070.335
5814.424
8467.859
5398.637
4630.76
3722.034
2701.969
4178.651
3593.273
5739.213
9698.665
5811.695
5353.657
8385.81
3754.163
2787.821
3234.815
3557.363
2496.174
2102.937
5556.418
6904.825
3836.915
4132.672
4315.504
2370.134
4059.406
4390.991
4030.394
3039.095
3241.263
1923.05
3338.633
3391.204
2626.598
3680.561
4363.481
3572.784
4880.815
5783.233
3695.669
4170.322
3976.009
2736.377
4074.078
7908.309
7670.232
8492.381
5717.497
2688.403
2597.465
2779.264
3528.244
4777.073
3823.726
3084.227
6246.792
5021.858
4469.849
5440.788
3105.583
2804.044
2484.628
1804.112
2418.908
2891.224
2505.861
3388.413
7493.228
5078.11
3884.929
3878.913
3148.304
4292.625
5780.872
4260.991
5738.765
4232.262
3169.937
2726.735
4493.877
3436.228
5646.391
7498.114
4592.029
5223.695
8494.324
3808.872
4297.869
4105.541
2562.716
2801.254
4531.946
5203.964
6657.728
5690.749
2411.718
4009.064
6028.126
5295.662
4010.569
5016.73
3874.564
4713.121
4533.656
3296.332
2395.329
2468.334
2397.988
2507.418
3963.351
3557.995
4616.713
2970.119
4067.956
6017.277
5795.175
7281.977
8174.943
5532.929
6647.119
7426.353
5461.486
4603.36
6849.683
5318.952
5996.419
4418.619
4113.976
4107.465
4266.581
4334.159
5342.513
5704.773
5871.404
4877.809
3952.973
6471.11
4123.443
6888.141
5595.858
7468.403
6367.127
6858.418
5147.654
4854.165
6480.934
4088.017
6055.124
4479.161
5511.765
8922.809
6765.921
7474.482
4936.803
3254.72
5384.973
4691.921
5625.31
6852.329
7198.488
6048.077
3582.715
2482.959
3372.016
5362.614
5877.788
4226.31
2638.021
3487.164
3916.224
6218.392
7503.915
7000.211
5495.971
6194.916
6900.037
6284.091
7482.367
6730.04
4929.847
6356.725
4787.497
3701.437
5566.783
5684.596
6249.66
6607.176
7851.069
7094.649
11370.12
5752.296
6794.766
5763.456
4161.053
5324.039
5942.445
8150.54
6167.829
5618.267
8425.153
8452.763
5959.281
5021.872
4729.366
6810.373
9469.805
6110.969
7344.761
6668.35
6348.767
6364.305
7488.913
8398.088
5268.772
4670.537
4946.681
5742.204
5154.734
3577.647
4651.58
5583.97
6764.229
6254.199
6163.634
4467.226
3229.132
3425.45
5652.073
4065.91
3877.541
6034.851
5955.676
5620.68
5911.032
5563.664
4638.969
4059.758
3343.029
4223.069
4396.934
4139.836
5454.126
5406.763
5577.909
4712.073
5362.637
5115.94
4263.397
4630.602
2574.224
3263.929
4255.747
3873.409
2470.507
3322.461
2484.954
3653.965
4603.267
3630.82
2958.837
3440.157
4450.737
4777.058
4201.41
5785.613
2852.918
5197.945
7143.361
3932.558
2837.711
3285.712
4099.319
1830.363
3196.923
5356.942
4395.082
5426.491
4685.585
4347.124
5532.441
6425.137
6160.122
7517.995
7864.083
8027.812
4541.159
9216.865
5860.871
8069.685
4788.881
4866.085
5290.218
4400.345
4919.605
5111.878
5406.401
4817.543
6549.629
6512.005
6464.883
6975.833
3287.409
6195.334
8620.594
6388.25
8334.381
5764.852
4042.381
4550.696
7175.206
4310.049
7921.104
8282.609
5594.23
6487.683
6031.784
3495.093
6638.732
9563.967
9691.619
8175.61
10080.17
6815.708
7715.975
5793.413
8369.947
6442.369
5106.557
5934.418
7184.843
4584.22
5606.214
6912.804
8404.936
10530.42
5926.4
4261.629
3908.012
4506.56
3889.174
4706.751
4403.249
5945.443
4915.08
7126.517
3772.904
6794.539
7144.756
6949.882
5870.827
5227.147
6084.923
6091.812
6090.419
6758.969
7430.483
7361.652
7160.468
6225.695
7405.965
3817.37
3597.59
3131.671
3855.988
3646.704
4281.444
4204.9
3005.405
2930.843
3770.411
3153.461
4151.233
4914.444
5484.488
6658.169
9026.97
6469.546
7542.171
7908.598
6983.574
6233.903
3896.652
5341.605
6399.452
5644.396
6524.513
6987.65
4547.043
3276.983
3565.038
4083.791
4483.637
7271.436
10186.62
9242.907
8360.162
4405.605
5190.89
5597.953
6990.428
7815.935
3245.463
3516.82
7118.41
5248.717
6823.377
5756.263
7901.602
6484.725
7433.501
6389.402
7348.943
7661.522
10376.7
7776.492
4381.907
6149.432
4503.951
7790.589
8402.773
6306.883
6591.883
5264.017
5775.932
4187.377
3694.33
5042.009
4941.58
3414.34
3725.059
3160.507
2688.037
6606.061
2834.95
3685.111
4279.902
3334.814
3704.493
2900.987
2013.634
3818.417
4733.871
5390.957
3319.479
5178.723
3329.737
4849.023
4822.432
6436.702
7438.892
6159.549
5792.622
4806.567
6352.408
6175.981
4889.45
5394.154
3484.272
5151.652
7956.556
6882.951
8550.094
7523.066
9146.358
5381.099
4417.464
3326.128
4047.246
3904.915
5849.311
5595.728
5153.739
5291.105
7649.669
7434.449
5605.238
6140.258
5656.723
4611.339
7072.714
6497.626
6738.233
8767.578
8949.333
9146.458
8185.066
7510.623
5598.497
5147.592
6625.112
6922.322
6503.58
6872.349
5760.085
7078.547
6036.511
6647.002
6959.702
5773.103
6482.127
6091.265
4873.072
5972.049
6803.143
6711.907
5286.112
4855.665
4508.066
5031.578
5505.816
8745.198
5214.349
5096.221
6787.602
7887.932
6694.407
5718.914
3730.014
4586.444
5436.608
4700.877
4632.877
4897.636
5600.78
6230.066
5500.833
9420.881
4486.663
4583.614
5672.096
3717.434
4816.319
6800.303
7130.076
6240.398
10626.33
5590.044
7770.4
8437.98
3375.995
4648.852
3554.888
4294.27
4056.044
4366.206
5486.38
7765.84
6019.887
7458.358
9557.54
8357.406
4391.084
6084.054
5842.998
8417.086
7705.948
7738.447
9320.782
6785.521
5758.195
7677.481
6259.79
6369.006
4338.999
4175.226
4877.613
5870.727
3797.051
4445.644
2858.822
1516.542
3900.601
6622.911
5797.236
8927.098
7488.329
6786.656
4883.55
5859.885
5665.103
4882.366
3369.971
4811.8
5457.126
7871.056
7487.7
10699.23
7741.955
5513.705
4955.316
8229.877
5910.95
5694
6538.408
7043.838
5860.058
6725.503
6777.72
5172.954
5690.289
3849.716
4906.271
5768.461
4396.526
6011.68
5983.812
7413.243
6059.55
5343.982
5078.959
3279.675
4694.41
4419.729
4357.105
4128.71
10171.61
6516.442
5129.77
3803.068
5283.278
4744.541
5899.277
7251.407
7782.507
7349.883
6622.289
8470.529
7194.333
9491.866
5254.091
8931.317
5551.625
7445.186
6286.887
5830.149
5984.504
4928.634
5642.483
8232.244
4481.718
4573.605
4269.68
6331.863
4030.004
5671.266
4202.162
5897.31
6359.388
4204.875
5483.499
5183.145
5612.856
4856.131
3582.36
3447.476
3544.238
2171.089
1788.059
2322.815
1942.949
2894.767
3100.793
4859.781
3290.881
3738.725
2849.672
3108.778
3240.429
5454.876
5262.957
4086.432
2141.148
2482.858
2493.661
3163.899
4034.31
6198.357
4188.704
5686.72
9394.278
9450.083
10075.81
8588.89
6405.998
4142.947
6549.434
5687.186
4492.81
5508.192
3145.199
4047.936
3143.69
2974.302
3194.853
3532.958
3090.223
4408.261
6142.228
3528.957
5022.229
5971.695
2390.4
3286.047
2025.56
2467.487
1746.482
2670.064
2740.534
3014.257
3770.283
2948.983
4031.14
1945.85
2798.549
4412.227
3855.156
5147.435
4408.664
5627.149
7534.692
8965.187
5778.583
7487.519
8812.773
7001.786
9606.863
4222.974
5010.453
5909.325
6637.717
5660.073
7405.041
5376.835
5550.304
7141.833
7227.198
6510.127
7043.396
8394.731
7366.886
7043.021
5854.197
9716.248
6656.876
7655.962
4700.415
7123.304
5211.23
6092.042
9900.384
5256.154
6443.362
4832.723
3972.832
5228.154
4862.894
4571.98
5614.788
4825.429
5030.561
5715.7
5120.669
7599.684
7575.502
7063.32
5495.697
4993.903
5036.236
4771.305
5444.603
5567.452
4915.226
4799.781
4605.596
3929.705
4005.501
3462.378
3288.351
5661.443
4920.253
4333.783
6481.961
5672.087
8357.836
5946.769
6603.798
5755.74
6121.572
6753.308
5784.149
5550.454
5575.05
4723.836
4750.752
3847.61
3627.96
4377.922
9080.053
6171.005
6080.817
4840.981
5362.447
4840.222
5829.815
3092.975
6108.773
3734.95
5897.401
6700.228
5842.293
8337.269
7743.302
6268.738
3941.535
5196.499
4096.52
5392.095
3878.021
6063.722
4541.938
5148.265
5266.711
6673.248
4583.865
5571.986
5434.439
4677.214
7956.565
4989.569
6063.7
5480.876
5067.491
5959.779
5037.652
5134.56
6187.222
4341.141
4596.24
6009.193
5065.381
5573.288
4820.336
5739.626
4026.614
4781.644
5298.969
2382.768
4463.362
4489.859
4669.587
5258.271
6980.814
6893.844
5650.663
4732.108
3657.373
3261.552
5768.951
4792.065
5410.547
3922.068
4287.258
4889.316
5843.412
4309.048
4114.539
3836.542
5691.973
7417.924
5900.004
6239.245
3215.871
4103.302
2625.877
4361.634
6571.525
8823.842
4590.128
5699.98
4330.128
4145.131
7387.033
10297.1
4644.714
5199.968
6719.7
4993.852
4356.921
6863.923
5066.624
4354.122
5687.636
3217.281
3720.516
2940
2377.674
3388.135
4849.957
6779.494
4912.896
3778.657
6738.42
6311.79
7537.917
6475.811
4342.215
5654.862
8104.844
5087.57
6056.193
3138.65
4257.706
4443.239
2887.735
5904.763
3913.956
5404.104
4484.922
4484.676
6064.148
5239.118
7312.993
6526.939
6909.18
5669.169
3470.169
5234.045
3580.517
5574.673
4306.398
6436.759
4342.898
3830.46
4422.653
4860.559
4525.19
3074.247
3466.806
4160.798
4682.689
2908.045
5174.096
4294.589
3155.818
3931.725
4916.76
3427.794
4554.289
4508.333
5485.164
5717.665
2930.619
2702.194
2546.354
3839.121
7465.541
8091.903
9831.339
8338.128
8879.928
7006.892
7042.503
5562.279
4852.633
5886.853
4630.104
3759.546
2869.982
3128.937
3818.786
7866.325
7470.787
4210.276
6803.352
5864.891
5864.709
4918.367
7240.89
6196.823
4796.845
7686.765
5988.714
6059.473
4978.728
6173.485
6065.655
7189.499
7333.873
6358.541
6747.776
4892.995
5460.437
5375.776
3601.858
3320.374
6554.057
6094.317
4955.853
5553.93
5696.791
5926.373
6211.305
7613.155
3755.78
3219.648
8820.424
6222.909
6747.035
7913.109
8435.932
9481.436
6342.084
5924.774
5281.11
7860.409
12045.14
8962.877
7757.947
7257.233
8129.913
5478.96
6648.207
7872.235
5100.222
6867.848
6074.222
5782.973
3708.939
3861.441
4986.964
5852.943
6847.522
6994.304
6484.631
6104.717
5105.936
6951.678
9372.638
5054.121
7263.874
4744.41
4371.411
4418.849
5211.16
4722.607
7859.551
6410.728
6567.938
5722.013
7497.312
5014.429
5969.778
6166.253
6083.112
7819.234
3865.215
7403.703
2922.534
2878.865
4759.638
3358.246
3817.062
6000.071
2278.773
2725.9
4692.781
4157.296
6078.233
4577.666
4143.387
3447.306
4500.564
5989.127
4650.01
4923.464
7049.862
10829.59
4190.214
5128.516
6045.202
7011.736
5331.357
5594.385
4519.661
5935.106
5330.989
2688.211
2739.264
4625.074
3615.667
6034.94
5220.612
4635.273
5977.553
3351.85
4846.344
5425.106
5860.153
7092.457
3944.053
4927.849
5309.708
3439.177
4931.932
4991.139
5053.687
4778.559
2766.123
4311.865
3402.854
6397.23
5047.166
3122.429
2062.29
2250.715
3069.132
4707.958
6021.623
4137.152
5665.162
6932.076
2601.382
5038.922
5334.69
5378.161
5082.758
4150.491
4551.268
2936.559
4334.116
3918.644
4813.206
4562.861
7521.348
7141.941
7319.093
6509.543
8031.473
6704.243
5377.509
5418.188
4681.004
3015.903
3832.302
4922.687
8136.92
5898.637
4802.248
4575.487
6766.043
3456.635
6665.432
5118.721
6348.478
7482.096
7863.048
6197.825
9824.288
8378.522
7091.443
6290.816
8996.167
12472.12
6011.567
8633.864
6534.06
6583.639
8502.363
6781.361
6959.028
8731.034
8006.786
6759.743
6977.494
8369.506
5849.18
3444.25
2440.789
3832.781
5898.96
4249.163
4583.716
4296.135
3817.934
2892.845
3084.033
2341.559
3597.082
4165.1
2941.879
3624.328
5377.074
3394.436
5786.409
3811.474
3140.656
6793.053
5269.412
7404.18
4694.164
5721.229
6326.58
7527.099
7371.168
6194.693
6432.006
7842.878
9336.974
6518.457
9088.827
9200.021
8291.353
9555.932
4997.566
5797.832
8687.563
4664.289
5329.332
4545.526
6409.591
6591.245
8931.789
6297.535
5542.022
5093.501
9258.811
8563.03
3699.436
4905.127
5729.578
3243.979
5902.867
4122.718
4720.984
4860.044
3141.585
3659.906
4117.168
3479.539
4738.886
4875.614
3369.478
4276.793
4008.841
3976.012
3613.606
2644.341
3045.651
3687.973
4284.347
2399.512
4573.627
3675.364
2853.569
2558.606
4048.028
3753.602
4526.172
3871.349
2372.86
5763.12
4080.576
3145.869
6135.223
5440.333
4454.883
3633.93
3912.182
5800.62
5699.979
4770.401
4927.246
4107.197
2930.64
2557.05
3407.4
3675.582
3471.256
3956.821
3927.986
4131.827
4227.618
3018.432
4001.893
5918.55
5832.699
6263.09
4822.595
3339.158
5334.942
2634.385
4596.397
4095.262
4326.317
5279.474
4301.479
7001.093
4165.921
6521.542
6484.125
7127.584
7622.069
6458.494
6245.455
6732.065
6665.865
7429.741
3999.696
3268.787
8810.663
4447.227
3641.491
4071.224
3457.731
2841.315
3091.582
3827.028
3900.647
6390.42
3896.315
4323.65
7685.455
4925.626
4992.173
3877.332
3930.612
3700.027
4581.003
3962.865
5390.45
5205.86
3847.842
3507.99
4965.281
5538.053
5909.679
5881.44
4839.01
4030.907
5583.116
5034.071
3744.634
5149.055
4699.601
2650.353
3340.391
3148.441
5856.971
4452.939
7486.957
5400.767
7161.138
5874.123
6298.641
3993.817
4686.051
5384.81
4798.491
4409.892
5096.189
5876.047
4618.488
6729.095
6574.499
5079.097
6703.891
4413.453
6060.468
3637.737
5948.469
3319.421
3213.227
3310.542
3282.432
4128.367
4652.873
3451.44
3152.53
3198.975
3103.659
3286.614
3332.476
4483.024
3078.68
2522.098
1833.745
2386.022
2515.974
3733.261
4286.101
1938.865
2806.563
2819.189
1758.031
2471.038
1796.911
2566.248
1368.577
1958.194
2685.409
3182.909
4595.059
4241.702
3066.638
4823.435
5149.233
7084.81
7302.896
9104.024
7093.778
4432.69
6063.335
6462.681
4942.276
6392.429
7700.751
5050.011
8893.622
5927.234
6434.535
6827.655
4399.598
3418.416
5338.572
4695.577
6954.428
5831.866
5820.719
4665.794
6339
6060.483
5689.096
9568.731
4498.716
5302.662
5458.222
4806.567
6349.98
5641.67
4311.183
4842.568
5685.223
4668.289
4358.25
4459.858
6233.22
5539.232
4926.135
6959.116
6298.215
4288.822
4441.119
4739.109
3631.156
7190.085
6706.264
8389.954
8585.299
4515.066
7284.074
7715.401
7206.372
6396.373
7291.669
6112.55
5825.381
8225.055
6204.827
5404.006
7282.402
8986.033
6018.514
7706.096
7899.773
7484.1
6469.997
7185.362
4626.434
5660.954
5894.68
6518.225
3644.439
5999.217
3628.277
4080.018
4451.165
2475.432
1758.364
4649.9
3203.366
2572.513
4246.31
3731.819
3255.11
3493.91
3844.741
6324.037
4311.353
3797.621
5354.205
5430.551
5423.804
5392.047
5666.495
7781.388
5326.964
4238.925
6069.956
9814.232
6026.738
3914.649
4122.076
4645.333
3644.901
4660.027
6261.992
8586.6
7623.667
7359.221
5098.163
4583.579
6772.271
4765.102
5358.209
5462.241
5457.539
4974.221
5145.3
2639.7
4390.068
4893.954
4927.431
5274.407
5300.329
4893.711
4525.947
3501.936
5242.488
4388.568
4315.769
3036.244
3023.675
3399.326
3165.676
3191.14
3238.536
4163.575
3736.163
3154.563
4247.809
7341.19
4599.559
3790.126
4402.235
3580.907
6544.842
4566.583
3091.613
3773.723
2614.407
2993.807
4177.931
2221.899
3376.439
4252.288
5227.121
4831.431
7768.359
7241.178
6829.092
6694.608
7483.916
5991.887
5559.082
4549.317
6434.939
6250.929
4982.673
5054.57
3426.974
4744.349
2933.464
3079.161
5566.764
7047.454
5393.36
3842.125
3365.811
5022.049
3512.725
4052.971
4693.154
4273.06
3569.073
4227.464
3451.946
3454.689
3063.899
3016.725
4064.828
2893.307
3211.41
2454.782
2395.362
2633
4488.413
3149.308
2807.78
4504.281
3947.748
4820.693
6086.765
7083.599
5418.272
6461.885
9863.266
6659.694
8026.646
7250.486
8550.496
9694.418
9708.865
8974.815
8597.111
7661.747
7193.031
7108.74
6780.902
6111.121
6312.713
5681.309
4998.603
3721.831
6069.597
4120.677
5703.538
3995.291
3731.063
2843.608
4433.658
5416.223
3694.395
5358.075
4711.2
5518.486
4060.702
3988.789
6021.847
4709.998
4074.74
7065.395
6966.805
7233.713
7207.395
4128.254
5061.028
4805.155
5481.464
4443.583
5970.148
5455.787
6190.383
5382.504
7006.148
4014.575
4224.58
6203.3
4652.647
7068.339
5855.866
6155.13
5398.828
5146.109
5529.78
6811.264
5085.071
5038.073
5720.122
3385.956
6104.462
7242.009
4792.148
5345.132
5343.073
5317.121
4614.401
5045.47
4105.52
6878.321
8046.624
5458.702
7963.34
5577.835
6541.193
4223.224
5157.973
4698.782
5254.781
4444.65
3762.12
4509.358
2928.643
5158.745
5935.717
4670.698
3988.653
4369.938
4770.293
6288.984
3427.851
6213.692
7679.854
6112.54
9332.615
7404.003
8657.872
6799.965
7053.761
4696.675
6968.127
5995.848
7847.209
5492.562
6049.441
5299.211
4515.253
5863.53
4769.157
5787.515
6075.843
6930.882
5984.239
5930.46
7113.229
5644.141
4757.32
4462.451
3826.845
4795.965
4205.325
4735.954
6022.602
6121.058
5839.059
7415.286
4846.416
6077.6
4462.67
4696.722
5732.036
6812.684
5941.742
3875.217
5575.601
5992.852
5255.79
5177.009
4388.483
7000.172
7092.796
6724.586
4731.779
4813.369
5090.716
4359.414
5899.918
4929.133
3489.874
5865.9
5157.297
9245.581
4309.534
4436.704
6194.428
7131.76
5245.863
8286.859
6940.311
4829.257
6622.959
4112.488
3990.916
5304.626
5614.748
7447.753
6368.578
5354.294
5534.355
5170.681
4391.045
3656.14
5111.593
2415.701
5894.811
4122.983
4430.077
4677.696
3484.761
4646.02
4043.471
2870.14
4479.5
4779.003
4194.387
2702.187
5157.596
7489.567
4729.992
6394.879
4652.387
7124.331
9158.075
7006.452
5725.594
6790.374
6117.531
7783.833
6329.371
4899.52
5461.977
8749.816
6124.394
5262.112
5697.43
7563.755
9605.665
5786.91
5597.456
5881.841
5870.657
5771.956
6465.619
5847.387
4909.189
6161.691
6846.482
6137.445
9103.099
7849.716
5856.865
6237.297
4827.359
4568.426
3182.169
2427.047
3481.504
3343.765
5771.916
5635.664
3055.502
4134.324
3927.868
4743.933
3536.618
2540.913
4435.987
5416.164
4862.012
6050.262
8052.704
7106.241
6644.742
6160.616
5119.54
5774.236
7199.115
8193.525
8091.372
7284.925
6043.208
5870.831
5061.146
3817.086
5104.09
7905.144
6214.48
8369.911
6754.858
6398.639
5919.848
5524.365
8196.791
6519.272
7513.385
4808.741
4730.023
4501.074
5038.283
5239.429
5334.506
4775.126
4755.082
6088.509
6977.967
5919.149
7206.519
5354.718
4192.699
3723.291
4876.42
4256.448
8318.607
5958.634
7477.891
7220.62
6837.201
2676.846
3354.088
3845.965
3116.766
3709.845
3737.316
6136.687
8226.077
6360.823
6496.651
2495.049
5529.126
3545.246
5494.664
2303.937
4473.981
3937.983
4074.063
3913.023
5335.138
4200.363
5244.397
6632.37
3571.995
4571.592
3308.88
3830.885
3479.83
4532.669
5938.872
5153.905
5042.85
6361.986
4357.76
3416.264
6051.49
3925.522
4810.911
3917.423
5863.869
2923.026
3433.319
4008.463
2637.441
5344.935
3421.854
4185.485
3220.17
4260.604
3846.731
3485.384
3825.332
4795.046
6540.531
4941.97
8302.061
4702.251
7151.617
3014.59
4851.963
7284.602
8621.197
8451.404
7861.131
6155.89
5582.672
4747.527
5700.313
6444.121
7116.726
9623.108
4873.982
4067.519
5625.301
6640.591
6158.493
5390.495
5033.336
3973.708
5739.555
2183.701
3581.046
2616.155
4867.268
6659.571
4424.859
5415.303
7392.564
7025.687
7498.929
7590.786
4621.476
4489.094
6728.738
4671.188
9218.888
7064.871
5183.74
4218.464
6997.034
6694.887
5653.615
4806.731
3900.992
2774.81
3678.361
3887.671
2817.523
2875.575
3188.472
3241.224
7310.518
6317.548
6247.65
5845.047
6144.548
6295.82
2694.953
4469.026
6296.766
4758.698
4864.371
4852.04
9836.312
4849.128
3694.372
3882.407
4478.219
4304.815
3907.671
6801.054
6885.695
5652.786
8771.061
7290.443
11098.03
7122.915
6914.495
6907.614
3347.393
5109.017
5616.98
6963.755
5719.671
7414.974
7330.758
6585.146
5935.257
5024.152
5588.449
5365.642
5592.894
6534.022
3792.107
3903.737
3942.683
5419.643
5536.817
3853.008
6876.676
4869.747
5767.059
2937.162
4195.538
2654.568
3265.971
2413.096
2719.125
5120.823
4187.235
5641.077
3542.482
4605.34
6923.843
3646.629
2681.2
4100.566
4297.499
7184.297
2715.436
4086.348
6202.297
5828.111
4824.71
6325.769
4719.786
5815.438
7341.576
7520.446
8544.201
5936.048
4356.045
5498.279
5081.083
6205.435
7657.264
6408.955
8747.582
8792.183
7015.496
6471.659
8650.07
6544.859
6483.19
4991.46
7387.324
8762.411
5285.89
7020.872
5678.383
7817.522
4077.518
5918.108
4946.212
6132.229
5445.189
7980.57
4545.857
4716.536
3727.959
3748.578
3082.472
2996.981
3170.906
2870.686
5791.175
5717.468
5683.116
4993.886
4730.872
4326.771
4122.956
5727.431
6195.635
6204.608
7153.159
6606.686
5735.713
4317.771
4880.756
5832.71
5047.227
6106.139
8903.951
7480.018
4798.309
6603.192
6437.259
5414.703
9333.084
3730.837
4027.64
3777.095
3383.9
2372.33
2975.842
2128.302
1867.054
2122.312
4915.885
3216.904
2961.835
3186.638
5543.278
4850.003
6064.365
4746.613
5508.229
5313.092
5273.266
6167.713
7891.834
7324.713
5693.705
5088.759
4224.871
6591.956
6748.354
7325.279
6210.967
5674.083
8348.863
5392.927
6864.028
6582.153
6806.438
4427.293
5926.737
4078.444
4391.561
5082.277
4918.114
4804.358
3309.046
3396.792
5211.034
3264.857
5333.208
3157.039
5187.466
4603.315
4461.157
3453.918
3198.53
2467.364
3357.502
2821.447
3110.965
3721.715
4159.965
4199.993
4707.59
5818.6
8670.413
9734.281
8319.648
7787.42
7795.227
8231.028
6456.207
6799.418
8264.459
5701.314
7865.545
6180.823
5066.505
6009.533
4224.998
7112.799
6936.309
5605.635
5903.441
4565.39
3679.27
5992.655
4421.832
8076.082
6169.416
4404.932
4905.149
5647.998
8264.305
5970.467
11016.84
5048.277
7948.034
5863.359
7046.48
7405.775
7781.918
9646.316
10291.91
11712.64
8079.221
7483.045
8830.539
7426.406
6074.825
6531.83
5852.142
6885.231
6024.625
5835.449
3527.607
4567.369
3631.103
1831.008
3818.447
2994.533
4867.231
4946.777
3650.74
3591.744
5383.323
4916.278
4087.635
4916.181
3863.475
3695.35
5548.799
4127.585
5374.395
5563.903
8226.784
5266.303
6981.969
6826.641
8020.123
7637.05
7420.156
8546.894
8216.57
7324.947
6952.463
6704.108
8534.916
6518.107
5760.657
7099.352
5121.841
4941.249
5960.67
5167.246
4325.958
8010.302
7877.058
7742.002
6637.884
8372.554
6758.561
8000.874
6561.757
7181.224
4978.402
5075.007
6069.559
3082.929
3128.151
3932.049
2676.769
3465.57
4071.926
3414.401
4979.839
5611.435
5436.7
6696.46
3972.563
10697.87
7104.818
6254.067
7219.15
8361.881
4989.527
5514.235
8505.416
6881.464
6518.062
7379.799
3711.798
9350.906
4428.2
3595.997
6612.707
4096.212
3596.072
7434.689
5160.235
5034.957
5093.839
3666.184
5399.204
5247.147
4684.351
6098.452
3767.92
4080.338
5933.528
6287.955
5086.757
4489.571
3852.601
4440.752
3926.35
3765.76
4246.089
7060.301
6264.775
7313.507
7514.379
10767.31
5213.38
3974.031
5784.706
4003.802
4381.846
6493.275
6526.951
6292.165
5080.671
5384.213
4784.705
5142.873
6681.903
6032.2
4192.829
7284.501
3778.437
6842.994
4800.699
5865.66
4404.232
6322.088
6508.043
4668.302
4393.439
5823.072
4250.713
4451.775
2554.042
2676.602
3386.631
5575.449
5560.503
6683.288
4875.187
5105.329
5615.222
4470.894
6418.507
7133.243
9321.639
9956.827
5597.115
6736.086
7959.649
8754.709
6297.113
7562.935
7103.257
5969.023
5493.92
7234.407
6205.992
7542.681
4268.663
6637.844
5918.778
6692.392
8146.176
9065.132
6407.362
6737.646
7372.809
8620.484
7339.298
9452.533
8110.971
6291.79
7317.581
5200.385
6282.12
6181.809
5836.54
5863.22
5923.399
5238.951
8245.974
3644.774
5381.395
4274.637
6313.976
6921.613
7327.087
7147.485
7014.799
4197.407
5440.856
9116.449
4994.992
5430.818
6676.28
6925.131
7714.226
8253.6
6349.405
6635.963
7058.073
5414.375
8759.111
8197.068
6060.492
4482.703
4976.61
4219.626
6176.891
6258.007
4399.247
4889.382
5733.382
7357.853
6195.177
8824.789
7557.808
7520.208
9598.257
5553.631
5098.001
6434.47
8224.922
8250.124
7761.823
4475.486
7392.088
5146.84
7565.152
9931.011
7446.802
5729.746
8756.49
5661.544
3344.459
2797.407
5377.109
6298.118
3916.947
2933.155
4341.722
4990.657
2980.553
4691.216
6785.934
3987.037
4437.92
4051.838
7582.517
6606.215
6031.711
7444.193
6824.099
4224.109
7847.605
6747.527
4685.939
6335.997
6669.632
6452.85
8750.229
5860.513
5075.27
3936.912
4993.416
5274.063
4607.808
6960.955
9376.396
7186.66
6485.512
9236.497
9490.349
7595.776
5804.333
8377.689
5651.523
5903.575
5260.159
4580.342
3543.856
1909.758
3265.969
3060.526
3438.783
4557.997
3773.538
4378.625
7295.402
5521.601
6975.398
6837.825
8319.02
5676.618
5833.844
6980.602
5023.345
5219.979
3019.065
3657.645
5065.983
6470.856
5366.221
4250.66
3272.167
6578.42
5207.655
6468.737
3066.705
5045.205
4482.948
2810.205
2589.595
6443.725
4846.563
6345.705
8053.578
7307.737
7571.827
8837.701
5325.89
5864.613
4590.157
4410.484
5359.961
7082.195
3129.484
4487.621
4517.034
5160.629
4553.824
4090.76
3234.106
1747.088
2223.58
1214.427
1505.83
1813.902
2805.017
1576.375
1861.763
1010.846
3043.452
3754.424
3701.786
4234.444
5150.951
3564.959
3573.912
1653.849
2793.273
5044.744
3350.887
6159.372
9811.747
4692.883
4355.061
4436.792
6492.227
8086.793
7061.369
6242.341
3930.316
5970.087
4013.41
4446.624
7906.19
6314.769
6409.657
6030.263
7022.937
5149.707
4154.122
5966.773
7687.076
5312.919
5149.011
5343.127
7943.366
8401.781
6939.098
6974.906
5732.428
5636.321
5743.909
6106.207
5596.635
4983.15
3933.477
6918.981
5562.015
3724.25
4903.344
5870.81
6649.147
7545.243
5052.032
4684.417
6372.685
4790.239
3670.054
5540.581
3561.405
6970.633
4233.807
3854.861
5911.248
5308.19
6644.818
4571.183
4103.658
5406.268
5039.863
6642.49
4576.439
5169.406
5876.668
5724.126
6095.174
7201.405
5319.746
9160.806
7598.141
7110.151
7860.719
5313.685
8278.538
6773.795
8928.601
6201.755
4645.494
5359.976
6086.435
4221.688
3798.515
3427.796
3358.768
2509.949
3019.194
3511.742
2020.204
2683.907
2037.718
3009.924
6177.233
4184.293
2820.808
3247.524
4684.108
3822.601
4677.597
5245.275
6406.983
5989.47
6794.968
5299.176
6652.299
4281.951
5417.234
5698.404
5391.251
6912.602
7947.442
7453.367
6933.173
4527.309
6302.361
7992.316
5838.716
5164.426
7192.885
6752.415
6703.679
6099.921
5259.998
4653.321
8284.907
7264.202
5329.872
4814.885
5640.715
6368.189
4241.522
4755.923
5964.841
3838.096
2362.857
3627.373
4218.947
3614.852
3965.122
3130.365
4005.532
4588.327
3453.677
2496.129
3842.048
4378.147
3087.481
2124.257
2988.327
3560.535
3957.884
3790.75
3647.014
3471.413
5240.355
4825.098
5532.169
4331.261
5059.672
3250.818
4511.923
4274.673
4067.303
3745.918
5306.383
3782.228
2958.202
4021.064
3905.013
4172.964
3061.342
5236.104
3995.852
4695.347
2771.618
2738.337
5042.699
3899.85
3180.714
6152.352
2964.353
4563.581
3092.77
3170.189
3704.149
3509.382
3984.109
2239.995
3063.988
4219.388
2456.657
3702.17
3673.061
4100.179
3903.127
5995.358
6227.997
4418.419
3749.102
4430.015
4013.217
5084.628
3705.518
5634.609
4963.059
4735.634
6910.339
4318.453
5440.667
4370.66
3509.68
3563.151
4472.409
4624.682
5305.083
5408.382
3346.826
6115.852
5027.653
5253.815
2555.933
2951.766
4530.886
5351.471
6187.227
4519.82
4946.536
5691.032
6529.358
6614.445
7257.592
5639.661
7580.954
6059.464
6050.458
7610.189
9089.577
8229.148
6993.916
7699.831
10331.31
8538.872
5988.011
8490.674
9467.961
6589.029
9810.883
6333.216
7727.022
9596.726
4916.104
5220.613
4968.564
5783.916
4649.883
6318.303
6675.983
4592.715
5926.02
7050.83
5302.487
4758.549
4263.617
3614.317
6305.546
7460.192
5157.171
6979.035
6344.785
6443.55
3205.774
3525.6
3603.117
3513.936
6121.423
5686.09
3892.117
4556.972
6304.192
6403.187
6487.221
7492.277
5687.723
4416.269
5358.743
5422.391
5016.715
5484.687
5026.327
4412.641
6688.945
4641.185
3194.622
4530.41
5466.908
3534.338
3178.38
2541.602
3081.586
8952.287
3457.237
5485.239
6302.741
6865.811
4075.038
2474.389
2803.259
2527.242
3052.299
4418.184
4112.254
3405.241
3164.847
1791.856
4420.959
3770.068
3864.836
3755.937
3355.469
3983.505
2182.925
5074.044
3071.485
3886.304
4983.007
6297.471
5666.06
4984.26
4673.651
4732.275
5504.034
5990.674
3771.903
2537.468
5914.412
3155.856
2971.202
4962.8
4463.491
5253.007
4968.518
4928.575
3917.422
4116.545
3470.411
3813.274
4367.451
4272.997
5564.264
5398.286
6909.558
5122.566
6852.645
4709.884
7367.835
6193.468
5912.221
4624.425
5634.676
4173.912
2855.075
4749.47
6277.3
5436.587
6596.369
7385.929
6300.098
5930.99
4208.312
5603.134
3792.302
2230.462
3225.139
3609.767
8646.505
6004.601
6914.939
4801.981
4091.251
4539.885
2601.108
3208.32
3603.617
4131.639
5840.095
4444.529
4528.747
5753.051
6497.997
6220.642
7106.721
5121.31
4591.403
4094.76
3047.226
4590.508
4014.915
8340.588
3658.046
7628.97
5282.88
5227.181
2705.247
3766.116
3031.177
3781.718
3700.827
2684.902
2212.46
4837.089
6255.416
4244.033
4546.727
5406.101
5799.268
8302.41
7027.696
7426.331
8364.211
5486.252
4396.323
6367.823
4078.876
2330.062
4109.76
5616.485
4960.252
3256.528
2939.982
1946.314
2995.665
2438.017
3339.394
3055.822
2883.117
3182.385
7457.51
6824.715
9047.058
8678.694
6584.611
6598.884
7742.49
9184.799
5898.857
7032.585
7416.779
5878.662
6616.623
9920.2
9302.608
5676.232
7161.091
8052.092
7267.755
4646.827
7944.82
6570.854
4773.597
6744.804
6293.018
4591.859
6009.07
5014.505
7197.111
7975.919
8255.27
6954.504
9182.158
6786.622
7792.553
3787.839
8166.394
5480.228
4008.178
3953.129
4238.622
4735.219
5157.927
4285.605
3502.209
3099.871
3399.223
4223.595
4762.668
10293.46
6735.691
8390.555
6638.367
4251.793
7141.938
4890.721
4146.704
6126.987
5273.202
3363.969
5895.659
4548.325
4831.846
4308.204
6467.157
3805.291
5159.029
4832.116
5147.272
4727.658
4136.163
3389.381
4719.426
4802.659
3436.958
5214.66
3894.235
5516.538
5806.486
8635.017
4910.147
6151.85
4658.872
5855.255
3738.602
3459.29
2895.99
2770.774
3152.545
4720.705
7532.902
4782.628
6121.215
5080.155
5760.877
5958.185
4459.278
3695.356
4602.704
6333.388
4392.222
4967.134
5714.303
4146.478
6838.862
6346.393
5116.192
4942.75
4473.916
5752.442
7055.012
7050.016
6574.632
4369.326
5072.767
3822.644
4122.483
4880.418
4560.863
3226.033
5032.893
4181.5
2469.348
2733.537
2573.516
6261.11
5807.13
5666.405
5643.626
7267.607
4266.319
5598.665
5919.077
4956.996
5407.371
5900.913
5916.937
4471.991
9119.799
8074.759
4729.067
5199.072
6982.023
7463.239
10904.2
9594.405
8761.681
7960.198
7155.614
7425.179
8486.386
12942.71
6400.538
8692.038
6568.104
8966.674
6852.426
6922.175
7787.046
6924.886
9395.032
7371.738
7728.875
8536.536
6755.958
6520.142
7045.673
7083.056
6581.816
5545.895
5547.998
6967.349
4881.738
5051.962
5576.867
3747.748
4681.292
4315.556
7386.719
6097.73
9275.51
8618.922
8810.532
7515.538
8252.813
5346.317
6418.466
5820.018
3007.769
5983.019
3358.54
5003.946
4651.562
4723.978
3727.518
4521.28
3532.449
3246.094
6932.481
4084.795
5202.933
4519.505
5715.535
5896.954
4147.441
3352.888
2092.388
5148.559
4544.844
4066.56
2749.762
2404.494
2618.204
2999.013
3420.759
4667.905
4401.15
3762.051
2081.219
3455.624
5301.84
5272.21
6297.903
5793.497
9863.546
4956.262
5997.915
3389.644
6555.018
3791.894
5964.472
5210.811
4791.205
4661.549
5740.581
6444.564
6690.307
7874.792
7498.316
4800.734
5792.389
3864.768
6654.892
7734.464
4072.926
4666.675
5419.023
3907.345
1743.255
2526.577
4527.56
3152.406
7063.92
10114.95
5117.873
4273.539
4022.643
3535.764
6268.944
6215.623
8546.301
9107.865
9056.249
5782.717
7258.171
6522.291
8489.475
7127.672
6008.9
5506.035
5766.156
5737.841
4560.082
5824.32
6326.133
6642.47
6613.433
6631.435
4186.804
5777.441
3875.002
7648.136
6131.103
7676.12
5965.78
6015.94
6253.625
5365.079
5359.703
6764.57
7091.42
5907.731
6941.546
5466.246
8837.978
5122.459
5790.277
7982.893
6862.049
5563.012
6845.523
8666.221
8012.7
5764.352
7624.294
7072.18
5471.021
6127.965
9589.882
5726.784
8194.451
5985.619
4803.899
4380.896
6389.302
3496.083
4921.549
4589.177
6415.381
5857.947
8234.903
6726.829
8181.78
6979.243
6546.308
10116.41
5620.016
5257.307
3443.344
3681.521
3738.081
5202.781
6528.789
5269.404
6265.736
6168.438
4455.16
5483.87
8970.143
5414.212
4185.143
5236.582
5646.416
7788.719
6729.355
5992.916
3542.172
5091.844
4470.35
4858.353
4033.528
4710.09
5029.119
5721.495
8316.546
7606.298
6268.602
6518.09
6574.966
6501.372
8091.93
7370.219
6044.935
4878.576
6275.537
4217.839
6561.722
4738.138
4207.075
6654.154
6975.572
4205.566
3197.103
4414.243
6797.217
4590.434
5773.252
5185.935
4044.913
4437.264
4240.256
5129.298
4697.622
5103.94
5682.738
3454.21
3219.993
6116.777
4909.57
3739.882
4332.499
3008.548
3581.918
4023.819
3362.211
5338.365
6533.61
5902.076
7860.18
8825.504
7808.223
7786.918
6757.42
8014.501
7664.353
7710.63
10225.14
7785.646
6942.868
5123.878
6092.406
7206.18
5325.563
7606.47
3540.846
5157.353
8374.368
4625.578
5842.93
4281.431
4966.595
9377.664
8759.457
7563.385
6529.15
7969.155
7639.137
7660.034
7764.532
5473.486
7151.803
10386.74
7523.746
4882.754
5412.11
5570.54
4424.042
4012.007
3979.456
3434.743
4081.007
4054.047
6161.208
4924.311
5021.104
6345.748
6494.747
5382.177
6204.86
5549.131
3138.579
4356.561
5615.51
4375.887
8391.479
6174.887
3894.814
6878.078
4640.622
4796.909
5773.722
3583.202
5971.116
4572.699
6661.407
6221.565
7434.537
8437.288
6956.284
7145.663
10318.54
8381.683
7765.422
8293.873
4450.04
5994.756
6516.933
8367.6
6438.389
5534.374
5428.335
5451.597
4107.43
6042.379
5679.164
5408.235
5770.021
6756.239
4261.584
5218.426
4807.303
3677.138
6165.112
4392.387
5639.754
6064.081
4512.442
4727.606
3901.098
3977.004
6656.154
5076.245
4395.234
4287.296
4453.535
3833.014
5280.957
5058.785
5287.6
5592.649
5862.013
7592.107
7568.277
2959.048
3474.223
4609.015
5345.06
3153.658
2754.823
2514.654
3701.005
4456.38
2564.736
4309.051
5052.275
3682.386
2494.788
3069.254
4052.392
4668.034
3132.328
3506.173
4505.278
5541.17
5108.871
4447.74
3812.425
5472.042
7132.539
5091.113
5095.47
6388.234
2807.903
3317.789
3510.299
4143.12
7596.747
7222.776
5868.556
4653.619
4951.428
4996.056
3583.333
5896.296
5669.65
5645.9
7233.787
6479.347
4005.887
4049.797
4262.699
2851.915
3472.281
3152.82
6072.467
4228.703
5450.363
6210.933
2862.883
3575.904
6846.488
6001.713
4873.212
5458.964
4669.46
3723.169
4710.225
3576.254
3268.689
3784.945
4652.661
4237.53
3419.511
1696.66
2632.674
4013.858
3622.624
4385.706
2778.814
1880.766
2606.49
3600.572
5892.298
2964.713
4296.127
4106.56
4884.552
3997.33
1999.158
2540.144
4122.216
5066.967
3567.856
4771.262
5450.055
4784.989
5005.108
3430.706
5812.003
6129.093
6050.724
7232.908
4056.962
6685.146
7733.925
5525.646
5789.482
4700.181
4717.169
6670.463
7960.887
6484.505
5955.481
6077.318
7066.297
5206.828
5009.374
5380.307
5102.071
6465.658
6239.715
9758.079
7716.434
8435.21
4384.258
7234.486
8410.189
6655.064
6964.534
5665.461
4871.832
5626.608
6739.991
4470.496
3502.586
4003.726
2871.291
5676.894
4570.202
4680.865
5942.458
4766.797
3589.43
3864.877
5792.046
4604.724
4482.568
5520.649
4501.614
4897.649
3737.111
5187.189
5541.608
3292.387
3942.99
4650.376
4165.894
8013.9
5202.786
6329.856
5165.548
6741.07
4418.379
4799.157
3845.432
4677.798
2212.69
2676.708
5568.764
4351.577
3766.057
3688.332
3731.115
6408.188
2860.255
6056.999
4823.213
5832.585
5213.532
5228.738
4966.186
3846.771
1733.744
2044.355
3806.426
3230.352
3559.025
5449.034
5955.448
5611.439
4459.914
4806.819
7224.75
7001.373
8218.099
6640.35
4547.313
3860.541
5458.194
4661.06
4981.509
6816.282
8929.059
6403.874
4475.35
6274.953
6839.055
5650.815
4886.555
5371.393
4731.981
7748.195
6803.939
6222.991
5744.301
6456.028
5807.321
7407.22
5446.728
6429.258
5163.791
4363.229
5874.536
5366
4859.531
4681.72
4562.599
3124.4
2973.131
2648.616
3277.105
3242.824
5903.885
3579.627
3151.42
5829.734
5743.116
4937.437
6345.407
4514.238
6750.663
5579.336
4414.336
5816.758
4589.902
5577.925
6818.428
5052.892
4466.173
4136.635
3485.608
5784.593
6624.729
4912.177
4291.666
6365.892
5010.092
4845.828
5098.637
5377.389
4597.952
2577.488
4202.592
4589.932
5845.153
6641.123
7733.064
5412.888
4138.578
2471.556
3489.884
4078.038
3446.494
4644.449
2016.296
2512.411
2877.063
6960.791
3700.609
3466.152
4613.859
4476.451
5386.864
6085.663
5303.672
2168.605
2992.754
3761.718
5148.918
4987.041
5928.837
4808.283
7296.144
9077.168
6517.224
6783.577
5327.543
5519.188
5527.482
6457.178
4440.856
5375.331
6982.027
3887.612
4775.138
5421.552
3538.658
4293.582
2828.26
2969.973
5256.128
7399.206
5548.225
3573.713
3807.926
3248.198
6993.495
4221.482
4615.101
6382.259
8516.892
2493.301
2651.408
4745.918
5199.161
4255.746
6153.399
4291.461
7390.906
8040.98
4600.137
6331.208
3336.598
3170.244
3437.369
2569.971
2740.307
2945.6
3400.863
2827.666
4489.318
3125.579
6006.198
3841.498
5093.374
4485.309
5898.869
3638.18
2567.405
4452.379
2999.165
3335.269
5700.605
5334.194
7114.527
4864.018
5568.643
8786.512
6343.157
6508.183
7490.65
5486.603
6247.051
9209.871
5522.252
7381.838
8805.679
6178.695
4708.196
3801.524
4393.44
4094.499
4528.35
5674.636
4341.548
4414.647
5468.941
4090.537
3123.285
3409.67
5598.433
6604.129
6839.419
11492.03
7294.84
4724.52
5022.108
3999.152
5975.216
3889.062
2483.847
3111.313
3042.047
2609.983
7325.755
9545.949
8269.86
4331.058
4017.282
5034.229
5654.897
3008.25
4402.52
6114.361
4515.475
5701.702
6642.773
3262.987
3967.081
4882.648
3056.492
2699.408
1731.671
2511.176
2975.439
2530.954
3670.546
3606.929
4165.024
3947.943
6570.254
4730.723
4539.301
5492.123
3827.942
3661.718
6435.314
4122.57
4935.009
5506.519
3682.387
6676.081
6306.857
5896.113
6512.795
5855.203
5282.903
8210.932
6681.629
5574.608
6657.3
6909.988
8378.67
7063.658
4928.245
6050.495
7579.081
4203.031
4288.451
4335.858
4112.061
3331.849
4707.97
4940.136
6868.284
6052.233
5867.406
6482.979
5557.808
7256.342
8384.086
7292.803
5635.942
4278.757
5051.449
5440.864
4487.187
3094.185
4252.269
3943.817
4493.954
4445.569
6032.938
6830.614
3509.709
4152.653
3867.854
5007.082
4372.785
3954.129
4539.023
3597.852
5208.43
4050.155
3619.67
3438.161
3409.876
3533.677
3599.491
4252.604
3016.338
5617.964
3281.768
4803.992
2578.972
2630.049
3558.016
3830.929
2509.222
3407.894
3594.291
5608.824
4808.226
5252.92
3933.117
5606.907
9796.717
5289.023
6914.966
5144.342
5306.795
7377.39
5555.375
4640.766
6706.601
5864.335
5623.124
3294.003
5473.939
4889.819
5801.857
5575.098
6332.508
8288.354
7551.252
6509.715
5019.919
7398.776
4755.486
7302.724
6250.664
4981.464
7085.599
3971.599
6259.025
5769.557
2612.091
4600.525
3786.821
7035.724
2563.471
5208.761
4868.914
4669.049
4826.151
4190.592
4374.253
5563.686
3447.019
3973.166
3845.316
2756.752
2747.593
3064.397
3257.884
4668.544
4900.967
2939.706
3852.811
3090.218
3861.902
3725.768
2655.817
3615.991
2437.542
4353.151
3684.666
6280.496
5221.046
5556.009
7134.51
4757.045
4355.127
3188.577
6026.861
3015.95
4426.291
3607.298
4239.759
3366.661
3380.605
2995.43
2373.095
3562.907
2657.49
2967.886
5217.461
5059.628
2740.954
5002.083
4198.392
4501.753
3961.199
2116.572
4519.338
4804.782
3597.985
3338.208
2387.418
3043.476
3342
2859.619
3651.156
5890.098
4291.882
6183.092
5773.114
3138.571
3138.494
5927.932
5040.36
4114.841
7275.791
7745.874
5383.026
5326.073
6626.2
4527.39
5218.4
5135.539
3804.306
5098.687
5577.676
4907.686
3126.01
3803.221
2457.776
3706.886
6593.941
4443.525
3837.527
7071.846
