0.001013447
0.0008953211
0.001284699
0.0008283286
0.001208732
0.001125907
0.001150068
0.0009226648
0.0007824531
0.0009395309
0.001385729
0.001256342
0.001071327
0.001021164
0.001293474
0.0009428658
0.001606133
0.001471317
0.001058272
0.001036433
0.0009304674
0.0007749677
0.001091502
0.0009443684
0.0007838155
0.0007017127
0.001190137
0.001401929
0.001183036
0.001725593
0.001852832
0.001338183
0.001323289
0.001944612
0.001682945
0.001352328
0.001344747
0.001281238
0.0009080837
0.001105236
0.001479745
0.001100277
0.001226879
0.001539121
0.001185123
0.0009971863
0.001239686
0.0008592516
0.001424298
0.001139554
0.0009837347
0.001583105
0.001211027
0.0009173468
0.001174843
0.001043948
0.001133868
0.001490493
0.001339144
0.00117298
0.00116354
0.0008436072
0.001346864
0.001361342
0.001524883
0.001471402
0.001507754
0.001272374
0.001220329
0.0008760333
0.0009484018
0.001132875
0.001064686
0.001261835
0.001383013
0.001048343
0.000979487
0.001592697
0.001213066
0.001197891
0.001347532
0.001579635
0.001431407
0.001075762
0.001168623
0.001081093
0.001294703
0.001775235
0.001382003
0.001461685
0.0008639789
0.001357023
0.001442505
0.001735213
0.001294424
0.001232803
0.0009610572
0.001143229
0.001226964
0.001113827
0.001414779
0.00120071
0.001241721
0.001304529
0.0009999533
0.001408113
0.001634037
0.001685099
0.001306387
0.001325724
0.001533689
0.001747745
0.001645471
0.0013936
0.001122275
0.001139276
0.001182291
0.0009251992
0.0008886075
0.001371516
0.001180916
0.001471338
0.001460199
0.001189233
0.001102792
0.001378058
0.001331574
0.001303582
0.001318507
0.001236408
0.001393526
0.001261563
0.0009623063
0.0007306216
0.0007197143
0.00139783
0.0009987283
0.0009947984
0.0008121742
0.001044117
0.001149561
0.0008862379
0.001065963
0.0005436437
0.0009654195
0.001211105
0.00125233
0.0008210787
0.0007059641
0.0008979258
0.00101605
0.000958318
0.0009078002
0.001819835
0.001326094
0.001419752
0.001328595
0.001445977
0.001320395
0.001166668
0.0009143256
0.00156009
0.001647368
0.001343614
0.0009500804
0.0009920866
0.001113269
0.001391203
0.001437573
0.001179402
0.0009002817
0.0008417057
0.000962479
0.0009646269
0.001369778
0.0009272892
0.001278062
0.00145129
0.001050479
0.0006629521
0.0009232048
0.0009857424
0.001365515
0.001420548
0.0009254119
0.001076907
0.001145488
0.001318737
0.001240496
0.00121621
0.0009517112
0.001351994
0.0009440908
0.0008481622
0.001877866
0.001255058
0.0009922966
0.001032285
0.0003775316
0.000515001
0.0007425308
0.0006492242
0.00103299
0.001202275
0.001709661
0.001767866
0.001198444
0.001315263
0.001130252
0.00140916
0.001107087
0.0009456642
0.001025876
0.001262045
0.002011826
0.001302925
0.0009888745
0.001121902
0.001217945
0.001321754
0.001287015
0.001375379
0.001418241
0.001102083
0.001045518
0.001057563
0.001087366
0.0008211908
0.00125299
0.001211709
0.001168868
0.0008929118
0.0007719203
0.001023879
0.001114718
0.001009252
0.0007049523
0.001286961
0.0007818619
0.0006803675
0.001169963
0.001013135
0.001567126
0.001080487
0.0009998289
0.001200792
0.001335043
0.001444633
0.001236463
0.001173512
0.0008643201
0.001459089
0.0008406173
0.0009400221
0.001089413
0.001079554
0.0009826295
0.001210927
0.001494003
0.001049644
0.001047962
0.001136151
0.001089934
0.0007707071
0.001346287
0.001176118
0.001260464
0.001129548
0.001085324
0.001034923
0.001058017
0.0009306865
0.001731165
0.001389298
0.0009359451
0.0007053405
0.0009828633
0.001489313
0.001073858
0.001401888
0.001673285
0.001049025
0.0008777621
0.0009175089
0.0006600787
0.001499316
0.0007002821
0.001312846
0.0009190416
0.0009781836
0.001424183
0.001255028
0.001052006
0.0009939975
0.001028763
0.0009642799
0.0006444949
0.0006856497
0.0008034855
0.000745723
0.0009573693
0.001123155
0.001133468
0.001467448
0.001079669
0.001777569
0.001249775
0.001345754
0.001266175
0.001387633
0.00114739
0.001252051
0.00120798
0.00122076
0.00208351
0.001658281
0.001016197
0.001375666
0.001103839
0.001204056
0.001594919
0.001374531
0.001845165
0.00160504
0.001433685
0.001279078
0.001182976
0.001316241
0.00139135
0.0009453147
0.001051982
0.001033785
0.0008307832
0.001129633
0.001786004
0.001409259
0.001025553
0.001562702
0.00107295
0.0009627872
0.0008611329
0.001149192
0.001328997
0.001201211
0.001481527
0.001572245
0.001334727
0.001162444
0.001112239
0.001202075
0.0009681118
0.001166485
0.0009595746
0.001344733
0.001269209
0.001390078
0.001103536
0.001157993
0.0009896812
0.001178506
0.0008754894
0.001271292
0.0007654118
0.0008338127
0.001217654
0.00118405
0.001287208
0.001145506
0.001298991
0.001160629
0.001130567
0.001230483
0.001186794
0.0009448262
0.001677559
0.001325361
0.00122915
0.001354642
0.001297557
0.001326677
0.001019339
0.0008046305
0.00112858
0.001069851
0.001142517
0.001207787
0.001207269
0.001157953
0.0007336768
0.0009099918
0.0009637559
0.0009094525
0.001071056
0.001195179
0.0007064834
0.0006620422
0.0009350168
0.001050293
0.001128779
0.0009981417
0.001099334
0.001014483
0.0007707397
0.001051512
0.0008585094
0.001075933
0.001272273
0.0009823759
0.0009831785
0.001530009
0.0008998597
0.001055118
0.00104444
0.001461721
0.001393062
0.001452558
0.0009829431
0.0008605269
0.001004739
0.001076318
0.001142917
0.001271543
0.0006605141
0.001170607
0.001345941
0.001345109
0.001063577
0.001030695
0.0008268803
0.001187449
0.001087889
0.001358759
0.001007796
0.0007576636
0.001167274
0.001926595
0.001918395
0.001241053
0.001428881
0.001529554
0.001418498
0.001130384
0.001632206
0.001795157
0.001227918
0.001474765
0.001278453
0.0008277288
0.001326835
0.001220561
0.001288342
0.001056109
0.001230611
0.001087884
0.0008274507
0.001609231
0.001762554
0.001129606
0.001233053
0.0009821948
0.001471035
0.001467051
0.001505167
0.0009513235
0.001114902
0.00105051
0.0008828761
0.0008042793
0.001253818
0.001245124
0.001199936
0.0009971148
0.001044941
0.001107968
0.001346332
0.001005077
0.0008892921
0.001174295
0.001307367
0.001200585
0.0009725615
0.001507868
0.001195808
0.00104218
0.001164625
0.001032244
0.001496255
0.00110823
0.0009866981
0.001498314
0.0009458579
0.001344399
0.00149119
0.001141803
0.001369291
0.001145268
0.00136487
0.001229978
0.0008675943
0.001241335
0.001034288
0.001230764
0.00126701
0.001255093
0.001193034
0.001196136
0.00156878
0.001336062
0.00147343
0.001173521
0.001321571
0.001338497
0.001183122
0.001921669
0.001503038
0.001847248
0.001802629
0.001694047
0.001364693
0.001165296
0.001225212
0.001765561
0.001539908
0.001198707
0.001372351
0.001883708
0.001521639
0.0014451
0.001856613
0.00138081
0.001824663
0.001208454
0.001326613
0.001545617
0.001364113
0.001645415
0.00177508
0.001292282
0.001654505
0.00131255
0.001415007
0.001548691
0.001591938
0.001524592
0.001362317
0.001567574
0.001449519
0.001290492
0.001530974
0.001653328
0.001374729
0.001541876
0.00171272
0.001968199
0.001549652
0.0013605
0.001809188
0.001578268
0.001312771
0.001326301
0.001261388
0.001595463
0.001183824
0.001709321
0.001221229
0.001283868
0.001262426
0.001102327
0.001039108
0.00104222
0.001413356
0.00148967
0.001172996
0.001290558
0.001387654
0.001255053
0.001540418
0.001712235
0.001397195
0.001268797
0.001743492
0.001410136
0.001956114
0.001220797
0.001473445
0.001418008
0.0009761771
0.001385536
0.001224823
0.0009043969
0.0008844557
0.001762606
0.001419089
0.001084706
0.001035441
0.001511321
0.00118375
0.001619539
0.00120511
0.001160968
0.001024328
0.001179082
0.001117048
0.001190444
0.001211139
0.001341065
0.001506188
0.001498397
0.001408301
0.00101848
0.000992827
0.001175015
0.00120416
0.0008713528
0.001200578
0.0009305078
0.001435645
0.001340685
0.001511731
0.00154959
0.001157755
0.001174071
0.0009782578
0.001029421
0.001445848
0.0007315613
0.0008213301
0.001189068
0.001042823
0.001087438
0.0008267644
0.0007946483
0.001389972
0.001226578
0.001412975
0.001126109
0.001393276
0.001342786
0.001410757
0.001676114
0.001148635
0.001497076
0.001464114
0.00100396
0.001109403
0.001210932
0.001106258
0.001651646
0.001561039
0.001525517
0.001700673
0.001233812
0.001324053
0.001704369
0.001109572
0.001171219
0.001704617
0.001430508
0.001188476
0.001358972
0.001468913
0.001130032
0.001160805
0.001370634
0.001495114
0.001537491
0.001335608
0.00155936
0.00150713
0.001490644
0.002074964
0.001508136
0.001332782
0.001685939
0.001419394
0.001922903
0.001424397
0.00176913
0.001252111
0.001091546
0.00117691
0.001024509
0.001725604
0.00133295
0.00150727
0.001867139
0.001744171
0.001272671
0.001601669
0.0009636144
0.0009277509
0.001720764
0.00128411
0.0009947701
0.0009245291
0.001607866
0.001724183
0.001411707
0.001574637
0.001012315
0.001460423
0.001157585
0.0009532893
0.001247123
0.001002843
0.001026646
0.001035712
0.001059218
0.0007991717
0.001047597
0.001597671
0.0008808469
0.001274467
0.001039016
0.0009070682
0.001096092
0.000966801
0.0008193705
0.0007743022
0.0009959064
0.001123709
0.0007678896
0.001122356
0.0009653365
0.00120114
0.001306913
0.001379289
0.001124419
0.001481039
0.001029595
0.0009249745
0.001055422
0.001049902
0.001034944
0.0009268508
0.001263567
0.001350743
0.0009313172
0.001206056
0.0008946373
0.0009056496
0.001204604
0.001421529
0.0009507681
0.0009817697
0.001135759
0.001140554
0.001246781
0.001163248
0.001433863
0.00115252
0.001191614
0.001048591
0.001386224
0.0009325946
0.001260123
0.001423763
0.001468241
0.001000704
0.001217274
0.001527605
0.0008708607
0.001373962
0.001534139
0.001344145
0.00154387
0.001260878
0.001160322
0.00130561
0.0009629429
0.001273612
0.001309243
0.001246449
0.001127505
0.001060236
0.001143335
0.001535255
0.001712184
0.001157376
0.001237711
0.001126801
0.001521985
0.001446144
0.001363294
0.001331157
0.0009620619
0.001157512
0.001260307
0.0008828525
0.00100147
0.001079401
0.001054164
0.001332371
0.00158882
0.001278591
0.001308967
0.001187122
0.0009236917
0.001555741
0.001200789
0.001504856
0.001121595
0.001281192
0.001748023
0.001016084
0.00112798
0.001234017
0.001076059
0.00197817
0.001116954
0.001241225
0.001466555
0.001178553
0.0008627557
0.001234532
0.001336656
0.001280469
0.001156499
0.001356051
0.001654595
0.001090706
0.0008607505
0.001117767
0.001496884
0.001006577
0.001077739
0.001156846
0.001413
0.001574305
0.001141529
0.001002124
0.00114599
0.001186506
0.001426068
0.0007995121
0.001258476
0.001365067
0.001394115
0.00184427
0.001129213
0.00103708
0.00106682
0.0009358768
0.001276232
0.001536375
0.001466778
0.001147606
0.001665352
0.001755499
0.001493775
0.001348155
0.001525768
0.001183723
0.001372061
0.001147529
0.001266163
0.001505591
0.001085644
0.001373854
0.001340084
0.001007096
0.0008719609
0.0008386736
0.001446057
0.001756476
0.001273104
0.001022546
0.001214365
0.002052256
0.001364194
0.001770849
0.001174261
0.001253599
0.001488748
0.001535281
0.001728786
0.00154936
0.001275093
0.0021198
0.001549482
0.001528938
0.001212158
0.001523769
0.001474606
0.001238681
0.001374372
0.001183053
0.001398134
0.001228481
0.001488259
0.001526729
0.001395686
0.001939917
0.001131275
0.001471815
0.001163729
0.001478612
0.001863215
0.001145934
0.001385386
0.001410268
0.001199677
0.001052957
0.001436323
0.00126921
0.0009280183
0.001188564
0.001385017
0.0007790775
0.0007630255
0.0008557915
0.0009666872
0.0009837175
0.00121373
0.001439999
0.001230947
0.001669541
0.001120745
0.00100037
0.001141928
0.001103525
0.001019498
0.001365007
0.001493414
0.001193744
0.001240083
0.0009141602
0.001062282
0.0008650897
0.001432911
0.000907072
0.001113279
0.001057198
0.001210882
0.001659804
0.001312348
0.001584207
0.001301759
0.000714429
0.001379381
0.00137773
0.001120702
0.001265308
0.001341324
0.001595046
0.001517558
0.001825562
0.002005186
0.001848061
0.001341795
0.001286701
0.0019695
0.001355451
0.00144752
0.001307971
0.001891659
0.001709037
0.00210997
0.001422961
0.00150259
0.001385882
0.001769106
0.00128199
0.00112519
0.001172424
0.001322309
0.001200399
0.001610661
0.00157443
0.001314855
0.001477019
0.001421989
0.001326329
0.001233847
0.001393925
0.001479621
0.001343757
0.001151433
0.001086514
0.001394318
0.001146662
0.0009939969
0.001673018
0.001025284
0.001641641
0.00113079
0.001089843
0.001480924
0.001394521
0.001593343
0.002291767
0.001404019
0.001739045
0.001117894
0.001737919
0.001771418
0.001387379
0.001505061
0.001341556
0.00162082
0.001370827
0.001680479
0.001706641
0.001226342
0.001412087
0.001227697
0.001109763
0.00128385
0.001279078
0.001092927
0.001387612
0.001066785
0.0009958926
0.001319912
0.001143268
0.001506132
0.001186404
0.001129702
0.0008206239
0.00119974
0.0009964931
0.00106651
0.001269859
0.001291798
0.001281122
0.001150528
0.00199044
0.001397339
0.001110843
0.001520181
0.001445153
0.001244462
0.001297361
0.001159496
0.00116318
0.001335901
0.00159504
0.001217657
0.0012759
0.0008706667
0.001537204
0.001340516
0.001608238
0.001050444
0.001144514
0.0019274
0.001120223
0.001251679
0.001270007
0.00111649
0.0008448643
0.0009087183
0.001029944
0.001116631
0.001427148
0.0009947815
0.001112713
0.0007989884
0.001234132
0.001034911
0.001315324
0.001102418
0.001409537
0.001426533
0.001302497
0.0007715178
0.001591105
0.001060531
0.001289499
0.0009542788
0.001010466
0.0009741736
0.001039321
0.0009769338
0.001041326
0.001198919
0.001079943
0.001251253
0.001387628
0.001316781
0.001125951
0.001520783
0.001501823
0.001328526
0.001212531
0.001578534
0.001550807
0.002079845
0.001420768
0.001066506
0.001408231
0.001570791
0.001928597
0.001673711
0.001503959
0.001329995
0.001329399
0.001199033
0.001219211
0.001624304
0.001294517
0.001157512
0.001181772
0.001065045
0.001348132
0.001488225
0.001234241
0.001206344
0.001580969
0.001274991
0.001279767
0.001204798
0.001082019
0.002110353
0.001445432
0.001366791
0.001201633
0.001362359
0.0012762
0.001093465
0.00123182
0.001148794
0.001307917
0.001234589
0.0009032143
0.001244223
0.001440162
0.001028871
0.001183439
0.001615013
0.001189578
0.001385882
0.001368419
0.001036657
0.001324141
0.001644995
0.001156386
0.00101128
0.001282068
0.001272348
0.001009616
0.0009743115
0.001074134
0.001621869
0.0009704593
0.001235733
0.001081593
0.001591187
0.001319451
0.0009667869
0.001117698
0.001020809
0.001183257
0.001081513
0.001553312
0.001256078
0.001657183
0.001543772
0.001919101
0.001447211
0.001404763
0.001677449
0.002010549
0.001161533
0.001356261
0.001544698
0.0009733743
0.001542792
0.001150931
0.001121874
0.001362109
0.001429814
0.0008873653
0.001452173
0.001231215
0.001706841
0.001634756
0.001900442
0.00132373
0.001307369
0.001311347
0.001069904
0.001597675
0.001316401
0.001352115
0.001320897
0.001153197
0.001416005
0.001510795
0.001550543
0.001415147
0.001385322
0.001076143
0.001943413
0.001643424
0.001669916
0.001634014
0.00145623
0.001777351
0.001751086
0.001184755
0.001547617
0.001614391
0.001355911
0.001387639
0.0015343
0.001560132
0.001501209
0.001616147
0.001490596
0.001217082
0.001101363
0.001464047
0.001598411
0.001358537
0.001229002
0.001063189
0.001464414
0.001372015
0.001260735
0.001758461
0.001442784
0.001439468
0.001953097
0.001332745
0.001272903
0.001709395
0.001109268
0.001257904
0.001147517
0.001239858
0.00157573
0.001565673
0.001410849
0.001728823
0.001494878
0.001373962
0.001347792
0.001437712
0.001769128
0.001551888
0.001779727
0.001521475
0.001425391
0.001436249
0.001277469
0.001363385
0.001585248
0.001122852
0.001029562
0.001095843
0.001332033
0.001182484
0.001517772
0.001884924
0.001009761
0.001307156
0.001228869
0.001263065
0.001237536
0.001434335
0.002021718
0.00146905
0.00146358
0.00146345
0.001223041
0.001306986
0.001371667
0.001080561
0.002249733
0.001324506
0.0009255037
0.00141291
0.001540377
0.001009008
0.0009246792
0.001283567
0.001164505
0.001012573
0.001192276
0.001924864
0.00182565
0.001045329
0.001184231
0.001096947
0.0007565685
0.0007163385
0.001206703
0.001041398
0.001027332
0.0009368627
0.001343651
0.0009184472
0.001221655
0.0008820679
0.001544448
0.001278154
0.001195364
0.001003712
0.0008458194
0.0009074211
0.00134177
0.001213365
0.001539245
0.001295125
0.001249311
0.001004894
0.001259325
0.001294405
0.001250691
0.001210942
0.001054595
0.001438111
0.001137045
0.001149877
0.001559039
0.001409105
0.001560794
0.001160933
0.001469542
0.001391435
0.001372242
0.001444296
0.001380871
0.002179382
0.001114765
0.001583255
0.001522617
0.001108724
0.001630953
0.001327759
0.001145814
0.001343019
0.001233225
0.001060377
0.001163061
0.001419356
0.0009408055
0.000921268
0.001486864
0.001300793
0.001447476
0.001402949
0.001691675
0.001154067
0.001549406
0.001283265
0.001036697
0.001545438
0.001026846
0.001283343
0.001169158
0.0008474511
0.001632896
0.001279735
0.001359318
0.001678295
0.001181077
0.001183535
0.001218475
0.001751778
0.001322059
0.001435326
0.00115599
0.001444248
0.001721075
0.001136256
0.001477079
0.001652626
0.001276417
0.001029349
0.001304891
0.001181801
0.001610729
0.00109602
0.001428773
0.001428643
0.001502114
0.00141106
0.001550421
0.00146342
0.001881023
0.0012787
0.001347457
0.00112815
0.00228071
0.001054083
0.001133165
0.0014591
0.001111962
0.001534648
0.001395714
0.001463204
0.001450321
0.001572331
0.001243223
0.001302957
0.001145261
0.001410508
0.001175451
0.001439893
0.001408247
0.001224349
0.001753516
0.001496269
0.001649283
0.001113841
0.001378296
0.001242191
0.001607218
0.00118013
0.001074768
0.001214956
0.001239939
0.001235292
0.0006559738
0.0008439255
0.001141
0.001205473
0.0008521653
0.0008367999
0.0009332138
0.001137986
0.001144986
0.0009849401
0.001551016
0.00121318
0.001094456
0.001120707
0.001179977
0.0008979748
0.001181731
0.001121783
0.00147479
0.001763207
0.0008393783
0.001024853
0.00131857
0.001111362
0.001236383
0.001120359
0.0009068831
0.0009713108
0.001308347
0.0009437084
0.001037715
0.001209679
0.001439821
0.001304538
0.001246012
0.001423967
0.001136183
0.001633655
0.0009246853
0.001517387
0.001865518
0.001188172
0.001063614
0.001292181
0.001374066
0.001060974
0.001132147
0.001287127
0.001487631
0.001077852
0.001280924
0.001461404
0.001130693
0.001189223
0.001005333
0.001111266
0.0009430257
0.001482893
0.00149063
0.001272352
0.001356786
0.001316823
0.001579236
0.001334977
0.001077527
0.0009424392
0.001217583
0.001418653
0.00124963
0.001467298
0.001727964
0.001055743
0.001427964
0.001255312
0.001080581
0.001010832
0.0008489047
0.001310328
0.001337723
0.0009238416
0.001504051
0.00122658
0.001458521
0.001162743
0.001208728
0.001368201
0.001120302
0.0009401768
0.0009519993
0.001289085
0.001223516
0.00119705
0.001361807
0.0010047
0.001104196
0.00120001
0.001246326
0.001119631
0.0009808371
0.001047264
0.001264439
0.001107331
0.001428074
0.001207898
0.001184738
0.0009503002
0.001128608
0.001575608
0.001519525
0.001247288
0.00128931
0.0009241334
0.001787394
0.001326649
0.001140121
0.001552594
0.001175616
0.001105353
0.001198239
0.0009665308
0.001713807
0.001070676
0.0008467044
0.0009720934
0.000951765
0.0009707325
0.001176728
0.001123253
0.001282001
0.001339104
0.001110385
0.001499123
0.0014147
0.001448604
0.001283066
0.0009895216
0.001254702
0.001409628
0.001500524
0.001359528
0.001235497
0.00135445
0.001211174
0.001368606
0.0009992942
0.001431901
0.0009881807
0.001151761
0.001545436
0.0009597089
0.0008628103
0.001081355
0.001057616
0.001163347
0.001066583
0.000908297
0.001134506
0.001290879
0.001119102
0.001351854
0.001331663
0.001186074
0.001542571
0.001328249
0.001619661
0.001926006
0.001087294
0.001379084
0.001094923
0.00138358
0.001567434
0.001658693
0.001846133
0.001451941
0.001081425
0.00131539
0.001244292
0.001310844
0.0014364
0.001060321
0.001603836
0.001127011
0.001873983
0.001155222
0.001593311
0.0009671985
0.001748128
0.001265415
0.001228446
0.001063655
0.001147876
0.001021876
0.0009825338
0.0006891628
0.0008363053
0.0009573343
0.001326684
0.0009794216
0.0008656808
0.001232698
0.000883914
0.00081078
0.0009425612
0.0007971416
0.001446479
0.001168756
0.00112663
0.0009849115
0.0008100933
0.001166558
0.001087505
0.001280708
0.000869328
0.001231591
0.001494676
0.001079624
0.001065269
0.001047719
0.00158345
0.001819565
0.0009675236
0.001496237
0.00140552
0.0009909067
0.001312386
0.001263045
0.001539795
0.001419597
0.001546511
0.001335765
0.001194157
0.001109079
0.001602857
0.001037034
0.001300026
0.001194894
0.001748764
0.001450288
0.001297033
0.001310485
0.00157634
0.001773057
0.001385182
0.001676455
0.001341397
0.001293122
0.001517346
0.001471193
0.001517139
0.001521762
0.001596816
0.001590593
0.001288719
0.001246487
0.001289362
0.001432646
0.001455289
0.001452846
0.001793299
0.001660737
0.001270908
0.001271544
0.001562951
0.001759617
0.001684357
0.00162384
0.001269974
0.001334289
0.001221061
0.001373247
0.001356397
0.001122628
0.001067407
0.001133803
0.001554707
0.001030978
0.001301171
0.001190924
0.001765512
0.001132893
0.001422746
0.001347445
0.001414085
0.001588587
0.001519751
0.001176306
0.001299608
0.00128207
0.001201405
0.001252731
0.001028443
0.001137771
0.00120358
0.001426297
0.001564342
0.001483803
0.001624769
0.001303139
0.001737392
0.001546306
0.001161671
0.001114003
0.001018713
0.001304598
0.001601953
0.001846683
0.001428434
0.001570661
0.001696608
0.001522389
0.001014374
0.001365045
0.001452224
0.001475208
0.001291132
0.001432838
0.001366518
0.0009801376
0.001062093
0.001271399
0.001123401
0.00102753
0.001316924
0.001401549
0.00100832
0.001014322
0.0008620047
0.000963063
0.001149177
0.001310157
0.0008608336
0.001616951
0.001148224
0.001314254
0.001207265
0.001036664
0.00133857
0.001170702
0.001055784
0.0008580796
0.0007876454
0.001305328
0.001620667
0.00111033
0.001735517
0.001163496
0.001040404
0.0008850827
0.001571965
0.001624793
0.001448958
0.001274214
0.001127604
0.00147784
0.001161045
0.001370663
0.001477819
0.001392578
0.001587911
0.001465768
0.001271236
0.00109856
0.001440132
0.001416009
0.001514133
0.00143137
0.00164456
0.001253475
0.00163713
0.001449921
0.001375382
0.001578628
0.001132242
0.001154126
0.001106118
0.001375585
0.001189345
0.001708671
0.001499939
0.001390194
0.001377174
0.001157609
0.001337904
0.001056042
0.001771297
0.001618723
0.001210469
0.001787558
0.00153182
0.001256582
0.001288315
0.00153087
0.001546718
0.001761619
0.001153978
0.001651095
0.002314578
0.001713115
0.001276512
0.001912581
0.001549495
0.001495509
0.00116393
0.001780008
0.001673033
0.001516642
0.001426122
0.001659756
0.001225141
0.001342404
0.001784105
0.001528802
0.001189683
0.001378829
0.001430611
0.001273511
0.001545431
0.001336898
0.001430855
0.00146486
0.001632637
0.001641447
0.001712437
0.00111422
0.002030736
0.001378092
0.001407284
0.001411271
0.001383075
0.001060612
0.001582108
0.001057733
0.001277889
0.001713336
0.001032496
0.001267335
0.001061391
0.00101321
0.001447501
0.001401445
0.001086741
0.00142463
0.001158468
0.0007049964
0.001213
0.001009037
0.001397736
0.0009114451
0.001097224
0.001341331
0.001125448
0.001147906
0.00149918
0.0008518995
0.001062677
0.0008462675
0.0009245661
0.001080625
0.001356189
0.001704132
0.001285471
0.001251895
0.001492207
0.001313054
0.001196687
0.001329831
0.00109608
0.001642413
0.001148256
0.001021545
0.001143784
0.001256777
0.001381935
0.00141346
0.00116932
0.001301183
0.001596229
0.001595011
0.001488757
0.001343603
0.001309849
0.001248396
0.001649262
0.001573982
0.001370454
0.001735243
0.0014039
0.00147365
0.001464198
0.001135936
0.001516412
0.001181874
0.001153971
0.001526667
0.001210835
0.00189145
0.001165697
0.00133841
0.001662402
0.00144064
0.001263683
0.0009762999
0.001313484
0.001114665
0.001122232
0.00185506
0.001213745
0.001488146
0.001417057
0.0009203246
0.001169885
0.001168881
0.001472063
0.000993239
0.001142138
0.000967685
0.0009044419
0.0009809804
0.001304994
0.0009822095
0.001098111
0.001309622
0.001135161
0.001326151
0.001419323
0.001030547
0.001129483
0.001572881
0.001442506
0.001176423
0.001065542
0.0009998619
0.001403519
0.000608865
0.001255988
0.001119781
0.0007608603
0.0009061708
0.001382934
0.0008809113
0.001046563
0.000861267
0.001103567
0.001015907
0.00113669
0.001305699
0.0009962264
0.001135908
0.001503882
0.0007906852
0.0008927611
0.0008466861
0.0009911123
0.00129778
0.001083437
0.0009717882
0.00163596
0.001403781
0.001145415
0.001020979
0.001178606
0.0008311039
0.0008032755
0.001420924
0.0009646042
0.001264484
0.001370286
0.001019205
0.001573788
0.001547774
0.001281208
0.001221845
0.001094255
0.00131025
0.001671442
0.001641594
0.001156035
0.001511389
0.001182234
0.001175931
0.001062687
0.0008212124
0.00136844
0.001786669
0.001029232
0.001838785
0.001372799
0.001231114
0.001383877
0.0009529548
0.001435209
0.001218325
0.001041752
0.001626618
0.001563559
0.001399529
0.001105673
0.0008504611
0.001590765
0.0009753663
0.001197979
0.001756488
0.001215534
0.001283682
0.001418264
0.001211576
0.001632199
0.0013576
0.001696771
0.0009597052
0.001127663
0.001423455
0.001422501
0.001309252
0.001121718
0.001172781
0.001395386
0.001396049
0.002156842
0.0014554
0.001727965
0.002038505
0.001761263
0.001831157
0.001726255
0.001455926
0.001887882
0.001215133
0.001359802
0.001523582
0.001702792
0.001338062
0.001650887
0.001922299
0.001703261
0.001363107
0.001732993
0.001433412
0.001830931
0.001395014
0.001798868
0.001430705
0.001646613
0.001712329
0.001300777
0.001767928
0.001297399
0.001408795
0.00190989
0.001732221
0.001241551
0.0009322104
0.001118969
0.001337502
0.001225996
0.001174008
0.001170285
0.001015993
0.001243662
0.001177143
0.0008128894
0.0009153313
0.001024812
0.0009676771
0.001213082
0.001049345
0.001064919
0.001507574
0.001264291
0.001607118
0.0009856877
0.001002842
0.001268557
0.001355818
0.001089956
0.001271745
0.001180236
0.001259167
0.001349412
0.001342607
0.001256328
0.001048325
0.001019
0.001202017
0.001184534
0.001418205
0.00149503
0.001696714
0.001085391
0.001508041
0.001351235
0.001570546
0.001983933
0.001576946
0.001633903
0.001743974
0.001315782
0.001694029
0.001546171
0.001318744
0.00145917
0.001543755
0.001256061
0.001740275
0.001302005
0.001508826
0.001179437
0.001185031
0.001732837
0.00158245
0.001110336
0.001518665
0.001241963
0.001447712
0.001435802
0.001866509
0.0009790015
0.001257511
0.001375518
0.00156421
0.001318034
0.001028601
0.001492972
0.001269622
0.001545833
0.00176741
0.001494713
0.001667678
0.001222853
0.001033245
0.001321593
0.001079387
0.00132376
0.001470744
0.001624716
0.001129054
0.001885403
0.001371131
0.00167287
0.001689395
0.001539995
0.001496946
0.001722683
0.001315664
0.001252579
0.001571968
0.00123123
0.0009096941
0.0007793373
0.0009200881
0.0008993758
0.00126607
0.001099247
0.001059616
0.001183087
0.001186135
0.0009126217
0.001255944
0.001126054
0.00117906
0.0009616065
0.001186402
0.001486882
0.001279081
0.0009886098
0.001198409
0.001878688
0.00115921
0.001064302
0.001014384
0.00084272
0.001279491
0.001165928
0.0009375775
0.00125911
0.001377057
0.001479786
0.001208512
0.001232162
0.001087014
0.001173517
0.001213479
0.00104987
0.001061649
0.001383072
0.001072853
0.00117411
0.001320843
0.001687311
0.00131583
0.001246797
0.001384673
0.001593857
0.001170672
0.001486909
0.001802314
0.0009095804
0.00141856
0.0008689878
0.001182505
0.001062745
0.001764333
0.001196734
0.001135864
0.001069909
0.001467941
0.001213712
0.001382608
0.001178206
0.001118962
0.001331957
0.001404721
0.001317726
0.0009581985
0.0011775
0.001772962
0.001753422
0.001237934
0.001071465
0.001789533
0.001063073
0.00126868
0.001074827
0.001125546
0.001433164
0.001097491
0.001278113
0.001340498
0.001439653
0.001580015
0.001179949
0.001607552
0.001312877
0.001477716
0.001236885
0.001046529
0.001316039
0.001388038
0.00135732
0.001202687
0.0009806243
0.001385652
0.001302888
0.001584064
0.001446691
0.00132013
0.001434518
0.001371851
0.001106951
0.001451875
0.001677591
0.001300682
0.001402095
0.001611925
0.001383792
0.001162256
0.001102399
0.001160817
0.00128651
0.00129327
0.001344256
0.001545034
0.001146976
0.001482702
0.001194372
0.001318313
0.001696854
0.002210819
0.001982931
0.001194896
0.001325106
0.001693922
0.001325372
0.001523292
0.001150696
0.001210248
0.001637819
0.001409777
0.001143907
0.001388995
0.00134139
0.001269331
0.001793693
0.001207019
0.001680684
0.001466997
0.001187414
0.001544259
0.001554532
0.001145752
0.001410046
0.001638309
0.001304751
0.001225747
0.00156561
0.001381468
0.001422507
0.001672055
0.001311838
0.001755567
0.001380213
0.001749152
0.001488303
0.001249279
0.001360133
0.00127402
0.001757863
0.001219757
0.001099353
0.001317111
0.001582874
0.001516086
0.001059147
0.001550048
0.001208981
0.001743894
0.001544578
0.001047475
0.001155569
0.001593443
0.00116344
0.001238672
0.001383378
0.001430049
0.001201147
0.001560404
0.001325782
0.001271012
0.001304362
0.001240407
0.001243024
0.0008831802
0.001157534
0.001274421
0.0008026602
0.001057046
0.001236412
0.001532758
0.00119082
0.001004039
0.001308307
0.001339811
0.001177077
0.001150891
0.00147795
0.000990073
0.0008577004
0.001310774
0.001017512
0.001038639
0.00105519
0.0008809108
0.001272207
0.001240216
0.001320151
0.001253517
0.001254388
0.001056975
0.001059053
0.0008122678
0.00099258
0.00108406
0.0008509983
0.0008658794
0.001384586
0.001157863
0.001319621
0.001354232
0.001356777
0.001229723
0.001191035
0.001320211
0.001077803
0.001095938
0.001263671
0.001307503
0.001067621
0.001119499
0.0009874392
0.001278377
0.0008775173
0.001044513
0.0009592364
0.001346552
0.001358425
0.001581741
0.001340021
0.001357426
0.001401552
0.001250881
0.001309019
0.001461303
0.001326147
0.001023789
0.00147417
0.001348358
0.001229182
0.001703121
0.001887694
0.001316315
0.0009025847
0.0008182921
0.001429893
0.002018061
0.001327882
0.001366941
0.0009537555
0.00109563
0.001179672
0.001501216
0.001177262
0.001465156
0.001065776
0.001362159
0.001255325
0.001251785
0.001377609
0.001651775
0.001596067
0.001521844
0.001279687
0.001208526
0.001545432
0.001233558
0.0009856161
0.001184211
0.001576105
0.0009698897
0.001188812
0.001197685
0.001194625
0.001146147
0.00118205
0.0007263723
0.0009707346
0.00123295
0.001257702
0.001103112
0.000928728
0.001411932
0.00131832
0.001079708
0.0008775352
0.0009691849
0.001058681
0.001259613
0.0006759254
0.0007427695
0.0007655796
0.0009543816
0.0008923064
0.0007791068
0.001123045
0.001427608
0.001270353
0.001090478
0.001018355
0.001124285
0.001038172
0.001408766
0.001039548
0.001227286
0.001231594
0.001413019
0.001359006
0.001446076
0.001147635
0.00122943
0.001293581
0.001490913
0.001228799
0.001450883
0.001318712
0.001275166
0.001236234
0.001709705
0.001140788
0.001573044
0.001316323
0.001813918
0.001361238
0.001647665
0.001781003
0.001096325
0.001777049
0.001572041
0.001332429
0.001212956
0.001317148
0.001601553
0.001603675
0.001230664
0.001478548
0.001337485
0.001838775
0.001862368
0.001333678
0.001532973
0.001306223
0.0009332696
0.001102319
0.001793169
0.001332513
0.001689266
0.00144017
0.0008833831
0.001287589
0.001685675
0.001600942
0.001740622
0.001059495
0.001097965
0.001601949
0.001516649
0.0009947293
0.001313103
0.001321899
0.001408407
0.001182705
0.001058206
0.001308342
0.000958949
0.0009849809
0.001108282
0.0009825754
0.001020833
0.0008237959
0.0009564751
0.001023215
0.00140488
0.001340901
0.001929297
0.001188079
0.001271046
0.001304349
0.001128125
0.001099052
0.0009523062
0.001194174
0.001318374
0.001307415
0.001550929
0.001288123
0.00182144
0.001306113
0.001180413
0.001638821
0.001310634
0.001171871
0.001948907
0.001007942
0.001013927
0.001530061
0.001126834
0.001176765
0.001159659
0.001121923
0.001756266
0.001383825
0.001479801
0.001444547
0.001043821
0.0009987892
0.001202324
0.001478593
0.001441016
0.001619204
0.00169165
0.001601608
0.001225996
0.001707519
0.002127294
0.001551878
0.001317434
0.001614851
0.001049017
0.001539881
0.001083368
0.0009427693
0.001146131
0.001032332
0.001162519
0.0008281038
0.001153403
0.001411816
0.001250267
0.00157528
0.001154751
0.001032312
0.0007774134
0.001042327
0.001069725
0.001234659
0.001170192
0.001222742
0.0009693397
0.0009884562
0.001008262
0.0006742497
0.0005834485
0.00100903
0.0007085685
0.0009507043
0.00118149
0.001208362
0.001332706
0.001152481
0.001145487
0.001263239
0.001054755
0.00124588
0.001070179
0.001193492
0.001661432
0.001026953
0.001347692
0.001352169
0.001539463
0.001143093
0.001609153
0.001296087
0.001078594
0.001051329
0.001005972
0.0007456361
0.001309253
0.001155903
0.001180927
0.001122429
0.001129284
0.001060171
0.001112933
0.000963239
0.001167846
0.0009513804
0.000935237
0.001116127
0.001058815
0.0008659472
0.0007203078
0.001074571
0.001509281
0.001270952
0.001342987
0.001105263
0.001031074
0.001427153
0.001056357
0.001466149
0.00131621
0.001197897
0.0009643969
0.001402155
0.0009158582
0.001030642
0.0009897772
0.001011398
0.001155142
0.001061741
0.001290878
0.001254291
0.001189019
0.0009069332
0.001121304
0.001308597
0.001038227
0.001687661
0.001094245
0.001570856
0.001329732
0.001285258
0.001414686
0.001859901
0.001266627
0.001160811
0.001084139
0.001293048
0.001810605
0.001281011
0.001180386
0.001414797
0.0009369409
0.001189938
0.0009155099
0.00154953
0.001470662
0.001433391
0.0009465719
0.001108252
0.001270827
0.001302872
0.001380372
0.001619909
0.001402845
0.001096676
0.001606114
0.00165245
0.001089036
0.001688815
0.001156958
0.001472698
0.001311654
0.001341433
0.001361433
0.001256446
0.00128231
0.001291494
0.001193948
0.001303085
0.001349037
0.001033677
0.000964
0.0007734932
0.001113131
0.000934187
0.001080825
0.0007980584
0.001053198
0.001243505
0.001040068
0.0007727449
0.001133229
0.001055063
0.0008615956
0.001341518
0.001014327
0.001129209
0.001315275
0.0011366
0.0006863541
0.001303764
0.001097391
0.00108493
0.001315094
0.00113909
0.001185676
0.001583198
0.00127395
0.001247124
0.001065436
0.001161429
0.001909827
0.001221916
0.00157274
0.001448862
0.00163989
0.001351718
0.00139433
0.001780626
0.001529686
0.002132419
0.001532299
0.001553192
0.001330706
0.00115461
0.001666661
0.001383411
0.001817752
0.001720986
0.001338014
0.001012888
0.0009672842
0.001262187
0.001388762
0.0009599673
0.001015609
0.001153457
0.001103431
0.001616899
0.001363075
0.001074924
0.001197879
0.001133507
0.001038485
0.001404045
0.001340598
0.001054424
0.001389079
0.001170702
0.001300562
0.00111906
0.001672364
0.001366421
0.001505091
0.001129693
0.001139571
0.001313194
0.00126851
0.001448048
0.001589066
0.001862848
0.001400129
0.001333004
0.001260047
0.001425078
0.001067738
0.001404666
0.0008043952
0.0007973063
0.000825904
0.000733663
0.0007967787
0.001131325
0.001104899
0.0007942419
0.001175021
0.001251159
0.001218266
0.0007801632
0.001393835
0.001492678
0.001325722
0.00151171
0.001506422
0.001509025
0.001242274
0.001255621
0.001405794
0.0009951797
0.001122276
0.001016524
0.00130464
0.001474085
0.001070005
0.0007491837
0.0009914161
0.001168451
0.0009757333
0.001068393
0.001142874
0.0005686397
0.00100865
0.000747285
0.001114598
0.001073474
0.0009921848
0.001102615
0.001050692
0.0008987782
0.0009786113
0.001014958
0.001282146
0.001347946
0.001559017
0.001176731
0.001355851
0.001282432
0.001228147
0.001083394
0.001134525
0.0007493367
0.001441064
0.0009725215
0.000936656
0.001229181
0.001254968
0.001150689
0.001426579
0.001098274
0.0009511893
0.001059214
0.001058023
0.001164211
0.001423976
0.0009712127
0.001138117
0.0007990802
0.001248679
0.001083427
0.001131032
0.001028261
0.001349133
0.001433626
0.0007835204
0.0008672493
0.0008850991
0.001236661
0.0008415367
0.0009725174
0.001449776
0.0009981769
0.0009681629
0.0007699719
0.000769914
0.0009177426
0.0008115839
0.0005912145
0.0007545065
0.0007338933
0.0008947615
0.001002164
0.0009674539
0.001005702
0.0008824484
0.0005505254
0.001024175
0.0009784231
0.0003752528
0.0008691381
0.0007880996
0.001072607
0.000880176
0.0005682564
0.0009174198
0.000761354
0.0009143894
0.001032177
0.0008309192
0.000868774
0.001011093
0.0006750194
0.00129659
0.001269645
0.001250009
0.001178921
0.001237644
0.001539202
0.001455501
0.00120247
0.001153019
0.001184346
0.0008567719
0.0008372304
0.001218152
0.001404678
0.001190763
0.0008908685
0.001211354
0.001238637
0.001231999
0.001323293
0.001620562
0.0009005721
0.001019666
0.001067441
0.0012632
0.001010118
0.001055411
0.001453867
0.001629365
0.001127282
0.001668352
0.001420147
0.001138808
0.001662569
0.001236343
0.001674683
0.00145532
0.0008512065
0.0006217634
0.000863557
0.001535579
0.001013772
0.001282582
0.001726458
0.001769618
0.001237924
0.001315377
0.001012761
0.001226025
0.001496377
0.001253793
0.001213719
0.001220872
0.001049848
0.001565689
0.0009663331
0.001113927
0.001140853
0.0009677168
0.0009402001
0.001433913
0.001106663
0.001036614
0.001184244
0.001013646
0.001665236
0.0009642137
0.001083521
0.0008697409
0.001176145
0.001808481
0.001505464
0.001159147
0.001229846
0.001247441
0.001404977
0.001449564
0.00111108
0.001230263
0.0009908552
0.0008948399
0.001182492
0.00111643
0.001134532
0.001414412
0.0008754527
0.001418569
0.000984724
0.001359071
0.001068205
0.001142685
0.001234913
0.0009765982
0.001157669
0.0009963251
0.0009825929
0.000946711
0.001166677
0.001322546
0.001551433
0.001298601
0.001536058
0.001242727
0.001364231
0.001174377
0.00137746
0.001234673
0.001116047
0.00160945
0.001444081
0.001249445
0.001151824
0.0008015907
0.00118537
0.001282458
0.001317642
0.001155593
0.001424662
0.00131196
0.001055914
0.001127047
0.001070999
0.002481358
0.001352849
0.001243726
0.001141292
0.001092654
0.0007531994
0.0009586768
0.001198489
0.001052138
0.00140379
0.001328151
0.001635716
0.001511975
0.001895166
0.001239479
0.001249676
0.0007559376
0.001111916
0.001025915
0.001067209
0.0009700017
0.0007501287
0.001092956
0.001226895
0.001024163
0.0007289714
0.0007796974
0.001254201
0.001472657
0.001157957
0.001453608
0.001760462
0.00104836
0.0008403473
0.001304363
0.001089996
0.001083498
0.001248524
0.001407475
0.001202776
0.001294117
0.001444539
0.001229777
0.001638311
0.001212794
0.001320116
0.001088743
0.000803862
0.0008381509
0.001331498
0.0009574387
0.001070647
0.001357888
0.002089711
0.001030353
0.001722586
0.00122796
0.001008164
0.001303671
0.001304563
0.001634574
0.001014592
0.001450687
0.0009686207
0.00153558
0.0008499762
0.001377695
0.0009700083
0.001591999
0.001143719
0.0009019855
0.001283757
0.001490617
0.001168514
0.001455026
0.001338011
0.001627457
0.001312453
0.001085217
0.001329677
0.0008105538
0.001457586
0.000909979
0.0008396664
0.0010853
0.0008710618
0.00171417
0.0009122993
0.0007731074
0.0009702935
0.0006186808
0.001128082
0.00129466
0.001479753
0.001057452
0.00105992
0.001088891
0.001771352
0.001137025
0.001569451
0.001321143
0.001924426
0.000822328
0.001093893
0.001132359
0.001338267
0.001464585
0.001818362
0.001234389
0.001326292
0.001118478
0.00118856
0.001193011
0.0009888965
0.0007050589
0.001039501
0.001647327
0.001243137
0.001259364
0.001189059
0.001421106
0.001600528
0.001546418
0.001046457
0.001552592
0.00123838
0.001667876
0.001271256
0.001637297
0.001542132
0.001308509
0.001269185
0.001040442
0.0007846299
0.0009514449
0.0008062275
0.0009431727
0.00141059
0.001147368
0.001161608
0.001394549
0.001139574
0.001249992
0.00131366
0.0009530158
0.001042878
0.001281489
0.001480436
0.0009511384
0.001503842
0.001244525
0.001391121
0.002141904
0.001617107
0.0009303457
0.0008098017
0.001076568
0.001402998
0.0009179143
0.001117423
0.0007375115
0.00137147
0.0009375589
0.0009517018
0.0008725388
0.0006181235
0.0008790117
0.0007621653
0.0009454559
0.001569225
0.001049599
0.0007913109
0.001120641
0.001333615
0.001331749
0.001447865
0.001024623
0.001130238
0.001076601
0.0009430472
0.001204658
0.001280254
0.0007449094
0.001023239
0.001336693
0.0008738073
0.00108939
0.001447973
0.001039213
0.0006742599
0.001276276
0.001311619
0.001465012
0.001097167
0.001255508
0.001242057
0.001364478
0.001561471
0.001297293
0.001175169
0.001154262
0.001227901
0.001807857
0.000864346
0.001001783
0.0009838847
0.001276473
0.001338631
0.001406475
0.001472694
0.0009126972
0.00113999
0.001074282
0.001212043
0.001199149
0.001232241
0.001172752
0.0007837098
0.001414548
0.0009991414
0.0006800278
0.0007797892
0.0008686463
0.00108454
0.0009315841
0.001193733
0.00100589
0.001144959
0.001195075
0.0009410869
0.001181864
0.0008554067
0.001105862
0.00151659
0.001143458
0.001414424
0.0016307
0.001596691
0.001207877
0.001234844
0.00108172
0.001312663
0.00135826
0.001232427
0.00155369
0.001015716
0.00143476
0.001246695
0.001332403
0.001677556
0.002077288
0.001373097
0.0009362886
0.001307144
0.0009867023
0.001039135
0.001432472
0.00143541
0.001328905
0.0009340659
0.001103961
0.001164175
0.001155754
0.001184099
0.001150588
0.001066851
0.001249259
0.001154186
0.00120054
0.001217258
0.0007996575
0.001156384
0.0008031551
0.001034018
0.001258538
0.0008636787
0.000988241
0.0009860657
0.001259475
0.001085674
0.001330437
0.001256267
0.001449185
0.001394168
0.00123011
0.001592523
0.001202275
0.001367761
0.001633295
0.001320908
0.0008381215
0.001273347
0.0007898622
0.001152367
0.0007164952
0.001136945
0.001454747
0.001618213
0.00133718
0.001025111
0.001030242
0.001394974
0.00144394
0.001461519
0.0007186795
0.0009723127
0.001178142
0.001331674
0.001471791
0.001580782
0.0009694758
0.001048837
0.001489615
0.001377744
0.001482656
0.001511808
0.001171383
0.001734972
0.001597305
0.001591824
0.001232031
0.0008681502
0.0007181534
0.001160926
0.0008481775
0.0007969365
0.0006500763
0.00104951
0.0008974625
0.0007741023
0.0008844428
0.0007797715
0.001136979
0.001084685
0.001173589
0.001266785
0.001119365
0.001535113
0.001154554
0.001395485
0.001350558
0.001213105
0.00127775
0.001330141
0.001218779
0.001213167
0.001296303
0.00113866
0.001315441
0.000898195
0.0007765773
0.001087767
0.0008893116
0.001058231
0.00155218
0.001153038
0.001126799
0.001027236
0.001108841
0.001086944
0.001169427
0.0008344282
0.001292339
0.0008605224
0.001506218
0.0008230655
0.001255551
0.0007443829
0.001193046
0.0009040924
0.001000518
0.0008985236
0.0008692264
0.001776186
0.001274309
0.0009517784
0.001063541
0.001342921
0.001259863
0.001056727
0.001284547
0.001507379
0.001271555
0.001233831
0.001410174
0.000965488
0.001069417
0.0011572
0.001437627
0.001218341
0.001054722
0.001323733
0.0008474775
0.0008029864
0.000806063
0.0009655071
0.00112514
0.00134395
0.001537142
0.0009674713
0.001367171
0.001375955
0.001525568
0.001197964
0.001196418
0.001547697
0.001549378
0.001670645
0.001034335
0.001422546
0.001621961
0.0009841488
0.001499376
0.001802183
0.00130874
0.001172822
0.001145532
0.001357339
0.001909224
0.001114911
0.0008249706
0.001294423
0.001095423
0.0009070212
0.001492533
0.001626477
0.001148076
0.001315374
0.001335309
0.001849064
0.001397454
0.001257648
0.00146955
0.001857231
0.001312558
0.001723887
0.001116855
0.001244448
0.00141317
0.001557171
0.001491474
0.001048461
0.0007617073
0.0008206546
0.001215377
0.001355091
0.001327427
0.00124594
0.001105364
0.001044387
0.001234812
0.001130782
0.001106003
0.0008419744
0.001098919
0.0009397046
0.0008618536
0.001189404
0.001005651
0.0009501814
0.0008437322
0.001253896
0.0006857969
0.001067768
0.0009573894
0.0009094268
0.0007888022
0.000899491
0.001171973
0.001179323
0.00115735
0.0009745388
0.0007208007
0.001042987
0.00118125
0.001210821
0.001057261
0.00144264
0.0008829171
0.001145667
0.001244992
0.001638736
0.001920959
0.001740086
0.001461828
0.000897543
0.000713045
0.001255849
0.001360628
0.001014278
0.001687332
0.001236748
0.001122367
0.001255411
0.0009613623
0.001088658
0.001231278
0.001437639
0.001609691
0.001431603
0.0009551581
0.001858654
0.001281054
0.001170226
0.0009573767
0.0006551711
0.001641046
0.001243001
0.001051968
0.001742245
0.000725452
0.001110409
0.001494757
0.00116806
0.001331442
0.001157758
0.001411212
0.001358657
0.001372894
0.001212449
0.001523568
0.001258435
0.001202938
0.001722326
0.001550948
0.001158416
0.001469837
0.001393861
0.0010877
0.001521004
0.001632822
0.00186149
0.001346537
0.001090581
0.001289749
0.001583039
0.0007327293
0.0008537333
0.0008509767
0.001090521
0.0007512406
0.001041497
0.0008941547
0.0007484608
0.0007657961
0.0010776
0.001186803
0.00121125
0.002184905
0.001196661
0.0009843279
0.001204431
0.001118906
0.001017165
0.00112156
0.001235915
0.001228834
0.001578497
0.001562154
0.001371495
0.001330489
0.001170568
0.00122543
0.0007486552
0.001094205
0.001038476
0.001435968
0.001132385
0.00129125
0.002183649
0.000978619
0.001756325
0.001301138
0.001050645
0.001436537
0.001433876
0.0006133952
0.0007339511
0.0009072506
0.001074708
0.001203457
0.001615932
0.001411779
0.001614926
0.001261181
0.001389829
0.0009173257
0.00141952
0.001386398
0.00114715
0.00127368
0.0009553595
0.0009235434
0.0009638098
0.0009803794
0.00115596
0.001175824
0.001153725
0.001144335
0.001464865
0.001335091
0.001522284
0.001280073
0.00148406
0.001204313
0.001234104
0.001521077
0.001240638
0.001411298
0.001439988
0.001022288
0.001090987
0.001163829
0.001287113
0.001233715
0.001104213
0.001554384
0.001403379
0.001531569
0.00154456
0.00113352
0.0009316562
0.0008411962
0.0011589
0.001231368
0.0009106595
0.001344045
0.001074332
0.001177761
0.001292442
0.001252061
0.001715038
0.001169528
0.001488873
0.001099152
0.001377341
0.0007408209
0.0009287787
0.0008835884
0.00133473
0.001227779
0.000903236
0.0009785408
0.001013842
0.001280814
0.001478108
0.001487922
0.00103755
0.0009864216
0.001327142
0.001180475
0.001287569
0.001104903
0.0009255246
0.0008941635
0.001208417
0.001337364
0.001216007
0.001105329
0.001111738
0.001346629
0.001274189
0.001026153
0.0007964228
0.001070965
0.001298526
0.001170994
0.0009458953
0.001256762
0.001041026
0.001097648
0.001101452
0.001156413
0.001103109
0.0007982312
0.00149057
0.0009900417
0.001036627
0.00128272
0.001026989
0.0007495
0.0008939443
0.0009429953
0.001002639
0.0009415022
0.00122811
0.001391052
0.00122513
0.001329262
0.001145243
0.001032451
0.001118848
0.001111438
0.001311187
0.001881407
0.001294741
0.0009955152
0.001157202
0.001003258
0.001306324
0.001691582
0.001213844
0.001033497
0.000864211
0.0005868861
0.001148128
0.001222986
0.000685576
0.0009553384
0.0009551917
0.001050253
0.001001613
0.001454335
0.001596419
0.001619364
0.001662173
0.00146348
0.001728128
0.001569864
0.001297605
0.001604024
0.0009591215
0.001145903
0.001674069
0.001039158
0.0007638352
0.001195262
0.001178561
0.001139937
0.001444228
0.0009579429
0.0008048112
0.001164677
0.00152121
0.0009392235
0.001142156
0.001099004
0.001301778
0.001261864
0.0009779953
0.001297193
0.001209304
0.001213122
0.001236317
0.001806126
0.0009351637
0.00141492
0.001486294
0.001558219
0.001417696
0.001548215
0.0008935486
0.001552544
0.001390563
0.001374665
0.001133587
0.001099418
0.001448364
0.001691018
0.001335487
0.0008372589
0.0009030725
0.0006334112
0.0009684255
0.00106142
0.001550676
0.001122106
0.001689243
0.001403001
0.00123991
0.001355133
0.001164573
0.00180597
0.001685052
0.001135434
0.001357485
0.001429073
0.001505565
0.00178786
0.00115173
0.001076486
0.0008122207
0.000879884
0.001475501
0.001419991
0.001345856
0.001478429
0.001518772
0.001211899
0.001613906
0.001111026
0.001145772
0.001213409
0.001008623
0.001027307
0.001434214
0.001499195
0.001254486
0.001403184
0.001790236
0.00146889
0.001495585
0.001008464
0.001099216
0.001643815
0.001394175
0.001507722
0.001512909
0.001042249
0.001051519
0.001046001
0.001284137
0.001739089
0.001557574
0.001173874
0.001351665
0.001170941
0.001470615
0.001519806
0.00101578
0.001691777
0.002199004
0.001188052
0.001027622
0.001443408
0.001512878
0.001135987
0.001215119
0.001161549
0.001268399
0.001421532
0.001093684
0.001481594
0.001233894
0.001286644
0.0009674976
0.0009801112
0.001401651
0.001714554
0.001473873
0.00137669
0.00140792
0.001377199
0.001193302
0.001213167
0.001266347
0.001275341
0.001241526
0.001032278
0.001738265
0.001458582
0.001518432
0.001075712
0.001312135
0.001319331
0.001185279
0.001668876
0.001248565
0.001148086
0.001116661
0.001279374
0.001047001
0.001339883
0.001288102
0.001430911
0.001534004
0.0007378056
0.0008588445
0.0006417721
0.0008915175
0.000634692
0.0007377675
0.0006645044
0.0006903505
0.001074653
0.0005987983
0.0006360317
0.0009099148
0.001142183
0.001198644
0.001136362
0.001574551
0.001591672
0.0012973
0.001323211
0.001456175
0.001500096
0.001531974
0.001507065
0.00127435
0.001278188
0.001780093
0.001858067
0.001576257
0.001127898
0.001280078
0.001240765
0.001200433
0.00102034
0.001338842
0.001022798
0.001453887
0.00122451
0.0008366307
0.001307341
0.001577223
0.0009383544
0.0009141807
0.0008340372
0.0007756877
0.00124023
0.00174747
0.001417579
0.00149148
0.00103781
0.001626191
0.001117109
0.001150023
0.001278868
0.00143431
0.001020646
0.001283875
0.001332187
0.0009885762
0.001018563
0.0009491725
0.001144518
0.0007151028
0.0006233608
0.0008780947
0.000682925
0.0009555349
0.001065227
0.0017001
0.001201736
0.001106371
0.0008232077
0.0007808262
0.0009391903
0.001383479
0.00132849
0.001332457
0.001052797
0.001007908
0.00111453
0.0008511573
0.001075561
0.0005637991
0.0008579587
0.001614292
0.001462384
0.001153122
0.0009016005
0.0006580344
0.0009211536
0.0008187383
0.001757544
0.00115174
0.0009869937
0.001180512
0.001141267
0.00101676
0.0012162
0.001194985
0.0009734283
0.0008961074
0.001327325
0.0008537946
0.0006978338
0.0006648334
0.001565707
0.001310206
0.001177907
0.0009559742
0.001117097
0.001385397
0.001408253
0.001144156
0.001101143
0.0008002232
0.001316476
0.0007610468
0.001011681
0.001179668
0.0008915187
0.0009808186
0.00119295
0.001323798
0.001551258
0.001444095
0.001376551
0.001371774
0.001132601
0.001189566
0.001170999
0.001134684
0.001394352
0.001130582
0.001261263
0.00104562
0.0009834383
0.001507135
0.001858325
0.001708182
0.001193638
0.0009315938
0.001028001
0.001127619
0.001195405
0.00134558
0.001561501
0.001335417
0.001299634
0.001890226
0.001481397
0.001041238
0.0009391999
0.001140233
0.0009532429
0.001160175
0.001908242
0.001428686
0.001425029
0.001257958
0.00147947
0.002209712
0.001365013
0.001321001
0.0009892899
0.001379196
0.001187374
0.001188694
0.001164693
0.0009698976
0.0009473146
0.0009678588
0.001064869
0.0009373487
0.001548954
0.0007552875
0.001191711
0.00115429
0.001180251
0.001439382
0.001389957
0.001079203
0.001272919
0.001658464
0.0009472774
0.0009409433
0.001039979
0.001376453
0.0008226021
0.001111413
0.001003364
0.001318475
0.001260051
0.001250606
0.0009823593
0.001238098
0.0009670313
0.0009631507
0.00161221
0.001407581
0.001491571
0.001407574
0.0009407076
0.001326116
0.001390895
0.001122833
0.001283774
0.001635295
0.001192931
0.001214347
0.001118561
0.001017609
0.00105102
0.001423408
0.001880018
0.001363144
0.00133701
0.001313006
0.001156753
0.002495915
0.001204395
0.001077282
0.001608258
0.001329908
0.001320432
0.001459884
0.001384732
0.001550044
0.001553535
0.001424735
0.001708416
0.001465664
0.001230969
0.001184739
0.001426526
0.001459531
0.001468066
0.001779647
0.0009951112
0.001246757
0.001332002
0.001470051
0.001036509
0.001356558
0.001346183
0.001408432
0.001235022
0.001453768
0.00136463
0.001536754
0.001598119
0.0010738
0.001255838
0.001558636
0.00134708
0.001889399
0.001698667
0.001592526
0.001010184
0.001547726
0.001988796
0.00149551
0.001525097
0.001845242
0.001672253
0.001443014
0.001134608
0.001270892
0.0009603715
0.00138876
0.001053015
0.001030943
0.001192228
0.001219841
0.001265647
0.001659827
0.001224217
0.001338626
0.001385053
0.001374978
0.0009902454
0.001113075
0.001185342
0.0008796973
0.001223769
0.001126414
0.002145572
0.001304967
0.0009753603
0.001287471
0.001000556
0.0008946059
0.001317984
0.001635295
0.001097739
0.001072966
0.001072879
0.001131926
0.001303305
0.001323821
0.001030521
0.001488242
0.001240039
0.001496358
0.00120844
0.001276483
0.002092321
0.0009621467
0.00134688
0.001906429
0.001599357
0.001721825
0.001206398
0.001335498
0.001163205
0.001169411
0.001078559
0.0008973561
0.001062783
0.001051679
0.001299912
0.001289414
0.001329418
0.001296143
0.001401211
0.001237447
0.001251346
0.001151416
0.001491215
0.001162812
0.001154905
0.00115982
0.001405491
0.001412773
0.001404619
0.001190318
0.001389271
0.001005649
0.001309915
0.001100802
0.001619883
0.001778286
0.001589728
0.00140626
0.001026822
0.0009485437
0.001112742
0.001258868
0.001576723
0.001501093
0.001679822
0.001405045
0.001291941
0.001314309
0.001155334
0.001891545
0.001214621
0.001268681
0.001514683
0.001205259
0.001024323
0.001220435
0.0009925844
0.0007857131
0.001015911
0.0008923285
0.0007974252
0.000732256
0.001140812
0.001048471
0.001058059
0.000854474
0.0006980077
0.0007322628
0.0009304634
0.001109537
0.001431095
0.001060008
0.001133905
0.001156026
0.001334536
0.001489156
0.001367413
0.001581505
0.0009815494
0.001184086
0.001129669
0.001086289
0.001042607
0.00145661
0.001071646
0.001200257
0.000992538
0.001238699
0.001181797
0.00200199
0.001155318
0.001082461
0.000974408
0.001096213
0.001207929
0.0009434027
0.0008296333
0.001444268
0.001361915
0.001288945
0.001030321
0.0007817989
0.001237123
0.0009565453
0.001319445
0.001053488
0.001080794
0.0007659087
0.001002747
0.0007225555
0.0009087142
0.0008776939
0.0009730381
0.00121767
0.001190078
0.001005664
0.001235012
0.001550441
0.001062929
0.001213832
0.001069479
0.001222549
0.001081928
0.001296235
0.001235644
0.001392987
0.001420207
0.001386661
0.001626354
0.001374666
0.001531367
0.001454176
0.001307011
0.0009562375
0.001022372
0.001058691
0.001026424
0.001186794
0.001509803
0.001660948
0.001367161
0.001278781
0.001477693
0.001589877
0.0009141159
0.001502756
0.001686834
0.001783861
0.00127874
0.001081328
0.001153619
0.001415162
0.001165607
0.001676975
0.00127276
0.001933977
0.001119436
0.00177695
0.002029615
0.001309465
0.001899581
0.00148739
0.001478715
0.0009612683
0.001888899
0.001296371
0.001203525
0.001427828
0.000982311
0.001537108
0.00159553
0.00134965
0.001320869
0.001125082
0.001400756
0.001241117
0.001273203
0.0008483764
0.001167396
0.001080009
0.0009489258
0.001191455
0.00160941
0.001221767
0.001258283
0.00103061
0.0006976418
0.001075685
0.001230008
0.001282051
0.001320518
0.00120325
0.00102032
0.001233527
0.001137927
0.001073397
0.001019518
0.001338514
0.001338
0.001202948
0.001426209
0.001043107
0.001097208
0.001121691
0.001197552
0.0009814346
0.001230411
0.0008767569
0.001074317
0.00105491
0.0008857891
0.001189414
0.001530604
0.0009592283
0.0009016253
0.001174781
0.001080008
0.0008810344
0.001389712
0.0009641021
0.001273552
0.001124398
0.001013497
0.001332035
0.001074929
0.0007164529
0.001178784
0.001157378
0.001038098
0.001082796
0.001498242
0.00102425
0.001566998
0.001117096
0.001225165
0.001166157
0.001166935
0.001141744
0.001020938
0.0009370876
0.001281626
0.0013867
0.001319034
0.001714137
0.001071548
0.001446795
0.001284232
0.001181237
0.0008610418
0.001869845
0.0009672836
0.001014632
0.001256211
0.001236835
0.001620176
0.001074372
0.001515597
0.001302951
0.001377305
0.001494767
0.001313407
0.001217742
0.001990169
0.001126676
0.001295603
0.001316959
0.001059364
0.001271551
0.0009976128
0.001594046
0.001063009
0.001051834
0.001130917
0.001269694
0.000970073
0.0009981023
0.001213871
0.0009494094
0.001435183
0.001135815
0.001228506
0.001078495
0.0009679051
0.0007281183
0.0009346167
0.001079516
0.001092714
0.001101109
0.001273876
0.001098785
0.001138722
0.0008172936
0.001151689
0.001015148
0.001124539
0.001113066
0.001272809
0.001261065
0.001121758
0.001500231
0.001071305
0.0009157614
0.001217005
0.0009487675
0.001246307
0.001381415
0.001180861
0.001444116
0.001132411
0.001182532
0.001409035
0.001084253
0.001402425
0.001486116
0.001244889
0.001025667
0.001047148
0.001341565
0.00114663
0.001214522
0.001328531
0.001485459
0.001210763
0.001040651
0.000915586
0.0007656396
0.001296723
0.0009324556
0.001124286
0.0009918804
0.001291431
0.001027978
0.001624577
0.001579148
0.00101477
0.001283069
0.001140406
0.001221767
0.0009640211
0.001422348
0.001063689
0.0008135318
0.0007898765
0.0009322033
0.001432363
0.001032305
0.001046439
0.001303596
0.001064535
0.001899429
0.001043333
0.001369463
0.001227193
0.001585982
0.001295912
0.001378929
0.001033849
0.001183453
0.00139383
0.0007878377
0.0017073
0.00115404
0.001422549
0.000945612
0.0006317528
0.0009225402
0.00122354
0.0006626042
0.000801787
0.001354689
0.000983434
0.001497539
0.001267495
0.001242527
0.001094279
0.001195437
0.001249987
0.001418436
0.001390136
0.00126452
0.001332143
0.0009873867
0.001054289
0.0008549179
0.001087781
0.001424211
0.001216841
0.001114922
0.001609777
0.0009476193
0.001589507
0.0009426117
0.001492686
0.001054399
0.001397462
0.001143936
0.001198421
0.001167968
0.0009985926
0.001260433
0.001096158
0.0009840095
0.001355443
0.001200651
0.0008343124
0.0008618631
0.001238401
0.000718637
0.0009728507
0.001443041
0.001241315
0.001106448
0.001289056
0.001087564
0.001087655
0.001281426
0.001110709
0.0009877918
0.0008573439
0.0009771062
0.001144003
0.0009622375
0.00166219
0.001213959
0.001302804
0.001383012
0.001570467
0.001305022
0.001464083
0.001315328
0.001234717
0.001252788
0.001005958
0.001257579
0.001239106
0.0007054737
0.001123159
0.001392839
0.001118898
0.0009550423
0.0009088257
0.0007419531
0.001029917
0.001552809
0.00104939
0.001277121
0.0009382238
0.00083549
0.000631469
0.0005200309
0.001185041
0.001152536
0.001005785
0.0009727327
0.001105985
0.00093827
0.0009350632
0.001312121
0.001110098
0.001220686
0.0007788623
0.001094326
0.001110062
0.001509992
0.001413675
0.001120608
0.001597523
0.001489689
0.00166164
0.001266348
0.001244982
0.001369062
0.001567129
0.001508107
0.001236149
0.002109046
0.001420102
0.001430938
0.001411009
0.001557886
0.001348848
0.001692105
0.001460711
0.001518688
0.001866622
0.001625932
0.001589209
0.001445159
0.00145048
0.001505884
0.001547083
0.001338014
0.001566116
0.001568527
0.001583484
0.001391354
0.001483434
0.001510597
0.001231512
0.001639578
0.001359564
0.001434539
0.00112612
0.001650591
0.001453072
0.001051435
0.001354683
0.001022385
0.001123555
0.0008036164
0.001079952
0.001171431
0.001288645
0.001235682
0.001420028
0.001247008
0.001462492
0.0008293214
0.0008899745
0.001015941
0.001109402
0.001754748
0.001334322
0.0009038487
0.001317566
0.0008983344
0.001143965
0.0008856953
0.001060799
0.0009001095
0.0008016996
0.00139757
0.0008995675
0.0009492896
0.001116065
0.001455733
0.001517848
0.001267395
0.001563473
0.001468825
0.00116105
0.001099516
0.001346618
0.00172353
0.001262112
0.001255545
0.00135311
0.0009742414
0.001253783
0.001306495
0.001253375
0.001646351
0.001284366
0.00161068
0.001447375
0.001151885
0.001629723
0.001275684
0.001309356
0.00148797
0.001479902
0.001698026
0.001647872
0.001586159
0.002012977
0.001493199
0.001509794
0.001120966
0.00158969
0.00146883
0.0008432656
0.0009459013
0.001157573
0.00102046
0.00110368
0.001075936
0.001143337
0.0009568816
0.001162525
0.000919315
0.001165867
0.001024185
0.0009484041
0.00113467
0.001266532
0.001182674
0.001139772
0.001259426
0.001432488
0.001357861
0.001449093
0.001797925
0.001942004
0.001425195
0.001903892
0.001295314
0.001066849
0.001151719
0.00118337
0.001328663
0.001421948
0.001435724
0.001064893
0.0009599946
0.001037751
0.001390816
0.001115172
0.00107835
0.001186625
0.002125242
0.001524467
0.001481837
0.001353454
0.0009836269
0.001071188
0.001234778
0.001129414
0.00157074
0.001620206
0.0009666534
0.001181967
0.0009983045
0.001134135
0.001371276
0.001015559
0.00158653
0.001014117
0.0007865499
0.001536413
0.001587006
0.001038339
0.001323199
0.001078891
0.001029786
0.0007625821
0.001026258
0.001180397
0.001644733
0.001149977
0.001300505
0.001357602
0.0009931212
0.001229575
0.001392424
0.001019053
0.001002379
0.001147861
0.0006593167
0.0008585959
0.001354695
0.0007336083
0.001396727
0.0008521073
0.00108179
0.001556473
0.0009347758
0.0009168684
0.001156774
0.001211925
0.001153004
0.0007449674
0.001211526
0.001361984
0.0007996914
0.001060627
0.001537013
0.001446893
0.001270937
0.0009130545
0.0009155128
0.001702255
0.001347254
0.001224365
0.001215873
0.001436505
0.001115052
0.001574254
0.001860407
0.001576681
0.001321239
0.001530077
0.001847711
0.001452465
0.001106378
0.001288929
0.001090069
0.001059239
0.001204078
0.001568002
0.001715869
0.0009922753
0.001235756
0.0007462559
0.0009011616
0.0009670912
0.001154719
0.001214472
0.0009608339
0.001345082
0.001083666
0.001112026
0.00154455
0.001192955
0.001209731
0.001479873
0.00124826
0.0009070052
0.001042497
0.001201165
0.001465102
0.001360181
0.001254025
0.001074702
0.0009996219
0.0009027241
0.0007997405
0.001053984
0.001012819
0.001073397
0.001077292
0.001095911
0.001112854
0.001315714
0.001330407
0.001280433
0.001348218
0.001171545
0.001406779
0.001255931
0.001397679
0.001191708
0.001019979
0.0008615849
0.001371598
0.00132461
0.001147344
0.0009478177
0.001896017
0.001235538
0.001382423
0.001252965
0.00103024
0.001486779
0.0006010316
0.0008131838
0.0008768306
0.0008451292
0.001086534
0.0008339416
0.001074342
0.00122665
0.001310907
0.001160835
0.001293889
0.0008285914
0.001183976
0.0009766175
0.001001016
0.001385671
0.001279276
0.001449344
0.0009249702
0.001334597
0.001652688
0.001522214
0.001411108
0.001455886
0.001622697
0.001511013
0.001213263
0.001560318
0.001182247
0.001578239
0.002188077
0.001655073
0.001441758
0.001397581
0.00106402
0.001593053
0.0015377
0.001708442
0.001671422
0.001784613
0.001629117
0.001402468
0.00142361
0.001895187
0.001246637
0.001537508
0.001201296
0.001322382
0.001395502
0.001294212
0.001413036
0.001475207
0.001445013
0.00134726
0.00142588
0.001458374
0.001206827
0.001154821
0.001708395
0.001400392
0.00120552
0.001531622
0.001504472
0.001455317
0.001028548
0.00141991
0.001028366
0.001561373
0.00104203
0.001542872
0.001668382
0.001367391
0.001472067
0.001563016
0.001295489
0.001480711
0.0009321057
0.001175778
0.001234439
0.001294384
0.001067609
0.0009429554
0.0009187484
0.001376013
0.001289642
0.001345164
0.001062621
0.0006175745
0.00180637
0.001203334
0.001099447
0.001152174
0.001259911
0.001547731
0.001147709
0.001437109
0.0009808472
0.001336852
0.001484612
0.001198246
0.001250893
0.001052978
0.001198275
0.001025219
0.001306717
0.00123283
0.001068362
0.001057678
0.001301028
0.001260532
0.001317072
0.001317186
0.001411845
0.001314267
0.001399376
0.001409379
0.001959596
0.001222863
0.001209118
0.001510931
0.001524432
0.001449027
0.001061752
0.001401613
0.001211403
0.001447087
0.001468866
0.00122816
0.001594747
0.001227165
0.001042156
0.0007066781
0.000887016
0.0008295273
0.001235226
0.001243525
0.00143269
0.001083182
0.001123577
0.001137265
0.001125675
0.001295516
0.001231973
0.0008898173
0.001479353
0.0008048861
0.0009766235
0.001054161
0.001113748
0.00113581
0.001123837
0.001245886
0.0009587374
0.001531655
0.001319558
0.001381953
0.001065315
0.001395115
0.001568618
0.00136314
0.001913054
0.001866858
0.001269472
0.00128948
0.001448157
0.001346298
0.001166473
0.001358531
0.001580301
0.001761204
0.001858978
0.001273842
0.001499797
0.001419167
0.001376479
0.001381061
0.001048603
0.001298411
0.001313072
0.001412833
0.001150178
0.001115978
0.0008356746
0.0009608154
0.001212822
0.0008941238
0.001180316
0.001129618
0.001035098
0.001065083
0.0009322954
0.001287384
0.001026307
0.001037056
0.000982588
0.0009795925
0.0009187248
0.0009138888
0.0006812322
0.001002291
0.001056127
0.001280975
0.001073105
0.001236341
0.001075223
0.001372588
0.001173419
0.001086595
0.0009895408
0.001233304
0.0009606994
0.001419321
0.00121233
0.001326568
0.001584739
0.001255937
0.001189872
0.0009281871
0.001169
0.0009558073
0.001602508
0.001006791
0.00115202
0.001150984
0.001004332
0.001410928
0.0009131079
0.001386056
0.001179352
0.001242693
0.001013562
0.001038177
0.001092033
0.001810336
0.00140879
0.00169299
0.001151191
0.0008647301
0.001317355
0.00117693
0.001446788
0.0007831679
0.001076461
0.001055064
0.001153395
0.001348799
0.0009821309
0.001089326
0.001077627
0.0009807497
0.0007904228
0.0009510319
0.001029244
0.0009696356
0.001067436
0.001093585
0.0008848437
0.0009700827
0.001568445
0.001473385
0.001412312
0.0008908126
0.001136983
0.00150307
0.001388967
0.001098139
0.001145833
0.001290677
0.0009355518
0.00157972
0.001137676
0.0009817227
0.001215374
0.001075709
0.0007846307
0.0007054605
0.0008143828
0.0009678098
0.001519396
0.0008291624
0.001034233
0.001264853
0.001202582
0.001010042
0.001689198
0.001424843
0.001182123
0.001087187
0.001172137
0.00109864
0.0008590817
0.001129621
0.001539764
0.001204268
0.001002621
0.001766892
0.00141071
0.001271998
0.0009868326
0.0007758704
0.0009593191
0.001181514
0.001259777
0.001285254
0.001385265
0.0009813833
0.001243236
0.001301259
0.001491654
0.001555982
0.001044022
0.001222597
0.001363974
0.0009275843
0.001116734
0.00107952
0.001093261
0.001533564
0.001269045
0.0009851379
0.001794362
0.001470178
0.00127245
0.001381915
0.001459219
0.00197985
0.001571656
0.001894012
0.001751725
0.001516375
0.001762246
0.00141559
0.001414284
0.001592669
0.001423007
0.001544314
0.001163987
0.001714788
0.001001731
0.001258654
0.001509346
0.001021672
0.001492251
0.00127895
0.001198378
0.0008645714
0.001266899
0.001164416
0.001027892
0.0009417277
0.001247773
0.001129501
0.001327827
0.0008769328
0.001163776
0.001256914
0.001407378
0.001301466
0.001234898
0.001362723
0.001233584
0.001135875
0.001290188
0.001615089
0.00140846
0.001278246
0.001190673
0.001230129
0.001281702
0.00143088
0.001566753
0.001557705
0.001614814
0.001543449
0.001372367
0.001994165
0.001167082
0.0009832141
0.001210016
0.001040904
0.001086405
0.001379446
0.001286772
0.001451546
0.001063778
0.001176426
0.00150426
0.001206301
0.001348378
0.001170387
0.001084464
0.001095258
0.001168179
0.001475818
0.0009885984
0.001120087
0.001001809
0.001056297
0.001192692
0.001091169
0.00148125
0.0008591107
0.0009797809
0.001184756
0.001021472
0.0009738685
0.0008591613
0.0009845087
0.0008187752
0.0009085672
0.001405058
0.001076055
0.001143117
0.001157876
0.001082167
0.0007970924
0.001120679
0.0008151653
0.001468246
0.00103676
0.0007293532
0.0008547844
0.0008015895
0.001057017
0.001098952
0.0008509974
0.0008588163
0.001077986
0.00104844
0.0009049433
0.001503852
0.000687578
0.0006817519
0.001178729
0.0006136347
0.001026841
0.0006833018
0.001023581
0.0009618929
0.0006663906
0.0008498285
0.0007099623
0.0008094696
0.001132867
0.0009016158
0.001010425
0.0008184768
0.001220363
0.0008738331
0.0009128698
0.0009883374
0.001113193
0.001216617
0.00103868
0.001114329
0.001291327
0.001028256
0.001156654
0.001042136
0.001127396
0.001514647
0.001175966
0.001153637
0.0007874913
0.0008510032
0.0008764681
0.001197656
0.001286837
0.001140809
0.001092102
0.001588417
0.001526272
0.001030772
0.0009030567
0.001271805
0.001393263
0.001357831
0.001377739
0.001600583
0.001157905
0.001304738
0.001372804
0.001366315
0.001575152
0.00135985
0.001343244
0.001106876
0.001291185
0.001130917
0.001371533
0.001176462
0.001127063
0.0007269165
0.0010371
0.001684538
0.0008715529
0.0008778695
0.001284819
0.0008965174
0.001309219
0.00106936
0.00141623
0.001137212
0.001167017
0.001346878
0.001143833
0.001319478
0.0007667357
0.001194284
0.001014815
0.0009551141
0.001254759
0.0011191
0.001212699
0.001377215
0.001277242
0.001160618
0.0009866682
0.001013323
0.0008702393
0.0009200549
0.002061641
0.001028656
0.000848004
0.001159303
0.001248609
0.0009932726
0.001514255
0.001195517
0.001318669
0.001611506
0.001115942
0.001471819
0.001655937
0.001227835
0.001115545
0.001288746
0.001207476
0.001278151
0.001018425
0.00096136
0.000893775
0.001129596
0.001293066
0.001432219
0.001060528
0.001072227
0.001284958
0.001583641
0.00116571
0.001191325
0.001126277
0.001288828
0.0009884106
0.001579349
0.001108667
0.001298481
0.001214957
0.0010265
0.0008923119
0.00116416
0.001048973
0.00120719
0.001091523
0.001108805
0.001188235
0.001136986
0.0006651929
0.00101343
0.0007832465
0.0009210211
0.001217658
0.000957406
0.001074143
0.0008816501
0.001141052
0.001476984
0.001087682
0.001196627
0.001429704
0.0008524691
0.00103286
0.001105243
0.001073245
0.0007299587
0.0007224615
0.0009558591
0.001438806
0.000932169
0.001177252
0.001969379
0.001132751
0.001307738
0.0008234659
0.001118205
0.0009061994
0.0008033357
0.001090848
0.001083308
0.001429157
0.001227461
0.0008021672
0.001004737
0.000980008
0.0009290933
0.0009672768
0.001354592
0.001399851
0.001572239
0.001306094
0.001525661
0.001378089
0.001458822
0.0008967928
0.001060853
0.001027826
0.001129365
0.001109371
0.0007573393
0.001092924
0.0012138
0.0008990525
0.0008736711
0.0008963448
0.001532364
0.0009728256
0.00125113
0.001724006
0.00103133
0.001364289
0.001372179
0.0009734274
0.001167893
0.001529899
0.00183781
0.0007712756
0.001394551
0.001047348
0.00159543
0.001170423
0.001344315
0.001470328
0.001181637
0.00146658
0.00134031
0.001466563
0.001903972
0.00115233
0.001020987
0.001023016
0.001098215
0.001559588
0.001506024
0.001550992
0.00100511
0.001066944
0.001231369
0.0008089459
0.0009576614
0.001571239
0.001427831
0.001231744
0.0008204161
0.001202423
0.0007944943
0.001687552
0.001036357
0.0006976743
0.001081558
0.001223949
0.000793506
0.001266666
0.0009106937
0.001367189
0.001165219
0.0009247292
0.00092563
0.001367119
0.001294107
0.001274487
0.001298686
0.001119275
0.001183325
0.0009623835
0.001061698
0.001455546
0.001142299
0.001447887
0.0008552902
0.001960402
0.001141099
0.001375349
0.001709209
0.001233283
0.00143876
0.001197505
0.001384182
0.0009369734
0.001096708
0.001065953
0.001048748
0.0009919831
0.001121689
0.0009113689
0.001161717
0.0007745866
0.0007759422
0.001115958
0.0008273144
0.0007403877
0.0008375828
0.001402816
0.001337872
0.001328528
0.001040939
0.00141005
0.001228251
0.0008543545
0.001202493
0.001421459
0.00110411
0.001548238
0.00092611
0.0008636942
0.001178551
0.001025474
0.001015156
0.0007806954
0.0009773172
0.0009543822
0.0008937423
0.001157425
0.0009505244
0.0008314302
0.00114545
0.001309197
0.00108278
0.001390327
0.0007996687
0.001423752
0.001417824
0.001000372
0.001381018
0.001058096
0.001019902
0.001563485
0.001142587
0.001024333
0.001322699
0.001250375
0.001186852
0.00162999
0.001150378
0.001669518
0.001145859
0.001974781
0.001266964
0.001239907
0.001199807
0.0009901292
0.001106609
0.0017779
0.001107297
0.0007434751
0.001349479
0.001162276
0.001396706
0.001390955
0.001178557
0.001081975
0.001279463
0.001009422
0.001002195
0.001616272
0.0010367
0.001391829
0.0008861034
0.0008826793
0.001373354
0.001123555
0.0008766187
0.001121231
0.001063594
0.001937785
0.001199859
0.001795009
0.001530557
0.0009191669
0.001662966
0.001445843
0.001602256
0.001430245
0.001058056
0.001187177
0.001203529
0.001111877
0.001491827
0.00134359
0.0008986593
0.00103694
0.001201361
0.001052074
0.000751793
0.001124228
0.0007947938
0.0006392364
0.000977902
0.000911952
0.0008376913
0.001108693
0.0009980289
0.001208293
0.001272812
0.000698249
0.000908585
0.001504786
0.0009957153
0.001536329
0.0009303478
0.001002684
0.001753059
0.001231111
0.00103063
0.0009695274
0.001038512
0.001010828
0.001137429
0.0008491546
0.001401794
0.0007782971
0.000858883
0.001277626
0.0009436314
0.0006340696
0.00158996
0.001213258
0.001239944
0.001436148
0.001172801
0.00118138
0.000935115
0.001419387
0.001086167
0.001295013
0.001402317
0.0009566057
0.000980494
0.0009228128
0.001418434
0.0008680356
0.001185873
0.0007595605
0.001386098
0.001181849
0.0009946738
0.001375326
0.001557474
0.001198156
0.001014995
0.0008584107
0.001075583
0.0009676644
0.001077544
0.001048738
0.0008922761
0.0009776839
0.000992611
0.0009040818
0.001383342
0.0012785
0.001715755
0.000909266
0.001062227
0.001042333
0.001367191
0.001079639
0.001057337
0.0008614966
0.001074661
0.001217685
0.001026701
0.0009360522
0.0007913601
0.001057153
0.001116942
0.001142284
0.00117465
0.0009535413
0.0006700757
0.0009237433
0.000988911
0.0007431711
0.00119169
0.001032264
0.001219583
0.001133287
0.000965426
0.001272586
0.001206851
0.001776551
0.001169806
0.0009645907
0.001193894
0.001550259
0.0009860239
0.001159993
0.001237814
0.00138761
0.001173062
0.00131128
0.001052636
0.001391386
0.001038362
0.001290302
0.001539545
0.001342915
0.001191626
0.001199549
0.001025398
0.0007629067
0.001161216
0.0008158483
0.001060253
0.001014764
0.0009423364
0.0009142181
0.000865015
0.001112208
0.0009149185
0.0008191787
0.0007623631
0.0006195569
0.001068765
0.0007881412
0.0009261278
0.001434149
0.001195168
0.001448067
0.001109178
0.001288293
0.001794114
0.001605519
0.002022252
0.001618256
0.001199778
0.001216747
0.001589061
0.002026397
0.001230612
0.001260986
0.001164339
0.001643967
0.001224458
0.001190953
0.001010911
0.001252559
0.001506781
0.00129554
0.001536259
0.0009644357
0.00112284
0.001273942
0.0009515395
0.001312172
0.001265113
0.001314851
0.0007842675
0.0007752566
0.001144612
0.001185005
0.00120627
0.001177903
0.001202937
0.001257991
0.001155052
0.001344876
0.001587916
0.001002967
0.001415165
0.001295545
0.001263062
0.001290041
0.00106018
0.001544977
0.00134052
0.001036416
0.001169799
0.001592652
0.001171352
0.001295022
0.0008751035
0.001501814
0.001864879
0.001277841
0.001149403
0.001298575
0.001189968
0.001238214
0.00118118
0.001034144
0.001276694
0.001231645
0.0008997049
0.0010398
0.0007848874
0.001368
0.001443486
0.001643402
0.001153807
0.001400777
0.001097143
0.0007188963
0.001024882
0.001275725
0.001236317
0.001390003
0.001178537
0.001392786
0.001676605
0.0009711349
0.001874396
0.001044488
0.0009738965
0.001132963
0.001135858
0.002048364
0.001143327
0.0009394404
0.001350913
0.001266698
0.001347993
0.001297442
0.001395369
0.001260464
0.001439057
0.0009886314
0.0007554217
0.0008354904
0.0009052092
