271.945
285.5479
286.4453
285.074
280.448
287.5227
279.9396
280.7652
284.1079
266.4276
280.2062
273.2622
279.8529
299.2038
278.2673
276.2672
268.4704
284.5213
268.8602
297.5227
284.3001
294.9706
289.8447
278.936
281.5114
290.9804
273.4026
288.7715
279.6773
271.2063
282.0839
271.0144
295.8155
268.5575
275.4383
285.3614
267.3725
276.9289
293.065
286.0534
277.8285
265.7701
282.5415
279.6695
273.8944
278.0326
275.8471
282.7122
277.1382
269.767
279.5899
275.2466
281.9641
277.6145
280.6226
277.558
297.2159
272.6518
274.3545
282.2381
281.4933
272.5382
278.8146
285.6915
286.3099
289.6893
276.8591
290.433
293.6325
270.7924
266.3297
280.3229
274.4173
283.505
268.8622
296.7126
274.5569
290.1602
266.7439
279.3439
280.3357
286.3774
289.3052
270.0475
273.7432
276.3022
278.3921
279.0871
278.8201
287.0239
292.5457
280.7079
273.987
273.7432
274.6768
277.9536
265.8369
281.6797
274.954
279.1638
287.0651
283.6006
282.7779
282.7893
295.5797
287.8074
278.3912
275.0696
282.6142
293.0363
275.1599
287.5061
264.1158
278.6252
279.3445
286.4747
285.0777
271.142
282.2318
287.5402
282.8453
288.6562
287.7873
285.0057
277.0207
286.8846
281.1774
279.8651
280.7804
290.2936
287.0367
273.6469
279.9769
274.3113
288.3007
278.656
289.5333
286.864
267.8493
280.5912
267.6293
280.6166
286.5156
283.2428
274.771
275.9519
277.5373
284.3094
278.245
281.4526
270.2581
279.6174
291.5109
273.4893
268.2732
273.0471
288.1896
285.9122
274.6002
280.0077
282.0887
279.5582
276.7392
297.4135
278.1699
280.9392
270.8011
269.8798
295.85
280.0353
281.112
291.2791
279.7578
281.9648
261.8447
281.7537
286.6256
277.5718
284.2614
275.0351
274.4729
295.4557
269.5512
256.0816
291.0355
272.5998
285.2771
286.1768
285.7173
279.2631
287.077
287.1354
265.1264
284.9618
262.4556
276.8557
273.7161
288.3568
290.0576
269.8943
274.4174
284.319
289.2156
282.7316
272.0322
274.8725
277.447
277.4035
289.193
278.4215
259.147
286.9014
282.9242
285.2211
281.5505
284.5266
275.5421
278.7679
279.9899
280.3604
290.2552
282.7034
280.0471
281.3969
300.6542
282.1716
272.2912
285.3941
276.6844
286.0424
279.6444
271.2433
281.3918
286.18
282.195
291.3117
278.5525
277.5916
274.7985
257.6452
284.9429
287.3403
278.8427
279.6795
279.0341
288.0206
287.8721
277.3954
287.7538
278.6277
268.0327
281.6604
274.7169
272.2517
290.9123
278.067
279.3807
273.2346
270.5506
273.3303
286.4584
284.405
275.1055
272.1522
284.372
279.1469
268.8241
275.5431
272.3947
279.2704
285.185
268.3188
269.7058
285.8766
286.1057
269.9298
278.6667
284.3067
283.5573
277.5635
286.2057
273.392
272.8293
283.2567
290.3214
282.3735
257.4914
281.1577
276.7641
275.7325
273.1623
264.4081
268.3139
280.1203
296.1695
263.5491
281.7056
289.5272
270.4674
289.1338
275.962
284.6206
269.6793
278.1327
276.9503
294.2958
285.7173
289.0535
298.1065
275.5714
258.2398
281.5088
281.9
264.8707
290.8003
276.6516
281.2759
273.658
284.5447
282.6199
274.2042
288.6997
286.1378
278.0262
277.4785
274.3152
265.0817
286.0626
284.0083
274.4169
279.2084
287.4977
266.4207
276.0685
280.8243
290.9014
286.9363
286.3724
280.7664
280.9073
285.4354
286.3795
282.4515
276.4664
273.4977
277.1382
285.0912
272.2593
291.9449
284.3176
279.991
282.8273
278.9939
272.3099
274.6031
272.0691
281.7084
283.1465
286.3839
279.1091
286.8441
280.2784
271.4162
281.684
279.2818
282.7331
282.9147
287.0272
274.5171
282.8614
271.7122
281.2131
270.7641
280.3706
283.5584
280.2212
282.703
285.5504
282.1852
282.4439
278.0813
275.8524
278.1875
280.6056
276.2455
273.7833
270.8916
303.5099
301.4525
283.9892
282.8939
296.7433
270.6415
280.4563
284.0212
278.3708
278.6508
268.6536
275.4034
277.7529
271.5283
280.7877
284.7074
287.3195
281.1664
286.0361
275.0336
269.6425
285.5633
281.1535
282.6489
283.5749
276.3548
270.005
281.3603
276.435
289.5797
285.7324
273.1294
296.1741
288.6883
274.538
297.1866
277.743
277.0072
284.9253
277.387
280.7066
290.1454
276.6799
285.4511
274.619
284.2009
275.9936
271.4252
278.1971
278.1201
286.6935
270.4219
285.0715
285.0933
279.0627
264.6256
278.928
278.2902
291.3985
293.2572
277.7018
260.7561
272.8973
279.545
283.4228
291.1545
279.8758
290.0653
280.2867
270.6481
286.027
273.8927
287.8382
271.6262
285.9797
296.4919
280.4946
272.2068
287.2568
288.7902
290.3067
285.8138
283.6178
285.7367
298.1659
276.2042
273.0456
286.0721
274.1714
285.3454
286.0759
293.7551
274.9674
276.7953
294.4336
281.9489
293.4366
258.205
279.8257
275.4478
278.9896
282.3993
274.5012
282.3232
287.6075
270.7196
292.5316
280.617
300.5535
282.464
269.5909
282.9111
269.7908
276.4239
294.0136
282.4451
281.7346
283.962
277.3695
273.2817
280.6967
280.5102
281.2102
276.9386
278.7276
291.5104
265.0622
270.6931
282.9367
278.012
278.6251
281.075
275.6081
290.0718
282.3392
280.8815
272.9634
290.477
285.0626
283.1302
277.9361
264.8364
270.7581
280.9285
285.6099
276.2301
279.0816
286.8997
279.0469
277.7379
280.743
282.2516
280.3661
277.4946
280.4196
273.973
282.643
286.3584
277.7919
287.9248
267.086
268.5498
274.9007
278.0989
280.5028
291.29
283.1147
275.311
277.7378
281.0723
286.2162
286.306
284.3354
277.2462
278.7724
290.1561
288.5147
286.2325
274.4338
279.8366
267.1253
278.1941
280.9696
271.5083
278.2674
283.1301
273.533
286.2906
273.3666
263.2586
280.5732
284.6589
285.6133
292.2131
288.5013
288.9724
286.4754
267.5438
287.7104
288.2876
272.4662
283.9272
269.5196
278.3018
286.0165
271.3259
269.583
295.2919
276.7406
275.0083
273.5647
283.7536
276.8474
271.3133
281.9163
276.1655
281.5193
270.1414
283.4109
282.8208
266.3006
267.8809
273.5643
275.592
288.1232
278.4428
276.9471
271.3756
278.5283
262.656
284.0945
284.3143
269.3344
275.6666
279.8093
264.1638
289.0439
274.1232
284.6726
284.9446
288.9502
285.9664
292.2056
270.6557
270.1449
271.1584
286.9646
285.4096
275.3271
282.6248
269.3504
275.2319
273.6151
282.948
274.4325
276.3501
279.8889
280.1304
275.1008
283.0039
284.7015
287.7831
279.0442
285.3786
280.6379
282.4776
272.074
283.5678
276.5357
279.3202
275.0824
275.2945
276.5204
286.0884
284.615
273.7863
273.3023
279.5641
264.06
287.7996
278.4797
283.4212
293.8333
278.9499
260.4857
291.1985
283.7578
272.752
280.4535
278.9658
283.2009
276.1313
285.992
274.7811
289.1234
278.8349
282.1848
281.1715
281.3592
282.692
275.4366
278.2918
263.6782
273.5194
284.2367
283.9561
283.9764
290.3746
295.1349
276.5974
274.145
285.4342
275.4514
280.5612
284.6545
273.6298
272.1574
293.7532
296.1984
280.5958
274.8366
282.4157
274.6536
279.5791
269.8061
288.3045
273.1248
265.4705
272.3604
275.9876
285.7158
288.579
265.2526
284.8202
286.2809
263.247
283.0491
287.2285
286.8681
282.9777
293.7175
281.0665
285.9162
272.7717
287.6428
272.3097
278.8302
284.3
278.7903
270.9287
278.3748
269.9446
271.5613
277.0701
267.34
268.8899
282.9178
277.8299
271.9077
282.0642
269.8221
271.2247
278.6624
281.8582
270.0668
290.58
281.3579
264.3036
287.152
286.3646
284.735
277.4743
281.6164
274.9948
286.6484
264.0363
277.1193
273.553
286.7926
268.1395
285.3672
282.7104
283.1079
269.2562
273.6452
286.5695
279.9788
269.2596
277.9414
264.4479
279.6434
286.0717
287.4052
291.6748
282.291
277.5662
276.0463
284.0901
286.972
287.0678
283.4169
282.3701
303.1688
281.1729
276.5076
283.099
285.3858
260.5655
276.3072
275.4706
278.7247
282.1328
282.371
281.8779
269.1114
285.3878
277.16
283.993
272.2116
273.3344
301.2033
278.8282
274.7576
291.1618
280.4388
277.0238
290.522
275.5141
281.8087
281.1616
274.1004
275.3957
290.5096
277.6099
273.7821
289.9239
272.8203
286.0966
283.1165
265.6778
289.906
265.0695
270.4816
287.1618
277.9606
281.0397
287.5637
279.9025
287.4571
283.3006
295.1764
275.9176
278.8527
269.2264
282.176
277.1893
294.5139
261.0376
279.7262
286.614
286.3539
288.2069
275.2417
282.9192
282.3843
272.5761
280.09
274.9508
288.086
273.3413
282.9419
278.2998
285.2224
273.6885
266.2374
283.6334
272.5954
283.8254
296.9139
284.8279
273.7653
278.5458
279.5171
272.0173
285.4915
256.465
279.0499
278.3696
283.6184
275.0884
299.4183
268.5561
268.0897
298.0028
268.7278
266.8911
278.5642
284.1094
304.4026
279.5383
271.208
275.6615
278.3673
280.0504
264.2565
276.9564
280.9808
284.2449
276.0025
278.8565
280.4667
282.3795
277.5338
284.9219
289.3646
287.3332
280.9961
275.0351
291.2992
274.3291
282.0817
295.3064
289.063
279.1403
263.1074
283.6865
274.3262
277.7964
278.7072
283.9562
281.0296
281.8996
280.5394
296.0359
280.4444
286.9451
278.1642
275.3167
280.9765
274.6603
271.9825
275.2573
277.4066
284.6003
281.3714
275.0308
278.778
285.465
281.8033
282.5154
271.0365
262.7479
281.5258
272.1212
281.1083
279.8487
284.0414
294.9136
261.3334
287.7017
275.6284
280.9155
280.6101
288.2837
282.5959
278.8511
275.5033
272.7774
276.8534
269.6307
292.8062
285.8992
271.547
287.6358
284.4039
276.3885
267.021
292.2285
278.213
281.5409
278.4742
297.0253
291.0585
284.3205
275.9548
277.4352
271.6154
273.0113
273.7146
291.3242
279.5065
270.7408
275.6019
285.0947
273.0468
284.6166
274.6987
279.7995
285.3209
269.5796
277.1171
280.6391
272.1238
275.2261
275.1041
289.5
275.6501
277.8148
276.7569
289.4912
275.5235
282.449
273.486
280.5082
279.0555
284.2154
283.9873
282.1076
290.6825
280.7852
279.1352
275.6095
280.8283
282.6514
277.9829
279.9024
290.6297
277.0342
276.8935
281.9312
280.3639
287.7235
290.5127
288.53
302.7745
269.8303
294.8215
284.9612
276.0978
286.8919
285.5475
278.2245
283.0275
277.5479
276.0412
267.2069
281.937
274.9592
280.8517
280.6448
273.9183
278.7049
273.2309
277.6943
276.5087
283.8083
279.1393
286.663
273.2327
271.1338
268.1027
278.0582
288.6229
274.3416
287.157
283.8549
279.7978
273.9404
269.969
287.3381
296.7411
268.9339
290.483
281.8895
265.0536
265.9208
288.9581
281.8173
262.6887
273.9275
280.658
288.3273
288.0109
288.7412
280.3312
276.9381
291.409
295.5136
288.9853
278.8923
272.838
284.0917
288.9342
262.682
278.5489
278.394
288.2921
291.716
292.5193
277.7649
268.2881
281.8766
293.7614
278.7693
279.7259
271.9169
288.1154
281.0115
283.3293
261.0019
301.0186
280.8275
272.9354
278.3323
298.2292
271.0785
271.9098
271.1768
298.7073
267.7755
278.2546
284.7774
271.4648
279.4241
291.6385
276.7635
286.8639
287.5599
286.7229
276.8639
274.8174
280.4351
282.4635
281.4581
276.8486
292.1221
294.1042
271.9456
268.7458
277.8655
277.9148
288.9025
284.2026
271.1423
279.5345
279.1402
283.1066
277.7749
282.1134
275.6247
280.4869
273.9938
290.5244
281.863
273.8099
266.4911
283.0934
277.893
272.5412
279.7924
280.0719
270.4021
288.1277
273.2697
279.9453
285.007
280.8554
267.2808
276.5082
284.4501
273.7423
284.1425
278.3327
279.3409
272.7498
284.6431
266.9672
275.7289
280.9965
302.3202
283.1248
288.2728
282.9351
277.3432
269.1462
278.4095
279.3983
267.1396
293.1804
284.0813
286.4182
297.2923
270.6401
293.4842
279.0072
264.886
277.5758
273.9454
286.0369
280.6088
279.5307
277.8985
281.232
288.202
282.7172
287.132
274.5834
276.9124
286.1722
280.4349
285.2834
278.5422
278.6152
275.8628
270.8719
284.7486
281.6235
283.4536
274.4721
287.2934
270.4978
298.4469
271.1429
253.7996
266.602
285.0817
288.8164
271.6606
277.4386
274.7498
282.2157
282.118
274.2706
279.566
283.9835
279.4574
280.3434
277.0045
267.7839
271.3793
262.7759
276.3356
288.581
289.2035
272.222
272.8853
283.9794
281.7124
289.4032
263.7413
275.4039
287.1885
290.3345
281.4738
271.6731
281.9306
278.2222
278.834
278.413
271.6916
277.6806
279.5154
288.0355
277.8559
275.4996
284.1219
284.0282
299.2849
273.6263
288.2804
273.8787
276.9917
280.2284
287.0152
280.2757
271.6056
284.0065
270.7233
276.7294
273.3975
287.6556
266.9747
280.427
286.3994
284.4173
286.6358
269.1897
282.5521
278.8239
271.8003
278.835
273.4731
287.4683
281.0568
277.7044
284.0757
287.2128
286.5884
287.0678
280.1764
272.5797
273.4073
283.4626
285.2908
274.0469
284.3629
285.3131
278.5283
284.1053
271.1675
274.4885
292.9912
277.9383
279.4098
286.0045
284.126
281.3575
296.7452
282.0684
275.5014
277.6903
279.2021
268.1656
284.6779
286.194
290.6289
285.4759
283.0596
257.4092
284.8541
273.1602
276.2448
286.0207
274.9045
271.0723
283.9287
283.896
288.8494
276.4269
296.3833
282.7305
288.7452
287.6032
301.5969
294.2557
283.6105
271.4443
276.6473
271.6607
289.1247
276.9395
286.5033
280.5409
271.0899
277.1872
280.0517
272.8183
281.3476
283.5083
259.4969
276.2149
280.2078
290.4077
282.5791
278.9958
267.9162
278.6231
285.6004
287.3278
270.8237
285.1457
280.373
274.4409
269.1653
268.5451
279.3198
275.8376
288.889
288.9081
280.7689
279.8464
279.9082
283.3988
273.7568
270.6402
282.7008
276.2418
286.1754
270.7779
281.695
263.7816
283.0634
273.7365
281.4628
278.2236
280.5524
282.9877
285.5857
277.5072
278.1306
271.677
278.0627
285.6504
264.7524
278.8453
278.8073
285.0923
286.8803
281.4317
281.4567
292.9991
265.8575
276.3148
283.2926
271.8458
279.2173
269.7162
290.2159
291.696
278.6199
280.202
286.8463
268.6053
281.3954
271.6817
274.757
268.9237
272.36
264.5387
291.6131
279.3976
278.6389
280.9281
279.0949
281.9242
283.6077
281.5094
277.7787
274.3879
269.8062
269.8493
279.3495
287.3348
287.8336
286.6751
282.8876
276.6512
283.6983
292.2619
282.6381
271.1359
267.0573
277.1293
274.5866
276.8897
291.2973
279.7169
282.5904
281.7087
274.4225
285.6601
280.0249
279.0975
279.1038
286.6959
287.2966
281.6291
286.9095
284.6122
277.0537
279.917
275.7641
273.0694
269.6935
280.8265
270.6631
280.0444
274.4017
282.3344
267.9161
285.433
285.1102
266.9765
283.6076
283.7202
276.3116
279.9848
287.4837
281.3632
275.6809
281.1994
272.787
288.4876
277.3977
278.7883
282.6736
278.1354
283.5034
278.9145
293.3499
277.7431
280.0158
270.8406
285.5181
296.6713
271.7125
277.6973
276.8273
282.5368
279.0598
271.5566
283.5062
280.2544
283.1053
278.2481
279.2673
287.9
272.8936
287.9763
278.8912
279.8955
277.704
282.6124
279.6766
284.6824
282.6632
276.8723
279.5226
269.4561
278.4307
291.5748
280.5963
279.3066
278.7442
278.4578
283.8819
289.6235
275.9539
268.7974
294.3685
274.6699
286.0197
282.1985
278.6434
283.476
285.5717
270.7325
288.0442
274.3752
280.7498
270.4331
278.9506
295.3606
284.0539
294.7964
291.1751
289.6039
276.2702
277.2945
280.8234
293.2649
270.7075
280.5276
281.0206
265.5624
268.8394
278.1181
288.2914
276.6241
295.5305
272.0347
262.7985
270.6245
278.6755
279.3292
275.5201
284.0588
275.1657
277.7244
273.3807
286.0866
272.0075
287.2112
278.1257
277.8559
277.8567
276.1259
289.0548
271.0661
282.2874
286.4941
286.2672
285.9542
282.3363
275.2588
276.8476
284.8789
272.4647
277.9678
274.1199
285.9641
281.6163
285.3324
282.2787
287.2956
281.1976
276.2214
268.985
279.8457
286.5672
277.222
278.4647
282.8306
282.7749
282.814
283.741
284.528
286.2433
280.5359
288.433
287.184
292.0113
282.584
275.0901
286.1598
282.8673
283.9216
277.7391
269.4426
294.3233
276.3208
277.7106
276.6185
278.1953
267.8969
284.0353
281.1201
280.7112
283.2741
271.4511
301.5142
299.9016
284.965
284.5574
274.5263
285.0389
268.3033
283.8541
285.088
274.2461
277.5156
279.7939
280.486
288.2627
277.8279
277.6126
293.247
278.5134
274.5129
279.7164
291.9647
285.0218
283.1859
272.45
286.5559
287.5651
284.2171
279.6066
290.032
286.2748
292.4049
282.2959
277.0267
297.0753
293.7854
290.2717
279.3482
273.6302
274.655
270.265
269.7022
284.8132
286.3877
286.5993
280.2739
275.9866
282.0139
276.9615
282.5816
280.8224
284.7473
291.7456
286.7992
273.6652
277.0279
277.7816
273.1919
291.4646
268.4193
286.5184
266.8081
278.3884
286.3828
285.9944
281.4306
278.3764
279.423
276.7378
286.0046
295.0264
268.1364
272.4888
290.2696
274.6595
275.044
272.0645
266.3217
274.8895
275.7439
288.7786
279.3538
293.825
280.4506
273.9409
278.1422
290.0643
290.2772
276.1249
277.5604
284.3013
278.2423
280.4533
278.0143
261.2412
277.0781
300.5326
282.1495
284.59
285.1385
277.2191
277.4787
263.5021
267.0441
274.2828
276.3496
273.4173
277.3465
290.3861
274.2774
268.6654
290.4856
282.6216
287.0902
281.5874
287.6857
278.9068
281.5483
291.6941
273.8866
299.002
273.2494
282.6773
289.1995
276.9242
273.774
277.0744
275.1635
281.8349
283.9167
282.9331
284.2352
277.1991
285.1172
277.1714
279.0404
277.8456
277.2237
297.0952
278.8669
283.8387
272.7803
287.9918
287.3055
283.2364
281.3072
286.3769
276.6017
269.4725
280.5189
274.8909
281.6495
277.9207
287.5419
277.0912
276.02
303.1712
278.7272
286.0058
277.7455
281.8745
283.193
278.4979
281.5817
279.4431
280.6844
281.9818
274.559
284.1817
270.9179
290.1116
269.7198
290.2232
277.4311
278.7075
291.8725
276.6061
287.6021
281.1149
271.5963
282.5878
278.0595
270.3544
286.3153
272.1311
286.3047
282.153
288.9796
282.5456
270.2792
286.1685
272.5701
281.0146
279.9464
289.7772
283.8525
278.0822
277.8661
271.2618
282.0817
278.1686
283.9155
279.4747
286.3066
273.9334
281.5933
276.9432
283.8202
267.004
285.0911
267.4206
276.7075
265.7824
285.0462
295.74
279.4789
285.0692
271.138
279.5627
287.5006
278.4094
276.8253
280.7192
277.9652
278.2879
274.7727
296.2217
286.1668
270.9167
283.1833
279.0079
282.4885
291.6917
275.8123
281.3849
290.9209
277.1448
291.3694
294.7992
283.143
275.7676
286.3989
270.9116
282.6323
284.5619
280.707
277.9436
277.7906
276.4564
287.9654
273.4997
276.4852
280.1792
279.0962
264.1065
282.2451
280.2154
272.6222
268.775
284.8117
282.3173
275.6581
281.2789
273.041
282.9201
280.3307
274.4486
288.7956
271.4937
283.4327
284.9338
267.1628
288.3926
265.2706
276.6014
287.4932
284.2991
283.0044
279.8862
284.5365
277.9775
280.6275
276.6875
270.9804
267.9635
275.8964
270.0905
281.2991
283.3764
272.1547
272.186
274.9914
275.5002
281.1787
286.2732
275.9116
283.9864
280.6889
282.5809
273.4294
273.2338
273.6711
286.9053
278.486
268.4212
263.2279
277.5977
279.5555
273.5369
287.7376
285.263
283.8069
277.9403
279.4654
283.7113
267.2853
278.794
284.4365
283.2111
270.5794
263.7434
273.3693
291.5625
285.643
283.8222
282.5125
286.1272
288.2829
282.6147
286.0221
284.5668
292.1931
278.8813
277.9226
271.0897
282.2821
283.1287
282.6232
273.9996
274.4165
280.1229
290.7375
279.4615
285.5236
280.4931
276.6049
287.6915
272.8368
262.9024
268.6846
279.96
284.0707
284.6537
278.6499
289.8672
271.4121
296.8156
282.7924
274.0162
257.8292
279.9177
273.3956
293.5684
282.0674
272.5895
278.7282
286.3034
276.9663
273.6192
283.7353
294.3659
287.4143
268.2011
287.018
279.596
280.3756
300.6904
276.9633
285.5975
278.1008
276.985
279.4548
274.1994
284.4559
284.0275
285.4151
277.7777
285.3762
276.1586
282.5988
276.538
282.1641
285.494
272.3779
299.7316
284.729
281.5207
277.4951
295.9878
268.5166
279.8739
285.435
291.0622
277.7235
275.048
284.5853
286.5983
279.8249
283.2295
273.8434
285.9118
285.0261
276.8618
274.7802
289.4713
269.8551
282.1163
281.6007
280.0078
276.8273
269.9439
285.9957
288.6199
276.936
290.837
269.7656
277.7917
279.5062
281.4377
286.681
281.1604
284.8548
267.5744
291.0079
278.2003
285.9803
277.1877
276.7465
281.0976
274.247
274.7507
288.3547
290.4874
274.2937
284.7393
288.8859
282.2693
277.6626
267.6156
274.6156
263.5627
278.9177
286.9964
279.6328
285.1131
300.7342
281.2626
284.9154
267.9918
290.0488
283.767
280.6453
276.5632
273.0933
278.1908
273.7747
278.7089
288.5413
275.8899
285.555
268.6702
268.4848
283.2461
281.6127
283.6242
273.5766
274.9161
281.1906
280.1597
288.5758
290.3436
284.7336
278.7562
276.7278
267.2906
279.2873
286.9687
278.062
276.084
280.1338
275.8351
294.6811
295.6205
275.0641
282.6623
272.3759
285.923
289.1435
276.5033
286.4933
283.4026
284.72
279.3331
303.3751
277.3983
275.4659
280.5124
280.5525
279.0516
286.7903
278.1237
280.8994
293.3385
280.6991
274.8726
287.2943
292.2851
277.7629
280.183
300.2724
285.8017
261.3308
275.4655
274.7019
292.265
279.5711
290.6859
282.2944
283.292
282.079
289.2586
281.1067
269.3666
270.6249
276.0245
278.6095
280.009
287.4932
285.0189
279.328
280.2293
281.8619
281.6197
280.328
283.1736
298.1366
289.5455
287.0838
270.3374
266.3487
274.8292
291.3709
272.6692
284.2375
273.1676
264.2073
281.4451
284.9163
274.5855
273.0311
283.4815
277.6377
277.4775
268.1715
267.592
270.581
291.4808
295.2516
293.03
294.3502
287.4787
277.8725
280.1422
284.1534
262.062
275.8247
285.5273
284.152
291.3024
282.1206
269.0577
280.4136
279.4807
291.59
280.8216
277.0494
276.7453
282.266
265.5062
291.206
282.5272
282.7057
299.3528
284.914
274.8315
275.4716
277.5986
291.2738
288.491
277.4398
276.2706
277.6819
280.0227
289.8773
282.1666
280.9693
273.5976
293.8474
291.2558
279.4583
286.2535
283.4756
291.4585
266.7819
275.4573
280.6558
279.5776
287.1851
267.417
286.8145
284.4374
269.8315
270.24
281.1282
268.8569
286.2751
295.1163
274.6378
277.7247
282.6678
301.06
277.9547
266.2452
297.9027
293.4441
275.3869
283.4373
284.9382
277.1905
280.7733
280.0419
270.5427
280.3881
270.9387
283.4324
270.6237
287.0144
267.3709
271.002
268.7191
283.9593
274.2092
284.7332
270.082
267.1437
285.8751
287.4778
284.3627
286.6696
276.3585
284.8127
268.9024
292.4253
294.0107
281.0985
284.7093
258.6107
272.8646
288.627
268.4088
291.5492
280.9054
272.7414
279.579
280.9039
292.8965
286.6189
281.5238
281.2962
275.458
286.9496
265.1052
278.3433
278.5087
295.8729
277.7498
281.9692
275.0638
285.7393
280.6627
279.5037
277.7348
276.4384
278.7231
285.7863
276.602
278.7555
296.6449
275.7794
278.4045
289.0246
279.844
280.6936
282.5038
280.021
270.307
277.0682
275.2984
268.6695
278.11
283.8909
272.3488
273.2874
278.5866
292.3735
273.4099
284.8806
279.09
274.9908
290.5425
286.3871
268.9878
278.9736
276.4125
274.6639
284.0149
260.4657
276.4012
273.6802
283.7552
270.2595
278.7526
297.2134
291.4971
272.2991
276.2819
288.6421
276.097
287.7012
285.8805
280.8334
285.6519
275.9522
263.4572
279.9609
294.4779
269.3655
282.8622
275.4105
284.4615
290.3851
283.6724
274.8763
279.056
285.1643
274.3805
268.2911
290.1337
279.8968
285.726
289.3513
298.051
290.231
291.6164
275.4707
270.2182
269.7943
291.9047
272.2322
273.6434
273.704
286.6966
299.1375
297.4961
274.7946
293.2379
279.6905
282.3064
273.6176
285.8833
287.6503
287.1635
278.9536
274.0057
288.2517
286.2702
275.9662
287.771
276.7297
285.1123
284.588
278.3809
278.8123
298.1094
287.3375
264.1962
278.2321
272.905
285.8415
298.4579
276.748
291.3577
275.427
274.2114
300.9963
287.2419
277.8086
286.195
263.767
285.8363
281.2167
280.6025
287.1596
281.3223
274.3342
291.3478
288.7964
281.7447
283.6818
284.0204
277.0036
272.1834
281.2509
286.85
275.0397
277.5495
282.5293
289.6136
281.9917
281.209
270.1707
273.9271
278.5357
281.8327
282.1781
290.954
278.7086
273.1431
277.7254
278.7165
292.592
281.1308
275.6907
278.3714
285.0393
280.6136
273.0602
289.5875
290.5376
285.6857
280.5422
267.6427
272.1441
284.6335
290.4247
286.6639
277.8128
294.284
277.5347
287.9008
281.4635
292.6438
282.5483
277.554
277.1197
275.091
288.3689
272.4933
285.5931
287.7708
272.6825
297.6615
283.8021
273.0728
282.2426
272.9247
280.7352
273.0436
277.2531
282.2786
284.9694
284.617
279.9956
275.8057
279.1055
297.5644
281.0213
275.4676
282.8192
269.6048
277.567
274.3644
277.417
276.6396
272.793
288.8016
291.5204
284.0047
290.1574
274.4279
283.7712
280.961
289.842
280.8224
273.4653
285.7285
280.1865
271.123
282.5278
276.8324
294.5242
276.272
283.8187
276.2826
293.0361
281.2918
282.9109
279.1163
274.7721
293.7964
288.3791
279.0776
263.2154
286.1244
281.8264
282.3977
268.4687
279.1694
272.5737
282.1834
279.6014
276.3183
285.9586
281.9633
270.9266
294.8794
291.4453
266.615
262.0696
287.1101
274.2306
276.2905
286.0664
278.2474
274.0171
273.7382
269.3543
290.4276
279.9856
273.0774
289.0583
284.3981
274.7698
278.4688
272.6256
266.8139
283.9238
270.6202
298.1898
271.2898
288.4491
277.4968
286.8945
281.3887
280.9579
282.9098
278.94
272.0361
279.7845
283.0379
286.3023
271.2266
280.4175
288.8198
263.2844
274.122
276.4841
289.5823
272.9444
283.1259
273.0419
285.853
282.193
268.0206
279.824
273.5167
272.0954
281.1523
278.1869
277.1113
290.0675
281.4008
279.4847
277.9071
273.4928
286.5285
277.3793
286.0152
288.94
292.2412
267.9358
266.4094
281.7233
268.422
281.6179
289.644
281.5875
274.1331
271.6745
268.4906
285.4733
269.8718
283.2958
281.8994
277.3673
274.4153
290.8012
284.0055
276.9121
270.839
274.0068
280.7299
270.4463
288.0801
281.0357
276.2008
282.544
278.2148
277.6172
280.2666
276.5586
282.9166
270.9509
280.4739
272.1174
280.8071
271.4676
282.0894
285.0535
277.2766
288.3776
286.9728
285.0879
274.6535
279.6177
272.2128
281.809
285.9467
286.4023
272.3914
281.3321
272.4083
282.9164
291.7964
274.6589
275.0936
283.4487
271.0474
284.0407
278.6423
275.5236
277.451
275.2793
279.994
283.6101
280.4101
277.5054
280.9758
273.0913
287.5587
282.1577
285.7629
280.6107
264.9764
272.4196
290.8935
277.1773
286.1428
290.2019
277.3563
263.5797
275.0583
280.716
276.1183
278.4256
284.2125
281.5198
292.0982
293.3022
274.0639
283.8904
283.4158
286.5253
253.0954
283.4677
273.064
279.8167
274.8362
270.0904
284.7647
297.9105
277.5506
282.0211
280.9843
282.1013
283.5486
281.118
286.0041
282.7612
278.1028
285.7292
278.1861
281.5232
288.6449
285.0091
286.9683
283.9418
278.0825
280.2694
290.0286
267.1285
263.0679
289.2827
284.2088
280.9009
289.5769
288.5379
289.1162
265.6088
279.1729
297.6586
286.6298
291.7088
273.2337
277.2119
274.48
281.8158
265.4606
284.5007
279.7352
278.5959
279.1046
277.407
282.8443
282.923
272.5428
281.1582
294.9145
281.4123
269.9715
274.742
295.4668
293.3765
276.0716
283.0377
263.9317
278.4582
276.2832
290.4376
294.0417
278.5991
271.4077
268.8029
275.2481
288.4024
278.8422
286.4253
275.7258
288.7407
282.7584
277.2235
268.3165
280.2876
273.944
282.0118
287.9733
276.172
269.2388
285.2265
281.8878
278.0714
271.9231
266.5599
270.7495
275.2754
278.497
284.4939
277.6867
296.2376
282.7026
282.9928
279.4554
279.4459
302.2662
281.9745
290.8023
273.4038
297.4617
287.439
283.8947
280.3945
265.9859
276.122
268.5607
290.63
288.734
291.6995
257.0021
286.05
275.3054
277.9242
270.958
276.481
284.1971
277.0063
276.2932
284.0151
286.1384
287.6976
284.2478
302.0829
275.1732
289.593
270.5065
295.977
281.5528
280.2192
280.1512
277.3101
280.9675
272.7269
281.5359
284.6115
281.1047
280.8061
280.8242
271.8187
280.3287
285.9605
273.6065
268.0949
285.2174
279.0297
284.3289
287.012
275.3417
293.7825
282.5302
290.2824
272.3329
280.0098
291.3055
280.185
278.324
284.2426
285.7752
276.5134
286.1704
278.393
272.6233
277.2746
278.3673
279.3198
294.009
282.8778
275.7236
266.987
286.3102
286.3207
293.1815
281.3809
275.3501
264.258
282.129
286.5525
276.1758
274.7016
285.378
283.2932
279.0513
280.7616
262.8111
289.0633
286.2156
290.0796
273.9271
279.0967
284.1446
272.7114
280.0814
283.2353
281.4124
275.764
296.4591
276.5795
273.4549
269.9386
282.8587
273.2725
284.0038
272.8347
283.3678
282.3521
283.7972
268.4861
271.812
272.9907
281.697
270.0035
279.9387
281.7465
260.3064
283.369
278.269
288.653
275.1749
310.282
282.6547
288.2163
281.6278
282.4657
275.0294
291.7412
301.3559
275.0372
273.148
287.5513
258.2028
275.1473
268.4853
268.0452
278.7516
275.7205
275.9442
292.1681
272.3689
291.9198
276.6104
278.7156
281.3447
292.5909
293.0019
267.4005
276.1417
277.5976
282.2387
290.2635
290.4103
287.0878
275.5161
280.6915
278.6636
289.097
282.258
264.1007
284.7059
285.1366
267.84
284.8253
275.374
281.3772
293.0333
278.5716
280.7605
277.8558
273.4776
274.5197
274.3009
273.2874
276.4197
272.042
279.8859
284.6938
273.1686
270.6735
293.652
287.2524
275.0468
286.1251
274.8289
283.4909
268.563
282.3434
273.7729
288.7764
265.4119
292.3972
279.9808
267.0978
295.977
282.1856
263.6134
276.3637
275.3754
301.0627
285.5621
273.9891
289.8312
278.6916
284.549
290.1747
278.9997
278.3159
282.7806
262.7704
275.1282
288.8977
287.5327
277.3317
283.1726
291.5806
280.6844
279.9112
275.593
282.3606
282.312
275.4158
267.0326
282.2777
271.5089
273.0301
286.8095
286.7618
260.8806
277.1524
276.2538
284.9857
280.1776
284.1123
275.2808
274.959
294.0764
279.907
287.0036
289.6913
275.662
293.8151
286.9112
274.6813
274.3856
275.974
288.1322
281.4989
288.3819
287.6761
282.1229
280.9371
270.9569
273.9633
283.7169
275.9295
273.8702
282.8153
278.1179
269.9039
273.4249
278.2374
283.95
279.4533
277.5178
279.7761
278.9788
271.257
275.946
279.1767
287.3135
282.7218
275.1936
290.4981
280.039
271.6725
274.4841
260.507
277.3782
279.6306
280.5063
279.3442
262.1985
278.8315
277.6648
279.1459
279.0545
284.3594
285.1447
287.2885
273.3625
278.3105
275.7283
277.5539
276.8304
268.1843
281.6387
272.1661
282.915
275.6167
274.3772
278.279
285.7047
271.6882
278.0972
283.3784
273.8222
278.3709
283.9984
274.8183
273.4318
286.3018
267.705
281.0179
277.996
272.094
279.7844
282.1704
272.2842
289.1531
280.7666
274.5882
273.8316
272.7053
275.0023
286.0328
282.5471
289.8137
281.4232
279.4909
290.8335
270.664
274.7029
286.047
275.3839
281.71
285.78
280.838
260.6701
270.468
286.9186
281.759
277.9404
278.0555
278.6448
284.617
277.2346
290.9284
284.5547
282.3592
272.7918
289.2192
277.3546
280.6546
279.151
273.7895
280.0162
282.2538
282.4036
278.2488
276.8784
285.011
282.5027
273.7558
271.3029
292.0691
281.6138
289.1095
279.1848
274.911
279.4748
274.5328
280.1857
278.1141
276.3254
277.767
288.8859
275.9501
276.0453
286.58
268.8425
285.8889
278.0506
275.2027
260.4344
278.1962
290.6812
258.1957
286.6257
286.8833
283.572
292.4891
273.4883
292.3968
281.6152
270.7562
276.9882
291.7733
285.2896
280.7447
274.1028
286.2209
280.0569
282.9506
284.4267
291.0737
285.9458
276.6095
290.0855
272.2465
266.7142
269.8445
275.4173
282.2618
291.2416
281.4648
271.3008
267.5884
280.6018
276.3763
292.8403
287.8929
286.5085
288.6957
287.7631
282.1711
282.3865
293.8152
282.0948
277.0038
272.6882
288.6687
279.0977
285.4351
276.4508
281.944
284.353
292.8754
269.4633
274.8996
276.0621
278.0035
284.3313
277.3155
282.9707
268.0241
258.5949
298.9788
299.2567
275.7252
291.1792
277.4264
281.868
276.8879
274.2297
295.8814
291.2143
280.8757
282.6526
282.5075
287.9065
272.276
272.0955
277.0339
282.5548
273.9031
280.026
278.5729
275.5813
279.1149
283.5015
271.9618
272.5479
275.6023
281.6388
276.9643
285.1927
286.4638
277.9202
273.9132
260.5908
290.8494
283.3732
291.1393
272.3037
274.5505
274.2652
279.611
284.4132
279.7944
281.6321
278.9309
273.7276
278.8684
266.8135
292.9501
282.048
283.6361
299.3508
273.9755
278.1156
278.8247
285.7074
275.0119
279.9894
284.7651
274.1966
288.9456
293.1114
280.0674
276.2827
280.6197
266.9481
277.7413
264.678
266.0312
277.5734
276.6946
288.6741
277.7803
271.5685
281.9293
287.9761
284.6326
275.3142
279.1503
264.896
286.2166
283.7313
291.5972
282.5735
281.891
271.0139
275.2153
274.9322
282.7811
278.2742
276.6584
274.6756
279.0987
282.6152
278.2111
285.7882
284.728
274.2154
278.9772
271.3693
280.2249
282.0799
282.3282
273.5937
280.8052
289.9521
273.0507
280.2174
283.5286
282.9771
291.5529
280.7218
284.0823
294.608
280.5637
288.4823
275.8084
271.1329
273.9861
285.9764
275.1754
290.8738
280.656
275.9258
279.0053
280.5043
281.3942
278.143
273.1462
284.3788
282.2459
276.9589
286.4357
277.783
288.2799
269.6997
282.3522
281.5768
275.3045
283.5434
267.5786
281.5771
289.2372
275.6961
285.2769
279.2392
302.739
295.91
279.4269
266.933
284.8471
271.909
279.6128
277.4323
286.9864
288.5126
282.9016
272.8407
277.165
276.6095
290.5747
277.1656
277.3548
286.505
266.3791
274.4326
288.3217
279.8896
284.7171
275.6316
283.6752
277.0563
271.6129
275.9855
277.6002
272.6452
279.0322
279.7743
286.3526
276.333
275.6666
281.3968
280.9474
284.7244
284.9849
281.3478
287.3903
282.6442
280.2461
278.454
286.3673
280.3929
280.0703
275.1021
278.3219
288.9235
285.5489
294.1126
280.9446
288.1911
275.1219
266.2972
278.6161
270.3596
289.1208
280.9165
270.1129
284.621
283.6806
275.1481
276.2588
283.8957
287.1664
272.1604
274.5806
291.2215
282.8609
266.1956
259.6871
285.8218
282.6224
273.0558
295.008
286.0894
290.2388
286.9738
276.4599
278.8409
289.8894
277.5289
275.3807
282.084
285.6658
275.9432
281.5372
289.5841
272.9132
285.8324
274.7909
282.5335
270.6461
276.311
286.3351
265.0543
288.7131
267.0647
281.3933
283.1771
278.6343
285.7375
294.9276
285.7783
281.0164
281.077
279.2048
280.849
285.3127
283.6387
268.6303
279.9865
279.5929
273.5672
291.6164
295.6039
271.6521
267.4992
277.7508
278.7036
274.8682
277.5766
279.9031
307.6776
277.386
270.0365
275.9073
273.4062
271.6262
280.642
275.5607
278.5109
282.7155
272.239
273.3955
287.4865
278.2498
276.5848
292.487
287.9757
272.1138
287.5841
269.7261
287.6519
275.3689
294.0041
262.0698
273.543
282.4442
277.0138
286.8964
268.0758
275.4389
294.5151
293.3662
280.1526
287.0979
275.9697
287.7097
288.688
296.333
271.5243
274.1272
274.8745
269.2247
276.1801
271.5852
282.1586
291.0892
276.2798
280.8364
284.0416
275.9117
278.8117
277.3626
275.5004
271.8947
276.4244
288.9987
285.2029
277.0017
280.1135
282.7541
267.8967
283.0181
292.9999
296.0807
278.3077
292.5474
265.778
272.8623
277.2774
275.9235
279.3743
278.3787
266.0839
278.8297
284.6455
269.6283
270.3783
273.9697
275.9669
275.2019
275.7498
278.5461
295.1128
286.7384
268.2935
294.4417
286.0192
269.2798
267.7127
271.183
293.8935
283.466
277.535
278.5342
267.981
274.785
271.8425
278.1279
286.8433
290.155
271.5059
273.8134
275.0068
276.774
278.9574
270.274
267.1919
271.0211
281.6052
283.8485
285.768
269.9936
286.8667
270.5788
282.0053
276.1251
274.5616
282.2513
269.912
282.87
293.5358
262.4494
281.2523
290.5868
285.3708
269.0907
279.1033
278.1185
289.0809
276.1563
283.0262
274.588
283.6085
278.3973
286.5642
277.9765
287.1109
279.6894
278.4505
281.8967
274.8672
274.4876
283.2164
273.4309
283.5856
284.0952
268.1026
268.9019
282.7705
284.1609
276.2586
285.1883
284.1484
278.0718
283.3895
286.2218
282.3615
284.0713
278.1523
286.1434
291.075
283.7165
263.8134
271.9192
275.1457
281.4392
268.909
283.986
277.515
276.6501
277.9525
286.5967
288.542
279.9839
280.4726
269.5266
284.296
293.9137
277.394
266.0097
280.3454
277.2267
281.4362
278.1626
272.9208
292.8241
274.9861
279.442
284.2884
281.3484
286.7466
286.5105
278.1536
267.5357
278.622
288.8492
278.0376
281.7473
282.4474
274.5183
276.096
280.9346
288.6432
279.716
273.6805
274.9656
272.4611
294.0761
281.616
274.119
274.0445
274.9451
286.7364
284.1987
282.9449
283.1096
279.683
282.2146
282.5225
293.0467
272.2419
279.8534
282.8719
280.6581
293.0525
274.1442
282.999
286.866
262.993
285.4943
275.3106
282.5411
268.2793
264.543
253.3351
289.6808
277.5782
288.1007
284.041
296.6089
272.9903
279.858
274.0859
261.5343
282.6234
282.7099
276.1372
285.1367
267.055
275.7098
276.0352
293.4944
279.0651
282.6283
292.1298
282.0413
284.3251
289.0312
272.5108
298.468
287.9259
279.5796
280.1056
287.8475
284.2178
275.5923
279.8186
288.3021
286.4299
270.6421
272.8487
276.936
279.8253
275.4022
282.8414
279.8223
281.0655
276.5143
285.2525
283.5287
273.517
276.2433
271.1918
275.8001
273.8325
274.1366
271.3042
264.4462
282.2833
281.242
278.1334
282.773
286.4817
287.5371
266.9932
276.0826
283.1732
266.6811
273.5907
281.3362
277.004
276.1775
278.9032
280.5181
279.1588
279.3212
282.3419
273.7201
262.6559
269.7279
277.3426
279.5965
280.0191
285.3147
278.9593
280.4102
281.5874
270.4098
288.3589
286.1652
288.6352
281.7738
284.5418
270.1557
286.5587
276.5241
293.9464
280.7498
280.5234
283.522
288.3099
285.955
280.8134
268.0563
276.9176
273.4263
276.7478
296.6009
279.1221
282.4693
277.4833
277.7855
282.8502
283.9773
281.3521
271.0979
276.6137
280.4545
294.2575
277.0763
272.7307
307.5785
294.9908
280.0211
285.2851
275.1281
275.997
272.464
269.38
298.0819
270.4742
272.1145
283.4103
282.933
283.3316
280.7327
290.0036
281.1343
268.8789
276.9692
280.7494
275.9716
285.8373
265.7122
283.4427
289.6394
279.2686
278.8805
278.7094
290.5848
267.9481
278.517
288.9292
288.0563
277.211
282.9595
281.2116
274.0718
287.9456
290.7914
272.3445
273.1001
280.6946
272.9056
291.2496
282.1008
269.5263
291.393
268.5855
283.7195
280.9996
292.4079
279.4932
268.0748
269.4484
278.9659
274.3758
284.1631
279.5783
275.4987
278.4855
277.7865
287.3713
284.672
279.6618
273.559
280.8531
285.6591
282.2205
283.4146
282.0118
280.4605
289.2635
279.6655
277.7301
288.4878
278.6589
277.14
278.0217
281.3242
275.6296
278.7553
282.0791
274.2272
283.7777
276.3515
283.9844
295.6
272.3067
284.9662
274.3745
280.4831
272.4486
274.4474
291.0873
278.8517
286.2121
271.2279
275.4266
277.6685
287.423
281.2455
281.2533
279.2374
273.3478
284.433
287.5405
281.1534
281.3328
292.254
274.8609
295.1594
276.472
279.1218
273.4579
277.206
275.0483
268.6867
277.5085
288.2077
282.1455
273.1242
289.3838
291.5688
281.719
283.219
268.7767
277.4029
280.7346
282.2445
254.5609
283.8619
272.326
287.3155
284.8789
272.1967
276.743
281.9762
280.4465
261.591
280.0505
281.5509
278.8381
292.8135
279.2776
276.6404
288.3971
276.9145
274.3471
278.158
286.7262
284.5441
277.2125
276.0095
291.9621
262.0634
283.9606
293.4083
277.1192
277.3253
287.9424
274.4413
264.8945
276.9068
265.8685
271.0407
267.613
291.6117
266.3947
277.375
280.7344
301.4598
276.9237
287.498
273.7514
277.9566
280.1854
273.6364
277.3008
276.5714
279.5813
272.8952
279.1242
270.2977
277.7334
292.072
275.8694
277.37
279.0679
279.3872
288.2696
278.9209
286.8124
277.117
283.0366
280.0103
272.8557
263.616
292.3569
292.5119
288.2637
276.1976
275.5938
276.1755
289.9746
278.6247
302.8603
284.5048
277.1561
276.8552
287.4574
268.6588
279.785
272.7584
279.3072
262.7875
299.7286
282.0372
287.3234
288.0429
287.1279
295.663
282.8815
279.1122
284.9204
293.256
289.1057
291.7811
270.4479
286.5978
278.5367
286.3509
284.9917
280.4365
278.2025
283.6355
285.319
276.5315
295.066
282.9938
276.6344
300.3997
296.7434
291.1921
275.4514
287.1681
294.644
288.857
274.5675
293.9722
283.9965
287.0504
282.3249
279.8663
275.3113
283.7939
284.388
280.1261
274.7263
276.4689
282.501
275.8507
274.1715
273.0489
284.354
285.8185
276.5658
278.0236
268.7807
288.2245
285.4305
277.9604
310.13
283.4539
269.7281
283.9974
282.6005
278.8347
287.478
278.8814
276.9775
266.9066
271.769
277.9527
281.6277
284.3003
276.0541
292.5692
293.9084
274.6228
276.2441
294.1985
276.6568
274.8088
270.6191
284.9964
290.6632
283.5719
284.0265
288.0322
274.7521
277.9769
282.8393
284.5467
278.7957
279.2461
286.8862
273.3927
273.5866
293.9901
266.7043
283.267
285.578
280.1692
279.7713
286.0061
272.3058
274.8197
279.8215
279.5454
266.0337
273.49
271.5607
274.4858
294.4655
284.3243
275.4039
296.5329
290.037
288.5248
269.4683
278.9143
281.4197
277.7641
273.1931
269.087
274.477
270.8569
302.9709
276.7095
271.9495
282.5896
276.3317
306.0776
297.5963
279.7889
293.434
285.9831
279.8223
270.3903
282.6218
278.5193
285.8923
279.6146
281.0829
274.5833
293.366
280.2862
272.4315
281.4376
282.9044
276.3707
287.7608
291.9871
275.8686
280.1039
291.1902
286.0104
262.9776
257.4885
275.7066
272.6903
273.6961
278.8592
269.077
298.1555
279.2987
275.9965
272.7666
286.4553
271.8586
289.011
274.8106
270.7788
292.2682
272.9259
272.1455
286.6167
274.9963
289.5051
295.1892
287.1341
282.3778
298.1067
298.0077
285.1676
295.483
263.7621
293.3214
264.2685
286.8866
281.0192
284.6307
284.8576
292.4559
277.092
286.5812
292.0378
283.0427
287.2722
278.2803
283.3672
274.6296
273.7917
293.127
275.4717
285.6227
273.7197
276.7951
277.0055
283.1153
285.6526
266.2299
270.3621
279.6374
282.336
271.6991
283.3296
270.8896
271.3466
299.768
281.1551
282.5746
278.124
277.1124
282.4013
276.8818
282.2716
283.2885
273.143
280.509
277.2359
279.807
287.9181
292.4995
267.8617
280.6545
283.9183
272.1736
274.5806
274.0599
274.7089
285.6426
283.6064
276.5259
271.5703
285.6471
293.4711
280.405
266.8776
275.2273
271.779
274.3554
285.6994
288.1192
281.0757
288.0687
284.9305
280.2868
295.4471
291.6994
278.2385
283.4067
285.1104
274.63
276.689
271.095
289.3119
267.433
290.0116
288.7999
277.2281
294.133
286.8102
292.272
280.493
266.2581
271.7928
276.1372
275.8802
270.1164
291.4728
282.367
285.7144
289.7487
282.5807
300.2546
271.3441
282.8214
268.9788
280.8294
285.8792
275.6507
287.9572
281.8685
285.3249
276.5453
287.0826
290.1846
292.0638
275.4425
276.8909
289.7387
287.4693
284.9643
285.8977
275.5234
278.9058
277.6697
279.7891
276.9918
279.4021
276.881
281.7933
272.3769
281.9345
283.6389
270.5814
280.3712
279.0171
277.2372
286.8319
266.3525
271.1438
285.7489
278.9624
269.1726
292.0018
288.5587
282.0498
283.7097
276.6924
279.5751
276.7896
270.7097
271.7665
281.3546
285.1016
273.9972
299.1976
267.168
279.319
277.4077
275.5489
287.5941
301.3478
277.1107
276.1548
286.5404
266.4114
307.3055
283.4441
274.1874
288.5347
272.6976
295.0907
273.4525
280.5728
267.0388
293.519
279.0288
291.7018
285.532
290.8939
270.1492
282.0444
289.2041
284.6314
288.7542
279.3208
282.1589
279.7456
279.7778
283.7625
286.1788
293.9049
288.4051
274.4347
280.1786
278.4962
279.5387
279.5471
279.5441
280.1017
278.305
276.4139
277.7964
278.4333
277.7027
278.3559
269.4859
295.1398
279.5734
287.1854
280.482
275.8902
282.5595
283.1072
289.6096
275.5485
291.303
281.9821
271.5848
279.4507
262.2188
273.6851
269.2792
277.1918
283.4831
279.0473
276.8373
269.9362
275.8645
284.5115
279.6608
267.8169
283.7399
282.036
277.1241
286.1043
272.9499
279.4763
295.7989
288.4784
289.0518
279.7754
282.3548
279.6583
288.832
267.6348
270.101
278.4235
281.9438
287.6094
261.703
288.0816
288.1609
281.327
267.0178
278.4297
287.2958
284.9719
275.5972
271.1476
267.947
265.4894
274.3491
293.0176
273.0288
266.1636
289.4399
273.6106
260.8665
288.4242
283.1958
274.2013
285.3459
277.1999
280.1307
283.9037
281.2206
278.228
282.905
272.7283
277.0865
262.9626
283.7462
278.4609
284.1959
275.0686
276.7483
279.1415
288.2092
279.7846
269.9563
290.3215
269.7277
280.9425
270.4736
274.9254
269.2796
275.666
278.0813
289.8518
287.5349
270.7837
268.834
273.8381
286.0394
281.4661
278.6901
282.674
275.7294
282.6083
279.5929
293.0626
279.8007
285.3824
282.695
267.1325
279.5121
278.1154
274.7308
277.7002
284.5403
283.1811
259.3396
265.5596
285.941
281.6271
289.4012
284.7768
273.5629
280.3522
284.7584
279.1812
280.4226
283.65
286.3251
283.5987
286.9679
285.7618
291.5372
275.1336
291.2114
279.878
282.7376
285.4638
282.6777
275.2794
290.082
279.4794
290.8574
290.9363
271.5036
284.6271
279.337
279.7776
278.3707
282.367
260.7171
279.9934
269.0628
290.328
280.6147
283.9944
291.6267
284.431
274.3308
289.9606
275.4974
292.0923
283.0729
286.5436
267.0892
285.0636
272.431
271.4215
267.9449
268.0994
265.8895
274.8149
282.5794
285.2226
285.9208
277.6914
273.4409
283.3601
273.4245
267.6265
280.2874
262.2459
293.1189
290.8694
286.4612
285.8922
279.6745
278.7347
264.8445
281.3169
286.7624
287.6736
272.4728
278.7646
279.0884
279.2256
267.6571
281.0329
280.2566
295.791
276.9227
283.8899
272.8099
277.4429
281.407
279.7733
282.8967
287.469
268.4643
284.7222
287.6171
281.1365
274.7223
280.7841
268.7741
268.8112
264.2016
283.4573
287.2783
282.5396
268.5719
265.506
274.8763
275.7904
277.9554
286.5164
283.6644
270.3433
285.9629
278.8592
279.0317
272.6156
252.4534
275.0044
280.0855
283.596
284.6804
272.3067
268.2707
272.6439
280.467
285.4619
283.7441
277.7159
282.5864
290.6285
279.7082
273.9834
280.118
275.6848
273.7141
278.156
278.7616
272.894
271.1325
291.4215
283.3282
286.9637
270.4667
290.6543
269.2723
279.0461
282.0787
271.6942
268.411
281.9865
284.1799
285.4863
282.5179
289.4185
291.8264
276.6732
277.6027
281.9065
286.7832
284.7085
284.7768
277.1895
270.3266
277.3961
278.8532
272.5829
294.7019
287.4657
276.3053
289.2083
270.5257
285.6568
276.4145
271.0489
272.1147
273.5556
278.9823
286.2528
286.4322
302.7348
279.6098
271.0252
286.4984
289.1205
275.0363
271.0785
266.8189
276.2732
283.1327
278.3269
281.9336
279.1878
275.6127
296.6572
283.6053
279.3923
286.1128
281.2736
284.9893
269.0201
289.7313
298.1431
273.6053
290.443
292.6299
275.9825
278.6276
279.3795
286.4118
281.1886
278.7057
272.469
286.8206
280.0389
282.5252
273.809
268.8301
275.2017
285.1145
276.9607
283.7036
284.886
284.9246
285.1944
275.525
279.0124
283.149
265.8497
271.8975
275.5622
276.8019
272.5007
290.2593
270.2785
286.754
278.5487
286.9699
272.3047
283.0517
272.9455
284.8362
284.2344
276.2094
290.6146
272.7521
283.6415
276.8699
285.2007
277.674
286.8953
279.3322
271.5279
291.2551
275.9597
282.1338
289.265
269.8052
286.4756
283.6057
281.2919
283.0806
297.3702
270.6536
272.8426
284.9439
289.0135
271.5992
289.9475
285.1822
276.8982
285.9028
286.8208
287.992
285.2257
276.9157
281.6151
285.4391
273.7249
287.233
279.4832
266.3026
263.6173
293.5908
283.1972
288.2535
277.9706
276.7552
274.4969
292.0427
271.918
283.2538
277.3398
285.6503
284.8879
282.205
277.7225
287.0699
267.6902
277.9741
285.7484
282.87
281.3892
298.1073
280.9548
290.973
282.5539
288.7752
281.3096
283.4271
273.9396
280.258
272.3655
284.9975
275.8492
272.0558
281.5338
282.7361
290.2468
280.4326
280.7957
277.9863
278.6802
274.5441
285.0738
280.2654
283.0756
276.1823
285.1084
299.1895
277.9395
276.5853
288.7508
260.7169
269.879
259.5632
276.2912
279.957
291.5363
287.0079
275.2452
286.5718
284.3149
276.9687
289.1604
275.5123
275.2701
272.4055
288.7896
283.353
277.5655
288.5118
286.6382
277.6328
267.2165
287.1458
293.0015
278.8354
280.712
275.1219
283.7426
281.9229
265.5875
286.7147
286.0834
275.1695
298.5702
278.8467
285.5566
278.2992
288.6894
279.8511
273.969
275.9542
274.3862
297.151
279.2073
287.7002
278.8134
277.0759
277.511
283.5774
269.1506
274.0599
283.981
286.2906
287.082
288.1221
274.3282
285.208
286.4472
284.4221
282.9193
277.2377
279.0054
283.3612
275.2302
282.6543
275.0695
259.852
273.2279
271.7324
274.9437
283.2708
287.6789
298.4013
273.883
292.3517
280.8577
281.0826
279.3262
285.9932
277.0248
275.7137
284.5666
294.8897
277.9946
288.9644
277.0747
271.6494
263.3526
266.9157
288.7454
277.6091
276.12
276.2312
282.3234
267.1864
289.6161
282.0268
297.3566
275.375
278.8748
275.7066
272.5227
302.7964
262.0685
297.9316
283.3576
273.1745
261.2538
280.8811
274.9838
271.0888
274.8071
277.468
293.0455
283.5311
286.543
283.2858
281.3693
283.5747
277.158
274.1481
284.1421
290.0199
288.3605
273.2409
288.7623
286.3544
281.689
280.2428
266.3885
276.2597
283.4813
277.8689
284.1521
270.0055
289.604
294.5501
284.2401
281.3062
284.1063
281.9939
285.7386
288.7549
283.2043
274.1749
281.2482
278.6852
271.5163
276.0252
272.0738
274.5368
280.0852
290.8088
281.7183
264.09
285.3689
275.1393
282.3332
284.7043
287.2723
278.619
273.7781
275.5157
281.2465
283.5092
280.7181
277.5041
280.7473
282.2002
276.9442
290.3099
277.1218
287.2225
286.3948
275.0985
279.5378
282.5126
283.1155
279.4783
271.8939
292.1372
292.9546
264.3931
295.5881
284.6153
265.5882
276.2379
265.111
276.9754
290.5745
285.138
275.8918
281.8061
288.9559
273.9718
292.9145
265.7919
262.0612
272.7625
264.1574
272.169
279.5338
282.8568
285.0704
278.368
272.9399
279.8419
262.245
285.2811
277.7835
277.0264
275.9022
285.9405
288.1664
278.8339
307.6647
282.9406
277.5631
280.6129
288.3708
277.2889
285.4762
277.3773
282.5539
272.9526
285.0321
275.3734
281.561
281.721
286.8679
280.9539
279.6796
296.8204
272.714
276.6501
279.6774
280.9778
280.6353
274.1741
281.4387
278.757
269.0376
288.5547
279.1631
297.2974
277.111
270.3161
283.538
289.5863
276.5812
292.248
282.9067
281.9784
290.6509
277.7327
269.7416
285.8474
273.4095
279.0138
277.563
277.6744
271.1458
286.1025
285.6983
283.3154
294.8682
279.5698
278.2915
273.7972
272.9638
271.1789
292.1334
274.9843
280.2629
282.8556
275.4001
272.9701
278.1388
287.5817
277.902
278.9262
279.2204
286.0238
278.8739
269.1782
287.3471
275.4071
269.4149
274.8198
280.4737
260.6445
278.373
276.5426
283.8858
274.9011
300.1183
280.6788
279.8164
279.4146
274.4277
280.4781
272.0243
293.7715
276.08
273.901
273.7924
284.0311
268.2483
271.2645
282.9031
288.0601
294.2045
286.9698
282.9137
288.3537
292.5343
274.5245
270.0159
280.6215
278.4529
283.3385
268.4952
274.7494
281.2905
263.2094
283.5867
287.4292
268.8678
294.9858
279.237
280.701
295.7747
273.5617
284.0464
296.6026
259.5968
271.3046
280.7857
278.144
295.0747
285.309
280.5544
270.9756
274.8995
251.7609
272.8438
261.9868
271.1789
275.1462
278.8918
281.8503
276.7295
271.2791
266.4703
293.0111
285.7749
291.3017
281.6709
292.7899
285.5054
279.9475
277.3714
283.4696
286.1945
294.5887
271.2928
284.1056
261.8041
282.3668
294.4457
289.3498
287.5247
278.0942
278.2433
280.9228
277.5803
271.8976
280.9773
281.1488
278.9789
271.8529
278.4524
283.1769
270.0111
272.5309
283.4103
284.9961
301.8186
270.5054
284.1021
272.0606
273.3362
284.3288
284.0309
272.6456
272.126
290.4982
270.7595
285.3038
275.4032
281.8549
285.4469
267.7639
277.8399
267.1382
287.5201
286.4481
279.8585
276.6659
268.4077
273.8598
272.8889
283.7856
274.154
280.0782
280.9896
273.3383
270.5156
287.4515
282.5054
264.7499
305.0705
289.3552
284.7073
272.5136
274.029
277.0389
276.8596
284.7211
282.3245
278.2091
283.8097
264.6875
269.5726
272.9681
278.7238
271.2328
284.1011
277.8764
281.1038
279.9959
282.3791
276.9448
287.1851
280.376
283.2189
265.853
283.1692
273.3483
282.9457
284.9884
279.3878
286.1957
282.6083
286.4029
289.5675
277.1513
292.1723
275.6789
274.2037
278.932
289.1188
282.8424
278.0202
287.2362
283.0353
285.0802
274.0775
265.7509
277.6601
275.4708
284.8961
275.3195
279.041
278.7132
279.9191
292.3384
272.8812
280.8741
283.9387
272.4871
276.3291
283.0739
277.8613
266.8993
283.3729
267.9065
267.6274
280.5284
280.6566
276.2423
282.9002
282.6336
275.8612
289.515
274.9939
278.2236
283.7312
262.5602
285.4366
272.2369
274.0183
296.0838
286.8882
279.2287
279.2832
283.695
272.922
263.3629
298.4193
282.0795
276.5467
287.7943
273.1457
262.9631
286.989
289.8905
281.5726
283.2528
280.3514
281.4946
278.3784
277.6779
269.5483
285.9361
276.1619
277.1718
281.5265
283.1943
277.8761
280.4901
283.9571
285.6436
284.629
293.001
284.0401
271.9223
285.1827
291.8697
278.1557
270.8146
272.7124
290.2799
284.7293
287.6758
285.0271
278.598
279.6927
290.8149
266.7586
284.8629
284.4291
292.4367
282.0376
271.434
285.0764
258.785
273.2593
291.3336
287.1115
273.7858
286.3425
276.2649
281.477
288.1178
287.402
285.2183
288.0796
277.903
272.8891
282.5528
270.3117
290.3296
282.3183
273.3569
277.2988
274.4329
283.3899
287.1045
291.2399
274.9771
275.4331
281.5812
284.913
273.7369
278.9227
281.1259
278.9985
277.5145
280.1004
290.3186
284.4924
277.2395
274.4106
284.3648
279.1057
275.8405
274.0886
274.757
284.788
277.9016
282.5322
275.283
282.5105
281.0304
280.1931
275.5156
278.0492
277.1449
289.0779
275.8928
278.5406
280.5589
283.7505
277.8863
281.8303
282.3524
279.5852
278.7196
284.6646
271.3527
278.4557
278.4996
285.9633
272.5462
278.0673
281.6347
268.311
283.4239
275.6487
284.8682
285.2587
284.3376
283.5749
267.2681
277.9008
282.2698
282.1269
276.6455
279.2164
274.842
272.3047
297.6396
279.5529
280.2673
285.6063
286.332
279.783
280.169
290.028
277.2221
298.6451
284.0071
288.012
275.8179
281.9774
268.7004
281.7994
275.181
281.2587
271.583
283.3759
282.8294
281.1696
290.134
280.4972
280.436
287.707
275.2723
293.2829
278.9998
288.0124
270.7587
283.3889
283.7575
284.9509
275.2479
277.2065
277.4222
273.8668
272.6396
288.7944
276.6273
276.1184
286.6601
274.5473
291.821
285.6561
271.4287
297.9901
278.708
289.2066
273.0227
273.7317
277.8746
274.0867
269.7946
280.6061
277.4736
289.9566
279.6428
285.6367
283.0646
283.4042
276.6881
278.1158
276.4342
281.0963
276.6052
271.7752
291.82
288.5781
286.4842
281.6569
278.6814
289.2627
278.9912
280.6097
279.8547
296.3367
282.4892
291.5133
283.0319
272.5026
271.8877
272.6545
275.8621
278.5071
284.4113
277.4183
290.4006
269.2266
268.2376
277.9496
272.8194
276.2075
283.877
293.2903
288.8548
273.2437
285.1079
281.7026
272.1054
285.9573
284.9079
283.2637
270.7123
268.9373
283.2619
282.8951
269.6753
289.2286
278.7117
269.7712
281.3392
280.2073
275.6747
276.7008
284.8399
289.5338
261.3576
287.6186
286.6668
280.3073
276.8656
286.7131
274.0297
273.7328
279.3331
268.5624
289.6538
279.672
271.5182
273.8671
282.1776
284.4233
272.4404
270.8994
284.0459
273.8335
285.461
277.8263
282.286
278.1419
283.63
283.3914
277.1262
277.9304
272.6554
285.5958
284.9247
286.8145
278.0732
280.5306
274.4178
289.0765
260.1035
281.6781
277.0053
281.6421
292.3697
272.165
277.9598
269.7004
273.7417
274.9077
277.1554
291.4483
284.2427
281.2432
286.5183
283.5672
285.7453
263.9948
272.1696
300.2277
283.7619
280.1666
272.1334
266.1471
268.6565
279.0373
265.2071
287.8918
278.8652
260.8726
275.0998
281.8873
284.0728
277.7225
269.3673
281.5879
277.4702
271.9225
280.3341
273.275
284.8061
275.9095
278.1431
282.0483
277.4366
275.0992
276.1579
276.3443
269.5941
277.7753
279.6251
278.0191
280.1387
290.9909
282.8885
280.2598
278.8281
286.3258
276.0467
296.2381
280.1581
286.5986
281.5033
282.5361
281.1187
278.6829
274.8387
290.1577
278.0645
270.2855
281.1494
280.282
283.1348
274.1788
282.3966
285.4675
287.4491
281.8526
284.6465
270.4927
285.1168
270.9322
274.8441
284.4688
277.8824
282.0771
290.0414
273.7886
270.4631
283.9633
291.9387
271.688
263.8337
284.0206
290.2226
281.8158
281.3462
275.7388
285.1148
279.3955
264.0482
266.1704
276.2465
272.2705
269.3951
277.5806
297.2661
275.4505
287.1452
275.4923
286.0388
270.6167
281.3855
278.8176
274.6587
270.7486
280.891
285.5456
285.0601
281.9371
273.0314
272.4639
280.8266
284.4106
289.9487
272.5305
270.5136
275.7032
278.5335
278.1436
284.8323
272.3012
273.1655
288.5592
276.0195
284.1498
292.3912
278.9969
284.9797
277.1366
282.9002
294.0675
282.1642
283.2174
277.7691
275.5943
290.5812
294.6137
282.3637
266.2051
285.2792
275.6094
283.5817
272.5936
272.3247
268.2516
278.0175
276.0494
283.3539
290.3505
277.523
283.8883
269.2443
286.1754
270.7661
276.3421
276.4563
278.4871
289.7004
283.2112
287.8846
279.5629
282.0875
277.8211
275.4471
272.9112
288.4443
283.8145
278.0162
284.2258
282.132
282.7308
273.533
292.8149
279.6523
278.7447
282.0471
285.65
283.6803
271.8718
295.4017
272.1986
287.0099
290.3206
271.6861
290.9039
290.6263
281.3042
279.8655
275.7283
268.6485
277.7853
288.1042
280.6866
286.3801
286.0536
286.5444
273.6799
283.5118
277.7302
284.2605
276.8457
277.6968
284.4116
275.3551
280.259
277.9603
271.4908
287.2802
272.3064
279.036
271.8255
271.691
273.7211
284.3908
289.7911
287.1286
264.1834
273.3761
284.1761
280.5085
277.3616
276.8737
282.6951
274.2806
272.6012
280.1316
284.558
291.29
276.0872
275.5551
272.6476
279.2241
280.1019
268.0241
289.1965
273.9181
291.3569
293.8433
266.3694
284.2217
269.2266
281.5921
282.532
262.2119
292.9038
277.792
301.3559
283.3653
275.2237
281.196
276.7255
279.5347
292.8288
281.065
279.2683
286.1553
