36.09712
35.6273
36.21122
36.48488
36.55112
36.20199
35.06953
35.82856
36.41461
36.29843
36.18069
36.24686
35.44103
36.11184
36.35198
35.83517
36.71162
35.73018
36.08499
36.52778
36.99633
35.9113
36.10157
36.38778
35.97393
36.8873
35.82057
35.67921
36.43051
36.82403
35.66739
36.22923
36.9139
36.6522
36.12004
36.58786
35.60449
36.30718
36.33492
35.59729
36.07094
36.13751
36.02681
36.0545
36.17144
36.44472
35.94092
36.40772
35.38692
36.51342
36.69243
35.67349
36.21629
35.58972
35.57817
35.77596
36.4011
35.59062
36.22703
35.5696
36.05195
35.2216
35.69889
36.45895
36.24568
35.11231
35.86766
36.18665
36.13589
35.28962
36.58316
36.51225
34.78216
37.02523
35.28781
36.02777
35.39086
36.48321
36.23271
36.34785
36.42571
36.46094
37.07934
35.95004
36.15375
36.7792
35.63068
36.55374
35.35846
36.55386
35.93815
36.79994
36.08777
36.93611
35.71491
36.73523
36.50225
36.18767
36.60436
35.9039
36.75557
36.25393
36.19083
36.21789
36.20598
35.4982
35.36256
36.61374
37.17979
36.1994
35.52105
35.89885
37.24751
36.58734
36.11937
36.19426
35.79213
36.00528
36.10668
36.03023
36.31121
36.40758
35.11164
36.34143
35.76214
35.16735
36.13388
36.62785
35.92024
36.40423
36.24299
35.90581
35.74419
36.15589
35.65803
36.15332
35.72006
36.0259
36.71196
36.47483
36.14658
35.70741
35.99379
35.58338
36.17312
36.1904
36.0525
35.77472
36.30277
36.69322
35.57947
36.51822
36.09113
36.95675
36.41421
35.5697
36.04906
36.48426
36.01057
35.42266
36.48184
36.68873
36.94116
36.45246
36.68226
36.17535
36.0028
34.91272
35.68331
35.90655
35.89029
35.03909
35.62487
35.67345
37.2476
36.31933
36.54698
36.17952
35.91827
36.33473
36.26767
36.45556
36.16528
36.72274
36.67498
36.13809
36.42785
36.22409
36.30637
36.62345
36.48893
36.14691
35.58657
35.82806
35.90914
36.28642
36.06968
35.4935
36.60032
35.9544
36.59261
36.45379
36.13898
35.99139
36.47319
35.75838
35.9955
34.99503
35.79639
35.5997
36.00839
36.02564
36.46929
35.73541
36.64754
35.97023
36.33722
36.28261
35.71734
35.96679
36.1812
37.18038
36.38401
36.32146
35.65533
35.51682
36.01168
36.23828
36.33872
36.4725
35.55263
35.85563
35.58237
35.23849
36.23912
35.59836
36.30544
36.53514
36.95265
36.09233
35.95471
36.53874
36.4126
36.43755
35.79675
36.42123
36.53837
36.25033
36.47774
36.06459
35.42239
36.43055
36.25087
36.76622
35.68214
35.94542
35.87759
36.06504
36.01728
36.1809
35.82987
35.50844
36.00301
36.16003
36.1515
36.0826
36.85907
36.17776
35.62725
35.82397
36.32918
35.50711
36.72796
36.12906
36.29595
36.23957
35.84037
35.93314
35.85103
36.19561
34.86821
36.04554
36.96643
36.43007
36.93541
36.16753
36.10405
35.59179
36.3716
36.43838
34.85079
36.16813
36.44033
35.70032
36.03775
35.90341
36.57784
36.36855
35.89839
36.36849
36.39242
36.092
36.18757
35.9498
36.22672
36.32582
35.52477
36.21384
36.08732
36.35885
36.24154
35.94366
35.95888
36.23097
35.73765
36.10381
36.65431
36.33681
35.76075
36.05788
35.7969
36.8735
36.20063
36.36656
35.79285
36.62238
36.10684
36.67482
35.72785
36.52207
35.46002
36.46148
36.54164
36.78022
36.04861
36.48408
36.39652
35.62568
35.97847
36.42857
36.32191
36.38428
36.20936
36.38794
36.42295
35.69044
35.86194
36.01492
36.20481
36.78621
36.35709
36.07614
35.18516
35.71475
36.16507
35.47104
37.26396
36.22678
35.68385
36.47788
36.23235
36.2804
36.01085
36.10212
36.05601
36.03168
36.24737
36.4233
36.84925
36.2298
35.36732
36.92615
35.72051
35.69861
36.48377
35.977
36.16009
36.63531
36.10109
36.0157
36.86606
36.77072
36.33731
36.3709
35.3214
36.50289
36.55365
35.49726
36.57397
36.11917
36.00609
36.42834
36.65599
36.69175
36.24567
36.04664
35.91207
36.05668
36.05213
36.67902
35.96684
35.85841
36.79471
36.47639
36.69066
36.47521
36.29806
36.58497
35.65075
35.94718
35.89094
36.35918
35.74187
36.48277
36.41364
37.7293
35.47189
35.36104
36.16563
36.55436
35.8257
36.29751
36.07496
36.02024
36.24383
36.1064
35.54226
36.22664
34.86999
35.74409
36.12312
35.404
36.19744
37.08185
36.82275
36.20024
36.06409
36.42646
36.70087
36.46888
35.52477
35.86207
36.27733
35.3383
36.06635
36.08698
36.25934
35.93213
36.34699
36.38985
35.87397
36.31989
36.37076
36.41633
35.4512
35.73228
35.73085
36.17465
35.9298
36.25968
36.49605
36.67183
35.99135
36.45963
35.37276
36.731
36.642
35.80374
36.15344
36.91869
36.32817
36.42147
36.74131
36.446
36.00312
35.23145
36.22912
36.04018
36.78726
36.39487
36.78719
36.04776
36.15872
35.94792
36.20295
35.82594
35.88556
36.4131
35.53181
35.75612
36.16345
35.55373
35.81872
36.08708
34.87077
36.48263
35.60778
36.0422
36.34079
35.91027
36.87561
36.00845
36.5486
36.02043
35.9624
36.69729
35.29431
35.39635
36.35559
35.77042
36.34445
36.44529
35.57534
35.67931
35.05924
36.60946
35.34288
35.96988
35.35079
35.96845
35.555
36.12563
35.75062
36.22387
36.57743
36.22257
36.57161
36.59721
36.34991
36.41224
36.19341
35.80812
34.98046
35.28074
36.08981
36.8099
35.83128
36.3361
36.21842
36.28261
36.27623
37.14135
36.29627
35.76974
36.14442
35.88717
36.26154
36.24668
35.77754
36.22433
36.70038
36.8716
36.0138
35.81153
35.76277
36.44165
36.12371
35.99764
36.45592
36.01846
36.36902
35.81297
36.698
36.06181
35.51788
36.05691
36.32383
36.50737
36.28685
36.59093
36.06362
35.41905
35.61334
36.17344
36.63073
36.47959
35.90192
36.6537
35.95289
36.47987
36.07024
36.38298
36.01193
35.20488
36.2289
36.83985
36.38097
36.15688
36.706
35.87133
36.6189
35.8084
35.71531
35.93172
36.69628
36.99865
36.64455
36.57727
36.51916
36.43902
34.93752
36.48821
36.24806
36.44549
35.77055
35.33666
35.84274
37.01521
35.9737
35.93149
35.98847
36.65364
36.28667
35.7856
35.76311
35.64512
36.12741
36.36684
36.53868
35.66287
35.78806
36.49248
35.56688
36.49504
36.02844
36.60153
36.14209
36.04718
36.50089
36.12437
36.38466
36.00482
36.35161
36.87465
36.4254
36.23184
36.93005
35.87773
36.11658
35.81217
35.64607
36.58542
36.70589
34.889
36.65801
36.67775
35.89374
35.99115
35.79881
36.46
36.26087
35.4253
35.9411
36.53229
36.28325
36.23698
35.62197
36.51709
35.94152
36.27858
36.03684
36.04399
36.66723
37.13639
35.85903
35.60455
36.4944
36.01232
35.62882
36.53655
36.2273
35.47257
35.8863
36.10693
36.49511
36.56698
36.09906
36.36342
35.7524
36.65968
36.4331
36.21204
35.81893
36.11245
36.26145
35.91564
36.44609
36.56684
36.1368
36.24565
36.86458
35.8865
36.00683
35.75301
36.21791
36.03789
35.93308
36.45156
35.79107
35.98172
36.29714
36.09514
36.12554
35.73388
36.36179
35.89061
36.14996
36.15271
36.00536
36.93781
35.98992
35.80833
37.30577
35.83322
35.98958
35.80814
35.99082
35.90246
36.73518
36.07093
35.79388
35.82527
36.45018
35.48299
35.84597
35.8891
35.85457
34.98801
35.38066
36.03676
36.13654
36.29789
36.12508
35.76121
36.36943
35.89335
36.33414
35.75419
36.12866
36.34107
36.60338
36.1519
36.9866
36.78028
34.99122
36.42542
35.95983
35.7543
35.45726
35.77508
35.87672
36.01297
36.54625
36.09375
36.70774
35.72504
36.5024
35.84847
37.05627
36.06304
35.95824
36.73462
36.33112
35.60438
36.75792
35.94079
35.77251
36.03954
35.51915
36.6007
35.43844
36.71213
36.09614
36.11173
35.7488
35.51897
35.82934
36.47821
36.5603
36.5405
35.74293
35.4424
35.90818
36.07932
35.97605
36.13757
35.35243
36.33574
36.10973
36.19207
36.48923
35.76831
35.70252
35.79663
36.16316
35.4683
35.24155
36.67106
35.98605
36.71656
35.84335
36.12798
36.62077
35.5163
36.34112
36.17776
35.61605
36.77456
37.15512
36.32116
36.28407
36.83538
36.2666
36.1876
35.92413
36.18673
35.80902
35.9398
35.36904
35.68776
36.43316
36.76661
36.34211
36.66704
35.86558
36.21441
36.00751
36.42819
36.25103
36.60516
35.87521
36.23866
36.14249
36.72658
36.0621
36.23996
35.74518
36.82558
36.61275
35.63836
36.20916
36.24113
36.57684
36.46751
36.46213
35.71952
36.21386
36.53849
36.2146
36.77343
36.29847
37.00574
36.54202
35.94189
35.80688
36.51625
36.24691
35.90485
36.58165
36.77913
36.31187
36.8008
34.98584
36.10769
35.84677
35.84407
36.43819
36.68963
36.67105
36.1508
35.62856
35.66763
36.22843
35.66027
36.25241
36.34224
35.98477
36.5036
36.24067
36.93812
36.23049
36.03927
36.10861
35.99834
36.19664
36.90831
35.6467
36.04394
36.66492
35.42941
34.83495
36.27459
35.71793
36.53956
35.73261
35.58806
37.06384
36.08193
36.35207
36.13151
35.67037
36.03688
36.059
36.32032
36.62502
36.35042
36.45219
36.55702
36.51178
35.15506
36.22066
35.9763
36.03632
36.15353
35.97536
36.20418
35.97082
35.97483
36.26386
35.79103
36.25038
36.79466
36.71073
36.91296
36.24894
35.27003
35.45285
36.70508
36.73636
36.58438
36.26979
36.49903
35.9761
36.38708
35.70729
36.67
36.01469
36.09724
36.30545
36.18964
35.7245
36.09924
36.76577
35.90963
36.27528
35.67754
35.6971
35.91801
35.49794
36.05043
36.57908
36.26211
36.08037
36.03375
36.06845
36.12202
36.12892
35.81364
36.52645
35.95753
36.31141
36.58579
36.44388
35.17832
36.09298
36.17886
35.69359
36.00846
37.11636
36.62423
36.17573
36.20664
37.0413
35.75745
36.34295
37.76654
35.56294
36.27164
36.92616
36.93302
36.57564
35.80131
35.92591
36.14656
36.11588
36.05797
37.52176
35.57703
35.52069
35.74128
36.19526
36.04409
35.84605
36.6577
35.98281
36.0253
36.24897
36.27364
35.7694
35.48276
36.32299
36.42701
35.99596
36.21484
36.78177
36.10402
36.00444
36.21868
37.23576
36.92008
36.70078
35.89205
36.23496
35.86683
36.78405
36.13862
35.6245
35.97343
36.25337
36.54025
36.2726
36.59842
36.49725
36.78903
35.61977
36.23369
36.41512
36.23278
35.72673
36.16941
35.97215
36.04956
36.53143
36.61511
35.52922
35.95799
35.79002
36.84725
36.74911
35.83849
35.6162
36.39828
35.81774
35.71764
35.53076
35.65598
36.23952
35.81545
35.49787
36.04894
35.90596
35.24892
36.41761
35.75246
36.96609
36.27532
35.69972
36.6195
36.48545
36.82585
36.69708
36.58738
36.27155
35.62234
36.60414
35.37576
36.71362
35.77277
36.11854
36.10416
36.00963
36.13375
36.58539
36.31177
36.20232
36.69313
36.38163
35.83339
36.44196
37.07635
36.44748
36.90026
36.35439
36.03741
36.11901
35.45458
35.57902
36.07775
35.4072
36.34224
36.06691
36.0611
36.13666
36.00228
36.5146
36.81055
36.82262
35.75181
36.11928
35.78193
36.13225
36.42073
36.10269
36.33882
36.51091
36.2397
35.30337
36.67752
35.62039
36.78194
36.19669
35.6987
35.91248
35.92965
36.07941
35.91363
36.05211
36.7823
36.36952
35.27052
36.09884
36.15094
35.8832
36.23398
36.85027
36.55344
36.88569
36.50808
37.1911
36.43394
35.74095
35.66933
35.35272
36.51522
35.58377
36.77821
35.77728
35.85888
36.37251
36.27632
36.19163
35.85948
35.73036
36.54338
35.83864
37.00971
35.69338
35.52393
36.43528
35.98515
35.77298
36.35485
35.56537
36.46114
35.29174
36.38423
36.23505
35.82521
35.81067
36.43906
36.57681
36.55102
36.22183
36.7197
36.87524
36.46005
36.68404
36.32595
36.85962
36.23163
36.5645
35.637
36.46336
36.03951
35.53745
35.46082
36.00056
36.60782
36.10611
36.01445
36.01095
36.34166
36.56419
35.50803
35.57346
35.87497
35.71388
37.30823
35.34951
35.99706
36.36639
36.24889
36.56276
35.71157
36.34466
35.47544
36.12269
35.67097
35.69492
36.08842
35.95039
35.93634
36.62374
35.65722
36.29293
36.10525
35.88765
36.33955
35.09266
36.33263
35.95623
36.36969
35.55944
35.62316
36.09386
36.33147
37.81055
36.26712
35.64386
37.03483
37.06853
36.44608
35.195
36.42211
36.0165
36.49128
36.64142
35.90912
35.93404
36.40805
35.72366
35.9588
36.2294
36.51785
36.05706
36.19004
35.75085
36.46023
36.28641
36.37765
36.28746
35.92091
35.73925
36.4958
35.91784
37.15458
35.92888
36.22504
36.30776
36.58883
36.57869
35.86909
37.10235
36.60769
36.08888
35.55502
35.88956
35.45639
35.73489
36.45824
35.77621
35.93242
35.87029
35.51406
35.98164
36.07223
36.14273
36.05374
35.38808
35.93366
35.99911
35.15932
35.45915
36.69949
36.61119
35.33712
36.19154
36.11947
35.28676
35.96407
37.04438
35.97027
35.68247
36.05865
36.29089
35.41213
35.93476
36.31127
35.68192
36.27834
36.01576
35.27425
35.40556
35.51952
36.25615
36.65168
36.62131
35.55698
36.68872
35.87725
36.38988
36.4451
35.95112
36.16577
36.36196
36.95013
36.73777
35.7937
35.66595
35.9016
36.21798
36.18401
36.46659
35.4141
36.7727
35.91538
35.95658
35.71763
35.79496
36.12047
35.59615
35.85539
36.25527
35.91382
36.89948
35.55296
35.54409
35.76114
36.24239
35.96012
36.38871
35.99292
35.66062
36.24725
35.46202
36.48168
35.79832
36.77341
36.85189
36.07539
35.63187
36.70269
36.51449
36.88142
35.54604
36.42283
35.76074
36.29555
35.55507
35.65122
36.1672
36.4018
36.30622
35.5807
36.22093
35.73233
36.09666
36.05506
36.40982
36.59385
36.36678
36.07007
36.53936
36.00585
36.33977
36.58211
35.49176
35.98277
35.83373
35.7196
35.68323
36.20552
36.0092
35.91364
35.82536
36.08496
36.5909
35.98429
36.26124
36.15691
36.72998
35.88392
36.04086
36.30393
35.72125
35.79875
35.77425
36.25257
35.80657
36.13309
36.68112
35.98687
35.64981
36.20038
35.63789
36.18958
36.21434
36.15288
36.54517
36.0336
36.46251
35.45219
36.43822
35.26702
36.68674
36.33011
36.13324
36.70181
36.46715
35.92755
36.08231
36.38794
36.10953
36.47798
35.96967
35.72735
36.44255
36.41222
36.61952
36.07151
36.06404
36.36803
36.71222
35.49552
35.62078
36.62363
36.19389
35.58213
35.70846
36.12318
36.30618
35.83082
36.32667
35.90481
36.30062
36.85132
35.97258
35.67735
36.31609
35.93519
36.4996
36.36951
35.78486
35.46207
36.762
35.77796
35.95421
36.26101
36.33845
36.44687
36.48836
35.95489
35.66186
35.66333
36.32328
36.03044
36.14716
36.79702
36.46758
36.06025
36.17391
35.53919
36.26955
36.10305
36.63877
35.36579
36.69247
37.12534
35.76061
37.01972
36.30325
36.79651
36.97555
37.27132
36.34495
35.64901
37.11433
35.3197
35.68703
35.36545
36.20821
36.83969
36.53827
36.38435
36.04933
35.57083
35.29149
35.68073
37.50449
35.57944
36.71401
36.07302
35.96189
35.42977
36.0826
36.19145
37.10471
36.65133
36.73731
35.83956
36.23154
35.71425
36.01993
35.62839
36.10359
35.90563
36.62448
35.46498
36.26772
35.73546
36.58954
35.67788
36.63428
35.63268
34.70088
36.71142
35.83524
36.4023
36.20075
36.17141
37.00995
35.90762
36.19404
35.60288
36.43124
36.83973
36.37004
36.3546
35.62355
36.91606
36.7592
36.25878
35.95474
36.29846
36.42179
36.14318
36.64535
35.84306
35.94409
36.46769
35.56621
36.86426
35.6523
35.56969
35.91593
36.11891
35.8681
35.77717
36.76909
35.8185
36.04072
36.13183
35.73935
36.63067
35.8224
35.59205
36.80419
36.62231
36.00313
36.09272
36.07296
36.2805
36.22252
36.23383
36.44452
35.88848
36.02825
36.32337
36.51455
36.5105
36.19085
35.86665
35.8476
36.04053
36.04769
36.20356
35.93398
35.89167
36.50112
35.69322
36.37102
35.26806
36.48747
36.56232
36.90063
36.00327
35.68048
36.07596
35.85905
36.27581
35.98301
36.31655
35.49521
35.75571
35.96592
35.45119
36.25845
35.99586
35.7966
35.88164
36.2287
36.53062
36.20642
35.96439
35.44915
36.55265
36.25501
36.59809
35.63264
35.68092
36.64558
35.75453
36.07547
36.38904
35.67215
35.96471
36.1467
36.78387
36.99856
35.80338
35.31088
35.83133
35.93159
35.90501
36.65426
36.43123
36.80741
36.28621
36.57446
35.81756
36.31956
35.56406
36.08394
36.76162
36.1014
35.73958
35.43328
36.00226
36.16316
36.75632
34.83044
36.12994
34.95147
36.51002
35.91992
35.35918
36.34674
36.31755
35.39708
36.11286
35.71884
35.13138
36.99094
36.54419
36.05301
35.71261
35.46354
34.83758
36.16497
37.05265
36.15631
37.51455
35.88961
36.72611
35.97615
35.85002
35.85448
34.87904
36.40199
35.59621
36.46239
34.74227
35.85857
36.15451
36.11541
35.74399
35.76931
36.83309
36.05948
35.50441
37.26413
36.3762
36.6931
36.36349
36.59695
37.00146
36.49223
36.39866
35.98188
36.14348
35.77445
35.91654
36.30721
36.27374
35.44586
36.47074
35.88002
36.53098
36.20345
34.37211
36.29457
36.728
35.72504
36.13735
36.70406
35.87849
35.6869
36.2774
36.41041
36.85771
36.98631
36.11082
36.21243
35.51942
36.2309
36.3153
36.27322
36.76197
36.06205
35.42125
36.01487
36.42441
36.36199
36.04078
36.7753
36.53208
36.64719
37.35964
35.78086
36.0052
36.99552
35.99447
35.83554
35.7869
36.65116
36.58978
36.2368
35.21279
35.37711
36.28745
36.11762
36.2335
36.16503
35.65057
36.27655
36.14118
36.55369
36.75598
35.91273
36.10143
35.57271
35.82676
36.08201
37.06394
35.98881
36.65179
35.72416
35.91361
36.19021
36.62263
35.24296
35.38073
36.79773
35.8427
35.62165
35.80576
35.57164
36.21421
35.89475
35.84147
36.4024
36.03023
35.32617
36.16999
35.94749
35.19363
36.26675
35.66163
35.81128
35.3941
35.18909
36.28286
35.84548
35.70093
36.36067
36.61062
35.83342
37.3149
35.78225
35.58941
36.29753
36.002
36.00914
35.57337
36.73796
35.92528
35.71789
35.91065
35.74911
35.97868
36.52951
36.13744
36.20448
36.06191
35.52629
36.31994
35.7407
36.42416
35.91801
35.74718
36.07981
36.09056
35.48546
35.80891
36.25037
35.18925
36.05273
35.9694
36.89633
36.08548
36.4369
36.01032
35.57908
35.55263
36.15162
36.25686
35.87211
36.80126
35.62443
35.45875
35.91685
35.73998
36.95327
36.37335
36.09247
36.36803
35.64579
36.51857
36.14606
36.27139
35.8494
36.43266
36.53955
35.47269
36.41445
36.5972
35.39372
35.59513
36.52376
36.05063
36.42209
36.54931
36.60568
37.06249
35.6114
36.1487
36.06822
35.02614
36.59112
36.64917
36.82222
36.09202
36.74991
36.32618
37.2674
35.62507
36.37124
35.75786
36.44473
36.28232
36.41271
36.17529
36.5083
35.9579
36.37417
35.99972
36.28252
35.78614
36.48635
36.29453
36.56385
36.49448
37.01324
35.92258
35.77305
36.20067
35.66543
37.04409
35.77083
35.52501
36.32955
37.06567
35.31396
36.82095
36.14035
36.12252
36.2483
36.38622
36.83914
36.32797
35.84786
35.69253
35.8932
36.23154
35.42602
35.60434
35.82443
35.93366
36.4191
36.22774
36.49218
35.99567
36.23348
36.19219
36.17966
35.94957
35.47673
36.42606
35.48272
37.11476
35.91328
36.59485
35.26557
37.01051
35.61965
36.63842
36.53986
36.32598
35.27529
36.88105
35.92458
35.6912
36.18757
36.37682
35.51145
36.23138
35.76406
35.3896
36.85456
36.46347
36.17514
36.1864
36.22462
35.88427
36.57269
36.28521
36.68709
35.50756
36.7176
36.04229
36.04222
36.23013
35.20416
35.92753
35.84372
37.01201
36.14388
35.9301
36.75872
35.31815
36.28544
36.54763
35.66416
36.32049
37.68464
36.0367
36.36002
35.96516
36.30761
36.49493
35.19072
35.98616
36.14406
36.0534
35.63711
36.76481
36.79956
36.37755
36.46686
36.02059
36.43405
35.64195
35.85605
36.24087
35.78509
36.16307
35.87853
36.80513
35.9556
35.9487
36.27905
36.06987
36.80379
35.91678
36.28921
35.63491
36.24935
36.43787
35.9755
35.97889
36.29328
35.89683
35.35204
35.79664
36.26085
36.41215
36.24169
36.66098
36.55984
36.68551
35.29446
36.41236
35.58117
36.0998
35.75631
35.70137
36.0689
35.98856
36.05718
36.55324
36.701
35.65161
36.68157
36.36441
35.75183
35.94355
36.10834
36.81524
35.93951
36.46862
36.03085
35.76835
36.07114
35.82967
35.42984
35.93701
36.38383
36.10229
35.94914
35.69125
35.573
36.06019
35.8296
35.76669
36.70398
35.97318
36.40525
35.75304
35.60938
36.04262
35.39415
35.87513
36.77076
36.48312
35.59789
35.64095
36.05893
36.40495
37.282
35.84768
36.7484
36.88333
36.30801
36.56392
36.72781
36.13678
36.04268
36.36681
36.28704
36.81356
35.67564
36.28092
37.08233
35.12179
35.56599
35.90673
36.06987
36.29179
36.05785
36.7974
35.89917
36.40517
35.92211
36.28327
36.52059
35.63303
36.55374
35.7784
35.7841
35.81877
35.97926
36.63884
36.48547
36.35541
36.07508
36.63273
36.19627
35.22665
37.10073
36.45516
36.30546
36.11341
36.56844
35.31131
35.94614
35.72267
36.35268
35.76773
36.00886
36.13008
36.29571
35.8519
35.82272
35.5564
36.56427
36.29746
36.28064
36.19483
36.536
36.26594
35.71684
35.40322
36.99339
36.01323
35.75323
36.03243
36.16946
35.51104
36.06799
36.22791
35.6563
35.16724
35.79824
36.85039
36.33459
35.90899
35.22322
36.13796
36.57328
35.61441
35.1829
36.13975
35.66798
36.58276
36.27656
36.38299
36.30659
36.54032
36.3084
35.78371
37.24268
36.38586
36.37202
36.49547
36.12831
35.77302
35.65746
35.74125
35.97407
35.81781
36.39844
35.76114
36.16062
36.30481
37.09817
36.36367
35.70506
35.97146
36.00002
36.35764
35.90297
36.40769
36.61761
36.01828
36.63103
36.38624
36.20111
35.49858
36.32091
35.4569
36.19289
36.47815
35.18799
35.70041
36.42373
36.385
35.96914
35.24886
35.40985
36.4971
36.51382
35.7914
35.48335
36.34311
36.07135
35.83996
36.41437
36.0432
35.62122
36.77626
36.63914
36.01111
35.97525
36.33983
36.38198
36.33527
35.10664
36.23394
36.32593
36.7724
36.1618
35.41952
37.02632
36.05902
35.99012
36.15204
36.50908
36.17253
35.79939
35.80548
36.38296
35.90072
35.85434
35.45837
36.1928
35.74766
36.28096
36.25481
35.84184
36.28419
35.93068
36.1476
35.9965
36.08138
35.60093
36.29588
35.53833
35.8423
35.26924
36.16713
36.41741
35.77378
35.96298
36.14188
35.89289
35.78239
36.36468
35.82932
36.89817
36.22607
36.1254
36.10005
36.51367
35.00563
36.76414
35.88467
36.86011
36.19168
36.06658
36.40124
36.38073
36.12433
35.67769
35.96126
36.38719
36.03399
36.02663
35.72523
35.91046
36.6278
36.17444
37.00472
36.43149
35.94479
35.7745
36.62149
36.52258
35.87677
36.11543
35.9619
36.19739
36.01424
35.63911
36.65326
36.76181
36.10903
35.45994
36.47344
36.603
36.6898
36.21789
36.63342
35.07779
36.91559
35.93382
36.52695
36.81831
37.29994
35.96766
36.27418
35.56428
35.39184
35.84138
36.47716
35.91662
35.71202
36.21866
36.61534
36.54289
35.89995
37.17863
36.40475
36.12611
36.19705
36.24555
36.17478
36.35925
35.97432
36.29722
35.32174
35.57971
36.63731
35.97109
35.92972
35.7436
36.45195
37.06182
35.64076
36.23439
35.38842
36.29435
36.72759
35.87276
36.23233
36.54334
35.68353
36.33944
35.6452
35.38452
35.79878
35.65514
36.55311
34.82348
35.15647
36.94738
36.22887
36.26456
36.35151
36.14826
36.23936
36.46855
36.23909
36.22997
36.12291
35.94453
36.239
36.81041
35.57417
35.70195
35.48126
36.52788
35.90166
36.33508
35.79855
36.25633
36.15258
35.41146
35.96668
35.16491
36.00567
35.57978
36.29023
36.40654
36.03099
36.51487
35.38988
35.83078
36.3505
36.32265
36.1751
36.37726
36.55946
35.81205
36.19237
35.9214
35.54503
36.05446
35.97171
36.42147
36.08321
35.98202
35.5881
35.86426
36.09397
36.15817
36.01168
35.65999
35.89923
36.13328
36.943
36.19785
36.38075
36.37201
35.51219
36.14419
36.29328
36.16914
36.08756
36.79654
37.13683
35.61309
36.44708
35.40724
35.79752
36.48963
36.29261
35.85691
36.05209
36.6455
36.28258
35.86358
36.74568
35.70626
37.14559
36.24188
37.15449
36.13258
36.81481
35.97308
35.95283
35.42029
35.9503
35.4938
35.93541
36.23721
35.8876
36.27952
35.93507
36.24515
36.38877
36.25238
36.48684
35.97339
35.86859
36.02297
36.27542
36.01706
35.33871
35.97713
35.99248
35.2903
35.77829
35.85178
36.31204
37.00816
35.75079
34.8442
36.02525
35.79276
36.53429
36.22249
36.19801
36.89661
36.0121
36.3343
35.69417
36.35135
36.63863
35.69257
36.91735
36.77791
36.54504
36.33115
36.53307
36.44708
36.65655
35.44238
34.68994
36.481
36.9123
36.2384
36.64215
35.94201
35.33779
35.89672
36.68834
37.00912
36.19657
36.07045
36.29298
36.01237
36.28746
36.4929
35.4916
36.20177
35.60952
36.34889
36.3507
36.5188
36.56263
36.38351
36.46946
36.39663
36.75582
36.32533
35.16105
36.20069
36.32721
36.30084
36.01452
36.42527
36.9226
35.37038
36.61105
36.10863
35.66846
36.26105
36.07623
35.69216
36.42472
36.28707
36.60442
35.93831
36.56137
35.73423
35.89885
36.18335
35.38348
36.38563
35.90603
36.16884
37.15767
35.86358
35.86261
35.87597
36.57881
35.5795
36.27676
36.46584
35.97207
35.66973
35.5676
36.15948
36.16782
36.90713
35.93499
36.174
36.89929
37.43641
35.45919
36.90899
36.08107
35.57037
35.83926
35.41663
35.868
36.09174
35.88774
36.00988
36.10346
36.54198
36.39643
36.58948
36.10686
36.16549
35.3834
35.9083
36.59368
36.5311
35.66934
35.88328
36.60138
35.80159
35.3604
36.17894
35.26664
36.31395
36.15116
36.00148
36.02266
36.2912
37.2494
36.10263
36.45636
35.31963
35.94065
36.21564
36.00263
36.07881
35.9745
36.43064
35.31781
35.93503
36.05911
36.37218
36.50433
35.94785
36.39256
35.78701
36.47252
36.52118
36.83105
35.53075
36.36881
36.28544
37.03497
35.70558
35.16589
36.39898
35.67247
36.14866
37.38141
35.66987
36.1809
35.6539
36.66188
35.58251
36.15005
35.91035
36.15712
35.98184
35.39657
36.80597
36.39334
35.38982
36.49443
35.85347
36.40475
35.15364
35.87748
35.63703
35.95974
36.43552
36.47173
36.16025
36.48212
36.03934
36.32909
35.74266
36.40071
36.07567
35.40571
36.26715
36.32262
36.24586
36.06833
36.87285
36.04351
35.92178
36.16546
36.76824
36.08556
36.34272
35.83575
35.62415
36.12682
36.79717
36.87989
36.36945
35.90229
36.30197
37.06699
35.37558
36.20796
36.33997
35.50495
35.70157
36.18551
35.80147
36.75313
35.50281
36.03511
36.56294
36.12264
36.57141
35.81085
36.50431
36.12349
35.82067
36.46041
36.10396
35.60439
35.7507
36.30021
36.20053
35.74663
35.88746
35.78973
35.63999
35.66161
36.2624
36.39459
36.93124
36.27828
36.70124
36.20496
35.91141
36.20163
36.4931
36.13455
36.99202
35.90018
36.05303
36.00581
36.20869
36.11353
35.76322
35.96155
36.19524
35.2148
36.01429
36.25855
35.61789
36.06904
36.39704
35.99681
36.46971
35.29394
35.49396
35.63318
35.70599
36.43156
36.24058
35.92723
35.46669
36.53546
35.30889
36.47983
35.53238
35.51644
36.68124
36.17312
36.24086
36.68561
37.19945
35.83932
35.96236
36.52604
35.65586
35.9268
35.93124
36.12919
35.51224
35.88058
36.14154
36.13956
35.99057
35.42018
36.00386
36.26704
35.89258
36.37612
36.26727
35.94017
36.54782
37.13233
35.70892
35.65044
36.91743
34.78494
36.90484
35.77207
35.99622
36.12448
35.68663
35.68841
35.49637
36.23515
36.42062
35.92439
36.04217
36.66614
35.97729
36.80251
36.61269
36.88745
36.56873
36.34331
35.7117
35.19758
36.27586
36.6367
35.83179
37.16954
36.16599
36.13293
35.82263
36.1074
35.97216
36.579
36.48267
35.8051
35.35467
36.31849
36.37037
36.14598
37.24946
35.16176
36.48907
36.0342
36.45355
35.82142
35.77783
36.3418
36.57781
35.9228
35.54851
35.58888
36.57281
35.90019
36.60438
36.55786
36.58816
35.73877
36.32201
35.64107
36.05054
36.67384
35.7807
35.60185
35.79395
36.28957
36.53882
36.43108
35.50191
36.41792
36.32156
36.60312
36.4371
36.64369
35.80282
35.79337
35.92377
36.25769
36.33037
36.49854
36.17148
35.59368
35.90553
35.95588
36.4998
35.93998
36.11762
36.26941
36.40323
35.29234
35.75228
36.59061
36.28216
36.0447
35.88961
35.56258
36.98483
35.95377
36.48458
36.22485
35.76725
35.36314
36.37649
35.88
36.50653
36.982
35.64516
35.99024
36.29739
36.39415
36.56375
35.86121
36.46697
35.38549
37.11304
36.19646
36.599
35.72188
35.67385
36.94705
36.2141
35.82213
36.08325
35.75851
36.31266
36.14133
35.41914
36.13163
35.94859
37.25985
36.79794
36.18656
36.17292
36.69703
35.79156
35.63686
36.04629
36.63761
35.95455
35.77535
37.02922
36.48368
36.97745
35.93399
35.87765
35.97963
34.98684
35.47015
35.31263
35.96943
35.74946
36.80644
35.84323
36.34481
35.21548
37.26065
36.65899
35.01922
36.50084
36.24595
35.08899
36.3156
36.59259
35.64842
36.109
36.8335
35.88042
36.77187
34.87474
35.92746
36.54235
35.84304
36.38346
35.53894
35.94089
36.61305
36.22783
36.3676
36.67712
35.97638
35.48997
36.7356
35.42831
36.29039
35.79601
36.55376
36.18475
36.86668
36.36232
36.22006
35.91778
36.00795
36.08185
35.41096
36.12356
36.29808
35.94842
36.07332
36.16157
36.51488
36.2282
36.57562
35.7743
36.69345
36.59063
36.71716
36.61986
35.8742
35.56598
36.14986
36.57819
36.36634
35.11771
36.26742
35.93546
35.80809
35.69516
36.33416
36.76514
35.81793
36.43207
36.11456
35.67382
36.30925
35.63947
36.0361
36.33069
36.28129
36.11547
35.93265
35.59928
35.95595
34.60102
36.29758
35.56621
35.91966
36.13894
35.02515
36.65327
36.4304
36.07489
35.11189
36.38142
36.40034
36.32451
35.49834
35.89142
35.63516
35.97655
36.29993
36.09918
36.04083
35.732
37.20668
36.15901
36.16147
35.94052
36.5561
35.24698
36.55434
36.33561
36.21774
36.35175
35.9475
35.83849
36.36715
36.53932
36.47711
35.61717
36.42606
36.65361
36.6595
36.32424
36.2598
35.74291
36.07263
36.35825
35.35967
36.22142
36.46777
36.50105
36.25547
35.78239
36.33488
36.17593
36.26891
35.54402
36.4752
35.64021
36.26258
36.62572
36.37835
36.69757
35.87904
35.8082
36.5666
36.08298
36.33251
36.05257
36.49569
36.19549
36.07308
36.72815
36.54574
35.71833
35.88713
35.67361
35.90168
36.27982
35.84173
36.54544
35.71828
36.72221
36.19458
36.01179
36.01095
35.45872
36.28919
36.02294
35.61568
36.18988
36.13972
35.53505
35.77155
36.35651
36.02273
35.90365
36.44809
36.18008
35.91062
36.59365
35.85151
36.10864
35.5096
36.19597
36.54547
35.55233
36.08121
35.4283
35.22489
35.92135
35.20633
36.36827
36.2545
36.29974
35.67873
35.31037
34.94014
36.18975
36.45084
37.08152
35.51542
36.50777
36.37198
35.99512
35.89042
35.94104
36.23795
36.45502
36.34389
36.8813
36.0483
36.42488
36.23122
35.20153
35.89917
35.99855
35.16478
36.02285
35.89961
35.6908
35.66362
36.15732
36.12397
36.01249
36.38816
36.66321
35.60498
36.32984
36.47295
35.96512
35.74822
35.2952
36.18555
35.57543
36.83392
36.37206
36.92103
36.47828
35.88758
35.94568
36.10905
36.55265
36.02179
36.20715
36.51859
36.06905
37.44827
36.08732
35.50319
36.50068
35.70093
36.15523
35.57327
35.36853
35.66436
35.89814
36.06497
36.76732
36.25119
36.13871
36.69567
36.26012
36.32816
36.5329
35.47753
36.79199
36.39786
36.1486
35.46866
36.28331
35.82556
36.29647
35.85648
35.47983
35.97647
35.85673
36.38273
36.1996
36.3642
36.71776
35.99996
35.58399
36.04817
36.38593
35.71191
36.30811
35.82941
35.22676
37.56479
36.37444
35.72782
35.9524
36.54225
36.27555
35.15583
36.34305
36.28586
36.30701
36.42492
36.38306
36.18099
37.11807
35.52974
36.0287
36.90441
36.0621
36.05195
35.99099
35.42798
35.52424
36.2626
37.15102
36.14141
35.38935
36.30796
35.88143
36.66291
36.50043
36.31622
36.09059
36.28108
36.25363
35.7671
35.47606
36.72356
35.92968
36.21878
36.39779
36.31724
36.43509
36.12389
36.19667
35.89604
36.44767
36.74318
36.36472
35.85407
36.41777
35.22004
36.21822
35.42663
36.05447
36.355
35.93033
35.52226
37.06702
35.98879
36.74539
36.53879
36.39659
36.08065
36.20832
36.06661
35.49955
36.70635
35.93349
35.50239
35.39449
35.68717
35.49232
36.02882
36.25292
36.04206
35.80512
36.34657
35.37746
36.13126
35.92188
36.29807
35.82616
36.53682
36.41827
36.38624
36.74983
35.97641
36.1168
36.15542
35.97366
36.53668
36.42381
36.31413
35.74854
35.68547
35.54248
35.6147
36.53944
35.52681
36.47471
36.791
36.47679
36.51747
36.67119
36.30127
36.39545
35.78332
36.54852
35.86443
36.75197
36.20194
36.25687
35.757
35.45319
36.32315
36.71515
36.35435
36.0419
36.35235
36.23552
35.94205
36.50203
35.57198
35.10057
35.66389
37.43531
36.48124
36.01775
36.43851
36.37856
36.19965
36.80418
36.24552
35.95037
35.58631
36.45668
36.49493
36.39397
35.68675
36.44126
35.81562
36.35832
35.88408
36.99658
36.55467
37.20828
36.10017
37.16511
35.46467
36.36679
35.69041
36.23261
35.94122
36.05882
35.72808
36.93028
36.19629
36.19017
36.77535
36.60485
34.97541
36.51541
35.97689
37.30678
35.97684
36.38189
36.51318
35.87793
36.17756
36.21704
36.70561
36.36142
36.33365
36.22956
36.0113
35.89368
35.11286
36.24276
36.65021
36.06282
36.15842
36.2554
36.64953
35.81069
35.77162
35.59233
35.67159
36.88283
36.49046
35.89373
36.49951
36.39749
36.7277
36.68771
36.2947
36.39749
36.09878
35.78045
35.76342
35.69351
36.5945
36.86264
35.86045
35.96387
35.9887
35.69364
36.2451
36.45086
36.78808
35.89485
35.89849
35.8491
36.01853
36.98455
36.46358
37.13025
35.61643
36.7412
36.35113
35.38838
35.88915
35.74598
36.27053
35.87495
36.27389
35.98365
36.0464
36.68914
36.10794
36.21982
36.59122
36.03192
35.95446
36.1284
35.56758
36.73689
36.50661
35.67169
35.26223
36.47652
35.89608
36.39957
36.37352
36.74831
35.74705
36.01757
36.32844
35.84287
36.33612
36.26391
36.2493
35.63395
36.98224
36.24783
35.56809
37.02863
37.22958
36.18054
35.67968
36.1744
36.25074
36.61559
36.93268
36.7381
37.48431
36.29624
36.39937
35.74248
35.47797
35.97729
36.35461
35.91024
35.97706
36.01848
36.86889
36.36297
35.90122
36.92186
36.51905
36.04079
36.20789
36.19326
35.89639
35.54355
36.22835
36.38425
36.16698
35.90187
36.73248
35.89082
35.73162
36.75706
36.33029
36.17074
36.94529
36.31006
36.69183
36.00996
36.29736
35.4932
35.96423
36.7965
35.46045
35.13178
35.41505
36.12568
35.58541
35.75629
36.17711
35.74699
36.60809
36.18954
36.20089
37.05176
36.89676
36.38779
36.78919
36.66231
36.06261
35.66626
36.51048
35.66656
36.0229
36.83897
36.5969
35.99467
36.081
36.52911
36.30545
35.87196
36.12961
36.21859
36.03413
35.70435
35.93284
36.05558
36.61245
36.2241
36.44961
36.00896
35.72503
36.21114
35.98887
36.54003
35.74963
35.63075
36.11815
36.09066
36.3035
36.25681
35.45227
36.1099
36.20007
35.83902
35.9096
36.36283
36.33472
36.3378
36.05257
36.50097
35.79315
36.36241
36.69663
35.82018
35.9968
35.75771
36.00991
36.08687
36.61097
35.79554
35.8457
36.29028
35.37221
35.87266
35.94761
35.72765
35.56117
34.75864
36.15495
36.02426
35.43768
36.47214
36.51077
36.13721
35.63641
35.17479
35.07494
36.89957
36.91481
36.38836
36.52763
36.70187
36.05458
35.1781
35.43752
36.26485
36.01619
35.94055
35.90375
36.59279
35.61782
35.78728
36.16211
35.91746
36.12661
36.18147
36.93601
35.71492
35.35336
36.5993
36.65954
36.35457
35.50055
36.32308
36.77779
36.36671
35.93299
36.45188
36.1071
35.96598
37.09377
35.40592
35.88256
36.83553
35.55651
36.27623
35.3772
35.5588
35.89726
36.62335
35.48146
36.15686
35.56139
35.73916
36.67284
35.9252
36.52301
36.2387
36.37069
35.9767
36.29347
37.08037
36.17487
35.8358
36.20728
36.14593
35.72595
37.01481
36.48612
35.87958
36.40236
36.00553
35.77287
35.7736
37.12193
36.24595
36.09075
36.03409
36.1342
36.70201
36.85117
35.46426
36.42014
36.10908
36.94391
36.51463
36.18793
35.99498
35.75748
36.03829
36.53295
36.24441
35.55789
36.27972
35.71182
36.23716
35.37853
35.15083
35.75514
35.69369
37.00467
35.97457
37.07053
36.73484
35.92968
36.04494
35.91545
35.83305
36.08701
36.71934
35.95043
35.76648
35.92336
36.44952
36.29158
36.51222
36.46514
36.25553
35.65778
36.36082
36.07806
35.76781
36.66814
35.88659
35.92863
36.05743
35.59493
35.88408
36.54262
36.85031
36.71361
35.81357
35.80451
35.03559
36.75995
36.16436
36.75015
35.46688
35.96938
36.08109
36.32264
36.10296
36.66712
36.20964
36.21012
36.371
36.08939
35.98492
36.51401
36.16303
36.44846
35.982
35.96172
36.23661
35.85373
35.73625
37.03436
36.63894
36.6042
36.05265
36.43873
35.8469
36.33177
36.40283
36.86653
36.29236
36.72331
35.86228
36.51931
36.17856
36.09295
35.90142
36.69053
36.07209
36.56677
36.40247
35.9942
36.84919
35.73769
36.01739
36.07608
36.66231
35.87454
35.75623
36.4563
36.45522
36.60313
35.79817
35.75424
36.32285
36.82206
35.96827
35.90886
36.03524
36.35792
35.94481
36.59591
36.22861
36.42484
36.41257
36.08355
36.36562
35.59748
36.26385
35.93938
36.21658
36.43064
37.50491
36.84902
35.7736
36.43008
36.77004
34.44766
35.44277
36.44036
36.52955
36.42292
36.73425
35.48825
35.96478
35.69444
36.60416
36.63578
36.45161
36.01928
35.13717
36.76836
36.69487
36.85871
36.34628
35.95723
35.84288
36.17586
36.80956
35.8273
36.02884
36.57219
36.41066
36.13598
35.78384
36.87744
36.30974
36.38894
36.3134
35.45575
36.92776
35.9511
35.13139
36.51587
35.99691
35.92073
36.5352
36.38772
35.71111
36.47059
36.77898
36.59481
35.9312
36.38981
36.44906
36.2244
36.18411
36.29746
35.95914
36.29074
36.22402
36.11415
36.98145
36.41538
36.26349
36.29263
36.31814
35.65256
36.40827
36.10019
35.32272
36.7347
36.03481
35.05318
35.98666
35.55772
35.58306
35.41384
35.94174
36.33381
35.99809
36.4803
36.30563
36.61106
35.88026
35.84159
36.01138
36.33946
35.69309
36.16751
35.74917
35.89208
36.8846
35.70735
35.2393
36.1619
35.60676
35.84607
35.11276
35.85072
36.37301
36.30684
35.91791
35.86912
35.6815
35.99304
35.56996
36.65183
37.05376
36.42906
36.479
35.95398
35.21896
36.32546
37.24474
36.90122
35.80815
36.45302
35.84534
36.06618
35.9121
36.20627
35.40947
35.92299
36.46992
36.21921
36.68076
36.25844
36.02091
37.49448
36.72537
36.99443
35.99861
36.67833
35.61491
36.20922
36.02823
36.75138
35.76335
35.8655
35.90664
36.00336
36.4765
36.40805
36.97164
36.37816
35.43207
36.27684
36.07053
37.31608
35.79222
36.04716
35.78124
36.46194
35.91333
35.83754
36.85977
35.76999
35.92319
36.42526
35.30429
36.40396
35.61674
36.19154
36.96442
36.06611
36.51411
35.91136
35.77843
35.86681
35.88715
35.79234
36.54437
36.05375
35.4204
36.64487
35.84761
35.6985
36.14588
35.84519
37.7319
36.08212
35.11014
35.91608
36.07344
35.93063
35.8533
37.16565
36.96194
35.47673
36.77757
35.52235
35.77092
34.96267
35.71097
36.45365
36.56833
35.76793
36.46576
36.55439
35.45951
36.48097
35.05838
36.27809
35.74479
36.24995
36.80263
36.31807
35.88854
36.48589
36.0866
36.72712
35.75724
35.86718
36.29338
36.24975
36.29676
36.45842
35.99042
36.39773
36.35309
36.16062
36.74439
35.51748
35.3889
36.63522
36.60991
36.63882
36.35204
36.35475
36.68316
36.11361
36.09297
37.54686
36.70982
34.97202
36.01661
35.44517
35.84368
36.53613
37.38012
35.25953
35.51336
35.9856
36.75828
36.15644
36.08755
35.10638
37.27001
35.55799
36.35575
36.41471
36.65845
36.44943
35.9056
36.17042
35.67695
35.90146
36.42337
36.06263
35.9274
36.88737
35.7185
36.81552
36.04669
35.93797
37.05176
36.7614
36.24999
36.13908
36.61839
36.38627
35.99081
35.97835
35.97334
35.18891
36.10431
36.33598
35.99209
35.23727
36.39881
35.37322
36.04106
35.32381
35.75256
36.76037
35.35073
36.18121
35.40436
36.90773
35.53423
37.1498
35.98465
35.93721
35.90043
35.16581
36.78711
36.39076
36.43769
36.11136
35.933
36.04006
36.76203
35.77098
36.84562
36.79835
36.2615
36.14663
35.90449
35.92855
36.59209
35.77547
36.77125
36.13966
35.82126
36.39794
35.49707
36.04362
36.32321
35.92138
35.92389
36.18416
36.16467
37.03606
35.45512
36.03296
35.86936
35.10852
36.61033
35.36498
35.8503
35.64513
35.94453
36.85125
36.44436
36.18337
35.47443
36.29407
37.2821
36.19863
36.36938
36.14734
35.73303
36.47082
36.48458
35.50629
36.06102
36.63423
36.53272
36.17331
36.14782
36.20632
36.90753
36.18484
36.52042
35.6216
36.55622
35.89249
36.68314
36.17106
36.0846
35.53464
36.44773
36.49691
35.60211
36.25789
36.17857
35.9607
36.22048
35.72557
35.54717
35.6994
35.5884
35.69296
36.12803
35.45604
35.68117
36.18803
36.59145
35.8715
35.89795
36.18921
36.59167
35.68534
35.69154
37.01352
35.79031
36.67997
36.48244
35.42926
35.52596
36.42015
35.81156
35.69751
36.56332
36.35243
36.31676
36.33055
36.22308
35.77693
36.07448
36.80103
36.41392
35.60889
36.375
36.82621
36.55662
36.37817
35.8313
36.0128
36.3372
36.76562
36.91919
36.54897
36.42359
35.40057
35.97283
36.11938
36.38793
36.43161
36.589
35.27542
36.24887
35.88963
36.44998
36.61691
36.52916
36.44557
36.35318
36.18008
36.60029
36.93312
35.17007
36.1309
35.91515
35.54495
36.15592
35.9852
36.56782
35.27574
36.16889
36.39255
36.90957
36.02318
36.47923
35.40126
35.49826
36.23586
36.37552
36.6292
36.20058
35.84827
36.55363
36.02244
36.49312
35.42437
35.73075
36.07154
36.20718
35.40663
35.82702
36.20489
35.72895
36.73552
37.08795
35.54843
35.94885
36.17275
36.19977
35.72833
36.7174
36.3391
36.84254
37.04448
35.56865
36.48366
36.09291
36.18341
36.37875
36.1692
36.07523
36.40215
36.23631
36.14117
36.84917
35.63354
35.60089
36.27817
36.2641
36.48467
35.684
36.03888
36.1665
35.78838
36.86505
35.73243
35.25994
35.81907
36.01413
36.84875
36.09147
36.30135
37.16635
36.19176
35.94353
36.28605
36.37726
36.59041
36.45585
36.54222
36.36995
36.80967
37.23461
35.48228
35.8223
36.37156
36.13019
36.39085
37.11782
35.91428
35.84971
35.61457
36.6379
35.70923
36.72038
36.56986
35.53614
35.67455
36.13967
35.95236
36.07276
35.71541
36.06275
35.82577
36.70807
36.19632
36.66403
36.38953
35.94123
36.57361
35.76255
36.56634
36.54971
35.65726
36.60734
35.43665
36.48357
36.18685
36.04984
36.44389
35.83478
36.28413
36.2822
35.83829
35.9348
36.87272
36.88685
37.10172
35.65072
36.41592
36.48417
36.55287
36.51821
36.01245
35.83671
36.9188
36.36222
36.6059
35.97102
36.62677
35.58364
36.94828
35.95066
36.43816
36.59699
36.95329
36.5417
35.25633
35.46193
36.82483
35.338
35.96118
34.89812
37.13272
36.16154
36.69129
36.46917
35.80414
36.97843
36.44034
36.18901
36.4337
36.20792
35.86657
35.79641
36.178
36.35402
36.06049
35.46022
36.13711
36.23877
35.57914
35.4673
35.3358
35.6544
35.61192
36.67076
35.49572
35.9742
36.70055
36.33168
36.1575
36.35437
36.08007
36.28119
36.10442
35.38124
36.43354
35.27332
36.50683
35.48735
36.1244
36.81518
36.31474
36.06532
35.56961
36.44201
36.00929
35.70903
35.4521
36.5064
35.44993
35.77743
35.91285
36.38768
36.37847
36.04272
35.41205
36.3796
36.53244
36.61395
36.37641
36.00176
35.94866
36.61865
36.05616
36.02171
35.88602
35.87128
35.90346
35.78126
36.56555
36.57898
36.24972
36.23814
36.18665
35.4301
35.58423
36.22018
36.36673
35.798
36.02397
36.0682
36.22762
35.75323
35.40586
36.02588
35.98308
36.06764
36.60794
36.8738
35.77076
36.00181
35.37083
36.67686
36.34938
35.14031
36.12732
35.81272
36.29532
36.54097
36.23191
36.37932
37.49596
36.34764
35.922
36.07683
36.13308
36.33126
36.59519
36.34485
35.88849
35.81831
36.27924
36.01255
36.17147
36.40896
35.93397
36.55476
35.71028
36.42505
36.23117
35.7089
35.8383
35.15352
35.93231
36.34294
36.4318
36.33328
36.44238
36.01318
36.13372
36.45139
36.36568
35.80701
35.97878
36.0686
36.50838
36.22212
36.29888
36.77779
36.0177
35.58633
36.66127
34.91325
36.18245
36.1653
35.71412
36.17837
36.5343
36.85148
36.1183
36.25693
36.13539
36.26038
36.2809
37.33361
35.74265
36.07246
36.49375
36.00338
35.58393
35.86444
36.35682
36.7173
36.36692
36.22108
36.00532
36.72517
35.9757
36.07011
35.31633
35.52401
35.72929
36.42124
35.74009
36.79787
35.35413
35.36263
36.59846
35.73189
37.0439
35.76016
36.01264
35.93428
36.53665
35.88062
36.48035
35.8077
36.02926
36.1355
36.83546
36.71241
35.58051
35.47884
36.17379
35.49823
35.52181
35.77801
36.14303
36.65896
36.67542
36.02892
35.89267
35.85534
36.59915
35.73593
36.62158
36.26982
35.98621
36.17174
36.16762
36.48923
36.19349
35.95487
36.48078
36.73486
36.77604
35.70732
36.70642
35.45629
35.65199
36.26311
36.43375
37.62268
35.99293
36.29774
36.04514
35.82295
35.67233
36.04237
35.51925
36.37678
36.46318
36.77991
36.19717
36.18201
36.12373
36.42495
36.20959
36.55901
36.21899
35.7055
36.33234
35.55687
35.89872
35.96594
35.32177
36.10049
36.14805
36.01895
36.39093
36.05824
36.56107
36.28656
35.78709
35.9994
36.50263
36.25865
36.34185
35.96924
36.01014
36.34049
36.6376
35.67716
35.90216
35.83985
35.89352
35.977
36.31077
35.90056
36.4362
36.53333
36.662
35.80981
36.83453
35.73189
36.69124
35.91667
35.4896
35.90532
36.79835
36.43361
36.11142
35.68639
36.53717
36.39598
35.88532
37.28521
36.05379
36.24791
36.12659
36.26467
36.82898
36.71758
35.63779
35.88506
35.58923
35.83438
36.58408
35.51136
35.57509
36.64557
35.90806
35.79125
35.89039
36.70179
35.66116
35.76759
36.5115
36.50525
36.39407
36.69372
35.92992
36.65896
36.27513
36.61815
36.33045
36.11377
35.90929
36.50655
36.73253
36.63624
36.08028
36.30962
36.35625
35.81015
36.04729
35.82149
35.97383
36.6724
35.89888
35.23744
35.9701
35.88685
36.28696
35.78713
35.64232
36.30808
36.25924
36.10247
36.35191
36.4107
36.47342
35.46578
36.79202
36.49541
36.99927
36.19148
35.93904
35.68776
36.2897
36.13289
35.77078
35.23476
36.1887
36.11664
36.35034
36.02246
35.90773
36.41711
36.76931
36.21115
35.27154
36.30781
35.89621
36.46575
36.38319
35.80011
36.18247
35.83244
35.48856
36.04504
35.25661
35.71795
35.86373
35.9154
36.01715
35.74721
35.4441
36.8014
36.40648
36.12358
35.87124
36.5183
36.18406
36.653
36.31387
36.52708
36.60799
35.51225
36.1462
36.88071
35.60807
36.38538
36.43785
36.30767
36.29908
36.58281
36.96322
36.35984
35.77895
35.35093
36.02733
36.43347
36.36479
36.00445
36.47092
36.02639
36.52746
36.69968
37.80583
35.61544
36.23505
36.92834
36.91919
35.90643
35.54296
36.34291
35.30541
36.35399
36.42931
36.01947
36.2679
36.54574
35.10329
36.21253
35.35908
36.16808
35.19095
36.30002
35.47987
36.6831
36.96039
36.11992
35.61499
36.48876
35.56662
36.01031
35.87365
35.77864
35.90093
36.60406
36.06091
35.75745
35.42281
36.39433
36.4232
36.82147
36.31322
36.31815
35.63563
36.30893
36.28476
35.66402
36.19104
36.72519
36.34489
35.2629
36.16573
36.67302
36.17568
36.64504
36.49749
36.17994
36.08758
36.66124
36.05433
36.72062
36.4816
36.03845
36.14437
36.34415
35.96374
35.95497
36.6254
36.23966
36.42725
36.20552
35.6082
36.06693
36.04565
36.64229
35.72287
36.11354
35.9387
36.02083
35.20105
36.19694
35.78542
35.66086
36.46563
35.85896
36.65654
36.6097
36.29027
37.03784
35.47721
36.42628
35.96005
36.62396
35.94898
36.67497
36.73205
36.23334
36.16927
36.59201
35.83055
36.38634
36.05297
35.74516
36.04859
35.71937
36.27814
35.8894
35.10385
36.25545
35.9159
36.20054
35.97601
36.32818
36.21246
35.77804
35.78356
35.51695
36.22041
36.16901
36.31633
36.12041
35.94189
35.99406
36.78254
36.30955
37.46362
36.87461
36.07379
36.46317
36.23999
36.80788
35.27258
36.34145
35.82735
36.0292
36.34791
36.31753
36.24514
36.21371
36.63784
37.02185
37.61162
36.33897
35.67582
35.97482
35.45662
35.36749
36.24019
36.14127
36.40364
37.01971
36.12956
36.45134
36.21843
36.22818
36.07119
36.88952
35.77436
35.2133
36.36053
36.12031
36.22236
36.23659
35.50357
36.44579
35.53762
36.28026
36.23502
36.0706
35.71624
36.39337
35.88357
36.44211
36.13448
36.1822
35.29793
36.15577
36.87328
36.14583
36.00009
36.51572
36.46172
36.16548
36.58779
35.82795
36.34671
35.76366
37.04548
36.04684
36.24409
35.38337
35.55682
36.08038
35.15497
35.49291
35.27166
36.671
36.13074
36.14926
36.88514
36.47375
36.33336
36.41534
35.75071
36.32327
35.54999
36.13132
36.02863
36.69082
35.17659
36.16538
35.85426
36.13032
35.90105
36.27317
36.62515
35.41109
35.45933
36.52296
36.59357
35.70539
36.362
36.56425
36.20969
35.53165
35.60924
36.80596
36.63985
36.23515
36.22918
36.32155
36.29467
36.07758
36.25385
35.85239
35.91243
36.95779
35.59185
36.31946
36.74571
35.95067
35.84227
36.53061
36.32605
35.9515
36.48805
36.34446
36.6265
36.36906
35.66398
37.12079
35.94869
35.6255
36.22272
35.01515
36.40956
35.81751
36.44637
37.48159
35.81714
36.1167
36.42329
36.15972
35.77973
35.80704
35.87326
35.9657
36.15028
35.73537
36.01552
35.76119
36.56068
35.58017
35.74551
36.09257
36.21907
35.63789
35.94324
36.74081
35.69354
35.76253
35.8641
36.13568
36.12706
37.17379
35.92738
37.04501
36.46735
36.3843
35.60307
35.61836
36.41267
35.53144
36.35545
35.89441
35.87218
35.09555
36.94756
36.6213
36.05426
35.61543
36.57053
35.4302
36.01803
36.39107
36.1729
36.35178
36.19865
36.5264
36.62566
36.14599
35.60955
36.84401
36.16867
35.57654
36.52544
35.6785
36.2746
35.57528
36.04044
36.00822
36.1289
36.02432
36.28986
35.80151
36.94492
35.98412
35.14262
37.18316
35.67949
36.22566
36.41127
36.50633
35.48619
36.40669
36.0457
35.69375
36.07268
37.40392
35.30119
35.88666
36.49196
35.72047
36.16972
36.21866
35.75617
36.57105
35.98166
35.90426
35.9328
36.32242
35.71209
36.5475
35.74969
35.98238
35.8138
35.69326
35.32146
36.43829
36.46202
36.6796
36.47893
36.20025
36.14039
35.1684
35.95977
36.31648
35.74815
36.00697
36.30185
36.2252
35.74544
36.72867
35.26239
35.44774
35.93735
36.29315
35.86822
36.4218
36.38292
35.93263
36.75646
35.64769
35.99595
36.55685
36.88009
36.01182
35.90349
35.83977
35.62761
36.67469
35.73478
36.23135
36.34923
36.36487
36.71873
35.85377
36.55219
36.1696
35.18949
35.99553
36.82966
35.86471
36.64646
35.4963
35.72009
35.80065
36.04565
36.12609
36.22428
36.45715
35.97797
37.01904
36.02417
36.96424
35.54999
36.77613
36.35857
35.42109
36.45661
35.96878
35.9105
36.31299
35.72437
35.8858
35.93107
36.45883
36.21557
35.08721
36.10107
36.50748
36.14768
36.31696
35.83317
35.68769
35.88318
35.99733
35.61616
35.01387
36.29136
35.24685
37.03541
36.02963
36.61151
36.87788
36.62656
37.24192
36.14007
35.96114
35.67216
36.25549
35.80272
36.00782
35.97418
36.00527
37.04972
36.12484
36.10679
36.2399
36.17007
36.29424
36.46606
36.48968
35.42157
35.83173
36.23311
36.97747
37.07332
36.75629
36.06822
35.78235
36.22486
36.12418
36.51323
36.20244
36.28069
36.95111
35.3222
36.16034
36.11156
36.16364
35.97476
36.8734
36.80592
36.30141
36.05294
35.9613
36.55019
35.96117
36.25037
36.09581
37.00964
36.49131
36.54199
36.60449
36.68497
36.39189
35.78977
35.93822
35.9217
36.48713
36.56361
36.28383
36.33494
36.69271
35.44694
35.93237
36.46128
36.49226
36.31169
36.08651
36.06109
36.2287
35.95247
36.44822
36.44164
35.99423
35.95435
36.23413
36.79095
36.5085
36.70746
36.37455
36.4978
35.51306
35.51775
36.07479
35.92291
36.35304
36.17862
37.47595
36.85437
35.79379
35.75841
35.89897
35.52939
35.59351
35.63129
36.45379
36.34315
36.414
36.87957
36.05178
35.6879
36.52454
35.7122
36.49313
36.9383
35.12834
36.32735
36.37459
35.73328
36.49963
36.24187
35.97626
36.86469
35.83305
35.35919
35.90513
35.62134
36.46401
35.5584
35.80087
36.43873
36.21926
35.86987
36.70848
36.30111
35.58729
36.61359
36.2471
36.36981
36.11983
36.33562
35.65629
36.18273
36.4982
36.4701
35.89785
35.92484
35.87712
36.684
36.48871
35.7418
35.73423
36.18701
36.36063
35.5842
36.94491
35.55909
36.46906
36.04533
35.72876
36.78527
35.93013
36.13523
36.03145
36.3244
36.35194
35.98098
35.95981
35.86893
36.13318
35.21344
36.28707
36.23793
36.37398
36.10367
36.37953
36.08809
36.81717
35.46827
36.19012
36.19574
36.15162
35.96894
36.04943
36.65948
35.82017
35.79054
36.18192
36.61589
36.24496
36.71945
36.29638
36.81057
35.9243
36.13479
36.31695
36.56718
35.36266
36.26288
35.99217
36.05002
35.99621
36.24935
35.92328
36.4663
36.52472
36.62804
36.46043
36.13239
36.48877
36.13531
36.0252
35.46178
36.05073
36.1818
36.18561
36.12081
36.14921
37.02222
36.00254
35.64982
35.90676
36.08768
35.7712
35.26532
36.57939
35.73901
36.2127
35.38195
36.48425
36.96031
35.41066
36.37638
36.0302
35.44429
35.34224
36.01032
36.54408
35.86807
35.54894
36.73235
35.783
36.39734
36.00295
35.7627
36.22081
35.67008
36.14717
35.83024
36.44512
35.65897
36.65747
35.51733
36.21866
35.5933
35.85171
36.6406
36.29418
35.95883
35.99373
35.79004
35.45929
35.70642
36.23805
35.3007
35.6559
35.99285
36.25163
35.31097
36.17837
37.40338
36.2265
36.60128
35.86838
36.419
35.42343
35.42677
36.03616
36.442
37.02926
37.12036
35.58656
36.19869
35.87177
36.08568
35.8916
36.36954
36.70751
36.19345
35.77083
37.15146
37.01797
36.18961
36.05425
36.16051
36.90928
35.99583
35.27842
35.18675
36.34557
36.74633
35.70213
36.14064
36.59081
36.08365
36.22324
36.06632
36.56745
36.55372
36.12119
36.36825
36.22798
36.70018
36.00067
36.71891
36.99601
36.30136
36.64868
36.48289
35.6695
35.53962
36.76475
36.20021
36.27782
36.57103
36.43552
36.2155
36.35631
36.48014
36.35885
36.12845
36.08548
35.89679
35.78426
35.97916
35.92849
35.31151
35.866
36.25698
36.32921
35.93844
35.44608
36.13091
35.69475
35.97395
36.52862
35.78709
35.89884
36.21942
36.34985
36.56476
36.09251
36.36108
36.6795
35.43575
36.62653
35.98759
35.83724
36.62015
36.23277
36.23691
35.08748
36.23114
35.79991
35.45399
36.32268
36.70263
36.93108
36.41821
35.96568
35.97018
36.30987
35.59143
36.08767
36.59078
36.79153
34.94407
36.42599
35.91531
35.35868
36.30919
36.33276
36.32544
35.96272
36.60389
36.1861
36.44876
35.95432
36.85541
36.6592
35.93875
35.50997
36.00838
36.08825
36.68986
36.21499
35.73521
36.44329
36.62087
36.49064
35.66683
36.33322
35.99256
36.56444
35.45188
36.28121
36.17956
36.00566
36.13345
35.60466
36.40674
35.8982
35.56795
36.6631
36.42567
36.23144
37.33309
36.24641
35.62609
36.4987
35.85977
35.73868
37.18399
36.16315
36.57878
36.97994
36.82287
35.58347
36.78436
35.51573
36.22001
35.97685
36.26491
36.33863
36.61219
36.40053
35.92869
35.71413
35.48251
35.77448
35.79155
36.40663
36.04674
36.62985
35.53415
36.11338
35.81358
35.3045
35.95075
36.30821
35.82179
35.82213
36.81986
36.07364
36.49734
35.895
36.6879
35.74083
35.71609
35.68955
35.37426
36.29783
35.79923
36.40494
36.35073
36.56112
36.63744
36.89903
35.38402
36.49259
34.9678
35.70507
35.6648
35.55463
36.1869
36.56058
36.36133
36.41564
35.80225
35.81741
36.46096
36.70558
36.06229
36.63245
35.9053
35.4496
36.28604
35.81545
35.79556
36.18733
36.17081
35.88182
37.02973
35.23181
35.48319
35.94503
36.34929
36.21012
36.42193
36.5555
36.14741
35.52115
36.30752
36.23192
36.63785
36.28111
36.34556
35.95972
35.84478
36.48149
36.66791
35.48564
35.89095
36.73467
36.47448
35.92779
36.6183
36.27347
34.69973
36.04829
35.59922
36.30245
36.05024
35.87253
36.19547
35.9584
36.07058
36.6884
34.83543
36.73382
35.06985
36.00122
37.06971
36.51092
35.44644
36.18881
36.38141
36.36512
36.6168
35.82822
35.80304
36.27044
35.92868
36.43235
34.96499
36.1293
35.94497
35.87079
35.81856
35.85145
35.37278
36.58722
36.06015
35.97887
36.07365
36.33101
36.49409
35.69021
35.76136
35.75348
36.69251
36.18041
36.29558
36.82858
36.05836
36.56707
36.32576
36.06416
36.05392
36.45862
36.10918
35.94943
35.95879
36.19485
36.14591
36.55221
36.14605
35.75923
36.45373
35.87643
35.65685
36.9756
36.40719
36.24444
36.00519
35.64772
35.71296
35.60423
36.82109
37.12725
36.24673
35.91907
36.50164
35.34934
36.34597
36.75704
36.38329
35.42356
36.84863
35.99569
36.85844
35.48766
36.45099
36.84321
36.02941
36.32356
35.69683
35.9548
36.02965
35.88839
36.63478
36.41053
35.29617
35.6569
36.20412
36.50383
36.17346
36.13996
36.5335
35.9623
36.0238
35.73597
35.69413
36.28598
35.83378
35.35897
36.82626
36.39662
36.60037
36.61283
36.57165
36.06824
35.95246
36.04061
35.37518
36.08326
35.66965
36.54364
36.96874
36.11439
35.55836
36.12567
36.54719
36.58952
34.84871
36.44552
36.22424
35.45527
36.90477
36.36712
35.72437
35.47217
36.37326
36.30574
35.95498
35.8047
36.36858
36.10121
35.76099
35.50136
36.5477
35.30688
36.526
36.60488
34.77057
36.72641
35.70237
35.56129
36.39839
36.58173
35.99487
36.60809
35.44886
36.21066
35.74856
34.95631
35.96413
36.21315
36.01077
35.57539
36.27162
36.27
36.08012
36.86901
35.87675
35.51904
36.6119
35.52504
35.73754
35.95455
36.32167
35.85342
36.48068
36.0595
36.79834
36.45584
35.9382
35.65386
36.5272
36.27377
36.54738
36.47251
35.43541
36.44185
35.52608
35.68886
36.28084
36.34537
35.50209
36.1073
36.30404
35.95626
35.24509
36.58547
36.02374
36.24604
36.06689
35.98584
35.47907
36.01487
36.09297
35.98677
36.1978
35.48079
35.89051
36.36781
36.09848
36.15386
36.56824
36.00603
36.6972
36.74803
36.31635
35.6706
36.11829
36.34341
36.16685
35.84073
35.70828
36.68524
36.18754
36.26658
35.78657
36.51623
36.09862
36.48427
35.68373
36.74532
35.81518
35.90779
35.95422
36.24912
36.19811
35.96921
35.93257
36.63745
36.15921
36.97986
36.2634
35.72464
36.63518
36.2704
36.12776
35.96046
35.3664
36.26287
36.36339
34.96822
35.98144
35.93277
36.35087
36.11919
35.90164
35.63285
35.47132
36.24325
36.29708
35.73406
36.46361
36.31337
36.27033
35.79084
36.57089
36.30374
36.3066
36.6635
36.71156
36.73174
35.81582
35.37317
36.25615
36.14802
36.75833
36.4855
36.20266
36.83201
35.50278
36.19597
36.43181
