579.2088
564.9687
575.152
588.8012
592.3902
577.1662
582.7663
551.1475
561.1214
630.2379
567.12
583.1706
537.1441
538.5553
517.8416
561.1521
557.3659
559.3572
548.2976
533.8653
590.9622
571.1217
538.564
571.8491
580.1721
568.3961
571.48
579.4954
578.9679
572.8378
595.8361
578.6378
564.3459
574.9721
555.2
564.4938
550.2216
550.393
555.4779
564.3159
573.8343
588.7325
578.018
549.0874
525.6252
558.7721
565.242
589.1621
585.2105
526.5722
534.2408
578.7094
566.1933
553.5297
539.8183
583.9424
598.0558
585.8337
556.7186
496.2485
552.1318
573.2617
548.2429
539.505
572.4541
563.405
580.0672
545.3997
585.48
576.5521
582.236
567.0118
566.151
594.859
592.6434
556.5769
540.8158
540.9377
562.8566
568.9749
585.8406
560.6882
555.4414
536.5105
575.5885
564.6973
565.2686
552.7906
565.343
617.9101
547.9728
555.9273
562.8511
573.1066
564.4949
573.1523
575.5509
503.9783
580.02
554.4458
563.3809
578.3262
547.1677
560.8036
522.4694
580.1895
588.5025
544.0535
577.5405
571.1044
568.7118
596.5787
587.8524
593.0448
550.0841
576.8831
535.361
514.5944
574.49
580.2701
533.2045
585.8556
584.9104
553.4017
566.6412
601.9031
602.2381
567.1673
570.1995
548.908
575.5833
579.8889
577.904
534.204
528.4524
557.3609
581.5559
567.1772
595.3824
578.6386
588.2177
594.3468
563.1786
594.0758
598.1293
540.1099
565.3115
575.3169
567.3915
526.4335
585.547
583.3213
592.2652
559.7901
572.5109
575.5345
616.3736
543.0294
571.935
583.4557
572.3356
570.2943
575.0645
555.7258
584.9296
569.1592
581.227
585.0271
589.0047
567.7593
548.5476
598.3501
532.8712
569.5784
549.6766
592.6413
538.3386
526.9561
550.4994
589.695
561.1526
569.8695
577.0429
581.5902
558.8818
563.5854
590.6002
587.6244
587.5321
538.6153
578.1847
558.2748
592.7841
555.0822
552.3515
569.565
568.4694
580.8504
548.2126
541.5365
573.4378
557.8105
522.2565
562.0235
601.8767
569.1325
586.4388
576.2466
542.914
574.9859
595.167
574.4947
555.7905
554.2657
594.7758
592.6572
554.4228
560.9858
538.5486
561.6996
622.2502
593.2737
564.5267
588.7459
571.1465
546.9938
536.8695
579.7169
557.1339
572.8924
532.5429
597.2847
560.8501
588.0795
542.3676
578.1382
585.6057
533.2798
565.7657
573.5901
555.5571
565.3902
561.0993
589.6114
581.4647
518.2603
583.3349
568.1878
579.1794
549.0219
528.9762
584.1173
524.9034
566.4363
578.7974
561.6159
552.26
538.3482
575.707
566.7345
564.5807
618.9905
574.9281
572.2474
543.1586
538.1985
525.423
587.6995
559.9983
545.6122
540.9791
543.0675
579.1357
554.1193
581.5426
583.3843
584.897
554.2961
582.1625
552.7886
540.8232
578.0334
583.2054
532.2377
571.6289
583.8909
536.2503
572.4921
563.8773
601.3593
571.5244
573.8125
567.0557
582.7373
572.3853
562.2592
572.0576
567.8652
558.1358
590.6933
604.1758
589.3759
589.1244
539.346
559.3965
590.0143
571.0288
547.8446
574.7605
588.5311
580.0085
548.741
543.8201
580.3284
515.3875
565.4079
566.4495
570.3916
588.8489
566.0934
544.8954
563.5496
576.4429
565.2049
545.2796
550.4271
554.8384
527.7037
542.3391
600.1703
592.0499
574.2925
550.2544
562.6989
559.2139
552.7693
593.7745
574.9081
565.1735
526.9786
575.9208
571.925
563.2465
569.2348
571.5235
574.4768
546.2905
563.9424
556.9087
556.672
557.2829
556.2158
591.8914
533.0085
583.5615
562.3061
590.2264
545.0469
548.2479
577.6797
547.7248
550.21
569.3685
564.4363
557.33
559.8069
580.6115
565.1189
557.2757
527.9495
540.7899
582.0961
560.0314
558.027
573.0542
550.9659
535.569
585.2783
573.9724
558.6774
565.6648
613.3603
598.1651
547.7999
572.027
569.6362
545.7507
560.0191
572.9742
562.9387
521.0084
575.9073
591.5973
555.8444
593.2675
530.9084
569.198
558.5123
562.0239
619.6904
567.8936
573.8594
562.2149
572.2816
540.5155
558.8661
545.5069
569.4322
595.3557
580.4591
556.5909
592.7624
612.8114
554.1169
562.8057
557.6796
573.9808
581.4029
577.4027
559.9721
570.3059
601.9362
580.2971
576.9142
569.5196
595.5072
578.9299
574.6114
575.8087
575.9374
523.0965
642.0291
571.0017
585.9651
535.1272
573.6696
584.8158
555.419
550.877
557.8273
543.0155
570.0319
567.3459
558.0068
617.5093
566.156
558.6601
581.2169
562.5858
569.006
601.205
561.9911
560.7479
540.6792
547.0602
549.5446
592.6262
548.3919
566.0284
549.6459
556.4704
562.4323
531.1503
552.1618
567.0847
584.2591
576.9411
573.3675
537.1618
558.2388
584.6588
584.2931
570.0298
582.985
549.6575
555.4318
551.2055
578.937
563.2396
557.9009
567.0822
549.7887
559.2403
556.2121
599.4709
577.4985
587.3411
578.5294
549.8448
563.0791
556.5574
527.5165
617.9334
568.736
536.8308
532.8717
559.2089
523.1842
553.0443
582.9295
585.3454
563.1366
572.4249
580.9574
569.6992
627.6921
540.478
575.5645
582.2783
588.4819
594.9299
572.2207
595.7903
581.9478
623.6332
542.9486
509.2011
583.4273
597.3114
571.7532
544.7628
547.6352
548.9793
559.8054
593.1971
563.5476
559.3269
571.9452
532.8851
575.9509
594.691
568.5634
545.7913
545.364
548.8027
582.726
574.5994
570.3317
550.2029
559.8244
572.4587
606.5221
594.0659
559.9067
550.9673
598.4213
588.729
531.4433
551.3448
586.6016
582.9935
567.2642
582.0332
540.9627
588.6437
580.2298
579.1552
539.0096
564.9901
526.3324
553.9887
571.3978
560.6241
573.9428
592.0061
565.5817
557.4282
560.4438
579.6233
572.5055
521.3272
560.0556
592.1355
563.3174
576.9376
579.7699
564.1787
566.2151
588.0149
574.2405
570.8779
566.2288
554.8672
558.1485
566.6401
590.5169
604.2236
590.1248
580.8822
584.6383
532.3338
556.2642
554.6423
575.0111
584.3707
561.0854
547.5961
554.6718
541.6316
561.9841
573.3067
574.7541
574.4406
555.616
572.3708
584.4544
556.0846
551.8261
535.4175
555.3079
574.2479
576.2526
539.972
603.7768
550.2098
585.9507
540.2198
580.1537
562.0825
554.3092
574.0085
549.6177
538.599
561.3916
577.2535
551.5582
538.1889
534.6605
546.2729
532.1432
577.061
560.7077
561.2494
554.1852
569.5953
543.9486
534.489
607.3728
557.7215
585.2621
542.5528
557.4988
593.217
547.9766
541.5118
553.9523
568.9213
536.2397
574.901
598.5064
589.1568
553.753
606.4787
563.8319
614.8795
604.3581
532.7347
573.8257
576.083
596.3332
597.3066
586.3212
588.6615
585.3971
575.6245
570.653
586.0484
580.2166
604.4791
552.4981
557.1798
542.6951
580.1998
602.3885
537.3216
572.845
589.276
566.5304
550.8186
559.2149
528.4588
527.3542
585.4923
568.6317
567.1237
574.1439
582.9631
590.1991
585.006
616.0109
605.0871
576.6773
567.2538
570.5773
577.6681
538.2733
592.5965
547.6331
553.3337
566.9536
573.1706
565.1654
589.6625
562.9453
595.9608
593.8013
551.0809
608.1085
580.6024
577.3716
553.724
602.6871
573.6989
565.9406
544.6814
548.2295
549.4812
579.9417
547.942
544.3779
540.3598
571.6369
574.8465
551.4032
569.4696
583.7908
546.7182
565.9599
576.0051
580.5953
527.5369
596.9803
555.249
545.8303
572.158
564.1809
564.6177
542.4986
556.7946
548.1739
571.9267
571.3936
574.8381
598.9014
561.4219
561.3189
542.693
586.4748
568.39
598.7462
549.3196
575.7062
579.5486
528.7279
579.0139
531.9119
561.3805
553.1582
568.9143
564.7992
567.7406
569.9801
513.7373
568.0451
570.7054
546.3287
561.1789
582.5668
562.7328
573.3256
562.3939
578.3809
548.3064
565.6491
535.9333
539.097
570.4299
556.7349
560.8091
542.2214
576.1347
554.6494
564.9687
525.1277
563.0247
585.7881
566.0869
548.5175
572.2703
549.4526
584.4839
592.9665
571.6911
560.2796
592.6532
583.625
564.671
574.943
559.7102
584.2602
537.1914
579.8752
616.6581
586.8102
503.0192
559.449
597.1354
585.9658
538.0071
543.1938
559.0258
551.0268
534.3363
571.3358
585.5592
581.8912
535.4874
562.4631
561.3999
559.6936
589.372
602.348
505.7083
568.1957
572.8746
564.9142
573.9207
545.8628
587.4034
590.1179
573.4281
608.3873
548.8772
577.0381
567.8204
562.5018
574.9504
547.6714
585.6974
564.974
577.7357
544.2149
598.0579
552.3965
569.5047
567.2151
574.3086
551.5072
574.7742
533.8236
579.9127
544.1071
576.5821
561.9358
558.0592
521.3686
578.3138
537.8957
562.0579
526.1517
559.0473
605.6748
567.4637
566.1261
558.3153
554.9071
554.0324
535.3406
597.5896
551.9132
577.271
555.6123
539.6758
612.0511
578.0162
580.9718
553.396
564.0106
559.0119
530.1512
559.1478
576.2094
580.4188
528.9734
586.4491
566.7515
534.496
562.6114
537.4001
520.9158
566.5725
569.4465
585.5292
569.5421
562.1019
558.6173
553.9804
563.1444
578.0197
525.4577
558.5222
543.1021
574.8536
555.9444
566.0221
579.6403
563.3361
563.2659
539.9918
546.6989
578.0358
596.6719
566.6256
557.2644
591.382
607.1007
588.9701
518.0192
549.92
568.2385
591.4084
579.2581
583.4205
580.9885
559.3679
520.3393
576.0697
616.6389
561.2711
550.7571
582.9433
566.9592
583.2905
567.1207
585.1515
562.5896
549.669
571.2434
597.3471
551.7125
550.8891
549.6126
539.7134
588.1933
574.6486
564.0523
544.8877
564.4289
627.7066
585.0565
589.077
580.6655
562.1497
561.4389
577.0321
572.2172
586.8731
581.6642
566.391
552.8772
547.8971
572.6167
598.6738
534.9546
570.2425
585.9806
547.5803
581.9863
537.0187
559.9602
562.2595
569.3306
587.6594
571.3675
541.4896
554.2916
597.6181
572.137
546.1503
570.8375
562.2817
558.678
557.3219
558.9892
557.3938
571.2681
547.1764
544.686
546.5317
564.6533
570.45
569.9182
570.477
569.4618
587.1052
584.9239
591.4231
597.9094
565.9752
577.9453
568.0801
559.26
573.2674
584.3408
546.5729
582.0377
551.7266
568.5932
569.3017
566.5931
597.788
561.7227
508.2528
558.387
572.8559
547.1238
590.303
583.735
572.2269
580.7267
550.5933
580.4026
535.3214
538.6671
516.04
604.3463
567.498
591.1629
584.7765
596.2315
557.1537
568.3869
552.4444
585.7668
587.7454
543.1116
544.2599
565.4697
577.1143
540.7195
571.4558
567.514
567.4176
556.5259
551.1704
608.0299
533.1001
508.4926
519.6757
603.6805
560.3086
562.4075
546.2157
570.766
508.3511
566.1372
567.7017
514.8037
607.08
570.0001
570.662
532.9303
562.2514
551.8323
557.4741
562.6335
606.6619
543.4419
568.8587
565.0006
562.8569
564.1868
582.8424
561.1225
575.2186
560.4668
552.978
528.8077
549.3764
553.4495
531.4444
565.0321
535.3467
563.8743
537.1015
549.5656
571.3753
573.2611
593.5461
579.72
548.5035
582.0121
567.579
586.2347
552.4327
553.8865
584.9372
559.6069
585.7588
546.5626
557.7587
604.3133
540.2106
567.9012
546.784
551.5297
552.7987
585.5385
557.3677
545.71
545.9268
569.0648
574.2534
551.4383
590.249
584.6207
556.2126
579.9655
556.6288
592.4382
548.1339
526.6539
543.723
571.6403
623.0855
561.8155
549.8467
563.7779
582.3402
584.1512
580.5251
560.7314
537.0066
525.2158
555.9811
557.6642
582.5846
587.4984
554.613
585.0449
577.1166
570.7133
540.5994
568.1041
557.42
531.9011
547.6347
552.8888
560.8253
585.2312
579.488
560.3288
536.1327
540.5191
560.4291
572.1693
575.4807
557.3644
572.7015
559.0957
522.4852
543.252
529.5635
571.1788
590.0685
607.0046
592.1138
562.0225
546.6611
547.7762
541.2622
564.066
580.22
575.8621
559.4071
550.8913
568.0118
560.3375
599.5841
586.1169
554.9939
544.453
564.1544
558.1549
547.7934
588.0963
568.8741
563.5265
533.3333
608.6222
559.3455
613.5995
557.7942
588.4614
583.9089
563.7979
541.0743
585.4463
579.0567
597.5366
564.5016
553.1569
538.0938
550.3374
563.4344
568.3245
554.2186
541.6982
545.716
576.2886
547.4421
545.6624
579.5465
593.9961
598.251
571.6774
578.3924
552.4324
512.5344
614.6764
580.8086
565.0255
576.9341
558.6575
542.3348
571.4971
567.2558
575.6691
580.73
565.6088
601.4664
576.8163
581.0222
569.463
535.3701
556.0568
554.9568
569.2375
555.3257
573.8578
563.1688
595.7432
567.9715
563.554
557.5967
570.3615
566.9549
565.6503
602.0825
557.9481
524.55
593.3455
579.3241
537.9392
577.4493
555.3082
595.7926
572.1713
596.3479
540.6052
569.1465
572.9212
558.4847
568.8054
594.4962
593.3934
571.3725
575.2172
542.963
593.9942
572.1442
533.7416
576.526
538.6984
557.5397
582.8449
574.9661
599.9938
599.5588
559.728
536.7988
564.1503
551.2782
558.215
516.1284
561.1901
573.7281
600.1228
537.1979
589.0582
531.1836
617.3182
520.0034
562.886
586.9066
562.1617
572.9342
568.6311
558.3494
578.2286
583.723
582.8297
576.3959
565.1283
568.7769
540.8483
572.4516
552.6359
618.9039
591.4231
555.3893
549.3171
583.5393
540.3518
558.403
536.9174
570.2033
572.5388
588.5121
518.7974
582.0853
545.0014
541.1398
540.5719
560.6387
570.1832
586.6735
579.4806
541.5168
547.6774
574.2203
539.853
584.1563
579.9975
548.2165
550.6998
599.6147
559.7194
600.5414
561.3178
587.5347
572.0221
575.2846
519.9231
546.4248
557.3733
556.0805
572.9699
597.0255
586.0464
518.3892
594.0138
562.919
568.1933
537.0131
554.5379
563.3984
547.21
562.4088
590.6872
572.1166
573.8571
580.8893
563.1095
545.7589
602.1628
560.6846
568.1875
547.6202
542.6463
568.7986
552.6317
571.57
569.7137
568.7369
555.311
571.5664
552.4977
564.1495
576.0354
593.9281
606.1296
614.4381
549.7292
557.1955
552.237
553.8979
537.5975
575.6875
519.8054
576.996
518.2443
553.7718
573.1071
546.8366
515.6
573.2936
609.5632
575.3313
557.3492
575.5562
555.4159
618.9715
602.2701
537.1021
563.4771
581.3775
564.6908
578.5277
567.9464
619.4695
550.7752
536.7612
600.8606
558.5258
571.5453
547.8512
524.0606
548.5987
547.5984
588.5834
607.5795
597.399
568.4854
566.5774
561.6181
536.7439
504.4519
544.1148
584.94
558.311
535.3012
593.9609
543.7675
560.7266
527.1928
571.3536
568.0143
572.3201
556.3056
560.1799
547.9418
533.2812
598.2747
557.8188
579.5869
584.5128
554.182
543.2051
562.0224
556.478
584.4757
580.2415
551.7491
590.6041
567.8332
596.4917
576.2569
565.2671
608.7348
551.5791
552.172
553.4781
565.2256
562.4192
531.2197
544.9826
542.1908
587.4487
592.958
568.5989
589.1546
550.425
559.318
573.8166
612.5159
553.8768
529.1973
570.5112
577.6853
543.0483
577.1727
569.0788
541.6865
591.6903
544.1843
593.1011
545.8291
578.7292
559.5863
587.7171
546.1035
595.1975
527.7297
558.2562
569.0579
565.679
552.722
553.6031
533.4607
572.489
557.7191
572.2861
606.6298
615.1333
565.6964
586.2602
575.9557
554.0821
573.2482
555.6479
588.5557
557.763
564.9185
575.4071
566.9893
526.6879
553.8144
542.839
561.7656
550.2041
578.0154
558.8694
552.2382
587.7957
558.7476
570.9558
561.1615
555.6684
549.2474
581.2449
558.7221
527.5091
561.2812
586.1633
577.0892
571.0681
579.6445
569.3866
543.2321
581.231
578.9594
590.6433
566.7609
584.4582
528.9994
545.4785
535.4771
546.7421
590.6803
535.7853
613.8571
548.0347
556.8903
593.8039
558.807
558.2672
555.185
561.531
561.5035
598.4172
552.4396
550.9312
561.2354
559.746
584.9824
556.2741
555.8125
572.7924
557.4935
555.6412
584.5667
550.2496
559.3831
600.1969
548.5591
551.8205
575.7754
569.0588
537.3016
537.3358
555.2051
549.9472
557.5455
545.5671
590.8977
549.4455
578.1968
574.1803
586.644
613.1491
594.9578
584.6891
561.2386
586.1483
595.7941
577.823
569.3051
524.4312
589.7054
587.5055
544.7092
569.0101
563.298
528.7137
613.4906
550.185
559.6209
532.5629
552.1891
568.6357
553.2437
582.836
545.9389
528.2781
585.7761
538.6637
569.5957
574.8139
540.1786
567.4418
565.3187
563.8515
574.5182
558.4813
571.748
557.1432
556.6314
583.2569
573.9922
607.3896
568.0589
580.8856
564.0148
572.2067
576.3462
557.6314
581.3946
581.631
561.9005
574.1765
539.4662
568.7618
612.0542
583.4403
598.2674
539.6459
546.306
563.0024
594.1063
561.5306
563.4981
574.7125
557.1094
538.9995
589.7512
548.0779
582.3485
554.4987
589.1356
544.5481
576.3826
563.0741
562.2751
575.8933
589.8501
561.8048
553.311
510.1503
557.9025
554.2566
542.999
574.3068
549.5792
562.2562
574.4027
599.526
612.2673
563.3637
554.5536
580.4972
563.0691
576.0706
551.2862
547.2456
576.6515
549.7211
598.8591
557.2839
578.2504
578.9978
571.9413
553.038
561.7446
533.2724
576.6872
576.6412
566.0246
541.792
576.0234
601.1734
583.1734
586.1073
543.0832
582.8956
527.4458
568.7308
554.761
563.3964
557.0373
544.0839
604.3364
547.7258
604.8575
544.8818
590.3938
553.845
571.7199
527.4702
540.1093
574.1307
571.7731
583.2482
614.3209
587.3436
572.2423
566.9183
607.7554
599.5528
599.4667
501.3679
568.4489
585.6089
541.5889
547.927
543.4972
496.2403
574.9018
576.4852
570.4987
529.1429
578.5175
602.0527
566.2755
589.7559
567.6164
564.8426
560.1216
542.7725
543.6141
540.6279
544.214
596.0707
578.2797
548.8655
546.4369
590.6725
547.107
607.8676
573.2031
536.155
585.9846
566.0577
543.4244
541.0085
551.9398
573.0769
596.5729
596.2531
572.4188
550.345
532.622
560.885
568.3007
603.6792
584.1478
525.6373
562.7054
541.4159
544.8793
585.633
547.1624
561.4491
571.5513
529.3806
609.3179
546.0988
561.0078
544.5473
567.1649
560.9457
595.7673
575.8784
582.5178
545.9696
580.5908
550.7781
589.3554
525.5391
555.8401
545.0303
555.4291
567.0889
572.2792
569.2417
528.2984
543.8968
526.1085
524.4244
559.8553
582.6406
577.5454
528.5015
565.1067
530.3583
564.9343
596.5996
562.8175
552.3202
531.2706
546.9298
585.7006
580.4644
578.8655
564.9551
542.7171
585.5393
517.7668
566.002
555.7383
564.5358
541.3126
586.7313
546.8279
553.9095
580.8786
566.1125
530.2001
559.7716
556.484
574.4244
562.2404
570.6803
584.614
594.8637
558.3987
602.2307
563.5305
560.182
570.9943
565.9098
547.5855
588.994
554.9318
561.4286
560.0071
554.169
560.0348
591.6011
601.1463
589.1347
584.7231
560.3628
561.5865
548.0867
556.9627
587.3501
557.492
588.3228
569.5352
569.4462
578.3799
529.4739
557.605
558.6695
574.8998
561.9087
568.2848
573.4547
539.4175
555.9571
591.1964
548.1912
531.4427
550.8186
556.2979
570.7525
536.2209
582.5803
589.2301
585.5086
614.0102
590.556
557.4473
546.7216
539.7781
558.0101
534.0978
564.1692
529.4814
594.6398
588.1141
580.178
572.2658
544.3797
556.278
581.7698
603.6629
559.4938
546.3467
592.9478
523.3502
599.1202
573.9725
579.6787
559.3318
551.8518
552.7378
577.5162
550.9255
584.7757
578.837
576.947
557.4182
540.7061
570.3231
537.2878
559.814
616.6097
540.2628
556.0526
583.0204
558.2911
565.8066
539.6522
576.51
584.8668
567.8629
593.7097
544.9832
585.1512
569.6842
562.3912
565.6887
578.2447
576.292
542.9848
562.2463
616.516
575.8582
587.613
569.7394
595.2372
571.5212
533.1826
544.6103
576.6665
530.6183
554.2762
606.4099
572.5137
574.7829
545.1655
572.0473
558.2612
592.5741
537.5676
555.9206
566.4425
580.2549
591.2025
584.7098
590.7644
547.8381
558.8867
573.4991
609.0174
577.3042
582.5128
625.5728
570.5512
519.6122
550.0968
560.9493
564.6054
615.0881
565.2871
567.8503
519.7747
524.6944
563.8745
572.8772
572.4178
519.6969
633.2107
565.7671
546.4634
551.6639
560.132
555.7317
560.8021
544.3629
545.2712
587.2314
565.2987
602.7136
574.076
568.8228
541.7772
545.8628
535.1056
588.992
555.7618
586.6783
582.5458
556.0962
561.0007
546.9183
561.1374
581.904
545.7531
556.7694
556.0571
562.7144
582.9875
556.7088
559.0441
573.5079
548.2623
573.8687
538.6197
597.5696
564.2229
571.4632
553.0525
579.5332
562.9163
581.0266
570.389
569.2213
568.1013
547.9598
574.8171
550.5259
596.9435
571.1083
566.8622
533.5246
563.5829
566.2628
579.9213
539.4587
562.3875
590.4651
556.9699
539.5641
561.8617
568.1285
575.5993
535.8648
561.458
538.336
581.5493
566.4554
544.0612
557.7562
572.804
579.4502
570.7295
617.9993
552.0589
548.086
575.5934
535.8813
576.3549
613.9499
570.9726
580.4038
570.2197
534.2537
586.5324
567.4401
581.1666
599.9022
568.8515
546.6422
604.6341
555.154
539.4363
583.2184
564.3488
569.7201
511.6858
568.9887
572.0046
552.6209
558.7372
575.398
550.1027
558.9887
547.3098
535.7523
566.3544
598.1953
537.0624
550.1504
575.4234
571.0644
566.5379
518.6434
569.7776
546.7881
562.6664
575.9119
592.7606
547.8504
568.21
592.3372
566.2899
544.8567
546.5799
553.1166
525.8329
559.1277
595.6052
559.6951
547.4608
554.8165
579.6349
583.3706
545.8985
560.2132
577.3634
578.4973
575.9263
579.7643
568.4826
583.4768
618.3215
583.8422
530.7439
582.0916
594.3396
557.4924
558.2639
587.0173
572.6631
596.1612
557.3049
583.5914
560.337
536.8678
572.0015
584.4493
566.6426
546.4504
548.728
578.4132
555.9101
570.0801
543.702
582.5155
568.8431
576.2852
590.3206
570.9753
575.0501
514.2304
572.3379
560.3246
599.2811
592.283
582.8142
571.2857
545.8677
542.7711
588.2065
580.641
570.3716
583.958
546.8472
567.7499
526.3083
571.2081
522.3067
547.5575
574.701
558.5604
573.9985
564.2195
558.4932
535.8282
583.7318
548.5323
576.4014
602.7599
561.6259
575.0566
620.4104
585.7516
550.1506
574.1294
593.1259
600.0567
590.8449
581.8553
542.9297
583.9442
561.7237
564.9695
538.6484
571.1603
578.5441
578.5766
572.304
568.6751
567.3009
537.9034
564.7498
533.1897
557.8716
590.7514
576.65
559.7386
580.2984
563.0829
550.2013
567.8549
558.8007
522.8658
558.744
546.427
571.1344
601.5855
518.1773
581.016
584.4152
569.2229
578.3299
540.7063
594.5245
570.8505
556.9892
579.7551
540.0087
560.2778
545.5592
611.2361
559.401
630.1828
563.4847
553.0156
546.9328
567.4218
554.8553
561.9131
576.0476
578.5249
570.8148
574.4989
535.9197
596.3783
561.6221
573.9077
598.9942
554.7321
583.2919
543.7965
557.7982
589.7
557.1589
555.0839
549.3779
579.6068
605.4126
564.9365
543.9616
567.6682
535.0586
559.3956
564.8346
568.7288
545.8878
584.7374
568.0019
561.0758
523.1172
608.1805
548.8539
548.2557
539.5665
572.5008
600.1494
537.6238
573.5911
553.5663
551.3215
547.2641
576.0043
578.7182
599.0098
607.2315
554.195
568.0546
587.1276
538.0734
549.0111
567.3497
545.5836
574.7403
562.0486
569.6617
544.7827
583.1293
562.7876
591.3643
527.7693
566.7703
568.4445
567.8374
558.8065
549.6
555.6318
587.2279
561.7076
570.6587
543.6733
565.3765
561.908
558.1774
551.2416
550.5283
558.9931
526.0695
552.8539
597.162
576.9331
563.7372
570.451
572.575
542.6211
552.5417
544.9935
564.8141
573.8375
579.1967
556.0188
548.2334
580.0083
547.5707
516.8381
529.0176
554.4212
580.1065
567.9803
570.5601
600.1349
556.7241
564.8465
581.0397
532.3012
551.7311
569.8595
559.112
567.2648
573.0359
592.0619
567.7896
557.0081
539.0497
548.1596
567.3619
572.0084
570.2985
599.9132
561.3386
577.4453
556.8208
525.9619
543.347
577.7412
580.8799
579.8175
582.7266
604.9426
581.9617
527.6094
588.5779
585.9949
561.9576
571.2611
562.6247
546.5306
572.5851
549.1764
579.1893
507.0345
552.3791
556.4394
536.0549
588.3831
590.8961
546.0402
560.3604
555.6834
575.1429
598.5681
600.8679
580.262
566.8496
516.4361
568.9229
574.9629
512.375
600.3494
614.0216
544.0695
583.7813
517.3261
544.9888
584.5551
545.097
546.3198
553.2092
597.3461
617.251
574.5896
571.9049
596.9668
533.1648
562.0923
590.3104
538.6328
594.3456
548.609
565.5364
557.7605
583.3253
559.0167
590.5252
541.9316
575.9463
542.1137
558.2604
594.6922
529.7113
589.6135
561.656
574.6027
567.1964
577.2048
580.6844
563.5582
559.2699
575.8806
580.7369
558.3819
547.039
559.15
542.5061
578.044
587.043
555.368
571.7805
555.4617
546.6095
602.9907
565.8619
567.0776
577.0678
560.0283
549.981
581.5639
561.9172
563.7349
589.6419
531.5994
584.3584
591.3639
600.2604
563.0537
570.1081
560.0553
588.0308
543.7063
565.2304
544.3706
557.1256
516.851
566.7047
564.533
572.4929
579.426
561.7766
548.2955
564.6664
583.3833
538.4444
579.3853
564.3327
558.1192
618.3847
620.7109
552.5519
580.0206
563.9918
560.4879
582.7231
568.7433
594.1221
556.2275
537.3117
570.4825
566.8505
582.6101
559.5429
585.1913
556.257
572.2507
568.6375
581.4168
549.7846
581.0603
582.6115
536.3834
583.1472
590.0681
532.1598
579.5511
521.7694
607.3566
598.1736
548.8041
547.6767
562.1718
568.4495
578.1739
579.1722
524.7649
578.9384
534.1315
582.9296
602.9188
595.5805
557.7107
570.3436
575.7766
562.0269
580.8785
573.0183
555.7361
543.1604
548.017
578.2098
570.6593
547.3535
580.995
556.8591
579.4201
578.5167
545.688
562.1472
534.6947
567.7142
534.3424
569.5647
581.8446
549.673
552.8294
545.3854
573.9171
577.6444
609.0564
602.0329
579.7743
548.7752
594.9413
570.3418
565.6493
570.7939
544.9252
560.447
587.9366
531.6348
569.6969
547.0852
558.0243
558.9948
553.1004
580.691
576.9267
584.3631
562.4543
569.1574
579.1419
557.6871
534.4052
534.5692
573.9531
584.1947
603.3856
562.3745
579.2086
571.3291
575.9616
577.2277
575.4025
577.1512
546.3794
595.7949
583.4876
569.1498
569.0234
518.8122
585.3647
553.1264
551.1525
536.0887
565.1114
557.3141
524.4386
551.4818
519.2009
574.5065
545.6999
531.0525
596.7789
584.6495
554.9028
568.9296
597.2163
614.0924
542.4977
513.7785
546.5561
548.0168
568.4136
564.6231
575.2893
576.4965
571.323
561.4704
579.6114
563.7104
547.3339
555.6927
543.2441
586.1642
583.5966
548.3489
530.4173
596.6173
571.0778
526.0584
583.8557
577.1909
591.413
560.4831
568.5607
547.5398
542.3402
579.3544
593.4609
579.2295
587.5563
576.814
538.6346
557.654
545.4435
579.1535
560.1975
573.0688
541.4297
574.8483
567.8328
584.1647
563.8125
593.0569
569.0679
565.1385
577.2652
600.6869
583.1615
560.0667
551.5727
573.1744
546.1749
563.132
577.0412
549.6503
550.0721
590.7052
570.7831
591.2127
600.8263
574.7625
591.9021
592.1126
517.6912
574.2543
552.6756
536.6557
519.8079
540.7173
570.6531
545.0932
562.836
552.9694
589.2872
560.0651
552.3006
562.0865
565.8293
581.9168
562.0567
569.7919
602.218
580.0095
548.6022
553.869
551.4712
566.4034
530.6255
585.4696
583.0168
584.4642
570.8425
532.0527
539.0666
598.0613
541.6171
576.0738
571.1906
611.7641
557.8248
588.2918
591.2801
554.6379
543.4031
580.1511
592.7132
565.0167
570.715
569.0242
546.1728
565.7989
542.2208
594.6098
590.0702
574.7252
554.9529
542.7829
548.1688
576.6014
522.927
570.4249
541.4697
580.8884
615.9293
527.6749
533.5231
551.3974
558.9258
578.2325
562.9849
545.3541
569.8201
544.8045
556.1265
572.7244
579.7199
581.1879
546.6933
584.9039
544.0096
551.553
518.6709
530.4001
552.7179
546.402
569.1128
575.404
563.2174
581.872
599.0397
607.4569
557.2123
563.574
575.1631
532.5209
583.2176
561.7297
578.0204
534.6087
553.0883
593.9827
566.6044
559.7433
572.45
537.1645
585.5838
566.456
541.611
565.6074
592.5851
558.9691
578.05
603.4442
558.1335
568.7028
570.403
545.9271
561.8144
607.6849
541.6993
525.9198
551.1073
566.3954
580.7106
560.6835
567.7465
573.8784
524.1443
560.888
574.874
589.9503
559.2626
529.3194
543.643
579.2203
566.4409
561.3334
574.9828
524.8561
552.8378
535.8992
549.9263
538.8196
603.6838
562.9606
565.8485
537.3959
541.5248
552.4233
578.6027
557.8426
557.4196
537.3339
571.0241
563.3418
567.5276
570.3377
570.5023
561.9769
577.1124
552.1494
580.0932
549.5938
545.7021
549.145
558.6992
558.1321
556.458
551.6353
580.231
557.0767
550.4043
598.8341
565.4466
582.6139
574.4351
551.6994
566.9485
579.0776
608.7537
547.3975
564.5603
566.3907
564.0434
570.8012
578.4534
597.4142
526.7622
576.5117
588.7539
577.7563
563.0714
573.8283
570.7493
536.7327
580.3146
566.0313
587.0973
547.2755
545.9044
588.5423
576.5889
539.8922
604.7519
543.7322
559.2367
593.247
550.5967
553.0387
541.8816
536.3222
579.0852
568.481
554.1511
561.3101
565.9748
542.2331
543.4746
572.1884
564.9866
542.9493
534.9353
592.6661
601.8329
608.7109
564.6264
546.3783
556.9001
616.0486
539.9438
597.4255
571.0938
607.0839
598.4613
590.9285
583.5238
535.9291
583.0271
533.5923
578.3587
566.2941
581.811
558.5334
548.1614
558.942
589.1713
544.0967
558.5102
586.9177
561.1003
559.0094
560.55
566.1678
556.5309
586.5683
542.0704
528.3215
532.8811
562.7932
563.4971
535.9319
542.7537
529.0615
506.9841
583.4758
554.9967
515.9418
577.2884
549.6153
576.7055
559.8977
558.8394
592.4419
539.4339
555.8535
542.4014
554.6866
539.6372
569.4447
599.8552
562.3523
560.9914
565.2906
566.262
548.271
565.8492
589.1805
536.7798
553.9285
556.373
553.0845
591.831
564.4118
599.6387
563.9235
565.4977
549.947
553.5004
576.5977
538.0894
563.5098
555.0787
550.5826
568.5849
560.2983
550.471
540.32
586.4388
549.0656
562.0651
561.5793
570.0225
559.0454
569.6533
553.1519
554.0598
571.3012
548.631
601.6335
532.3955
560.7235
577.6225
567.146
557.1119
561.443
542.256
585.405
585.6388
558.425
570.8393
591.0114
585.2852
573.103
545.4534
549.5182
570.1268
548.1345
571.7935
552.0219
553.3969
557.951
566.3289
550.7557
560.293
604.6504
610.0855
574.695
575.5473
560.7838
563.6754
540.0311
550.2591
569.8194
556.6599
553.7187
573.419
565.3487
597.9924
533.7342
574.2467
559.421
576.5327
558.2262
541.0496
572.8392
555.6896
542.7992
563.4499
548.1656
564.8285
549.6204
545.7567
543.0953
544.0053
573.3144
537.7324
545.4668
566.3497
558.5813
550.0039
550.575
562.2226
549.192
546.6077
567.8461
553.4266
511.621
582.418
579.0774
566.3835
532.8927
580.5285
542.9313
574.9913
579.3481
599.8055
553.9444
586.8541
592.3698
580.0758
556.9557
600.3295
572.7059
541.4864
504.5445
577.0429
551.6883
597.6288
573.8473
525.6612
557.061
537.5576
593.9402
544.3512
566.5582
572.423
574.9331
568.413
547.9626
558.8878
562.2579
555.6467
567.2558
555.9969
570.0488
572.3968
552.2384
536.9339
568.0966
595.4567
531.1558
570.767
546.7125
558.1851
529.7886
575.8255
565.5828
558.2298
560.2278
560.9964
568.0217
569.6004
573.516
567.806
547.1179
593.2794
585.7659
564.2878
564.4469
548.1398
575.7281
568.3383
528.2788
584.9061
556.429
558.6493
593.7339
580.3425
563.0623
541.7487
561.1497
568.4779
526.5785
566.336
544.6771
589.2353
518.8564
577.8602
548.7408
548.4916
577.6077
572.7854
576.9009
544.7122
591.6009
597.8809
566.5402
551.7005
567.2414
560.6524
545.0884
567.9032
573.9869
583.3621
526.9728
575.1929
582.1954
545.4814
536.953
565.7631
590.5164
580.3726
587.6006
559.7161
587.4778
515.8427
568.7803
565.9518
574.575
556.3228
559.7427
564.5822
549.6207
583.5584
501.5127
570.338
541.79
574.0913
604.5943
537.7687
542.6918
563.6894
549.2152
562.4838
581.3104
593.4922
562.2851
555.7026
589.4537
572.2424
557.7998
579.1606
594.709
581.9495
568.9842
613.3117
565.0557
613.4129
560.1722
577.075
540.6085
558.6945
569.0811
549.1008
558.3085
583.8611
604.8949
550.4496
584.0018
558.8101
581.3161
549.8127
543.3149
568.0052
536.6614
537.8923
561.072
576.3063
534.4996
562.9429
539.4847
573.0992
558.8538
602.0183
569.1265
574.723
580.5872
612.7414
571.2524
532.55
544.7837
543.253
574.8494
600.4676
571.8802
556.9507
570.0457
562.9204
573.5457
549.1511
537.1521
589.921
540.7537
551.1137
564.8578
552.8438
590.2001
598.7106
565.746
581.384
562.6252
558.501
583.4981
589.9282
526.1363
579.4799
552.961
552.9394
568.9499
578.7706
607.7302
547.5317
548.4497
578.9194
551.4758
550.3976
573.5107
565.2273
579.2555
544.3082
538.7841
534.3443
560.086
536.506
538.3322
581.8233
547.0628
563.1399
589.78
571.3095
556.9971
594.057
599.5568
566.5424
587.9399
553.1051
556.071
569.0687
556.7176
550.3008
537.4736
572.0577
544.222
583.4198
562.1422
537.0312
589.6428
581.6279
580.606
537.8021
563.1125
556.7211
580.4406
562.5599
558.6266
569.1297
557.4493
592.1557
550.7661
554.7734
585.2182
583.3992
560.2549
535.6846
551.8535
561.2889
541.1376
565.5342
566.6798
564.2124
554.2911
581.3569
574.1123
553.3055
556.7313
583.2034
583.361
592.1855
535.8681
568.0186
567.7318
555.9595
555.7398
548.4398
578.2783
566.1131
551.1117
566.8476
545.8545
548.2592
558.7593
546.8756
600.1295
558.6684
563.1232
549.8359
565.5858
556.1143
569.7476
563.7318
573.2233
585.9031
569.0112
559.3618
581.5665
569.7868
543.1574
545.8807
580.9148
588.4983
558.3835
549.8949
592.1599
599.9298
588.0925
571.005
558.6875
524.2005
583.474
580.2512
554.4679
589.3106
586.9655
595.2837
546.1637
545.3365
567.18
540.2494
541.3555
542.8107
559.3023
574.0839
593.3278
555.517
565.025
552.8297
563.659
576.8231
538.6929
592.7361
567.3961
542.4435
571.4245
564.9355
543.6116
527.6529
555.4264
567.9379
560.2989
575.6971
537.9856
579.5718
581.1667
582.2504
557.6361
534.5397
610.6219
577.1615
576.2404
568.0027
535.8478
538.2887
572.886
518.7026
552.9621
564.6503
546.1105
568.564
610.3414
565.2283
564.2339
533.4537
586.3491
545.498
548.9648
540.1543
615.3431
552.4201
558.9186
552.164
571.7746
568.3745
545.9289
560.4859
563.7093
523.4344
547.4792
611.1059
591.6838
555.9025
561.4222
594.062
542.7212
550.735
549.6159
540.413
537.4942
517.2468
532.7176
607.4312
576.6612
620.7339
571.5805
524.9869
585.5167
545.1238
570.3907
599.6054
614.6565
537.9006
585.9525
584.2569
566.7232
587.0431
506.9861
576.1338
571.082
545.3493
580.3799
573.6231
587.9273
596.9765
561.1703
575.9903
571.9285
549.9258
530.0487
557.8631
576.6717
575.0413
537.0648
557.2797
592.264
588.23
609.4547
564.1151
587.798
559.9562
535.724
584.6657
554.4229
564.0074
528.3506
560.2567
587.8826
587.9661
559.7551
568.0043
545.423
575.6917
540.1483
587.2278
569.8247
535.0526
544.1561
578.3565
540.8976
550.1149
565.5883
568.4273
576.0224
609.9585
563.2065
589.4336
583.0124
585.6822
558.0453
575.1661
534.2228
570.9085
570.9017
589.0185
568.1798
537.9579
563.2339
563.3945
547.0458
572.9949
546.6017
567.6411
539.064
547.2133
526.9145
578.4681
507.9105
579.7323
572.6872
580.3491
571.9904
538.3411
555.7711
562.3598
538.8152
566.7616
559.8165
574.8544
606.4316
574.9687
557.6743
573.8017
570.1557
579.0741
590.1899
576.4647
554.2777
533.7468
529.8277
570.8478
564.4157
526.823
592.8576
586.8662
533.9666
605.7317
546.3383
578.9193
520.3747
553.3671
587.2682
561.8724
565.3981
545.7172
549.3518
581.6732
548.1995
559.6954
649.8128
550.4839
547.403
567.4646
566.6198
577.2981
590.324
559.6482
592.8759
581.5808
559.2938
548.7011
587.8836
567.9438
539.5921
549.6462
590.136
550.4268
591.2884
588.644
575.1095
543.0264
538.2796
581.7323
541.7184
547.6937
519.3509
582.4814
589.5153
597.9453
558.6084
554.3828
579.4836
566.7587
599.214
506.2162
577.3996
595.5654
539.9449
566.8453
605.4201
561.581
603.9569
558.301
596.9736
575.744
581.4237
574.4739
568.3273
565.1842
617.3756
588.1659
568.9491
563.9234
495.2367
572.9617
524.4022
566.9625
558.9067
549.2435
553.9817
564.1778
558.6771
583.8837
522.6746
547.5398
575.1939
531.2166
542.3448
572.7018
569.4092
607.6134
572.81
522.386
587.5747
554.8371
560.9035
573.2811
587.1197
570.6852
554.6297
606.1574
542.595
555.9163
545.6485
559.9381
567.1558
563.6252
553.6424
538.2325
544.2043
577.4734
554.3734
598.6452
568.4356
529.4761
579.1839
561.5479
542.2978
583.1628
555.4368
531.0457
548.7419
564.15
579.692
560.8194
552.9574
577.2488
564.0247
581.3168
568.1268
571.9817
535.8367
558.6211
513.4001
554.5592
569.0857
552.8316
545.826
585.2344
562.3893
546.5706
583.9238
560.3937
574.4927
556.8764
566.84
575.9397
545.2416
532.3458
548.3409
576.406
558.2617
575.5657
536.163
568.7228
598.0648
579.2833
573.6826
593.3555
548.6313
586.0225
520.0924
584.6083
567.2825
502.9339
542.9099
570.3817
591.9854
557.3875
567.5501
518.341
594.788
534.0803
568.8673
565.2862
603.7723
571.7551
595.2216
600.5904
554.4757
569.7199
580.1304
576.4664
589.1431
543.0212
566.9299
583.0572
552.5463
543.9607
574.1397
568.7123
569.1191
539.1157
555.6512
539.0297
581.3089
562.013
565.0474
544.5561
599.6146
549.073
562.3066
583.9155
584.5728
563.5549
533.6437
627.564
557.3825
550.82
587.0757
579.9978
615.9505
551.058
574.9133
592.1293
547.9202
581.7708
573.7303
561.064
561.3424
576.6347
591.2508
559.3201
601.0014
555.165
561.6003
584.4439
520.8612
596.271
539.655
559.6029
563.7391
568.3566
573.0384
583.7415
595.9367
575.6432
539.7273
544.5161
561.4243
595.2993
568.544
583.8284
499.1681
582.8443
592.5136
569.2962
557.7862
538.6045
555.7926
559.0097
582.9573
575.0139
562.5277
580.6378
589.2837
550.7638
537.5133
573.998
547.8561
558.2395
552.6938
565.0199
538.4731
586.754
570.3815
566.5728
557.5546
549.5792
552.5616
574.8444
545.0231
547.5987
563.3959
594.1127
530.6358
530.5551
555.9779
587.1925
572.7966
557.7621
554.584
556.7694
559.8692
566.1851
579.7122
553.6296
578.3885
542.9757
570.4549
550.3092
558.2852
577.429
539.7808
536.7771
606.3048
594.8876
552.6104
522.8522
542.332
537.5088
586.1245
604.8253
592.1184
549.7277
561.0449
546.3248
545.4439
539.3766
587.8608
604.8141
548.4596
582.0184
537.6497
572.3344
538.551
561.1039
634.5346
548.3405
579.4429
555.7462
604.1199
535.0164
515.5511
558.8906
509.0499
542.1147
544.7289
557.9811
601.4718
553.2814
561.3086
573.2028
560.8138
593.9122
545.094
565.4569
557.5752
505.9495
585.8607
557.333
593.502
553.2672
548.3452
585.4249
604.0434
532.8546
561.1357
539.5159
530.6062
566.1645
569.049
590.5419
545.8194
549.6852
598.0628
554.7268
586.7944
584.8519
579.828
552.2614
533.2989
554.9652
590.9679
580.9908
571.5887
556.8299
604.4181
568.8137
545.5035
543.5922
552.4887
531.7375
546.9732
553.2545
568.8643
557.6983
554.2842
573.1109
578.0427
578.5864
534.0219
572.599
597.6551
548.7606
577.8609
583.1216
535.847
548.3247
572.7069
547.3924
571.4888
545.5292
564.3196
546.9825
559.7302
568.7346
590.6024
554.3448
578.7886
539.2076
537.571
562.9462
549.1552
605.2318
577.563
562.6651
568.1138
545.8958
590.7283
624.8826
556.8305
565.4246
581.0633
561.8546
529.243
572.2802
577.5007
575.6835
585.7935
638.2859
567.7102
529.3054
578.5682
527.6977
596.7397
563.417
606.5258
591.5631
566.34
534.7596
562.9428
564.5937
554.8125
529.7607
535.7187
591.2634
562.4583
552.3036
556.7426
586.4695
566.2522
555.305
570.9919
578.8717
568.605
548.8224
556.7275
589.3428
578.9961
540.6865
530.6593
552.7226
592.491
553.8543
556.2625
568.3151
546.0553
540.6353
554.2308
550.7686
593.4179
566.758
550.7341
554.8747
581.115
568.6521
574.6433
571.145
554.2936
584.484
567.4995
556.8454
590.4037
575.232
571.22
575.3345
532.9538
589.3299
550.7616
563.9102
561.5147
572.0904
580.9623
553.4722
556.1405
580.8563
556.7422
551.9552
588.8954
553.6641
561.0392
568.2876
576.5485
574.921
565.2379
591.0594
542.4449
585.3843
567.2844
535.0055
604.6218
564.8637
592.1986
557.8388
531.2303
577.4878
540.9194
566.7802
602.2895
551.2218
570.9958
558.2746
585.5189
532.4672
557.9471
562.939
549.1792
567.7705
559.0089
549.0308
575.9266
563.6421
551.2466
562.8934
563.1813
562.5629
566.0036
584.7726
565.7762
580.0287
535.4422
549.4157
598.2622
589.9182
564.7863
521.2509
552.2591
563.513
583.2986
557.5702
568.4622
580.0999
535.3742
567.1562
537.8325
564.6876
572.0805
577.0581
560.156
563.9322
566.9146
561.7125
543.6007
589.918
531.1326
550.9107
573.1146
560.0616
561.4133
592.3329
555.26
568.311
566.0357
565.0761
557.1469
558.0778
559.3986
565.5178
574.2522
559.3219
547.6983
533.9694
563.4814
577.8204
542.1282
560.7263
580.7204
569.7611
551.1826
584.4916
575.6165
547.7356
594.1551
563.864
546.4417
581.2457
560.9946
546.655
573.0835
581.8032
564.4227
569.2323
531.6795
570.8953
538.7889
574.2476
587.3913
545.6033
578.5549
533.4102
562.0771
581.7978
569.7772
572.1212
564.8568
561.2231
570.8099
578.1479
560.5114
526.603
573.5345
569.1303
504.6542
573.384
563.494
581.9515
573.155
531.317
572.614
548.1027
549.1698
615.2789
541.8546
621.2042
582.6399
582.7674
555.6081
580.5772
586.2417
526.5182
539.1248
587.2098
543.1003
581.4449
562.9056
548.4986
560.9962
579.2694
585.3269
550.6756
571.499
568.6741
560.1403
585.1788
561.8659
567.3056
575.0076
536.3506
583.1825
549.5571
580.6788
565.625
542.8376
564.9882
571.3517
546.1324
555.3857
587.4791
555.6116
528.6848
560.0673
563.4445
596.7631
559.9587
590.9523
595.5903
594.7547
555.2474
549.8418
559.6308
566.8943
552.1517
561.4253
554.9715
552.3764
546.3156
581.9647
579.9818
575.6625
571.1278
577.5068
559.0236
559.3282
595.3741
552.8945
512.5306
580.3104
552.2606
596.6542
575.8833
592.7702
550.5537
597.3449
552.4459
552.895
558.5113
562.2102
526.0191
548.2705
551.7113
596.8284
608.1307
581.149
571.6864
591.805
587.1227
553.0863
555.8213
511.9649
558.1077
550.8297
560.5477
540.3253
570.2563
542.2738
570.21
544.9384
547.5509
553.0788
536.5168
548.9501
527.4504
562.0938
557.1955
545.6568
564.9164
575.7386
585.4306
572.0755
592.4977
544.1365
561.342
570.028
556.4942
552.1168
560.3022
577.3524
561.3419
555.1331
565.3936
561.0607
578.9039
567.4349
541.3397
564.3735
587.8914
551.3642
578.0685
574.3742
575.4354
557.9401
614.6682
529.7513
552.1297
558.358
583.939
581.7401
578.4537
618.5243
578.9284
554.8654
602.9478
572.9012
552.281
576.9293
602.4152
548.3414
574.4472
535.2785
567.7634
560.194
576.9987
575.0531
550.7761
588.7786
550.301
596.059
552.0043
580.4901
607.1439
553.2156
574.4158
553.6764
540.8376
561.4926
574.9944
564.3821
578.639
592.9432
560.0072
567.8723
556.4442
578.128
553.1694
559.6281
556.1689
576.8206
578.6371
532.5208
529.6141
601.1313
590.0809
541.032
570.4213
542.6285
553.1943
574.1188
567.5879
550.4344
601.2668
563.5529
588.0344
575.6538
575.6487
581.4385
550.5984
572.7085
584.625
571.0703
588.0806
578.5398
567.8759
568.9412
532.7184
534.6367
557.4183
563.5471
551.7516
575.822
570.7768
572.5857
563.9046
540.2265
537.1097
555.4838
573.0286
604.457
518.5024
579.1286
508.2157
581.504
530.3085
578.2851
548.8142
582.0422
595.8009
575.1053
548.1749
545.5019
563.7848
578.7587
549.8198
542.4678
577.9596
601.646
568.0753
596.9918
580.0737
551.5199
585.7545
578.1472
586.9855
546.7494
589.5517
565.1095
559.9237
582.0558
618.5215
564.7959
583.6602
589.1126
581.7143
583.741
577.1728
591.4077
568.8058
596.3739
578.9292
553.3192
557.4396
572.0064
552.2265
607.3146
604.5823
572.1476
581.2993
577.1633
546.5273
573.3138
584.5354
598.8023
572.2132
564.8235
600.5545
557.3963
622.0923
567.1102
613.285
522.6408
608.4328
571.3196
546.5304
566.825
562.087
562.7337
586.6375
623.6844
556.7044
569.193
597.3826
558.3752
534.345
600.2844
578.8395
596.0708
567.203
559.9374
549.5725
550.0512
583.5826
570.3754
569.878
551.9954
567.4459
546.0151
566.2912
571.26
562.7421
603.2177
540.4372
555.9714
547.3357
578.8778
554.9344
536.1446
570.0649
533.4054
537.3303
532.5859
549.3421
563.3014
560.1013
561.5589
575.5253
567.9677
581.8131
561.9338
562.8645
581.3071
566.6075
568.1878
537.5383
563.8619
571.4606
560.263
561.943
588.0956
541.6281
552.6352
525.4656
587.1094
598.5657
581.7613
546.5454
553.8512
568.4544
552.0854
531.3064
567.7125
540.6746
602.3271
552.557
592.4005
545.9023
577.5003
568.9182
555.7179
566.4979
582.9399
568.919
589.4544
530.6512
543.2233
529.2477
549.6841
590.0207
542.1876
569.4857
578.9999
574.1321
601.0901
542.1123
588.299
550.3812
546.3799
559.1663
573.577
559.7648
575.6238
568.1064
588.2568
539.0203
579.1354
596.4405
587.3857
540.1344
589.562
539.9903
599.4877
570.5548
587.7133
572.0145
584.7269
569.1603
528.3503
561.1636
590.4931
571.6123
578.3011
501.1288
550.1866
552.6721
597.6523
534.9855
561.9353
570.866
554.7067
551.9472
574.8433
591.751
556.971
572.985
539.0499
566.5215
557.8097
557.3583
561.178
567.9196
566.13
571.2242
591.7065
540.4027
560.0265
572.5353
569.273
562.2306
589.9002
582.1835
577.4
552.345
553.9941
547.4455
542.5419
595.3267
533.0624
590.5598
525.1926
578.5344
562.2215
554.2181
556.9144
556.3705
589.943
594.4474
552.5374
548.452
582.622
587.6267
537.8071
596.0801
575.4937
569.3315
530.9949
577.826
563.2934
570.1832
549.3685
545.2912
535.2335
561.3594
579.3177
599.3265
560.5411
572.893
582.6634
517.9851
599.1479
553.2005
533.4322
557.6699
566.5645
593.7554
557.3553
557.7478
548.9396
561.897
574.0187
584.9119
566.6696
581.8466
621.2296
556.0086
548.5874
549.0514
568.0514
551.7652
551.1655
560.1442
588.9171
557.1686
535.979
585.6756
559.902
596.99
576.4582
562.8952
523.9163
572.1371
572.7376
600.009
582.191
535.9937
546.9831
565.7636
510.1904
590.3868
561.5292
558.0862
571.8943
590.2649
546.7949
529.8129
560.6498
586.6466
562.7381
567.553
571.1643
553.9179
585.4822
537.374
556.6065
574.6533
553.0242
554.4034
609.6533
568.82
590.6103
564.591
576.0379
556.2562
551.5993
583.7837
532.945
552.7579
571.013
585.6257
590.1095
588.6184
585.8813
543.279
585.5033
560.5382
579.9867
553.5667
567.9928
561.0836
557.0595
544.3433
570.3677
546.7366
550.9654
539.4516
542.6414
575.2414
585.0565
592.6641
588.1619
557.4693
582.2745
566.1063
569.3534
553.7698
543.6854
555.1236
571.992
627.0042
588.3745
586.8087
568.8291
589.176
568.3734
586.3752
539.4456
557.7527
610.9064
570.0773
543.602
524.5718
523.6861
559.1376
539.9578
561.5416
566.8172
548.394
598.8563
527.8938
575.8578
571.9375
574.8601
591.2169
541.1888
568.765
545.6634
568.2393
560.7449
582.1317
572.4264
537.734
564.2783
605.9835
564.9771
573.9632
558.9942
554.233
588.7271
576.8624
580.4447
565.4145
549.3638
555.1452
565.7347
554.9465
542.7666
580.323
577.9326
550.0061
566.5017
538.5498
561.6388
554.3921
562.7139
570.2178
570.1537
549.4692
578.9031
562.3949
565.9745
541.0055
568.3659
558.0138
546.8782
564.1431
578.1299
602.3668
588.7694
564.0396
583.5413
596.7277
580.7013
607.2041
571.1802
554.5407
508.6215
590.6865
556.9717
555.3794
600.4161
554.4372
550.5297
568.5071
518.4318
545.9539
536.0612
566.9157
558.3939
574.4084
575.4043
536.5644
568.4484
537.8412
574.1496
570.5293
571.5553
554.8377
513.2696
544.7335
567.7533
548.9632
545.1243
549.8736
598.3546
563.0733
553.4497
545.7497
579.088
586.207
563.1676
552.6657
556.2664
563.692
533.8002
543.831
542.3567
571.2411
597.2336
587.9103
544.75
542.8657
556.5446
591.7789
550.7213
588.0189
544.1276
536.3483
523.5719
534.01
568.9475
553.354
548.2093
567.1625
590.3377
550.708
533.5283
576.9712
521.3835
574.8466
575.7052
580.5067
552.359
583.1953
553.442
577.127
568.3166
545.8194
520.342
573.5267
573.5739
589.8023
574.6213
556.9886
563.7128
587.1224
571.793
584.9923
572.1785
558.438
580.0687
570.628
578.9471
575.6411
559.081
563.1268
556.4822
578.9052
571.8291
572.2185
553.6192
549.3358
573.0617
557.2106
574.6324
577.7754
589.9157
573.9884
561.7032
548.1635
583.1555
556.0697
569.2809
547.5346
603.0669
576.8393
557.2835
580.0714
589.6894
555.2483
549.6176
592.7504
577.5433
602.5042
579.0622
594.1212
575.5774
535.7276
576.08
588.2432
573.334
582.2708
560.1875
553.8617
572.4309
569.8748
564.462
564.8662
534.5847
553.5803
585.3671
567.3278
613.3216
510.0067
574.7722
549.7446
549.5751
560.7863
542.118
549.4685
561.8119
599.4385
562.6576
561.1539
547.1402
570.0009
579.7941
588.0823
582.2435
531.5156
576.9006
565.7713
535.6722
554.3856
597.4543
582.5351
556.1399
526.7546
569.366
558.2981
558.1939
546.8056
561.8712
570.8201
577.3251
552.4322
577.8707
557.9686
549.805
519.807
601.3045
546.993
557.8128
557.575
548.8237
532.3731
558.365
573.114
553.5309
574.1439
526.3809
592.1931
530.8301
573.9373
579.086
551.0771
589.5343
554.6143
571.8951
581.7973
552.9075
601.7559
585.2186
584.8331
514.496
597.2547
549.3941
593.3997
583.257
603.6169
552.0874
581.9937
546.7056
590.1415
546.4181
594.6364
578.8499
546.9985
545.7032
558.6799
591.6422
509.6387
546.5095
598.6502
565.1161
518.4813
609.304
553.9583
575.7238
565.0192
562.8592
577.5722
560.579
553.6476
532.7411
584.2362
550.7942
538.461
569.4449
534.6142
577.3338
585.8294
543.919
572.3114
565.0447
568.6967
565.7032
568.0224
586.2847
556.3711
557.8224
560.7389
553.1898
566.3944
569.9289
554.505
578.1483
561.3974
589.4147
579.8122
561.819
585.0077
599.7088
547.3008
581.8932
551.805
513.0291
573.0785
560.0479
552.3928
553.6866
583.7905
557.8223
589.7894
556.843
576.5362
536.3366
545.905
562.3508
570.7524
576.5908
591.0181
598.1405
549.1949
544.7451
575.5792
569.9697
588.7753
551.1123
585.656
511.9409
532.4689
537.245
551.8319
612.8678
575.9017
544.7324
567.4931
565.1001
554.7005
568.7702
597.6277
566.3448
535.5131
555.457
530.4022
523.7947
561.5757
530.7706
526.0099
558.985
554.0522
518.943
593.7143
578.4927
567.755
565.2243
563.0666
543.3439
551.5394
566.5971
548.8174
585.8911
569.1928
569.2111
538.9186
548.9029
526.9558
585.4759
543.7106
537.0801
570.6437
576.1508
571.9674
573.4723
571.355
528.7333
507.8111
556.0643
554.9412
601.8174
548.0654
582.0652
563.0413
556.3591
565.7617
563.8027
561.6091
575.5617
496.9638
551.8872
561.2767
558.2704
552.9677
599.2929
552.7527
574.8741
576.2556
550.6208
564.7778
557.3932
590.4814
563.7653
576.469
565.9776
557.8871
583.0276
592.0013
596.4672
525.6172
566.5943
540.6182
579.483
540.2879
552.5184
585.354
567.9929
559.2227
563.4272
566.7567
576.3493
568.0214
569.6852
614.2232
570.4447
525.3199
528.8753
557.1952
575.3046
580.5616
578.5697
538.8084
567.2107
555.475
535.5086
553.2314
557.7787
553.4885
554.0686
545.1532
574.5084
576.9815
591.3087
553.9383
547.2553
519.4811
537.362
568.0454
548.3268
560.0141
549.0112
591.5146
566.9714
551.9871
572.2575
563.5483
581.548
594.8887
550.1669
563.8077
592.3742
532.4504
562.2046
572.3691
566.374
592.2158
570.5265
517.2088
548.0929
554.1164
545.981
587.2647
572.8313
587.5467
568.718
582.657
599.3297
570.985
584.7461
558.1645
552.6625
562.2239
554.8617
543.5286
535.3138
526.0464
545.6143
567.2573
574.132
548.9739
551.224
562.9597
541.3437
528.5869
579.5308
611.1974
563.226
587.1997
561.0714
552.4996
556.1915
562.0773
564.1499
577.5764
541.4872
606.951
580.8337
536.9517
565.6592
508.1505
544.2444
566.8567
566.0857
605.4064
564.2696
566.3722
605.4056
557.9499
569.7093
584.7358
562.3764
561.6493
598.945
583.1934
535.2251
589.2068
569.7958
563.5179
568.2921
584.3984
573.0263
569.5355
569.3737
566.6234
573.6653
543.7729
544.3268
572.847
539.0291
519.8513
579.1899
559.3622
596.6867
587.896
555.544
555.1534
552.1578
578.2678
579.5423
595.9157
573.5684
602.9273
567.8876
544.7118
542.1224
560.082
573.4327
552.2496
553.1168
565.0075
615.4598
558.289
553.5611
555.0128
581.1779
557.3676
523.1628
578.8793
574.0152
563.2113
534.2223
588.2655
579.7035
581.0451
576.1167
574.3213
620.849
557.5522
532.5177
554.3245
565.4627
578.3383
572.946
559.0355
568.5375
581.3117
588.4347
560.6005
578.6277
574.6049
546.1369
551.2544
597.4993
590.7079
550.2596
538.6974
574.6817
560.1399
583.3468
576.0071
541.8149
545.9686
554.3931
537.6955
555.9115
605.112
552.8862
574.6835
567.9695
570.6466
588.4037
540.5059
564.7958
568.8711
599.0222
565.8706
563.6671
556.7979
535.7224
578.8352
532.0196
540.8723
546.8378
544.651
544.4398
549.7587
570.7743
555.6932
562.3887
549.638
569.0718
554.7791
575.9377
598.1569
581.6043
544.1056
601.0594
574.8723
576.2621
534.8069
557.4022
495.8345
565.1187
564.1647
575.9877
531.1326
554.8111
552.9111
569.0927
544.3805
551.8188
544.963
593.9868
542.1327
561.4924
549.1125
577.6375
590.2294
575.0624
540.4764
582.1
580.1231
551.5297
547.9874
587.239
585.2419
589.5252
541.1617
563.3258
549.7703
565.5434
576.5393
536.4113
542.134
544.3847
587.5667
600.5615
600.2729
595.0048
574.5776
551.4042
575.2276
547.4596
556.8194
557.9073
586.9411
577.4042
553.9263
587.3995
616.0978
599.5755
572.9006
538.9485
551.6798
559.1333
562.9723
552.63
551.9548
555.7464
564.6361
606.7552
551.9015
554.4014
525.2594
562.5031
566.8504
556.868
563.2949
591.1667
542.7417
538.5612
516.2263
568.718
568.1692
588.0602
523.984
571.2284
564.6937
626.4134
579.2631
515.3193
555.2296
549.0885
577.6933
561.8644
537.3165
596.7854
589.7552
571.1807
557.8981
566.7231
588.2354
544.1772
560.2284
560.1471
578.6097
534.8341
574.1866
535.1433
579.8962
570.1287
552.4971
597.3727
557.111
554.5425
573.615
571.871
607.6933
573.7497
562.037
572.408
546.9579
561.6634
546.1909
562.8792
547.2563
541.7452
507.3605
545.1013
572.4955
578.4831
543.3357
569.1567
554.4368
560.248
547.7131
557.4909
594.4954
554.747
584.8338
589.0034
568.6795
554.5337
585.6534
515.6661
542.5161
556.9745
582.4648
584.743
560.1751
534.9716
560.5613
573.9313
531.5346
574.9594
575.8159
554.1607
573.1524
578.5418
566.9157
613.4778
564.7893
512.1274
542.6134
585.9794
610.6712
577.3846
567.3915
563.8024
533.9562
572.3127
590.2504
560.6797
577.1122
588.8003
536.1639
583.14
590.1243
547.8841
571.9031
567.5022
555.1029
581.5351
588.7463
531.7097
585.0457
548.6952
540.2336
578.7138
580.5294
541.695
533.8003
587.6672
553.947
586.8391
627.2161
552.129
543.5705
519.5299
582.038
586.836
577.0117
589.3042
573.6721
588.9918
557.4036
547.3895
551.8421
546.2931
581.286
574.9113
583.5254
536.729
547.3756
556.8767
558.2411
553.503
550.8994
572.4997
590.8978
545.3909
576.8631
586.2537
585.217
562.7801
593.7498
571.4051
601.5133
586.2733
539.7181
553.8596
514.6062
566.0361
576.0338
572.8158
568.1337
586.1111
600.7424
575.3305
540.0487
552.4116
593.2587
577.33
571.9069
547.2846
535.9726
596.232
567.031
568.725
542.9529
557.6205
585.0769
581.7363
556.1377
583.7162
555.8741
558.5013
554.3392
556.5683
539.9756
571.6512
563.7573
564.3932
544.5885
538.459
583.0061
553.8849
579.8938
559.6555
568.21
589.733
604.6573
554.6539
560.1871
579.3034
554.0723
555.5869
541.7842
573.7756
562.0829
576.8994
532.9546
572.3619
585.2481
585.1461
511.9603
576.9157
553.6047
591.4222
584.8132
569.3046
605.0206
581.8612
556.1629
580.0217
557.1548
572.496
548.3603
585.1737
531.9772
569.7145
584.3558
583.7081
559.5279
530.0231
563.8928
573.6878
566.0487
599.6125
501.8292
531.0614
558.2382
593.7354
519.6749
526.5258
596.9928
549.2914
531.8868
577.9504
577.6093
570.9279
571.8128
549.0255
630.1793
545.4188
600.7627
597.6771
543.6325
597.1743
575.1355
539.991
567.9663
569.7195
550.5737
600.5894
555.579
558.3198
576.5674
548.2016
587.1141
565.06
600.9494
601.5923
546.9751
554.0964
576.5227
577.9725
564.5762
571.4985
555.1101
575.8313
558.1097
569.9669
562.5688
575.1661
562.0468
563.7382
559.285
576.0388
585.7574
568.266
575.197
560.0682
577.1282
538.8441
574.4995
541.7237
560.5638
560.1254
569.4481
581.7604
607.9214
598.941
588.1182
522.1473
561.2786
538.3214
544.3051
576.6932
568.9964
555.573
585.1388
562.5108
570.7194
530.1064
563.488
604.3376
542.9599
533.2299
541.6563
555.4178
557.9416
564.0357
559.1083
573.0699
573.0167
552.3892
583.0339
567.7184
580.7337
593.9137
571.801
529.6893
561.5277
554.5828
571.5626
574.6048
531.0935
613.875
598.2083
563.0015
558.6176
542.6365
557.8257
574.2114
559.341
580.3048
565.3475
601.3619
563.8315
599.8544
552.5072
569.4515
570.9386
581.0621
574.8067
578.8277
577.1985
539.7006
578.4819
574.4881
545.9558
562.4973
552.1939
576.2418
598.3679
580.1703
575.3593
566.1787
585.1514
549.2334
561.5728
536.1472
530.4197
563.3408
516.0237
552.4669
561.4545
550.9316
542.0826
558.5062
534.5669
548.1976
574.3487
583.0732
538.8792
569.5995
562.2767
574.8012
582.9369
548.6069
530.6128
553.6874
580.6998
551.2303
569.2682
594.3075
562.0937
581.689
532.1814
567.4776
516.7271
550.8854
551.553
546.3401
568.6228
528.7381
566.9745
604.3938
575.3335
546.1942
573.776
562.94
541.7691
550.7847
563.8646
574.6949
549.3483
544.8195
526.1474
569.3334
554.0522
593.317
587.1757
579.8614
590.1068
535.5806
583.9202
531.882
579.1185
542.4628
558.4148
558.2184
589.8003
540.9711
577.3286
565.0621
571.1534
569.6516
591.0178
575.4065
577.2602
558.203
520.8071
559.1149
546.533
604.2619
574.2712
573.2329
539.8874
579.6729
542.5544
546.2724
565.2
580.9119
580.895
580.5136
560.787
568.8502
552.0939
533.6119
604.3795
534.37
593.9722
600.3066
565.1578
575.1235
548.9059
575.2463
574.7004
569.0631
544.0301
557.5814
583.5267
548.396
578.7372
553.314
571.2186
562.9997
591.642
570.5158
587.9152
604.1981
563.2888
568.7435
533.882
567.7332
554.3654
566.487
570.5761
560.0384
556.4417
587.228
590.967
569.3363
560.0304
581.5891
577.4604
577.1116
531.0042
596.6755
