279.2766
276.8742
276.9099
281.9991
283.536
290.4047
283.8368
280.4497
278.1895
296.7703
285.4392
272.3102
288.1415
268.4389
280.7777
295.1015
263.096
272.1117
267.6414
295.5119
271.1847
283.1249
273.0786
266.5898
271.9961
279.316
279.8324
286.8986
280.6958
284.0297
284.6833
282.5261
282.9463
302.7604
289.5347
280.9407
286.7223
286.9379
270.8541
299.5996
286.9393
279.8966
276.73
286.5919
281.7441
272.6899
274.2201
286.8946
289.1787
279.0156
284.3201
287.0592
276.6646
272.0875
287.7129
283.2218
283.2467
288.2534
267.4539
284.5876
275.5788
265.7655
280.9624
279.3438
286.5286
282.8938
280.8832
286.5621
273.2798
287.2292
276.5577
272.1973
289.8441
266.1811
278.4472
295.3982
287.8416
295.3049
280.1653
269.6789
269.8832
276.8589
277.164
277.4715
278.5702
265.7845
267.5551
282.4267
279.9199
283.5262
274.4635
274.2716
283.4978
278.7488
273.8778
280.0479
263.8887
290.8084
268.5607
274.3049
285.4121
265.167
295.4899
300.0989
284.6877
282.6685
286.8985
280.1381
295.0664
279.2973
281.948
285.8473
273.0939
277.602
267.7427
285.9099
264.5117
275.5081
262.2657
280.7334
274.0435
279.0402
278.1869
272.1132
280.169
274.3355
282.7313
279.5605
286.6936
289.7474
284.2705
287.7436
301.3701
279.2127
265.1273
260.6073
295.6985
288.2065
280.4536
286.7006
290.2499
276.1352
289.7381
294.1468
288.6565
269.4255
272.2718
290.6388
285.392
288.037
279.8174
280.9986
269.4004
282.4483
272.1788
274.9819
280.1286
274.9394
280.9669
274.6517
274.8565
288.3888
268.0765
286.1396
282.6386
276.7986
293.6723
273.2295
267.9592
286.5652
280.675
284.7018
276.415
275.6923
271.1678
270.5436
271.9231
279.7434
272.2491
289.2126
274.0278
279.1248
283.7471
290.0267
273.236
276.9354
279.1671
277.7948
278.9208
280.2919
283.5817
279.1569
289.8826
297.1129
289.5406
295.6954
290.3337
279.8736
270.2436
288.1807
284.7378
286.3409
272.0763
282.6674
281.4657
282.0802
267.9901
277.9473
277.3372
285.8913
285.4676
300.257
276.6787
282.5162
293.1411
276.1398
274.8358
263.8246
276.4082
278.032
282.0844
281.4642
279.5779
279.539
284.0932
266.1632
284.0777
282.0769
288.9995
290.2235
275.3166
277.6507
284.2513
282.2028
278.891
299.8596
285.4469
282.4259
290.6712
270.6324
271.536
279.8699
285.3121
284.5004
282.8256
282.9338
287.3342
283.3085
275.1337
286.5116
277.6273
279.6063
281.8136
281.7163
285.2687
295.7331
273.4547
278.7858
285.8651
272.1269
267.576
287.5863
292.2301
267.0285
278.5103
276.5391
293.9875
282.8957
282.5267
278.7583
279.9154
281.3448
278.9874
289.2636
285.4601
282.7305
279.1319
283.4511
288.9952
283.1919
266.5366
284.354
268.9751
281.8111
285.1381
287.6481
287.7846
279.9054
277.929
273.8182
276.6326
269.7031
274.0354
280.9039
279.6586
277.3773
281.8836
277.1794
269.7606
268.4399
274.5328
293.1298
274.1353
278.7039
275.9201
274.5342
283.2976
291.3133
270.3428
288.9238
284.9715
282.2361
288.057
278.4373
280.5803
282.2499
287.6664
276.6342
282.0985
273.3749
282.9331
281.9429
279.7222
280.1447
297.8245
249.6071
284.4803
270.0041
307.4868
285.3874
287.9564
268.8922
272.0304
284.2684
274.6348
282.5814
277.0548
284.5792
278.8572
288.8278
276.3885
271.8451
292.0177
284.5799
280.9194
272.8925
285.1604
284.8815
272.5955
292.2595
290.1689
271.1338
273.6805
281.373
285.8661
272.0976
277.8886
286.1577
273.9593
276.1227
279.1062
286.4596
288.6043
284.1827
276.301
290.1155
276.2032
280.4831
270.5436
275.6123
273.7405
281.6595
282.2059
281.9278
265.9442
284.0133
295.3673
287.4698
278.073
284.6557
272.8764
284.5421
273.7971
294.3064
283.3283
279.7867
280.7518
277.8215
269.7962
268.212
290.599
265.6468
286.9477
268.9898
274.087
284.2074
271.3516
273.1189
279.7157
286.5385
281.9407
287.8383
282.872
266.5431
289.5091
277.1134
280.6674
277.4624
280.215
280.4175
281.6159
288.604
283.7661
287.5337
294.3087
285.7908
278.3602
280.8423
291.7834
285.7131
279.1021
270.8937
285.0508
281.6595
285.2582
274.7158
274.7764
286.8436
282.6801
273.7372
276.2912
276.6148
290.2865
272.7462
281.0029
282.7113
277.4722
284.1749
285.867
276.5572
276.3749
285.5158
287.2134
278.2955
284.5388
303.4821
280.9358
277.6382
281.8554
267.315
281.6786
288.8268
285.9053
286.0502
278.0287
287.8924
285.6096
280.4385
276.5094
279.72
279.0855
289.2983
286.9466
276.0431
280.278
284.0633
284.5587
282.4767
282.6998
277.5563
269.957
284.5989
286.1736
282.3044
281.9728
292.5255
288.0024
265.0821
284.7071
283.4958
292.1167
277.5962
279.7135
271.5265
283.2015
275.5868
294.2125
276.1212
275.3712
281.8559
281.5303
281.2885
278.9469
275.289
291.6776
274.4029
285.3367
279.9043
286.2848
272.8401
285.9478
276.7382
298.2819
283.6198
273.7321
275.6652
297.9247
292.7075
292.7943
296.3151
281.6162
276.4671
267.2055
287.005
281.0171
277.6563
278.4322
272.7678
295.497
284.5912
278.8578
274.727
276.1797
280.9581
283.355
284.2153
273.4664
281.059
288.3532
285.4548
292.6873
272.6239
273.6189
281.8493
266.1865
275.2993
284.9293
277.7044
277.9337
276.4241
277.8208
269.7098
287.4194
275.0678
289.0883
284.8221
283.2013
282.2244
277.8066
279.1863
274.0057
280.9746
277.0019
273.2745
271.4205
288.5726
279.985
279.8818
280.9947
283.6944
282.8857
277.0737
296.7483
277.8647
276.1564
279.0085
287.5466
283.2504
279.966
291.184
288.0626
277.1572
268.9486
278.4081
279.1714
286.0506
273.6457
279.7098
275.2061
274.4741
281.6756
273.9468
288.7552
277.5416
273.1839
268.5877
280.1642
280.8915
283.8986
271.7448
270.1561
285.0221
299.9027
278.3594
273.4987
279.8707
281.3736
282.9195
287.1956
286.3371
280.4188
274.9117
278.257
289.057
289.045
267.6403
284.2512
292.4589
270.0387
296.8506
284.003
290.7894
287.4792
280.2924
282.7516
270.932
272.9065
271.9961
278.6691
289.2063
280.6185
296.4532
286.2892
258.1938
270.4648
282.6743
274.8594
286.3913
263.4394
278.5154
288.7806
290.0329
263.8693
288.5384
278.6517
284.4074
286.4307
279.0752
281.3588
273.2489
275.5899
284.7099
281.034
281.7878
277.8565
282.7501
278.1687
276.2872
279.3067
269.8103
284.2291
284.1177
283.2615
276.5348
274.2377
292.0328
284.6286
275.786
284.571
288.3372
268.6667
289.5921
271.1553
284.1575
291.962
273.4909
284.4616
285.8782
281.9452
280.0547
286.5947
289.3845
281.1556
282.1722
285.3644
269.0973
280.5759
281.9157
275.6558
283.6705
279.5745
285.4895
277.7492
276.312
277.2965
263.328
290.9698
276.8386
287.0435
280.0169
287.595
284.6331
285.1355
283.6773
276.7098
274.0328
293.2698
270.6689
299.0128
284.442
280.5153
279.0648
285.0496
272.8959
267.1691
286.9625
273.5528
276.5056
283.4738
273.4229
281.7331
289.5085
291.4917
281.8725
278.8334
280.0739
260.2095
267.8113
281.5117
277.7231
277.347
284.8628
279.3522
271.7389
283.7754
289.3283
279.2249
280.9185
289.477
286.8659
292.5952
297.7479
280.63
271.2776
274.1412
270.9544
274.1995
281.264
280.2634
278.9331
266.2179
284.568
285.9825
290.1732
292.9682
279.1842
289.6376
281.2343
286.9779
275.7039
288.291
282.0347
287.5208
286.4969
274.075
257.8812
285.9058
273.2396
275.6372
271.8113
283.7866
275.4464
279.9548
279.0471
271.5795
284.7215
267.0181
284.6967
267.1532
280.1151
282.5913
288.3307
261.79
283.7137
276.3136
286.9812
275.5479
271.1881
281.443
275.2629
277.9794
275.6811
293.4177
295.2156
283.0065
272.321
275.3328
266.3243
281.5184
280.9331
296.6052
283.8491
281.8531
265.0867
292.3955
280.5986
284.7617
277.1894
273.772
271.4834
287.8347
281.604
267.4149
280.5399
276.4759
281.5675
280.8851
289.0805
295.0031
273.6272
282.5295
284.8909
268.1074
282.1719
275.7089
295.6831
282.8814
287.1537
275.6981
289.495
294.1714
277.5667
279.2795
307.4388
277.2488
286.5619
282.3401
293.4867
273.8985
276.9681
271.2089
286.635
268.3745
266.913
277.4493
284.392
284.7575
283.0597
281.6245
289.3871
265.0723
277.1614
280.2605
276.4484
279.5633
286.2882
294.2106
280.7212
292.2354
273.5425
270.3566
275.7871
277.1047
279.3818
279.9858
300.0041
283.596
283.9166
279.4792
281.0245
285.7564
268.7076
276.7603
283.5915
284.0309
265.2668
287.8159
288.3221
300.0436
255.1223
274.4038
267.6988
277.5024
268.456
285.0277
292.2416
277.556
272.5925
277.4582
271.6285
274.8548
279.4897
271.7568
289.809
281.0186
279.7128
291.0113
281.6016
297.2845
286.5294
293.2989
285.9415
279.0206
280.8111
274.7912
267.4086
276.6097
286.3132
267.8323
279.3292
276.6236
289.2708
288.0383
272.0421
258.5963
273.7893
281.3604
274.8381
276.0735
290.2643
276.2963
286.2705
269.599
280.7799
277.3629
290.8104
284.7051
271.9022
278.8412
270.1171
283.5067
290.9705
277.2428
286.7568
283.8716
274.2634
279.382
279.3277
282.9906
283.5889
279.1298
278.2803
271.723
277.0017
278.7857
263.694
271.6668
297.6529
267.2401
277.9118
274.957
270.8465
289.188
287.8782
284.1188
278.5501
268.0668
294.0437
280.5601
277.1781
270.2281
283.8758
275.7517
273.4649
292.1925
287.9811
289.5757
283.355
272.3162
267.8019
280.2583
277.4537
294.9647
283.4738
279.5687
276.802
277.7963
273.0415
261.3192
284.4361
286.8408
274.496
300.139
273.9438
272.311
279.5579
265.5306
280.5773
286.4404
273.2456
278.8211
290.5498
285.9918
284.1729
271.067
276.7199
281.1563
284.1534
284.2019
284.4559
277.895
274.6486
290.3387
278.9112
271.0134
278.0732
285.6835
279.1354
273.1521
273.7549
279.6505
280.1542
286.6098
284.2622
276.5886
276.7228
275.9383
278.9903
270.829
278.951
269.7432
280.3172
282.2746
280.9281
276.9469
277.722
287.0209
274.0805
271.4942
277.0873
275.961
274.695
277.8035
274.4593
281.277
283.2791
277.1855
271.0308
275.0431
283.9536
279.1491
288.5636
281.4683
281.8594
280.686
286.6918
287.4579
277.001
269.3136
277.1754
272.2211
272.8855
271.2462
280.703
269.0614
289.5981
284.2026
285.5818
281.6476
292.7841
294.4516
280.8177
290.8976
286.1142
274.2958
289.0839
276.1433
276.3751
283.5305
297.6608
270.8079
270.0996
289.6908
276.0273
294.2889
279.5524
277.1233
288.6115
271.7588
269.5248
289.1793
293.6587
277.9275
280.1002
285.1243
280.4706
283.2221
277.9681
277.3921
292.2132
277.8392
290.6733
285.546
276.8308
277.4446
287.5049
269.0023
272.0749
280.3681
282.8564
277.2842
277.4891
283.3054
277.2013
283.6473
285.6664
276.0331
269.9501
269.1375
290.645
282.7305
284.5298
288.8141
282.8465
280.0099
281.1103
284.6597
284.552
284.7103
276.1698
283.8108
284.8389
276.5494
289.6309
266.6044
282.5143
299.8782
273.7698
275.9315
287.0921
276.1257
278.3469
291.8092
281.8656
276.067
285.5954
280.7567
280.9178
276.3707
281.4786
282.1661
280.5352
289.0048
288.9395
279.1624
279.4524
275.0747
271.7936
291.8864
278.8427
273.7348
283.0744
282.8324
278.9493
296.2877
273.366
271.4321
277.2796
281.0282
275.0782
265.735
284.0683
300.8058
290.7908
278.2693
272.7042
275.6159
280.9959
283.469
264.893
266.9667
276.065
292.9024
268.2649
286.4137
282.1547
276.5501
270.3189
281.0919
268.2973
272.9313
287.8554
277.2121
287.5788
283.2004
282.6172
285.1834
279.0312
260.8913
271.6308
276.6224
285.1455
280.2133
284.1545
282.6914
286.9679
276.2825
283.5157
282.7626
284.7768
286.4593
294.0555
283.9931
285.2725
278.828
279.0409
282.6926
287.0521
276.2403
288.252
273.3965
284.633
272.6268
268.146
276.6938
283.03
287.5454
268.2837
273.6893
263.9302
278.1348
277.0097
280.8014
271.1286
284.1039
278.0574
281.355
284.1978
277.6823
277.8178
278.5027
288.6689
287.596
276.3674
278.8664
275.4483
279.3733
288.6337
286.6734
272.5791
278.5945
282.8453
277.7981
272.3711
287.4708
279.9184
282.9002
280.0089
283.9878
281.8885
279.7436
276.5252
282.7114
278.379
295.807
279.5654
279.1733
273.8035
283.4736
276.6254
277.7614
277.0953
279.196
277.3815
278.6704
275.5658
286.3242
278.6914
283.1199
283.2509
284.3884
280.1739
287.6368
281.7566
282.8081
283.1137
276.4807
276.6518
284.1472
274.1417
269.1401
283.8511
292.5682
292.0536
283.8847
277.4044
287.7266
271.2072
273.8419
282.9919
283.3743
278.5221
264.1886
281.4521
285.631
283.0983
283.6136
285.0361
278.0288
280.1
280.7719
271.4869
287.5363
276.0077
274.0472
284.4314
290.5223
281.9506
268.0346
288.4126
281.7143
278.77
274.9506
295.1483
279.8233
281.7079
277.6734
285.7003
283.2667
288.2715
285.0336
285.5748
280.6796
272.6403
283.1641
280.6165
282.1214
285.8831
276.8547
272.5352
282.2913
285.7709
264.971
286.6851
285.6034
287.6501
287.4904
276.3507
280.3441
278.3732
282.5064
292.6772
275.8693
285.209
276.2991
257.2752
284.238
286.2909
275.5964
278.9195
277.1052
277.2678
272.2849
299.1486
271.839
271.5694
295.1968
273.7427
282.761
275.9562
284.2925
273.0759
270.417
281.5208
274.9954
271.3486
283.5654
283.6669
266.6793
279.7559
290.214
270.3381
261.4917
284.8112
292.5808
288.3303
286.1541
264.7319
279.8122
293.2147
283.8683
278.7164
270.7181
286.104
273.25
271.9354
283.1576
285.5807
272.2091
293.518
274.1677
280.3536
269.8506
267.8377
277.5621
278.9485
271.809
272.7869
278.4488
277.5667
283.1461
273.384
283.3328
283.8746
302.0098
273.7871
280.0693
288.5827
287.9447
276.909
276.2933
271.556
285.6778
287.0124
290.6382
281.1441
278.0799
276.8786
278.1565
284.0861
273.6077
287.1258
281.4497
283.5429
287.6732
284.1898
277.6405
281.1757
276.8362
276.3757
273.8933
277.3356
275.3372
286.6392
284.9236
272.5257
274.1749
285.4366
270.8683
275.5112
288.447
284.9689
270.1351
273.8046
277.5722
289.5742
282.8142
266.9167
272.7334
268.7265
281.3877
289.9657
285.0097
263.907
281.0334
278.4584
270.3487
284.1761
271.5168
278.8039
281.7807
276.5124
281.2517
289.8149
275.1413
269.1832
282.8478
280.08
274.979
275.131
280.0052
268.3961
277.8058
272.5084
287.2049
276.9802
280.9019
290.9699
284.0652
277.6447
277.4256
282.3628
280.6716
292.3824
265.704
289.3881
273.0636
278.4765
283.7192
278.0226
274.9559
287.1577
275.167
272.5212
286.0799
283.4545
287.119
273.2183
288.3946
274.3168
276.4774
280.9021
270.3616
278.9313
276.3104
270.8897
283.7054
285.2521
279.5579
286.522
279.7589
279.404
284.0624
275.6488
283.8215
273.8945
273.4517
284.6283
287.4406
291.53
288.9134
279.4581
288.1767
268.8182
289.2328
280.5016
273.1868
257.9413
284.6321
282.1131
282.926
281.6483
280.5
274.3555
278.4922
289.9179
279.1494
289.9395
275.1431
292.6109
283.8122
292.2544
280.4616
305.1402
289.7536
280.7907
278.2517
278.232
277.7288
271.087
275.1001
273.7638
281.0091
284.6116
263.3141
288.5435
285.9414
281.95
284.3818
277.8291
276.9284
286.0041
280.868
273.5504
279.111
278.1843
267.2814
278.2759
276.2399
282.3582
294.5289
270.4432
277.1212
285.0307
286.5311
282.103
269.164
284.681
284.2698
281.8581
286.5585
270.4889
278.1182
271.1757
287.495
268.3379
287.7183
269.311
275.0109
266.6749
281.6548
279.9767
284.8556
282.1637
307.4172
278.8437
290.7547
283.0495
277.5881
280.4016
279.8939
280.7104
284.546
276.4382
269.6871
283.6865
286.906
275.3578
273.3364
285.1607
276.9945
280.3475
282.2706
273.5481
285.1031
294.0476
273.0342
292.1507
293.1445
279.7565
289.9564
294.6234
280.571
284.8024
267.2825
281.4271
277.9795
277.779
274.2399
275.9909
282.8269
283.3757
272.9944
272.6922
276.4398
282.1692
282.7849
285.4147
289.7899
270.8325
284.2479
285.3039
281.3194
281.9886
286.0998
274.509
269.0087
273.7753
284.9797
284.0136
285.3687
281.2356
282.7127
274.0024
282.3024
277.6305
282.8874
282.8057
277.58
279.474
269.011
292.759
275.303
284.3931
279.0058
288.3418
290.8494
282.9667
282.0287
267.0059
279.1642
288.4941
289.5255
282.9319
279.9751
269.477
283.0954
281.2181
288.2429
284.1997
285.3134
280.7062
286.7813
279.9752
298.9744
277.7458
294.5187
273.6866
270.2088
283.3715
286.8388
289.6846
276.6396
278.1509
295.5722
287.5138
278.1998
281.9528
285.5923
281.0881
285.9219
279.1237
287.5023
285.8389
280.5021
276.8458
284.546
281.6617
273.3807
281.7099
278.4753
288.5797
292.1428
268.2693
280.3708
274.083
287.9468
277.4448
279.7748
281.4173
285.9233
281.7406
292.4475
289.9432
271.6587
280.0102
276.2706
294.7015
274.1307
263.9666
285.204
262.2555
278.8025
282.1546
288.8858
285.5324
282.7272
280.3906
274.2268
298.6351
284.4674
269.4787
280.4205
281.2536
285.2926
272.4216
289.2922
296.3991
280.8652
277.4532
283.9555
281.7886
293.9551
275.9791
264.7303
274.3027
288.2347
284.9183
293.1286
289.3241
293.1986
291.3064
274.2279
277.0115
282.9521
270.7814
280.1998
285.0861
276.5319
274.8145
276.14
284.909
263.5904
281.3101
273.498
267.5623
291.3176
283.5032
278.2197
285.3788
266.7604
287.9515
282.0447
279.2003
284.7667
291.7712
286.2391
274.5134
268.2633
287.883
278.4235
285.9681
283.741
279.8627
281.7293
292.4946
280.6402
278.327
286.9687
261.2548
293.8745
271.8588
278.271
280.267
289.1927
279.202
276.3414
276.2627
269.4013
270.9141
287.0119
282.6923
272.2539
287.8141
282.9721
274.8731
287.4603
279.6185
282.4953
280.2808
277.4639
293.7592
286.0779
276.6837
280.6166
279.7054
273.9021
279.4361
295.6429
274.0639
278.6834
280.929
269.8991
290.7064
272.4727
279.5732
281.3356
276.3249
276.8739
275.5611
287.8026
292.7456
267.5681
278.6849
283.1939
279.7058
299.1823
282.7325
285.6182
278.7197
278.864
279.571
283.5046
280.5261
289.7863
295.0178
279.6598
278.53
299.101
284.9931
267.1678
274.5744
269.6763
287.862
280.3493
283.1884
264.5613
274.9508
280.8547
290.6073
277.1703
269.9385
283.3891
281.4207
280.6106
282.6255
278.0352
281.9479
280.5053
271.7692
274.7931
298.499
285.8658
281.0712
273.2568
279.8967
277.8485
286.5295
278.4139
285.3016
278.2745
278.3424
281.6963
284.761
287.1962
285.8758
302.7069
297.4283
287.8968
283.3301
285.512
285.6246
282.8362
278.1074
275.9344
277.0287
282.4382
275.9203
272.509
273.4365
271.8726
283.5968
279.2538
277.9803
269.6323
281.2588
275.6797
295.8979
279.9571
275.4269
279.659
280.4624
282.6836
272.8938
286.6732
287.7732
285.9749
269.7304
279.2161
280.9645
297.7878
264.5171
276.4182
280.3687
291.0614
286.4909
288.5233
288.3279
285.2487
280.0776
268.2054
291.0148
266.6358
278.1496
287.3376
282.6952
290.7843
284.2146
284.3461
285.8759
288.2251
272.8446
285.0386
264.8657
272.4196
281.4319
260.252
284.4374
272.4947
274.8174
280.3735
276.002
289.3312
277.8184
280.1615
261.2824
291.0376
284.7215
275.2502
286.1747
281.9878
281.7006
286.0506
268.202
285.4489
290.239
265.2818
278.4613
281.7634
266.9227
291.312
281.8498
300.7826
268.0036
282.2397
274.4966
289.5434
282.8834
286.5939
275.1846
290.7634
288.415
286.1233
285.2364
270.1385
287.3696
275.1166
286.4273
284.1647
286.1465
278.0292
289.5198
289.7373
294.6252
286.7908
285.465
289.1899
281.9257
291.152
295.9106
273.256
277.0155
288.0033
285.0465
287.1057
290.4646
272.823
283.0423
285.1461
281.2422
272.532
282.0072
284.2425
278.7873
293.5902
290.2927
284.07
276.8775
289.4931
282.9028
285.8677
273.1536
286.769
280.9805
280.2848
283.8339
276.3589
275.1036
272.0895
283.5193
298.2683
273.5737
270.1828
287.064
287.1314
275.8141
268.8574
276.648
271.1556
270.5076
269.9202
300.005
286.3393
279.1302
275.3894
279.0528
273.3712
296.0256
296.9669
277.9717
276.9767
276.8909
292.7199
269.2688
279.5367
266.7703
269.0686
273.2403
267.2934
276.7457
280.2251
285.7178
276.3756
292.8484
281.791
280.2539
283.546
285.993
283.5841
283.0093
274.1687
276.0762
280.069
284.1868
281.0285
283.5156
280.9924
275.5886
266.0614
278.1148
281.5321
287.5782
287.2697
276.5465
287.119
274.6303
278.6557
281.5948
283.0711
274.9802
283.4645
284.4231
274.8278
279.5986
281.8187
275.223
286.16
282.978
289.9463
280.2992
261.604
278.5638
278.6473
286.4172
273.5951
279.0852
281.5138
278.5665
283.3463
289.2106
260.0877
268.4093
289.1247
293.9576
286.1799
286.5089
271.8344
310.8307
282.6121
280.63
283.4915
282.3902
282.2616
279.0918
292.3805
275.3456
282.3851
276.3625
290.5637
289.0067
280.5439
278.3262
282.7572
279.5363
274.179
287.4952
287.2788
280.3414
279.0043
283.8689
286.0816
274.1725
275.8028
281.3296
282.8327
264.9042
271.742
283.0501
272.6057
277.5899
284.6483
277.6126
291.7108
261.2049
284.1102
301.478
277.6532
283.5106
282.8901
281.8561
277.7096
279.697
281.0687
271.1112
274.8053
281.7071
275.6609
290.4868
284.6791
281.8944
281.2415
271.9843
272.9045
292.6031
267.9656
287.8938
295.1767
272.7832
282.8091
279.901
277.0482
292.5631
283.032
284.2669
267.6878
283.298
274.8983
278.8078
287.7976
276.338
296.2469
268.1746
275.8974
281.3118
289.5318
286.0995
283.0501
277.7858
284.7234
280.0665
283.0341
289.9953
279.828
281.5158
282.3632
280.5738
287.5331
284.3179
283.6653
283.7201
288.5117
265.6673
276.9292
281.9539
265.6019
276.8017
272.3488
270.5442
267.5947
288.5232
277.4545
285.1542
286.6461
266.8013
280.9296
284.1496
278.4314
272.2958
282.3695
270.3192
287.0198
287.3769
279.2193
266.2704
275.2998
284.9777
284.4085
286.765
271.9111
270.5449
285.4903
274.1928
271.9892
280.8029
291.39
280.3686
279.3092
280.0228
278.303
269.9766
280.5679
289.2272
272.8221
277.0317
284.8123
283.8925
286.2255
272.8982
279.2486
288.5439
292.6324
283.26
272.6873
276.8492
300.2837
259.5137
287.9061
283.1515
256.4539
263.1825
284.4606
272.013
285.9705
268.1044
281.2913
271.6501
287.6212
267.8543
277.6508
285.3571
278.0437
293.4065
280.0932
275.3233
274.3599
262.8593
282.0494
272.6305
262.7316
282.1268
276.7386
298.8959
273.9228
292.9323
272.844
277.2777
264.8736
281.7428
284.5596
283.4737
275.4286
276.3097
266.6353
285.4436
274.1565
289.952
288.5896
290.2379
271.2148
282.0703
287.5787
275.0323
290.9118
278.9674
293.3555
279.06
280.4851
283.966
275.2437
288.8173
291.0586
289.9759
270.2369
272.4831
278.8901
282.0107
275.967
277.1664
281.2807
278.6498
279.4417
276.4751
280.5247
276.8514
279.7957
296.7605
290.249
297.7703
281.2181
280.9634
281.0782
288.6671
281.9257
282.2927
283.6932
273.8815
278.6504
289.0472
276.427
278.1877
279.5334
290.1579
277.9236
280.0528
281.9047
289.1169
289.7916
295.2398
278.2539
287.6021
270.0755
282.535
279.9227
276.4946
279.6536
287.0584
285.1413
266.6252
272.0743
282.8856
272.5295
281.0865
278.9455
289.9235
258.7726
277.7759
283.1136
267.2935
291.6642
270.1458
283.1117
271.8637
289.6236
274.9743
284.5786
276.995
280.2885
279.424
271.0491
286.8571
313.7061
281.89
260.5286
273.8865
281.6755
289.8602
284.006
287.2142
283.3002
267.9919
279.5311
273.9713
287.1341
286.0735
268.1881
278.161
282.4648
279.7125
272.6654
275.255
288.4875
288.9064
290.0697
288.1375
282.2563
275.9801
281.6948
284.421
283.167
276.0932
283.486
275.909
281.6441
288.9919
288.887
285.5708
282.8953
276.8926
265.4148
279.4703
256.8357
283.2775
272.7054
278.2682
277.1598
282.0133
276.8649
274.1101
285.7308
277.8697
285.6362
275.9937
263.3413
283.9245
272.6469
281.358
284.6462
287.8494
285.6182
284.2725
284.3438
279.9312
277.5161
286.5368
276.5412
275.6619
273.5243
277.5026
287.789
289.6978
282.4439
279.6589
280.2385
281.275
285.4285
276.0417
288.3448
275.6406
273.9076
286.2986
285.5894
277.8736
270.3485
281.6674
285.1122
280.6857
276.7046
272.9259
279.0615
280.8807
290.9526
289.16
271.9731
279.7311
276.9116
285.2476
277.7398
284.3658
279.9645
261.6855
284.3044
281.4322
277.6023
280.895
291.2998
289.5457
285.1091
283.6327
272.7469
271.653
294.3259
289.9051
267.0118
280.7206
287.6067
292.311
277.3961
272.4684
291.8182
284.441
274.9317
279.3422
286.5146
264.9227
293.3745
288.0064
284.592
279.6074
275.1612
268.6783
280.3284
274.5305
272.6709
300.3184
277.5547
284.7691
275.8645
275.9767
273.5598
284.3048
279.096
276.0898
277.9507
283.0588
280.7292
275.0288
276.6975
283.8766
285.7557
284.733
281.3185
279.7011
285.8986
288.6296
269.9248
273.6625
271.1697
289.1015
279.8589
286.3833
284.4785
276.586
282.2298
282.7774
282.9028
282.9775
275.1564
283.3376
281.7594
295.8897
273.7634
283.2325
274.3307
285.3218
281.237
284.8121
271.0138
276.6533
286.902
281.7791
296.7508
278.0416
299.361
264.8681
287.4711
272.7079
275.1011
283.6863
269.0342
289.8801
289.9276
274.6426
282.0339
286.8053
291.6594
280.0917
281.7671
279.351
271.899
279.1126
276.1569
289.4469
273.523
287.5693
272.0571
288.8803
285.0894
273.9111
277.807
281.8555
282.0857
280.768
279.4941
278.6482
277.2761
283.2021
285.5361
287.118
288.4723
277.9641
280.661
285.6767
282.0561
276.242
289.8933
282.1399
282.0573
285.1115
280.2191
269.0219
281.0664
275.9094
283.2002
272.6545
275.8881
293.5045
277.6772
277.3286
282.0213
274.7554
259.5484
290.4623
267.2762
274.3485
275.7033
280.337
284.2953
271.123
277.8544
290.0055
283.3781
290.6146
276.2417
286.2316
289.4973
277.4631
276.1353
284.5888
281.5319
275.055
282.9921
271.6772
277.7915
284.2658
274.9108
279.8849
275.0266
279.7939
274.2264
289.1592
259.3557
297.0306
291.3436
286.5877
279.758
274.2201
292.8519
272.015
277.1746
279.1833
278.7139
263.469
266.6186
273.373
283.0806
282.1091
268.754
276.1891
283.4492
275.4971
260.5928
285.9233
282.0309
278.1998
274.7808
281.0782
276.7428
283.4419
278.8668
268.7761
278.2426
280.7059
278.378
286.6134
277.0406
274.515
276.9462
269.4968
278.5008
267.4373
281.7942
283.4263
287.6108
282.8951
283.1904
285.6699
292.356
276.3716
280.1502
275.5862
277.56
281.1107
284.9737
287.8542
279.5483
275.5869
278.5148
279.7794
288.2825
277.1537
275.7675
273.561
277.3941
280.1675
281.0953
268.2089
297.6302
274.8211
296.3437
285.8627
277.9224
277.683
271.0532
275.0059
272.8477
286.4014
286.4006
286.5051
283.627
274.8423
288.8294
278.1812
280.1882
286.4001
289.1458
283.1291
282.8368
266.8967
278.4381
275.1649
278.7938
288.9131
277.2599
279.0002
281.3762
280.5627
280.9916
271.267
273.1729
287.1359
272.1847
284.8206
274.4785
279.4495
291.5556
281.0403
276.9413
276.864
283.8177
275.7139
289.0141
292.5662
276.2318
284.3884
283.8605
280.599
278.1864
271.1866
280.148
278.1906
279.1658
267.9984
273.7345
296.567
280.8495
279.1074
273.5951
289.956
288.0993
280.6787
284.6656
280.4666
278.9861
287.914
281.294
282.517
282.8373
274.5669
277.0804
268.649
272.643
269.1038
281.4315
280.9641
296.218
273.6424
276.9731
276.2406
284.7441
282.4731
287.7778
282.2407
282.2417
275.6194
285.7921
285.0679
278.1631
273.8931
290.9054
278.7705
285.5459
279.2595
276.4929
277.0892
296.7915
283.2271
285.4551
275.3108
273.1941
281.2139
277.0682
281.4042
288.5888
278.7354
279.7327
273.0232
287.656
285.381
279.3921
278.2254
276.1161
284.5366
275.9324
285.6592
279.7806
282.6077
287.6582
285.3212
268.2455
275.5785
287.5989
298.4674
272.2278
275.5484
270.6439
287.9165
270.4541
283.9808
272.7826
283.0964
297.2244
277.5718
279.6499
278.8577
280.8383
268.6252
287.0695
278.4013
286.5706
286.2086
271.9467
290.3484
285.5885
284.7008
259.5051
268.9924
286.7157
274.0244
274.9268
279.9599
282.8473
279.7534
278.2778
286.4027
277.0078
278.8422
268.7525
282.4487
292.568
281.1988
282.7791
274.7772
283.6646
275.003
274.7503
290.0645
272.3088
278.0255
279.118
270.8105
289.651
275.6188
288.8287
276.18
272.5623
280.9311
282.9156
283.1074
292.9476
283.5985
285.1421
282.0156
284.5345
280.3704
280.8038
289.7805
283.6721
267.9166
280.5496
265.1206
275.5993
274.1222
287.507
282.1348
279.3319
285.1733
277.053
281.5864
281.4926
280.9526
278.967
276.1544
271.6713
276.8499
272.4669
287.2265
285.5249
283.0331
264.9237
289.4953
262.6151
289.5638
283.1152
274.9249
293.9726
289.2216
281.6175
274.6376
284.7886
271.2469
279.8105
285.5623
266.9816
279.7521
274.6847
277.6819
278.8206
283.231
280.1026
278.0382
285.9203
285.3979
278.5252
285.078
292.6734
272.2261
282.0181
274.3774
281.7404
276.4936
277.0008
273.7914
279.7977
280.8127
286.3345
282.5401
283.553
279.3972
261.0455
273.9098
283.709
279.5532
272.6772
283.2742
284.0738
294.328
275.1974
288.1795
276.9209
264.9181
291.1586
283.604
271.7213
281.2804
277.3338
286.1382
269.2534
276.6081
288.5198
265.0248
276.391
297.2458
267.6524
283.8634
285.8025
289.6687
288.9448
264.3815
290.9496
274.4549
285.7386
273.1656
268.4337
273.9406
274.5724
296.861
283.6274
274.708
268.9127
279.5666
282.332
282.5644
293.3554
294.5293
297.566
272.3041
291.2445
263.0973
274.3503
286.3367
266.1476
267.3519
290.7191
278.1839
285.3374
278.7695
277.2037
276.7326
263.9697
279.28
300.351
284.6837
294.5202
271.1144
271.3658
278.9816
272.2253
282.3414
260.7525
281.2469
275.0077
281.0373
285.4322
268.5302
285.6837
273.7265
285.2032
275.8939
275.8348
276.2641
273.3715
287.5801
265.287
286.0073
277.9334
289.5833
277.104
288.6545
279.1208
285.0315
277.2934
271.6965
283.1582
285.0662
279.5341
291.3963
250.2409
283.7707
270.561
267.0875
285.4271
288.5962
283.1926
286.9838
273.352
289.965
283.9588
278.5809
278.2829
280.4905
277.39
276.0343
279.8791
280.783
271.9394
268.427
272.8241
280.9288
283.5977
289.3854
272.691
275.0511
283.3091
289.0764
284.3421
274.8062
273.9317
274.0157
278.5355
285.8526
285.1473
282.1606
272.727
271.4258
272.5677
274.2633
288.5449
290.3673
279.3486
281.9634
279.6358
270.1301
287.7612
260.2677
282.3439
290.6557
284.2893
285.2957
280.6263
289.5648
284.721
265.9542
281.7994
274.9793
275.6439
284.1779
280.9328
292.8085
291.8217
303.8989
283.2256
273.8166
289.2279
272.7437
293.5078
282.0521
292.0769
287.4471
282.2195
291.5319
288.978
283.4524
274.2158
276.2466
287.6187
270.9569
275.8843
275.3096
277.7567
278.4885
293.2183
293.6325
288.5782
272.3002
266.3551
278.8064
273.4534
286.0467
272.8272
275.9538
277.4666
283.0788
283.6818
294.2487
267.3622
299.7207
273.0145
280.3593
269.3517
282.4577
277.8335
267.0525
299.5581
278.5852
272.3721
283.1157
285.6549
300.7794
284.3857
281.1817
286.3283
289.8638
285.7168
277.7757
262.713
286.0175
289.7426
289.0145
291.2697
277.1815
283.7115
268.6893
285.8699
284.0265
280.7485
281.5126
297.4164
280.0856
281.089
289.0675
264.9531
276.4946
278.0343
271.3843
266.0591
289.8854
279.213
278.9192
257.5354
286.248
282.9242
272.0697
297.5545
268.5344
270.9431
279.6986
281.5312
279.0081
284.5211
287.676
274.2028
274.6644
267.8678
285.7448
280.3072
270.0181
268.328
276.74
282.2506
283.3488
279.7288
299.6064
286.8054
275.9572
285.8443
281.968
280.1498
282.1191
289.8276
276.8545
269.9712
279.812
286.9043
292.2248
289.2212
283.5665
285.6957
287.9168
280.1968
278.2391
275.8802
281.262
279.8041
267.9975
292.9565
281.4899
279.2446
272.5431
294.3686
285.7996
302.9738
274.7509
278.4725
278.6268
285.7822
285.5226
283.8239
281.9619
273.1646
289.3978
275.598
263.2263
283.4583
281.7029
293.2758
275.137
290.023
272.3276
253.8299
287.5095
282.0871
269.1836
278.2017
283.1867
277.209
281.7399
279.8837
284.1984
277.5113
293.5261
280.8768
271.0927
280.5024
274.2066
275.7355
275.0761
278.6593
296.0012
282.1138
272.5086
277.4553
289.9325
266.3988
278.2289
282.1865
271.5807
282.2232
278.1562
279.0267
280.8319
287.4279
273.0923
281.9326
282.1945
286.34
286.4214
282.4704
272.9476
268.9682
282.4089
288.5906
285.2273
276.6569
270.1117
273.839
281.2783
282.105
282.5055
288.6286
283.131
285.192
280.1588
277.2711
265.1539
288.8264
305.9172
283.7819
280.1763
278.0396
269.6339
277.5222
291.709
280.8894
274.9929
280.3415
278.1699
288.482
271.6457
288.1518
285.4087
275.4866
270.6364
297.1789
274.7174
277.4507
278.8228
280.8173
278.9529
276.4121
289.7855
273.3493
292.2391
289.7598
288.4219
283.4734
291.818
283.2401
270.5471
260.8808
292.2079
273.3544
261.7851
283.9473
290.6346
272.7609
281.827
287.8181
283.4172
282.7869
267.675
287.5319
272.1425
276.7937
278.3957
276.7768
279.658
279.795
270.8909
274.5107
278.742
277.2946
280.3524
279.4784
279.7398
277.8914
275.708
287.5928
272.7784
301.3196
280.396
288.0063
284.2738
275.0458
277.3448
280.9184
286.713
281.4884
287.5855
271.5851
285.0886
284.5712
274.9563
279.5859
289.9137
278.2312
286.9462
274.7057
273.21
279.5288
279.7009
272.6891
275.6373
280.5446
278.4365
280.8001
287.9622
271.4252
275.0199
282.9784
263.3469
271.4566
291.037
269.0246
289.6217
275.2886
289.7335
281.4346
277.7298
281.7586
269.4047
279.6411
284.8285
281.1644
275.1969
282.2062
282.7606
290.1561
281.94
284.7784
286.7582
279.7295
282.3649
277.6512
285.6976
274.5751
294.7516
271.0679
284.5611
281.0844
285.469
271.1364
282.6473
280.9175
267.3618
278.5489
278.4059
277.7321
283.2806
282.4698
269.7967
289.6608
266.6766
277.9708
277.0831
285.3261
284.7583
295.4379
281.0269
272.2584
282.1446
271.4134
287.7688
282.05
286.1594
277.5898
267.7713
266.4267
283.476
262.9263
268.9158
275.896
275.1668
292.7612
285.9985
270.9524
276.607
279.0033
275.6601
286.3749
264.4834
270.7008
294.9699
279.6123
283.2537
271.4146
284.703
286.0323
282.8408
272.7977
258.587
274.3815
283.521
287.9268
278.8312
281.5977
281.4834
289.0688
282.9941
279.7929
278.4452
282.2666
281.5002
268.4782
284.0911
269.227
275.1166
281.076
285.7509
288.985
271.7631
286.3374
274.7602
304.0247
267.4974
291.3247
287.9085
283.5136
284.628
279.3677
290.2518
286.2338
268.4899
274.2353
285.7145
285.3721
270.4847
272.8169
283.259
287.9295
264.1139
274.9031
272.0997
282.64
280.2393
286.814
286.9586
275.3955
273.8727
284.726
267.5523
276.4445
279.9972
285.7143
281.4339
292.8616
282.2313
277.6216
281.7109
282.6377
277.7123
283.0622
279.3129
275.7552
274.6038
282.1401
284.8574
284.6281
277.2458
279.0064
284.1362
274.8264
263.3813
274.5224
269.7453
281.5285
281.7557
262.9736
273.2825
280.8232
288.8248
268.2401
270.6599
270.9221
276.0843
272.839
275.4807
269.0662
272.9284
286.9805
269.47
284.8483
289.1681
273.8743
273.3382
287.4936
281.7697
275.5616
284.2191
278.7458
277.7221
292.6525
276.2291
277.6728
280.5202
284.8267
280.4993
281.8667
272.3184
281.8874
275.1645
287.0897
286.5916
288.6555
275.3155
282.3984
284.3928
272.634
276.0005
278.4366
277.8535
277.9046
278.8287
267.356
278.8558
271.7265
271.8243
281.119
286.4029
283.9924
281.1551
287.6879
273.0166
281.6471
284.5088
277.3797
285.8545
270.701
280.9071
267.373
270.3647
284.5522
285.2349
262.1165
275.6486
287.6654
281.427
286.4455
280.7955
280.8255
275.6322
281.4909
286.3951
272.8582
280.0868
271.7363
265.1584
290.6221
268.3649
270.4766
287.9145
277.1135
274.0203
285.0872
282.8582
274.5674
287.678
278.0033
277.2757
294.1703
290.0414
285.6771
290.7196
272.9001
283.0026
275.7328
273.175
278.3306
269.2993
279.0372
278.5954
270.9648
272.3912
271.061
290.6087
276.2897
284.5017
278.1232
287.5446
277.4268
282.4797
277.2227
276.569
285.1451
271.1832
277.499
270.6445
287.042
282.5729
287.3186
267.8711
281.2835
279.3327
291.2787
289.385
285.135
278.5628
287.7324
284.2208
291.5388
280.0335
275.758
275.8859
279.3473
287.0426
272.881
274.4011
274.0992
288.5992
271.8473
276.0487
279.7943
283.386
289.1099
283.0892
275.1174
271.411
277.7075
279.2902
281.505
291.7375
276.5564
280.9804
281.5774
287.2922
277.5153
285.4194
269.2952
284.8461
275.0304
273.2292
277.156
268.8752
284.2798
265.6387
270.9958
288.7256
272.2982
269.2121
279.7576
282.8903
283.3706
275.1649
292.2338
274.9849
285.6127
281.184
277.7549
278.733
274.2053
281.5134
283.0132
286.8063
276.5999
269.9892
276.7376
279.5362
272.8653
274.9849
276.9925
276.9399
281.4713
286.3502
281.127
274.479
277.29
283.0598
281.0518
272.2216
284.4662
281.8275
279.522
284.0434
279.5128
272.3231
293.6813
273.8667
282.8227
280.3653
283.1171
290.9424
287.9287
269.4717
276.8572
283.7777
273.6078
271.2565
291.5445
274.9651
292.0239
288.767
282.7711
272.1115
272.2804
281.1338
265.9679
292.9141
269.4222
277.5142
269.6499
280.2658
266.7252
293.7009
265.5464
272.6568
292.7296
270.6527
286.93
288.9627
275.801
266.0245
288.0083
278.2928
284.2727
279.1667
280.6517
284.7816
273.1409
292.0481
287.616
285.538
277.1993
276.2507
285.3282
288.5125
286.5603
279.6969
270.2495
289.9264
272.9647
281.7897
275.4951
287.0084
279.5396
289.209
285.9337
274.5534
280.2224
272.11
278.046
283.5801
280.3685
293.2247
284.5601
290.7165
280.11
276.3512
275.9607
280.338
285.1423
279.7128
287.2187
279.7933
288.2099
293.2704
290.3933
285.7536
283.1085
284.3717
276.2008
291.8288
285.8997
282.0699
290.4602
289.6947
281.441
272.5985
282.9981
274.6471
280.7513
284.4353
276.6466
284.196
275.9885
285.2889
290.4063
292.9687
272.7338
279.2136
291.2094
286.3173
300.6614
268.9581
270.3247
269.185
281.0694
262.4156
285.9933
276.0482
276.1942
278.0117
276.2913
271.4472
274.0128
276.2422
277.797
277.7065
292.5885
294.4879
277.8557
291.9804
277.3842
270.6399
275.3719
298.5056
265.2743
280.6189
275.1239
269.0451
281.3458
274.9873
271.3831
284.7467
278.7432
287.0461
274.5292
274.9295
285.5661
278.6979
276.4066
297.0656
280.5482
272.1101
272.47
289.6226
288.7765
283.1455
273.9955
285.4195
281.554
287.9091
291.0403
282.3333
279.8228
278.3307
263.1851
274.2083
295.5443
275.133
281.3756
278.8882
275.6301
292.7037
284.7316
273.381
281.4708
281.4877
284.0727
281.5852
287.7024
287.0677
280.068
281.5288
280.2753
287.495
278.2837
289.5886
289.0363
283.0479
282.4861
292.5758
273.2031
283.0842
287.2849
284.3492
292.5737
276.3387
283.3119
264.2998
278.4262
280.1055
283.2773
279.643
282.0107
272.2423
284.2922
281.7114
288.3258
262.4138
284.4789
268.6759
260.2526
305.1758
277.5764
266.3174
275.608
280.4902
288.9951
284.0489
283.308
270.9192
285.5074
287.3053
284.9608
279.7141
273.5995
284.2572
278.6078
276.2512
278.2934
295.0685
290.3041
278.6521
272.6544
281.2929
285.9865
285.5365
285.7303
278.1614
287.6958
280.3028
285.221
282.3467
275.7056
275.4536
268.7341
297.0928
286.6834
283.3393
271.689
303.95
265.4659
274.9074
265.3321
281.1827
281.8843
280.9728
278.1235
264.4286
291.602
283.7449
270.2176
281.7595
269.2736
267.7846
285.6765
285.7632
272.4422
275.2061
277.2648
276.0529
278.5582
284.2747
276.3537
265.5148
277.011
267.68
280.1807
277.6918
273.4913
289.052
278.2742
277.0134
283.3147
286.0313
286.3871
281.1588
290.2272
282.5135
277.6763
278.5821
276.7599
280.4956
266.651
270.4797
280.2245
283.4539
270.8638
276.085
291.2365
282.2761
276.2368
285.653
290.1007
285.93
277.1023
288.7157
278.5923
285.9701
279.7669
289.2023
286.142
273.9052
288.1635
281.8273
286.9832
275.5602
267.8717
282.6364
285.7781
286.4842
279.7423
267.5737
278.0898
277.4715
280.8041
287.0243
275.7927
278.4594
282.3049
290.8581
288.6227
276.9869
289.7203
287.5892
289.4668
300.0058
276.6752
291.3142
287.5453
280.9698
280.5074
281.2593
278.0303
277.1903
277.184
282.3971
280.8558
277.0031
289.7233
274.0584
285.1788
267.3766
270.5535
297.5158
280.5401
275.8634
276.9223
281.2843
284.4459
281.0159
278.7686
273.2848
280.538
282.2931
269.2722
276.909
272.4376
270.952
274.0266
281.687
287.2217
272.6606
279.3211
278.24
284.6252
277.3004
282.5873
279.5194
280.859
271.5056
254.1185
276.7519
272.2984
282.9309
279.0589
284.6815
282.0772
280.6736
280.5359
280.2867
279.7628
278.734
275.6718
289.4917
267.5939
272.2913
277.1454
290.9911
292.1077
278.7536
285.7029
275.0742
271.5203
287.0925
279.8108
278.9267
285.2336
279.4871
278.3231
282.0188
273.4804
279.8209
269.2381
277.6278
282.616
290.6482
287.1788
283.6032
286.5487
280.5397
283.9403
283.8257
275.821
283.8772
279.4142
277.7597
286.4118
294.5874
272.0311
294.4468
280.8996
269.1815
262.607
286.0207
282.6175
284.1327
279.6869
295.7804
275.7872
291.2141
297.2012
277.5389
279.355
289.6591
297.1966
287.0382
279.7511
289.3249
275.3465
275.4045
279.6397
271.575
286.8497
281.4791
278.4117
269.6329
282.5058
281.2378
282.8523
279.8245
285.3055
282.7946
276.2208
272.1867
281.7267
286.1098
289.2054
282.9045
278.5611
290.4168
289.4665
274.4241
287.4915
282.239
289.0574
277.3637
286.2352
285.7434
279.481
282.62
274.3251
267.1468
264.9737
270.335
281.8903
285.0118
288.9661
273.2802
287.2854
290.4893
292.3957
267.7091
272.4899
264.3074
283.1259
285.6221
288.8321
278.751
277.6858
268.6837
278.7715
292.9143
272.0784
290.3327
280.3003
280.5676
296.6767
276.9637
259.2873
286.3989
277.0972
292.1124
288.1075
293.0667
280.8763
287.3934
270.1981
286.8095
286.0769
277.3363
275.9591
267.3356
285.6483
274.5311
279.5437
282.4424
282.6858
286.2942
274.3253
269.0887
280.7759
276.5289
279.7647
284.3122
271.9306
277.0305
278.875
276.7231
279.0003
277.0922
287.1294
287.4633
277.0053
271.8679
269.3064
282.7592
286.9088
276.1714
275.5214
279.4075
295.9317
282.8389
289.0919
273.8133
277.7059
288.8811
290.7371
267.3913
283.5081
282.0211
279.1152
292.5766
281.1312
280.2686
273.6689
282.7599
280.197
288.0665
280.9472
283.3451
286.1903
272.773
269.877
281.9616
278.2627
284.393
289.2361
287.3956
280.286
279.4967
292.4155
270.0817
287.906
273.7034
287.0774
271.2541
295.6861
289.7545
277.2332
277.4272
289.1865
282.9634
280.4171
281.005
278.4147
274.6161
288.7623
290.0001
284.8194
282.1181
286.998
277.2588
279.2307
266.7659
271.3347
274.72
278.2603
270.9185
284.9684
281.9328
295.9685
286.5744
275.817
285.3247
276.3209
271.6964
285.1999
285.6277
283.449
294.3479
283.6938
281.6171
271.4124
274.1091
278.189
281.7281
276.5771
276.8743
285.9462
271.8664
294.4948
276.638
286.2541
266.086
280.3866
278.9491
281.1429
280.4144
288.7944
277.6111
279.3223
288.0747
276.5257
278.2965
262.8169
282.3632
283.3969
272.2303
291.2478
278.195
274.2851
279.2515
294.1187
275.7186
283.7869
290.037
284.1298
279.8462
286.1479
291.3345
279.7816
286.3587
292.6979
278.343
276.5441
280.3188
285.5621
273.5645
283.9158
276.2817
272.119
281.7768
267.0156
283.9042
284.4615
277.0478
281.1452
273.3644
271.2601
290.2286
283.936
280.0886
285.5835
271.4161
285.5326
282.3201
278.9797
283.2411
269.581
283.7704
271.2496
282.3795
279.8545
287.7944
279.9067
277.1908
278.3072
278.4206
286.9185
268.0037
294.7227
281.2866
288.2583
285.5553
264.0218
280.4434
290.1626
281.3754
303.1332
279.4751
276.5825
286.6345
277.9747
275.5534
272.2596
286.5443
277.001
269.9049
272.4731
287.8922
287.4406
283.2666
277.5482
283.1374
281.878
277.4041
281.9286
281.9648
280.5048
284.2007
273.1574
273.2813
290.3885
267.4231
275.0962
278.6125
280.2739
279.5344
283.1455
289.1189
271.1999
279.9642
272.3496
299.2967
268.5002
295.8566
272.29
274.838
279.3593
290.2993
284.0557
284.963
277.3318
280.9241
273.7873
289.7791
275.2054
271.6542
279.7051
287.6998
278.4422
281.6832
278.948
287.7835
276.4604
268.9305
273.1571
280.5675
283.5556
283.4062
273.0498
285.8071
270.5636
268.9024
266.2708
278.3586
285.3803
279.6674
278.7317
274.1376
282.6028
294.87
289.4988
286.2483
272.0167
282.0822
278.3618
286.8072
285.0253
278.1852
275.7795
290.133
270.5998
283.5897
277.6876
282.61
278.2995
284.0254
274.5017
274.4103
275.4624
274.4538
279.9308
281.2218
267.9841
275.7723
284.4366
287.1747
282.0283
286.178
282.6653
279.1181
278.9366
285.1358
282.1724
276.2688
283.4684
283.519
281.3912
281.4256
298.0946
285.8839
283.4747
279.9251
271.0503
281.9434
269.9723
268.778
273.6585
285.5458
273.414
290.1738
281.0333
289.4113
289.9643
288.3916
283.6707
284.3704
277.2102
282.0596
271.2953
272.9329
291.5403
282.6038
280.4723
293.3102
277.6266
279.0836
280.6258
286.9352
263.7952
277.9116
283.2358
272.8295
276.1598
276.8415
281.0786
281.0975
279.8639
281.5405
291.1222
276.8421
273.7093
276.0074
268.8919
280.3614
268.1033
277.9544
281.0294
272.0391
294.5217
279.0312
279.8237
280.4792
280.2205
294.5769
293.6361
292.2365
274.4217
283.5554
292.2336
284.5846
288.4907
282.444
295.3564
279.4204
275.3084
280.3302
272.2879
265.6498
282.4864
277.1299
281.5462
287.7643
279.4241
291.5049
280.2873
281.2849
263.4772
283.966
281.7372
285.7636
285.2653
277.5357
290.9119
265.956
272.9557
273.765
272.1132
269.808
288.0528
276.0409
281.6611
278.2422
285.7949
274.815
272.896
277.4106
265.7783
265.045
266.0065
273.4687
267.891
269.3078
285.1163
267.1535
287.954
272.9933
276.3264
285.4947
304.5186
290.3732
285.5774
283.908
290.848
284.4912
282.7479
277.1851
292.554
288.6748
276.187
275.5035
264.3035
266.0204
273.986
288.7809
284.9964
279.8297
280.7873
273.4006
256.749
271.4545
280.5976
273.5984
287.3068
289.5297
286.7812
279.3111
287.5741
284.3213
290.1995
273.2434
278.5445
289.3093
281.6056
276.903
282.1829
279.8658
286.5905
281.6069
276.6697
276.7302
292.6336
280.3201
275.995
283.198
279.2579
285.8526
276.2511
285.4844
275.8284
283.3553
270.8068
278.2314
277.0972
286.2037
270.219
268.3009
288.1195
279.3788
277.2464
277.2552
277.0346
279.595
277.3048
279.2075
281.0924
268.2104
275.9368
287.7295
269.9404
274.2558
290.7497
275.0301
281.7163
284.2537
278.6048
277.4866
273.6799
277.0779
280.9211
283.4472
281.5599
285.2067
281.9925
279.7524
268.706
281.4663
295.6104
277.9224
273.3083
278.8575
289.0003
285.3481
267.24
266.5443
288.5275
275.4172
286.1363
268.5438
275.22
281.2292
283.7161
272.905
276.0234
261.8404
270.359
287.1252
294.8858
281.6058
291.9558
281.322
286.9168
287.2133
280.9952
286.3999
263.6372
277.4734
283.6966
278.9015
279.3483
279.8682
284.2911
280.462
283.5944
289.3707
275.5133
276.2313
288.0965
271.8706
279.5559
289.0025
281.2398
277.517
287.5622
270.6491
282.8825
275.1146
268.4361
272.4789
282.842
285.6705
279.3856
276.8209
277.7833
282.9294
277.3013
286.855
281.4067
287.5636
291.3362
263.6469
270.3453
288.3541
283.8281
274.7687
275.2654
273.0157
283.8769
281.0535
278.7308
290.9627
272.9605
276.6722
284.7024
280.4249
272.0281
278.3364
274.5944
288.3847
276.9193
288.2114
281.4443
281.4045
286.0848
272.7115
290.4364
281.3416
281.4373
278.9906
280.2326
283.8768
288.247
273.805
283.1459
277.2909
283.8067
283.5099
285.8405
277.6627
279.062
272.7979
280.7129
280.0129
282.747
277.7864
275.8878
282.382
272.6189
270.985
275.713
286.6226
266.1335
276.8159
277.2443
283.1694
276.0866
281.9911
284.1486
274.9138
282.1635
281.6933
278.6905
277.328
294.4241
297.5501
283.2835
292.1163
268.2976
276.0403
272.7955
272.074
279.7703
287.4563
266.1941
271.5154
276.3843
277.4846
281.3565
299.3443
278.6085
286.5632
283.7763
285.0892
273.5318
287.1632
278.7858
291.4141
292.0891
272.6421
284.9337
272.0366
290.1924
269.343
271.1096
271.4697
282.8588
274.8893
271.057
277.2232
281.2655
280.4491
285.2552
282.6513
279.9511
285.0862
281.6531
268.5386
272.4805
284.731
275.9803
295.3543
288.978
266.9541
278.4503
271.8306
277.1972
288.444
282.1876
293.1185
280.6794
265.844
281.9391
277.5431
278.5448
281.535
275.1678
288.5949
280.793
270.1744
279.757
282.3245
292.8048
286.7655
271.6158
285.8232
288.7091
285.8193
279.3001
290.7867
283.7309
282.5951
283.8109
283.1206
282.2591
288.4252
282.4289
293.91
275.1759
283.2257
282.0524
289.6681
277.8525
275.1981
285.0926
265.137
279.7716
296.5404
284.4494
268.3174
283.6661
270.3538
273.1222
271.7934
288.8863
266.7337
272.3784
284.0354
275.2649
280.4132
283.594
284.8713
270.4712
271.8607
270.6302
273.7206
295.4371
276.1549
288.5839
283.5795
276.7008
283.6556
279.9759
279.2237
273.8957
282.8598
292.9206
281.3057
280.9249
279.7417
282.6392
281.999
290.0799
273.8046
274.0467
297.6491
291.0762
270.3596
288.609
269.1527
264.1099
285.6384
286.8317
269.7386
286.6049
277.809
276.9557
276.796
273.6431
284.1446
285.6227
276.6528
282.2109
279.9752
283.3362
281.4352
281.547
291.2966
283.7177
283.007
279.4918
274.7205
282.6266
278.7006
285.1151
265.4306
280.2542
273.1921
287.203
279.616
281.4668
272.8528
287.4124
283.5083
272.2089
280.9343
283.5952
283.1434
279.8826
278.432
271.8948
282.8382
281.3433
273.3198
273.0225
277.5763
282.5518
276.2511
283.7167
288.6362
286.5839
274.838
275.8601
287.402
276.3424
275.8376
278.0683
285.5749
279.5603
267.5753
284.5637
274.6033
281.718
273.4939
288.2655
292.7436
270.2415
273.1578
275.721
271.7541
270.7934
278.3278
282.6282
301.0723
286.4528
285.8379
292.1033
277.0269
287.9805
273.3124
295.8365
270.9702
286.9915
291.2544
268.787
280.4868
276.8373
289.1204
282.6821
283.1026
280.7636
293.2453
274.5775
280.3838
280.1698
281.6932
274.498
276.9264
276.726
273.2164
281.8064
272.6248
269.2893
287.2089
291.1776
289.2295
270.7964
275.8138
272.4559
282.0783
275.6278
297.9312
283.1986
286.0203
280.4151
272.0266
282.0245
276.6803
278.0272
267.285
283.5368
286.2435
284.0139
265.0366
282.6206
284.9496
268.1955
269.0397
277.4226
271.9735
284.761
277.8352
268.8955
279.332
307.3446
272.3124
273.5153
287.097
264.2155
265.107
283.0787
282.7142
267.4808
280.4673
282.7893
279.4547
283.3926
271.2492
261.1027
283.2451
263.6646
282.4725
276.4765
277.2163
282.7572
282.5379
254.9022
269.6334
278.2982
288.3193
285.357
290.295
281.0176
277.3254
283.877
272.3918
279.9176
286.5772
281.7859
286.6272
287.7332
289.69
280.5742
273.7019
280.8842
276.978
293.143
291.0002
277.4456
296.1879
282.2526
272.1214
286.3103
282.6759
284.9291
277.3326
276.6287
268.2472
290.744
275.515
286.7691
282.7713
283.6717
276.0739
288.7081
298.2643
291.8808
271.1019
273.0441
274.7042
282.4927
272.9823
292.4166
291.9717
267.8975
288.5479
289.2901
285.5834
278.6144
272.0119
295.8695
283.9694
277.4562
278.9706
270.9958
283.2275
274.3016
266.6291
283.9084
283.643
281.6551
281.1006
282.7925
280.8057
301.1229
285.0728
272.2297
269.691
273.8767
279.4712
288.9455
283.5081
274.2436
283.9432
289.7167
276.1613
286.9147
278.3989
282.9489
283.3113
282.446
285.3514
287.7678
287.9631
263.1641
278.1379
284.7911
275.8957
268.7132
259.1046
285.517
281.1767
282.4051
280.29
287.5426
272.6183
280.1253
279.0611
284.9734
279.2759
283.8093
295.6836
275.8937
279.577
280.2113
286.6585
276.322
285.5149
277.5529
294.3864
280.9181
285.1056
278.291
300.8411
283.1055
277.4765
256.0427
280.2987
286.7619
287.2154
272.527
270.3969
274.6452
278.9465
279.7122
283.5633
280.9389
270.9164
294.827
274.4409
291.6967
281.5541
272.5657
265.4121
284.8431
280.2577
272.7626
263.323
283.001
294.4195
275.8109
282.8115
284.7847
281.1667
291.0062
280.2083
283.846
269.1639
279.7318
281.9915
273.0671
279.6849
278.9821
294.8749
290.8378
282.0227
276.8675
274.3323
296.1944
275.4194
275.1217
281.1845
286.1983
282.8955
263.3775
277.5567
291.9422
281.2096
277.7442
274.6208
282.3905
278.7011
281.4541
278.743
288.6993
286.7825
285.5934
279.8206
283.1128
281.7451
286.743
275.6811
271.1031
305.9068
289.1191
290.0234
269.7178
273.2481
290.3895
273.1733
294.7464
274.6331
286.7149
268.983
279.4019
279.0753
275.4249
282.9374
274.0718
287.5364
282.2385
284.4188
281.0461
272.3868
272.2434
278.7388
269.306
274.4749
272.97
284.6265
281.7439
281.6354
285.9517
268.9888
287.1831
281.4212
277.3687
280.8099
283.6481
292.0531
270.2747
274.1397
270.8464
269.0327
289.1869
270.9537
273.5088
279.0888
279.7204
273.2909
287.5068
275.0559
281.5336
288.8142
271.134
275.0291
272.9994
285.2156
275.986
263.9733
293.7983
279.3229
266.7197
288.3513
290.8312
268.5557
279.1928
276.0259
292.8559
295.5929
274.7038
273.1845
281.2182
279.4913
281.8796
285.4343
283.1708
278.8341
272.9887
268.0073
286.9171
286.8219
279.3553
284.8469
289.3173
279.4053
284.2713
285.6871
281.039
281.6537
270.0522
271.162
288.0367
277.5636
285.5995
277.3818
277.4557
273.8232
263.7926
274.4172
284.1225
280.3777
274.1958
278.0211
283.7456
281.3467
277.1975
285.025
276.0476
271.2366
283.4602
272.3009
283.3885
284.7931
279.4698
278.3249
280.658
269.0708
275.4973
281.1356
280.6215
287.312
278.746
277.3696
282.7683
286.9577
287.1778
270.8322
280.043
288.0792
300.29
268.8914
292.1098
283.9639
288.3835
280.7681
288.1957
274.0801
284.7994
272.1606
273.2908
282.6915
281.5408
286.0212
285.88
284.1907
274.4388
283.5673
287.545
268.9457
281.1075
284.7232
276.4489
275.3825
290.2202
296.6243
290.9326
274.559
266.1866
286.6551
275.912
278.4488
274.6372
276.4581
287.155
278.5906
286.6091
279.5238
286.5486
282.7393
284.0301
292.0968
273.3989
281.9164
279.7891
283.0103
283.0971
292.9559
274.9788
271.2064
280.8361
278.7539
275.428
281.5177
279.4116
275.7285
277.4578
287.7031
269.944
277.7135
287.2069
300.5873
274.1039
265.7878
261.8848
278.6513
277.6716
266.7266
276.3694
290.8006
276.8786
272.6472
286.9062
275.6086
282.9248
278.6409
286.2298
288.3046
285.6707
273.5414
284.8211
283.4707
281.2208
272.8056
276.624
275.5499
282.129
287.4242
279.2943
276.3087
286.085
280.989
282.3511
283.4212
275.5398
268.0004
271.3265
271.399
281.7022
282.8072
286.8445
276.0464
288.6062
284.4587
283.8954
277.466
280.6191
284.1801
276.7034
284.5827
278.9812
278.1822
284.893
277.4023
280.5722
282.5223
291.3976
279.0464
269.2182
272.3136
294.3963
279.9458
274.2935
274.0306
287.5821
288.7556
269.1459
270.3839
288.4492
279.2453
306.4901
276.7255
280.744
289.4827
298.4307
279.5741
293.5928
287.4852
266.3664
281.3019
278.6646
277.3518
275.7193
280.9214
288.7314
285.531
277.5309
275.5162
297.6937
263.6653
281.4957
271.5837
277.5362
257.4696
290.4159
284.8543
286.5166
280.458
283.8521
278.4327
283.0774
295.0852
276.6278
271.8722
276.4071
285.7298
292.9516
284.2989
278.1669
274.9892
268.222
263.6234
280.7898
283.6064
280.3768
286.0221
283.1374
280.2031
287.5979
269.4043
284.1917
305.3154
275.8265
278.2755
280.0883
284.5093
276.3004
282.3728
284.645
298.2757
283.3834
274.2416
281.8882
280.7759
284.4649
273.3125
276.2781
286.9174
277.4322
284.6827
280.3931
275.274
287.186
280.8716
276.8864
269.7726
269.7006
279.4068
293.4165
276.7711
277.7745
273.5807
270.8172
277.7328
279.3203
272.7189
278.5248
278.0994
270.4221
291.0297
284.0806
276.027
284.0404
278.8045
280.3818
281.775
277.8665
272.3511
283.5794
291.0958
279.9519
266.7104
271.3212
277.6671
288.5854
277.693
281.6251
285.1401
276.8728
277.8832
272.7112
283.268
269.3105
275.0256
282.4348
280.135
271.6276
272.0012
283.4427
272.6164
262.0707
274.0477
277.2467
266.6946
291.9816
283.4096
281.7242
281.2233
283.1161
275.9907
280.4723
275.8482
278.1852
276.8355
283.4519
268.4712
285.5716
286.2196
261.8656
270.5556
278.9337
279.3076
285.9382
271.256
277.2679
296.0038
281.4593
274.5681
268.5334
284.0324
281.932
285.7609
292.6171
287.3183
280.1824
276.6965
280.6017
274.511
280.9004
296.7528
288.6269
278.0572
259.8765
285.5306
301.3011
284.5522
291.3539
280.749
279.1036
281.0778
276.0079
278.6955
284.6366
287.9401
295.098
286.1819
276.8741
279.4693
282.4786
284.9125
283.1099
267.8931
273.5207
273.8414
272.1791
274.6308
274.1974
287.1865
281.2244
278.5161
290.0405
271.6064
287.9327
285.4384
287.3858
287.8735
281.9903
279.4447
282.8499
281.604
282.7697
274.3087
276.2199
277.8966
269.7449
274.7841
282.2533
276.8483
277.9275
268.7303
283.3274
277.2381
285.7596
274.4787
285.6513
284.4543
272.0325
299.5723
269.8646
282.3365
284.8369
275.0971
274.4097
277.6973
287.069
260.0797
291.7211
285.4326
285.1467
272.4639
282.436
278.6668
290.2654
288.2569
278.5484
287.2144
271.7985
270.7351
289.5567
280.3488
282.3784
270.7546
270.4342
280.5275
283.4947
291.5296
276.8813
286.2228
285.848
265.4433
268.2814
296.8735
286.9772
282.9422
272.8888
273.0626
275.7041
273.0347
284.9123
270.8531
275.7502
272.2842
279.4272
288.5166
283.1655
281.7333
283.7228
272.0267
276.8516
282.7564
286.7144
289.2328
290.3884
287.1466
285.1462
278.0528
278.1701
275.0407
293.1064
282.1428
271.1986
278.8973
293.6869
280.2959
267.8168
266.1425
272.9954
275.1278
272.2605
289.2999
275.7378
287.3313
281.9411
274.9193
283.9059
286.4077
284.9045
283.0098
287.5207
288.357
281.7895
272.4512
280.1093
275.7473
286.0769
280.8873
294.3591
279.6063
284.1598
281.176
282.7054
282.3455
267.2883
278.8028
272.6705
288.9614
283.5411
288.4557
291.2442
281.1582
