4947.73
4530.852
4769.609
4484.028
5641.205
6990.345
7681.075
6742.463
8366.2
8916.16
6234.624
4915.088
6067.793
3061.584
5918.1
5146.931
6108.249
8340.173
7748.861
5492.841
6875.344
3960.712
5975.584
5002.355
5413.925
5992.639
8928.391
6730.329
6540.573
8635.94
11171.25
7691.851
5153.408
7151.424
12036.19
7772.21
9932.696
6717.189
5565.057
5579.005
5406.9
5477.642
5208.913
4459.932
4345.423
4875.742
4697.514
5431.805
4995.785
4919.874
8662.207
6794.579
4676.305
6874.911
8626.1
5273.457
3842.462
4441.755
3258.602
6890.234
6187.196
4710.053
2486.759
3897.082
5412.769
6101.199
5216.198
7922.949
5330.961
2825.627
3013.962
6380.485
6441.082
5083.144
6204.301
5749.237
6828.683
11276.32
7184.649
5672.708
5162.043
5758.83
3299.697
4323.97
3869.044
7370.183
5934.819
8712.815
9263.18
4354.546
8330.074
8660.773
6268.311
7185.639
8871.936
5718.295
5532.848
6355.648
7564.567
8326.94
4754.92
6407.096
5135.713
4950.062
7570.136
7352.692
6191.803
6825.954
5570.264
4068.779
5037.537
6424.448
6878.373
6736.32
6896.233
9783.106
9449.235
8654.822
7200.023
6623.755
6051.46
3646.286
3561.679
6827.909
7014.471
4728.079
3367.306
4092.859
5478.026
7019.997
6690.387
7142.727
5455.12
7603.477
6918.317
8040.929
5146.806
6103.346
6455.488
6203.123
6528.361
5466.638
3891.725
4825.324
3731.797
3752.024
3840.735
3674.673
4622.359
4581.223
4289.812
5219.262
5489.428
5294.822
11572.72
8873.386
5984.051
6792.676
6818.03
7225.904
4087.233
4962.731
5496.171
5463.334
4048.289
5388.984
5993.515
4966.687
3743.361
2459.219
2823.571
4183.686
4019.323
4771.602
5581.865
5466.599
6594.016
4842.368
4620.197
7262.479
5073.424
5491.509
5979.013
5981.799
5843.105
6548.168
3733.83
2816.049
3001.257
2921.074
4715.779
5468.134
6768.002
5125.597
7064.099
5823.6
6046.297
5192.893
6560.618
4055.562
5980.944
7465.578
5308.401
5847.184
7153.421
4847.33
5492.112
5095.936
6196.126
6087.302
5181.87
8873.058
5736.752
4584.289
4395.131
5750.482
3369.098
4851.457
5137.359
4916.918
3353.691
3357.013
3355.752
5896.197
3046.146
4135.026
4966.062
6569.641
5554.602
6487.673
5285.486
2728.774
5097.608
5385.496
3935.255
4273.261
2448.88
1951.601
1663.406
2958.694
3363.195
3060.633
3463.843
3004.884
2817.561
3060.986
4083.652
3482.579
2876.079
4364.987
3589.506
2937.581
2596.639
2142.568
4282.72
6039.046
3325.812
6954.778
9889.309
6419.468
6384.163
7232.448
6819.744
7647.964
5669.325
3507.508
7436.691
3246.044
4854.141
8472.257
7771.801
4068.715
3719.443
2868.105
3414.964
3255.653
3022.5
3383.602
4226.685
4379.138
4012.475
4978.561
4242.493
3963.541
5427.126
3969.114
5751.881
7358.29
5140.514
4513.26
4123.918
7273.79
5399.702
5130.649
3588.753
5400.899
4471.021
3532.818
5269.047
3419.108
5131.86
6497.604
4680.567
1662.974
2988.314
3087.414
5261.267
3471.618
4238.825
5871.188
5812.07
5124.558
4943.21
4382.94
7390.261
4742.063
5190.963
4239.775
5293.797
6717.799
7373.631
7595.414
5812.385
5769.666
6668.777
7462.142
5877.06
5247.952
9642.266
3858.51
6465.438
4604.896
4922.018
5418.252
4966.371
4639.73
3454.033
3087.893
2832.858
3865.391
3851.881
3717.549
5670.906
6542.81
9314.328
7885.375
5937.199
4530.693
6555.75
8592.189
8054.344
4291.674
4042.67
4561.461
6323.601
5129.774
4095.804
3638.517
3784.422
3813.43
4740.282
4167.442
4763.062
6046.444
6072.297
3482.525
3168.999
3109.506
3928.022
5484.016
3378.078
3124.232
3098.848
2471.8
4346.798
5132.909
6814.273
5545.234
4354.912
4876.573
4254.626
3912.594
5501.837
5785.142
4044.397
4353.487
5597.053
4707.936
4842.007
5940.733
5571.418
10431.94
8525.009
13333.5
6187.953
5599.593
7853.845
5419.331
3930.848
5547.825
4952.286
6813.987
4833.463
4523.942
4566.841
2623.044
2154.5
2722.001
4286.494
4454.436
4235.072
4907.19
3265.811
8782.115
4298.429
3498.434
2754.396
3135.145
4466.677
4611.118
3031.914
4382.261
2633.141
3440.666
4002.904
3673.958
3268.756
3273.108
2777.622
4007.283
5358.781
4317.09
4796.635
5287.202
4669.636
4172.083
2885.499
4169.47
3361.997
3010.197
2554.218
2768.594
2802.461
6163.727
4983.967
8727.351
4122.054
5396.93
4243.551
4682.679
4661.753
3597.847
2703.684
5401.453
6155.864
4699.636
4497.185
6441.768
4443.565
4972.449
5074.574
6738.03
6479.513
6796.292
5735.817
5977.635
4219.108
2561
3803.079
2424.016
3175.774
4302.403
4359.314
2557.817
5390.358
6568.735
7002.57
6637.836
7418.598
7184.857
7093.649
4931.024
4759.318
2201.394
3151.623
3732.957
5056.764
3953.345
3313.671
4064.442
4125.488
3725.487
5195.898
5877.809
4662.318
5429.155
5598.882
5312.697
6273.922
6264.108
6277.322
6356.636
8082.819
6416.091
6416.423
9460.182
5340.753
7919.45
7878.659
6038.279
5715.276
5486.449
6542.444
8598.167
6301.609
6556.153
6389.217
4668.145
7124.096
7686.987
5954.8
4480.685
5415.772
5602.758
5758.311
4057.519
6281.154
7526.488
10020.35
5716.9
6434.062
5882.977
6789.598
4835.775
5037.007
3723.848
3147.449
4316.797
4528.027
4761.268
5012.745
3747.387
4806.206
3777.699
6461.802
4952.604
5578.532
3228.853
3869.643
3020.049
3764.655
2312.438
1078.921
1569.341
2426.486
3557.708
4301.023
6093.592
3990.6
2970.76
3901.961
5153.616
7406.655
4312.981
5054.764
3995.433
2657.312
3137.472
3835.574
6400.15
3497.655
3993.046
3909.71
3420.227
5715.133
5316.874
4709.852
8520.615
6888.916
5855.986
6560.933
6492.193
5006.886
6499.481
8571.605
6534.382
4682.53
5896.637
6545.395
6071.498
5627.85
7049.261
5980.008
6079.847
7615.864
6006.2
6291.702
3369.21
4504.841
4982.719
5228.265
5958.747
4417.439
6277.704
6824.903
6627.287
7014.381
7084.315
6266.022
4768.666
6529.977
5825.842
5412.539
8466.308
5250.232
4865.593
4683.477
3678.349
3334.403
3424.171
4850.884
7483.835
6873.761
7725.626
6492.073
6734.063
6930.537
9456.663
6226.673
10122.47
5499.507
3943.351
5171.585
2998.008
3099.23
3735.421
3890.281
3269.725
2101.491
5208.887
5420.414
4681.858
5688.979
7521.874
3468.005
6796.457
6328.611
6157.658
7655.589
8638.399
5560.737
7909.425
7632.386
8969.504
7917.435
5531.005
9645.237
5681.778
6079.969
7913.077
8299.952
6839.329
7802.924
6401.797
4769.238
3341.742
3205.1
3573.118
2335.499
4221.811
3947.509
2840.204
2865.786
3593.071
4874.6
3853.618
5669.34
6644.472
5363.743
4541.248
3090.576
5251.647
5395.824
4467.753
6888.239
6318.785
5800.871
5031.468
3604.597
4328.463
4635.494
1779.858
3429.045
4898.774
4776.276
4861.408
2816.187
5100.044
5274.212
3351.478
4503.256
4782.916
3053.436
3804.379
5018.654
3882.609
5024.852
5992.522
4974.218
5496.982
5038.445
5710.546
4934.956
5075.75
11129.37
8246.223
8417.415
7853.766
8695.003
7887.833
6823.27
4575.983
4857.621
8205.743
8591.976
9952.892
6182.734
8817.499
7554.947
5614.495
6530.583
9602.318
6196.63
6330.352
6025.653
6191.838
6735.99
5991.743
6297.955
8360.942
6377.551
5823.244
6526.247
7926.649
5552.519
5359.558
5403.909
5202.937
5938.228
6682.768
6339.095
8191.105
7132.211
9758.879
5896.579
8991.645
7983.92
6535.258
6284.638
5867.953
4984.382
7219.171
4925.876
6059.44
4190.677
4216.052
3347.53
3628.031
7239.034
4229.968
6133.749
6219.172
5393.038
4020.407
4402.769
4702.486
2996.308
4105.882
3028.498
4546.25
5962.826
4275.491
6039.968
7204.183
6217.137
4753.776
4356.213
4542.11
5495.033
6094.519
6719.614
5895.123
5369.361
7310.793
6544.861
4970.84
7289.289
6799.763
5730.667
7147.459
5716.994
6604.264
7483.811
6067.952
8372.369
7693.589
8061.972
8429.421
7724.261
6796.304
5489.8
5506.75
5844.963
6309.219
7224.549
6987.991
5438.236
4835.962
4541.387
5630.114
4381.97
5401.393
3559.259
4186.14
4214.994
3928.101
6189.882
5774.395
6610.194
6185.8
4944.784
7324.596
5663.873
7677.999
7276.396
7487.344
6586.327
5609.089
6282.027
10041.63
9699.17
7763.456
7344.189
7482.324
9614.042
7360.69
6668.408
8801.849
4945.419
4820.202
4809.096
8855.776
3646.029
3539.833
5035.127
6660.629
3832.091
3055.536
3950.823
4749.701
6563.055
4448.552
5307.511
6974.329
7710.593
5931.668
4906.126
5973.364
6269.869
8106.687
6700.68
7701.556
5689.696
6711.361
5724.603
6731.135
7352.268
7820.697
5000.717
6084.878
7373.369
5759.954
7250.971
5184.388
5429.001
6439.742
4463.818
3174.653
5666.023
4695.892
6332.845
5261.7
7192.943
5912.261
8494.614
4739.58
3557.609
4942.813
9967.756
4897.526
4334.267
5796.924
6695.622
7158.975
8641.191
5629.352
6028.993
3763.304
4900.6
8425.455
5210.427
4908.81
6564.603
6595.76
4295.35
4928.041
4482.287
5127.778
4499.963
5262.799
6219.582
4361.597
5600.855
5112.246
5377.895
6063.137
6553.398
6389.365
5175.122
3811.914
5065.101
6577.475
4607.276
6258.917
4124.237
4138.902
4979.078
7079.261
6999.027
7184.749
6844.607
8198.199
8182.135
7639.12
7351.393
5555.045
6763.637
7478.269
6788.334
8340.238
10135.53
7642.797
7296.022
6712.701
7440.192
3609.155
5356.952
6287.097
4226.22
3923.252
4249.122
4340.411
6242.086
2551.751
2918.485
5471.989
2418.706
3718.334
4570.093
5576.995
4547.898
4868.501
4112.142
3190.393
5916.669
4207.613
2957.715
4732.435
4192.542
3511.976
6428.957
4919.391
5770.445
3613.395
4126.705
4151.367
6316.174
5749.381
5944.899
5074.222
7540.043
5265.581
4740.171
6517.079
5618.235
6558.547
4835.122
5213.074
6276.615
6657.537
3907.931
4842.993
4725.194
4911.086
3642.134
4591.873
3303.5
5192.015
4093.906
4820.5
6115.335
6434.097
5927.44
5384.228
4134.159
4682.948
3295.769
3730.99
3498.529
4662.983
4685.236
3000.782
2980.416
4773.821
4507.154
3312.299
3957.936
2981.658
5701.196
3430.154
5695.578
6139.417
8375.029
5501.783
5637.237
6490.096
5389.074
5586.928
5815.59
6102.804
5514.091
6614.64
5913.507
5815.532
4123.883
5873.084
3979.06
7286.938
6044.014
3740.285
3763.675
3059.993
4350.319
6852.134
4540.107
5709.307
3248.411
4914.488
6072.173
4963.91
7090.199
6989.786
7125.064
7106.053
6999.496
9516.997
8668.921
6601.736
6896.933
6578.706
3279.875
3029.267
4302.361
6605.68
6231.407
6097.297
3038.072
4007.531
4692.633
4219.945
4425.908
8576.146
5824.567
5649.783
8328.428
5760.321
4174.905
4989.641
5624.882
5350.754
3106.876
3471.372
6019.091
3785.481
3333.37
3077.274
7159.411
3958.476
5537.815
3709.248
3616.705
5726.815
2968.036
4017.011
4583.376
4164.503
4800.585
4651.928
4955.957
4145.921
3887.107
3032.03
3881.071
2879.644
4229.131
4939.21
5110.364
4876.868
3818.306
5347.56
6378.034
4061.927
3130.788
4790.993
4632.338
4517.459
2907.754
2225.906
3015.984
2281.853
1730.71
3234.384
3023.542
4317.458
2228.133
2901.91
4296.536
5333.841
4923.974
6360.365
4253.976
4281.825
5168.894
5644.446
7469.984
6000.184
7377.787
3674.43
3398.941
4227.344
2947.978
5467.744
5515.6
8127.393
5821.658
6570.759
6155.312
5892.673
4940.92
6296.011
4680.247
6795.887
7398.975
4644.681
2038.68
3873.32
5120.424
5032.936
4911.395
5261.662
7355.235
5389.476
4120.213
5793.812
4026.589
4302.824
3977.618
5750.993
7460.926
8594.163
4306.27
5021.429
6644.068
5999.494
8063.315
6341.074
6692.181
4827.116
5848.628
3527.278
3869.36
6600.077
4875.149
5231.577
6877.945
5343.382
3095.691
4192.046
5318.799
7215.959
7330.794
5167.448
8908.104
5641.064
6990.118
7267.601
5111.895
1906.413
5636.011
6333.747
5111.448
3701.391
3846.584
5195.92
3571.623
6518.809
9087.348
6501.451
7377.605
4435.688
3721.311
2957.222
2720.308
1983.697
4630.43
3860.733
2640.624
2898.042
2666.442
5246.896
3169.48
2507.234
2178.075
4661.862
3643.267
4939.11
5666.403
2290.295
1689.703
2746.014
2315.643
3711.733
3879.08
3335.567
7038.276
5034.329
3728.563
3889.976
4634.228
3104.79
4727.135
4534.329
4089.512
4816.653
5005.751
5682.602
6346.098
6054.229
4006.064
3313.144
6957.604
4475.576
3564.438
3144.14
3474.938
4215.935
4459.414
3052.029
3510.416
10341.01
5865.522
5488.604
8803.82
9066.148
6612.247
5769.127
8391.336
5512.112
8153.374
6542.964
7559.674
5299.865
4972.008
2920.756
2949.246
3826.326
3569.696
4894.867
4512.785
6991.423
5652.509
5776.832
4163.233
3489.91
4166.649
4312.121
3461.996
6442.237
4360.454
3453.008
3986.475
3995.617
5375.614
4509.299
4377.813
3937.379
5486.225
9567.149
4640.737
5370.81
7817.495
5842.582
7333.457
5652.976
6829.174
4810.544
4119.044
3596.21
3889.384
4230.395
6726.389
5994.058
7329.95
5121.321
5414.828
3711.925
6268.651
2858.372
2928.544
3551.095
4011.923
5224.675
2763.066
2919.832
2889.557
4997.586
7016.887
6314.942
5401.785
4787.215
3113.154
4723.991
3710.085
5916.779
4188.124
5753.906
6107.003
7039.581
6123.059
4688.124
4460.192
3648.795
5206.857
5577.008
3931.85
3715.187
4618.342
4152.167
6779.552
7609.486
8350.735
8769.636
8740.987
4822.491
6139.741
4425.294
6728.496
9765.612
3608.495
5254.946
6862.376
6174.904
9221.927
6737.592
7906.293
7632.656
7184.077
10329.11
8351.403
7269.415
5769.14
5835.377
5241.693
7496.528
5850.868
6751.178
9640.675
12065.68
7904.077
4258.746
5305.446
8625.8
6845.301
5936.177
9691.221
5414.9
3562.741
4661.625
3722.378
6438.193
6401.483
6191.469
5742.665
5892.421
5169.418
3795.112
3430.673
4920.183
4607.329
6752.631
6581.859
4879.639
6252.196
5119.618
5309.651
5113.308
4670.774
5782.885
4862.004
2446.427
4046.818
3248.496
5380.433
4040.103
9082.826
6200.373
7745.767
5970.914
7687.155
7896.287
5661.76
4911.693
3742.58
3951.343
4541.257
6075.158
5627.351
6591.478
7704.421
6747.724
7363.6
7285.516
8019.609
8872.948
7822.589
9185.148
5730.888
7143.899
7355.61
4853.064
5128.927
5811.234
6297.407
6676.803
6950.801
4988.916
8577.535
6016.775
5163.658
4436.379
4192.586
5456.565
5439.12
3114.823
3994.719
5820.022
8392.496
6995.746
5909.236
4035.175
4618.605
5765.689
5070.245
6590.183
5315.04
3867.278
4293.655
6275.998
5788.288
6450.865
5839.492
5773.847
4850.727
6054.792
6249.777
5222.891
5815.353
5226.411
6754.565
4746.816
3682.389
5049.737
5540.484
6705.048
6493.612
5282.995
4299.203
5714.758
3703.894
3624.2
5471.588
4129.124
5617.166
6972.241
4534.804
6225.87
5275.777
6630.259
6479.428
3706.872
2700.91
6221.645
6301.952
4457.503
4339.656
7414.24
3774.822
9103.813
6460.108
5994.328
6001.385
6133.496
8085.654
4782.629
4499.332
3275.287
3099.217
5102.349
5093.266
3959.926
5589.529
5375.281
5638.214
8869.751
6398.635
6542.959
6628.889
5422.315
6917.577
5129.183
6040.341
8016.518
7272.872
5281.459
6104.609
2710.745
3941.724
4911.099
2999.435
3437.059
3203.587
4204.175
4508.574
3187.066
3384.385
4999.386
7322.055
3931.26
3461.104
4529.883
5536.878
5683.496
6117.725
7364.067
4811.852
5739.752
5717.496
7412.958
6317.661
5845.253
5004.223
4331.098
6810.008
5147.673
4568.226
4329.117
6020.642
5095.155
4840.748
4751.646
4170.223
4559.015
5859.664
8187.079
6922.029
7140.448
5628.562
6154.447
7948.323
5774.223
5457.668
6863.918
10345.27
7646.498
5275.143
6942.923
5907.957
5284.675
5649.347
4433.576
7644.585
6297.482
6727.022
4832.978
7133.109
5708.935
4477.789
10691.75
6893.291
4015.117
3361.199
2173.186
2125.088
2179.272
4135.702
5068.107
5010.887
3247.036
3495.153
2494.681
3188.107
3240.096
5780.457
3442.561
3686.637
2604.953
4310.402
3357.439
4002.985
4386.373
2367.733
2465.82
3161.233
4314.651
5040.517
4412.283
4715.015
10442.21
7741.204
6046.639
6029.007
7924.945
6913.31
4778.504
5290.225
6828.378
7374.436
5560.369
7383.453
4330.197
5572.902
4687.038
4066.165
6617.669
4794.932
9059.363
4065.549
3259.081
4365.973
5279.495
4641.475
3943.015
5282.198
3884.396
4663.755
4163.198
4437.063
4342.104
4100.7
5541.298
5142.895
3325.069
3731.628
3940.549
5471.736
6672.526
4398.821
2759.335
4321.371
2943.693
3296.635
4914.471
4956.382
4980.513
6517.996
9242.261
5027.813
4716.16
6245.182
3894.02
4617.703
5087.816
6332.048
7581.122
4362.02
2902.883
5202.117
4171.796
7464.805
6657.401
4826.917
4001.352
2566.861
2914.712
5292.949
4982.104
4266.75
3045.159
4168.861
2709.937
3188.881
2611.615
3598.682
5858.536
2908.25
2944.774
3040.871
4735.353
4279.093
5183.474
4842.718
3724.148
4493.07
4118.353
3115.887
2776.501
3190.763
2048.978
4099.05
6454.01
4326.206
4581.884
4065.186
4835.323
3747.431
5899.273
3593.529
3661.284
1730.371
4492.695
3523.142
4620.763
4338.974
3867.557
4224.659
5720.152
5676.815
5650.588
4885.388
4649.985
8257.952
5198.194
3697.449
4867.952
4721.182
5224.202
4137.22
2285.329
4010.956
5482.267
6195.552
7249.22
6949.738
6314.234
7552.371
7623.365
7135.758
7870.689
5904.005
7190.248
5380.819
5139.246
4550.069
5240.107
5077.287
4681.298
3374.422
3437.153
3682.184
3353.485
2272.234
3136.457
7463.354
5190.64
4471.768
5394.709
4086.005
2745.35
4104.921
7700.414
6054.523
5369.86
4581.962
6607.214
5859.832
7246.375
6588.836
6872.708
9425.978
8764.912
11129.47
7700.863
8708.853
7588.456
5053.826
6409.94
4040.396
4559.41
3636.664
3688.293
7799.845
4689.349
5639.113
5290.067
2637.334
2218.842
3732.541
5893.369
4182.471
5695.351
5781.553
7583.519
6927.927
6508.12
4911.462
2651.045
2110.142
3423.934
3544.028
4335.471
4125.447
7037.299
6224.811
4646.851
6681.629
6133.806
5377.908
8256.274
5880.486
6256.834
6003.775
6288.413
7006.173
6534.079
6078.521
7396.615
6824.599
5900.624
8361.151
9625.691
6908.082
6094.452
6144.076
5107.859
5656.805
5090.332
5582.041
5868.626
5380.763
5130.205
4671.351
5812.298
7077.626
6686.214
4962.289
7866.711
4016.995
3076.626
4410.578
4661.011
5626.994
5817.966
6158.784
11203.58
6439.624
5942.615
7616.886
7164.431
5350.686
5085.272
3155.335
2777.393
4393.202
5041.615
7620.139
5834.997
7110.749
5947.267
7316.485
7598.952
3732.221
3523.287
4845.525
2954.251
3434.851
2614.281
2487.688
3890.554
4570.308
4230.827
3487.562
5378.095
3716.423
5467.072
7215.326
5440.771
4598.264
5851.237
6371.261
5062.035
2852.093
3741.684
5853.674
5360.448
5141.107
3515.82
3354.107
5304.496
6535.391
6682.29
7888.17
7018.6
6708.97
5117.333
5833.845
6385.937
4379.745
3990.239
7595.527
6295.858
5612.819
6186.029
8722.753
3352.835
3185.363
6749.009
6650.491
5526.626
6032.788
6959.142
9108.753
9074.236
5348.698
5409.64
6585.282
6386.985
4378.509
6307.362
4793.284
5375.935
5032.638
4968.557
6507.819
6575.807
6224.464
6163.219
5225.869
4830.213
4900.555
5187.81
4731.007
7413.125
5019.176
7572.409
7919.355
7252.742
6821.022
7878.872
6561.224
6520.12
5259.422
7012.354
5927.818
5389.382
3958.561
9765.64
6365.678
6351.491
7021.341
5195.511
4874.337
3017.072
4224.394
5979.443
5644.193
6901.965
8040.906
5812.579
6469.409
8369.416
4890.037
6104.978
7332.222
6674.607
6487.448
4478.331
6431.966
5268.57
6553.469
8164.217
5083.931
6193.72
5308.618
10356.04
6214.031
7065.246
5351.561
5586.487
4459.476
3112.061
3559.787
4815.599
5458.746
8807.693
6414.261
6474.609
4199.849
3466.981
6115.2
6067.761
8143.074
9251.85
7487.241
3971.025
4633.715
6655.796
2726.722
5945.786
5420.061
5795.032
7113.467
4979.263
4849.301
4763.978
7384.463
6888.04
8898.647
6024.903
5081.258
4722.864
7835.71
7441.325
4641.18
4478.346
2830.494
4382.789
3187.498
6010.399
6260.398
6725.523
3774.152
6459.088
4041.715
5769.819
3292.441
3360.683
5211.67
3049.897
4285.479
4274.22
5695.834
5432.124
6056.938
4422.066
4936.916
6286.025
6581.844
3750.805
3254.358
3343.491
7833.738
6604.503
7750.141
6920.064
4402.363
3961.754
4502.148
4473.241
4865.641
3075.636
3579.985
4579.032
4645.312
6345.208
4214.704
3367.064
5152.223
5110.738
3805.664
4584.953
3980.698
2841.147
3338.401
3808.477
3246.566
3454.351
3558.222
3420.205
3305.346
3030.386
3697.365
2067.454
3251.346
2854.247
3850.728
3526.763
4194.858
5537.059
4249.775
5354.198
5243.21
3921.846
2989.58
6081.241
4745.872
5621.114
6757.833
7434.478
3602.685
5442.714
5666.15
6884.529
6335.514
8291.535
7614.013
5137.112
8523.848
6416.795
3610.773
3862.3
2211.653
4953.079
6212.502
5993.099
9035.37
7193.347
4559.606
8332.629
6741.786
4860.889
2970.601
4629.743
3861.372
3843.034
7973.313
4977.578
3960.216
3991.294
5149.031
7667.488
5089.4
8612.165
7553.893
6394.826
6906.721
6342.334
5901.326
8424.199
6914.84
4679.81
3809.627
3599.537
4761.605
4249.479
4444.005
4920.68
5452.159
4660.057
5919.074
8146.64
5361.325
5267.308
4980.998
4138.172
6102.808
7004.577
7786.892
5194.758
3952.777
5051.717
3771.531
4532.583
3304.709
3692.589
4562.427
4447.598
3632.804
5061.301
4711.816
4221.881
5988.167
5460.753
5815.238
6872.061
4918.192
4740.717
1620.123
1538.793
3497.82
1961.507
2093.672
4013.114
3141.014
4189.897
5923.013
3782.56
3795.35
4585.007
4244.901
2241.2
1720.106
4814.56
6079.023
4979.876
5922.684
4206.448
7605.486
4789.888
3935.233
4088.195
3379.854
1907.711
3932.952
3798.169
3287.836
4536.787
2439.571
3640.914
3468.833
4457.943
5326.39
4967.864
7493.425
7551.737
5291.541
6033.126
6177.512
4711.012
4537.591
4764.164
6693.709
4979.67
6622.197
3549.987
5898.508
5725.667
4346.736
6706.168
7700.703
6515.645
4728.044
5316.414
5944.482
6544.166
6254.147
5410.237
4082.792
4906.03
5329.385
7046.276
6334.031
8176.321
6747.813
5539.444
4564.903
4900.592
3202.35
4935.144
4949.669
6062.03
4462.842
4777.981
4894.94
5646.954
4232.469
6182.532
4420.605
4727.339
4476.509
5243.231
3827.996
5503.493
3982.813
4916.445
4529.593
6868.588
4580.114
5849.237
6418.681
6581.601
6556.254
6004.108
5267.773
7237.377
5588.527
5391.93
8702.642
3434.055
4779.33
3750.565
7193.129
7270.665
6145.603
4571.649
5228.328
6410.849
7818.517
5235.045
6286.428
5761.898
5786.193
3809.865
6160.037
5490.488
4856.373
5045.295
4495.2
4359.528
3716.958
5204.253
4709.563
3706.1
4079.872
4537.479
2942.167
4236.214
4517.046
6763.244
4333.991
5355.549
6945.116
3895.93
5020.655
4740.497
4333.346
7716.756
6630.76
8762.464
5438.474
4860.865
4536.153
4168.616
5164.245
6203.277
4856.464
4625.623
5906.506
4752.203
5514.866
7788.347
6330.055
7740.062
7481.65
4878.926
6371.945
6183.537
6515.298
5523.359
5073.452
4557.701
6159.016
4819.701
5481.435
5898.681
5113.553
6278.967
5549.784
3790.763
5358.479
5104.584
5828.722
7456.33
6817.581
5868.526
6212.36
7229.802
7633.802
5270.769
5907.49
3875.074
5180.974
3420.135
5529.003
4196.986
4360.15
3683.247
8012.023
4561.453
7238.831
10860.38
9078.346
10605.28
9718.765
5755.557
7062.468
5342.002
7584.797
7699.765
9436.023
8167.493
6428.86
7687.986
5868.707
6917.94
5685.545
4999.658
7243.997
7922.879
4611.419
5021.695
4945.906
5704.395
4439.398
3964.39
3246.624
4199.438
4532.044
3233.443
3452.399
4221.3
4182.342
4396.672
3975.483
5442.863
7253.21
6505.93
7581.766
7064.028
7557.87
5144
7427.048
6232.688
8856.092
6798.746
7475.931
7015.691
3346.796
4605.558
7268.893
5557.596
8509.165
9066.19
11920.07
8569.793
7325.295
9213.601
9903.649
7027.124
7588.93
6145.304
4034.656
2630.947
2316.227
3286.182
3191.694
3221.625
4614.52
4680.144
6210.197
5016.105
3072.722
5197.182
3881
3473.409
2430.079
5573.458
4098.813
3689.573
2625.982
3013.455
2837.201
3210.438
3125.902
6246.003
4917.377
4364.498
3307.495
4175.007
4504.837
3628.677
4248.188
5042.461
3046.013
2836.872
3877.486
2583.069
5225.762
6993.061
7425.882
5570.609
3292.266
4306.002
3235.895
2576.788
3475.425
3082.677
3937.923
2943.904
3282.296
3452.175
3709.568
3996.091
3073.193
3917.297
6010.232
3301.822
4360.409
4698.204
5839.665
5622.798
4611.054
5980.68
5283.78
4694.839
4317.238
4462.626
4670.424
5638.574
5979.42
4576.603
4932.589
5504.911
5385.492
5516.903
5190.446
3646.334
2596.201
3089.016
3400.498
3188.396
3483.097
1870.716
2096.179
4269.534
4580.319
2695.995
3959.675
4517.624
3788.18
6269.754
4273.083
4432.971
4074.779
4708.03
5281.578
5972.387
7673.897
5698.196
6123.774
3874.387
3296.805
6747.762
5564.021
3818.741
4673.284
4056.744
6571.399
4938.117
4668.776
5258.517
5493.623
3182.344
4973.875
5532.681
7883.158
5416.804
4661.239
4208.736
5326.29
8282.518
6457.799
5973.867
5371.1
4068.716
8972.19
7171.241
7377.674
5103.349
6990.737
7942.926
7178.86
4244.41
5360.919
6923.772
5460.451
2970.632
3943.415
6435.079
4976.238
8904.66
5338.365
7703.361
4454.246
5316.604
7580.64
7425.54
7949.1
5214.112
6423.625
6361.76
3668.902
6169.369
2794.402
3172.978
4509.598
5776.627
7225.639
3951.688
5334.384
5725.661
5955.634
4235.669
5829.026
4582.287
6266.851
4651.564
5095.628
4633.743
4661.109
4372.74
7507.362
6242.165
5613.477
5026.9
6507.283
7628.971
6826.524
4343.882
6881.025
8109.529
6847.455
6600.276
5928.67
7563.87
6152.433
5979.941
6060.299
6072.625
4081.261
5296.064
4562.006
3648.198
4083.321
4680.721
4020.024
4903.084
2877.417
3004.523
2228.659
4324.699
7072.981
4260.684
5659.19
6921.818
3501.132
6547.746
8526.474
5769.39
5168.612
5797.446
7902.857
8056.613
7358.46
6969.611
6562.907
5688.459
6142.662
8165.494
7342.87
6642.122
7043.334
8658.577
4423.331
6496.275
3965.03
7481.75
6852.135
6237.561
4661.128
4104.054
4090.178
3530.668
6236.791
2636.147
4433.546
7013.823
3518.559
4758.863
4741.113
3824.493
3327.049
2686.445
2922.093
3729.449
2903.357
3583.089
4188.896
4419.165
4844.736
7898.565
5412.942
5207.581
3038.495
5836.397
5385.533
5731.69
6820.269
7845.799
4879.87
8869.094
5200.305
7639.154
5699.054
4062.275
3080.791
5284.874
4797.473
5880.849
8891.572
7873.591
5429.287
6651.255
6666.283
6714.978
6959.88
5388.024
7056.706
6366.913
5128.111
3437.124
4215.968
4638.558
3536.642
3087.494
2234.658
2808.821
3182.075
4858.882
3518.868
3531.02
1639.609
5257.141
3514.665
3149.087
4861.401
4678.293
4518.055
5361.7
3323.02
4709.379
4407.275
5653.928
3039.229
6349.298
7126.969
4114.599
2588.146
3502.732
4128.097
6008.655
4127.224
2944.022
2270.831
4121.529
5018.705
5281.311
5811.664
5584.589
5315.374
6327.189
4157.872
5075.782
5606.055
4828.21
6219.083
4641.057
3618.867
6833.817
7189.525
6267.61
5633.468
3847.729
2978.943
6139.33
2965.192
3044.449
1841.675
2021.455
2913.863
2181.134
3071.093
2402.851
3845.251
3166.164
2412.63
4755.451
4578.445
3265.053
1573.383
2946.959
3245.096
3594.103
2568.9
3167.333
3632.146
2057.533
3018.094
4155.626
6782.326
4273.011
3490.414
5058.189
3117.566
4292.006
5071.493
7231.509
3098.361
2960.582
3774.923
5365.25
3924.219
2911.846
3896.827
4069.019
6307.31
2951.069
4727.587
5413.431
3875.477
3696.348
2865.357
3629.888
3429.393
4446.773
4373.853
6329.807
5179.154
4600.402
7403.422
6447.138
5814.136
4802.354
6320.745
6389.017
5593.049
5202.421
5231.998
4773.712
4790.081
4607.63
3668.986
6080.142
4608.074
6432.344
4596.159
4328.196
5110.947
3671.791
4283.943
3696.53
4590.843
4447.459
3246.216
3581.815
3419.458
4381.352
5775.932
7120.787
5037.904
7100.823
5483.845
5294.401
5321.171
4587.771
3290.856
3784.708
4796.971
4077.964
4529.745
4396.432
3594.848
4024.795
5090.916
3400.725
3550.713
4165.633
4958.279
2553.918
3833.08
5191.648
4657.752
3311.107
3020.814
3469.083
6266.047
3770.928
4488.602
4173.735
6589.909
4896.752
7203.717
4089.209
3748.678
2904.181
3805.791
4928.056
6025.854
3014.461
5451.986
3886.502
6046.881
3164.915
3233.461
3649.563
4704.653
2817.453
3506.834
3217.071
2842.488
4944.659
5007.995
5336.183
4720.605
3630.737
4798.694
2907.512
2877.428
2386.339
4215.322
3236.103
4855.558
4659.78
3887.011
3009.02
3935.799
4759.706
5634.333
4646.124
5833.767
8868.143
5269.512
6416.711
4517.431
4298.654
3419.222
3946.91
3822.24
5099.053
3837.043
4714.237
4021.134
4732.628
3815.098
3992.407
4731.025
5317.296
4684.184
8009.291
4732.284
7784.673
6581.114
3598.238
3692.669
3731.534
4577.739
6054.656
4123.48
3446.003
3109.549
3589.047
3480.112
4539.529
3478.701
6966.792
5046.692
5056.558
4099.42
5285.504
5576.397
5120.089
3762.596
3876.813
3675.091
3331.165
8002.861
5648.83
4157.142
3964.987
4654.818
7193.338
3616.631
4823.055
5213.456
5967.644
6684.184
8105.158
8062.055
8717.093
7722.965
6363.826
9278.539
6538.253
10106.14
6213.821
6660.595
5230.041
4523.917
6191.788
7842.405
5492.353
5273.619
7008.65
5390.756
7270.22
5451.246
8053.903
7037.357
6842.156
5089.898
6192.254
5586.33
7791.79
5519.336
9021.116
7090.573
6338.913
8367.922
6672.285
4184.223
6607.43
7677.54
6721.412
8597.588
5174.517
6120.792
5898.558
5587.682
5861.93
7040.557
5068.001
7982.495
5272.036
4754.928
5247.907
4379.872
3292.245
8350.682
6343.685
12377.32
5589.45
7553.946
7726.1
4577.158
4794.3
3297.931
4391.797
4494.718
3585.953
5100.215
5763.169
5226.917
4871.452
8658.374
5032.169
7788.68
8989.203
5609.696
6830.542
8883.151
5293.949
6262.723
4004.43
3921.31
8002.762
4339.86
6103.114
5978.392
4066.385
6539.441
6920.929
3312.968
3349.566
3839.006
3572.187
2358.78
2482.457
2988.446
4359.879
5634.317
6342.903
7221.758
5756.014
6485.488
6054.806
5720.951
7402.238
5415.268
6702.563
5871.115
3962.407
2419.4
2729.2
3186.693
5171.992
5931.904
7754.078
5992.329
4846.45
4304.173
5037.204
4063.606
2205.35
4064.962
2449.491
3774.531
6640.049
6179.615
4986.674
7072.916
4022.589
4536.346
6177.7
4616.797
5316.526
3937.237
5425.405
4494.182
6669.829
3877.446
5488.96
3634.193
4753.045
5421.418
6035.2
5909.476
4349.079
7118.201
6334.404
5554.63
6488.379
4234.217
3651.314
4891.428
5309.422
5143.814
5592.487
4490.678
3648.186
4882.773
5364.663
5293.463
4744.396
4071.862
8272.907
7021.08
8871.991
5005.117
5008.684
4330.774
3808.85
5288.699
8222.379
6944.483
5749.205
11184.8
5634.084
5120.974
3839.689
4517.074
3932.665
7472.818
8426.69
4847.04
7292.36
7910.265
6777.009
5541.877
6900.768
7934.143
8702.047
7034.655
8080.087
9210.626
5220.594
4931.944
5244.452
5998.876
4478.063
5548.863
6296.838
5475.172
3103.217
5552.923
3739.203
5807.545
6583.955
5859.457
4989.643
6334.31
7337.447
4329.367
6516.182
5429.97
5556.744
5483.687
6457.724
6252.128
6591.214
7744.036
8496.681
7831.132
5696.689
4801.61
4231.848
7027.839
3751.931
3443.171
4585.767
6322.942
3104.129
4363.384
2958.417
4703.55
3788.815
4373.32
2884.14
4738.447
2360.327
2934.627
1623.317
5563.604
4769.726
4574.806
4091.617
3683.3
4704.914
4697.863
3915.87
4776.884
4134.435
1734.18
3652.226
2305.931
6648.191
4584.318
5079.284
5421.909
4005.378
4314.068
5591.176
6834.891
7113.58
3875.273
5014.729
4303.475
4038.257
3530.118
4739.081
3123.714
4344.855
3972.773
2100.789
3349.775
5654.549
5266.6
7221.514
5680.509
4244.645
11633.09
6252.498
4520.913
6950.728
6660.52
4345.724
4955.132
3997.893
8256.237
5046.831
4549.802
5377.784
4384.982
4361.086
3560.108
3621.007
6633.316
5303.236
6017.659
6744.654
6427.625
5390.404
5498.888
6549.275
3735.702
4343.461
3675.164
4952.865
6259.41
3010.945
3364.581
4729.345
5400.173
4498.379
7330.339
5953.61
6621.431
6411.88
4301.712
4580.776
4017.405
5823.586
3774.309
4599.921
5639.522
6638.138
6391.855
3055.841
4221.346
7025.767
4420.036
7544.93
5565.169
9001.143
6543.05
6184.116
5929.333
7863.846
9444.125
6615.578
4782.285
3353.281
5376.693
4313.066
3733.639
3777.144
4915.742
3869.191
6103.291
7255.795
6982.861
6652.33
9338.605
8123.761
8780.064
7896.775
6109.136
6756.593
4310.193
5097.369
3983.832
6257.71
7333.974
5350.179
5685.142
5652.28
6153.385
4129.115
6577.482
4737.399
3726.419
3867.109
4853.495
8261.034
7515.539
4517.829
5195.965
5612.125
3643.782
2835.002
4490.335
6622.956
7111.993
4178.925
7093.799
5828.46
5540.549
4970.681
6889.664
5110.006
8609.386
5722.256
7359.873
6646.567
6195.395
7366.384
7330
4714.053
7435.864
3808.596
2634.711
4732.942
3091.453
2115.097
3697.199
6812.823
5064.669
3533.812
5285.647
3150.017
3968.036
4221.423
4315.954
3563.707
4579.308
4738.237
4808.139
4008.261
4465.441
3607.048
5686.004
5143.683
4249.673
7858.206
4102.604
2830.169
2966.154
5034.041
4413.328
4770.977
3490.918
3006.58
5364.905
4505.098
3071.892
5404.731
5769.298
3648.319
5657.558
5590.424
5259.804
5479.406
3128.016
4675.328
6806.724
3067.691
3702.014
3335.372
5123.686
5529.9
4487.696
3909.095
6971.666
5679.791
3804.446
3134.913
6903.301
5315.568
7518.77
4627.446
6838.71
4309.911
2930.176
4289.28
5393.965
3186.725
2625.721
3160.056
4321.84
4721.792
4305.417
3835.787
5145.217
4138.73
7018.897
3066.944
2711.614
5183.804
3115.455
3597.282
3789.049
4044.158
4892.879
5056.291
5020.362
6701.44
5071.045
6886.532
4090.138
7798.469
5994.501
3573.364
5985.887
4228.084
4878.968
4103.231
3857.705
7373.481
6145.486
6318.822
5426.691
4829.591
4537.843
5010.82
3935.078
6663.799
7725.25
8416.321
7385.557
5711.072
5034.799
5317.1
4910.798
3878.231
6409.098
6157.657
6172.218
5201.261
7152.392
6285.777
7310.37
7130.381
8343.004
7461.915
12229.14
7502.123
4346.928
3701.17
4036.653
4436.613
4279.227
6412.149
8525.51
4867.829
5481.688
3514.118
6708.111
4537.124
5147.227
7647.559
4401.438
7300.668
3961.994
3631.62
5399.629
5496.193
3794.984
2464.473
3686.958
3085.818
4886.304
4110.51
5196.552
6450.636
5627.211
7358.928
6585.602
7092.264
7325.843
3811.697
5693.759
4209.161
6224.719
6715.698
7251.159
3700.727
4611.932
4965.387
6892.681
5601.583
5339.401
4796.772
5025.595
4083.953
4142.921
4913.493
4655.471
4982.655
6393.034
6880.491
5799.201
4453.419
3225.98
4552.024
3090.925
3874.753
3920.593
2781.814
2372.625
4929.527
5264.623
6852.724
5718.746
5384.13
4898.903
5383.654
5272.832
2679.941
1640.965
2341.607
1823.317
1729.442
4540.877
4964.093
3404.406
4872.977
3874.084
4621.249
7688.697
8416.304
4546.13
6473.793
7925.865
6567.207
7419.805
3789.878
4633.72
5978.113
4217.317
6736.104
7682.754
5137.434
4413.786
4403.414
5434.65
8046.513
7009.257
5848.765
4719.023
6440.626
7936.416
6816.162
6520.978
7026.159
5589.497
5423.697
3057.107
3650.379
5241.604
4795.519
4359.252
5042.915
7307.532
6401.649
6934.06
3673.377
2891.542
4245.795
5899.298
6347.519
6604.618
4954.959
5218.163
2533.338
5159.823
5780.536
4771.357
6507.261
3030.109
3338.099
6167.544
3582.962
6387.732
5175.573
7353.052
5568.456
6123.101
3449.646
4419.309
5505.546
8048.741
5944.802
7361.831
7076.54
7075.446
4497.046
4509.782
2967.24
5237.754
3874.684
5346.496
5496.374
6440.225
7258.593
8418.975
6551.468
5405.405
6895.105
7171.131
5510.518
4757.196
4872.947
6637.191
4703.031
4301.709
7656.488
6670.111
5426.659
6266.557
4715.868
6147.579
5583.071
5989.222
3929.872
4619.982
4259.848
6451.156
4204.69
3019.714
2906.302
4518.87
3139.869
4869.55
3968.811
6227.59
5704.579
4558.388
2921.688
2225.333
5903.8
6422.166
4591.433
3046.429
3376.181
3325.826
5047.013
6039.303
6740
4749.867
6915.945
6319.28
6147.419
6052.516
7133.053
7667.585
4914.114
4933.286
2618.864
4458.445
4254.852
5877.696
3909.886
2472.111
2633.342
2507.436
5472.249
5061.274
6788.637
6082.41
8606.031
5954.889
7531.565
6223.346
6354.602
5992.235
6663.28
7055.73
6512.879
7022.488
6515.113
6182.674
5790.79
3184.719
4493.049
2033.115
3268.097
4021.038
4731.749
5059.055
2555.388
4139.875
4432.48
5430.917
6119.321
5407.87
5098.482
7187.559
6518.842
4635.393
5479.315
3695.612
4458.788
2783.079
3481.139
4127.214
3128.635
3963.028
3746.627
4550.966
5413.889
4465.882
2889.948
4526.096
3072.494
3545.249
3613.641
2621.668
3429.329
2369.197
2868.556
2451.439
2293.283
3896.098
5305.725
7399.304
4804.662
7088.076
6572.273
6401.321
6580.604
5219.956
5526.232
7114.038
6033.807
8317.388
5932.778
7025.166
3813.882
3968.613
6314.958
6487.602
4868.861
4880.939
5441.129
6493.534
5405.269
6792.164
6384.929
6007.284
4239.127
7578.342
5422.945
5407.41
6597.394
5527.214
5040.494
5305.631
5327.059
7011.814
7172.467
6893.138
6847.263
5626.872
6467.639
9127.526
6371.999
5314.65
3734.197
5000.936
6735.014
6110.294
6738.991
3699.139
3516.32
4096.269
3691.225
2800.653
2905.856
5509.583
6662.857
9353.438
4841.562
5574.054
4732.587
7373.159
5482.128
5408.862
4941.609
5074.02
5944.481
4977.701
4135.101
3281.789
4681.986
5630.355
3285.278
5790.033
7122.159
2784.292
2937.732
3640.314
4688.448
4247.583
6714.581
3646.092
3141.786
3233.653
2129.258
3008.687
2111.24
2606.124
5206.746
4107.439
3040.379
3496.204
4752.959
5167.192
3214.655
3523.109
3073.39
4001.538
5052.505
4127.136
3734.444
4487.443
3621.307
5524.681
7139.832
7667.105
6072.116
6645.912
6596.564
5743.962
6826.271
3841.774
5412.745
3560.161
6266.36
4651.748
4607.61
4143.577
6272.9
6459.486
6898.509
6064.01
5957.347
5584.125
8519.044
5055.883
6417.05
8854.364
5076.196
4385.248
6153.288
5614.284
4651.003
8240.562
3944.25
6007.308
5466.636
6543.853
9342.121
4907.238
4512.533
5231.116
8659.216
5836.855
4761.289
5829.025
3983.903
5486.921
7552.119
9300.257
2640.23
3002.361
2833.177
4285.952
5549.328
3497.461
3108.736
5996.086
5523.667
3829.084
4039.732
6083.15
6726.546
6814.762
7865.499
3512.553
3749.131
3545.206
6209.79
4008.241
4302.014
5545.826
5893.094
5861.823
4487.605
4575.972
4899.431
5055.77
4623.429
3133.409
3502.354
3561.736
2979.727
3113.297
3472.171
2435.562
2887.288
3187.204
4107.497
4474.461
2905.102
2369.534
3577.199
6114.896
4619.818
4442.136
4779.944
5978.965
8165.4
8632.08
5540.982
8488.909
5746.788
8051.138
5455.012
3382.433
4108.08
3282.281
3355.408
6497.673
5111.442
4067.621
5402.379
5094.152
5770.262
4860.85
5754.867
5909.763
7321.142
7182.3
6046.811
9901.789
4862.596
6125.783
5136.084
4992.443
6663.874
3800.74
5401.456
5523.808
4870.834
4953.509
4719.697
3925.665
8022.922
5076.863
4344.752
4817.264
5471.005
6698.405
6666.222
5461.381
4972.188
3195.528
5699.579
4628.399
4121.53
7035.549
3517.813
3573.877
5403.13
3905.273
8618.283
7865.888
10418.54
7315.055
6299.989
8750.362
8467.737
5645.124
6326.359
8731.244
6259.799
7924.169
6743.057
7775.44
7175.919
5927.814
5864.41
5813.349
4159.747
5551.046
5584.101
4246.45
6532.744
3225.804
3852.879
4357.954
3833.431
3624.249
5311.706
6181.458
5208.611
5889.432
4802.13
4491.81
5348.504
4316.104
3167.908
2974.847
2752.624
4067.705
2109.722
4414.004
6570.722
8300.733
3380.58
4661.686
3228.13
3610.45
4577.963
4469.231
3896.921
5187.446
2822.245
5177.645
5805.433
6530.706
6602.725
4973.036
6433.608
5895.818
4248.883
5061.952
4404.571
5187.21
3022.071
4462.703
4918.22
4477.164
5505.21
6643.875
6633.31
4434.646
3638.518
3815.274
2933.157
4074.551
4425.06
3635.818
4041.668
3383.1
5815.128
4010.14
4374.306
7877.835
5080.745
4685.518
3749.613
5791.338
6321.564
4801.319
4565.293
6072.535
7027.46
7058.003
6710.648
6250.748
4429.715
5588.649
3346.402
3826.959
3207
8401.547
4213.533
4645.201
6986.354
4563.79
6214.061
5482.298
5911.351
3734.815
4273.398
3425.052
5451.087
5894.579
4768.222
7593.008
4940.801
11183.89
6733.771
9099.214
7756.28
8668.807
6761.295
5893.435
4892.667
9177.815
6843.249
7352.583
4852.501
5330.616
8583.182
6597.675
4807.13
3367.958
5134.883
9487.722
7045.325
7358.387
5966.076
7079.599
4119.135
2789.471
3493.117
4914.547
5511.667
3101.608
5011.334
4217.232
6112.003
3211.422
5363.904
5371.79
3873.709
3825.715
4681.463
4859.24
3359.013
4130.177
4301.464
4319.229
2689.755
6208.861
5197.8
3435.532
3890.736
5477.494
5635.176
5271.135
4580.182
6738.761
4764.895
4217.465
4184.142
5332.342
3845.744
3966.686
3628.33
2781.916
2196.422
5181.538
3676.645
4701.007
4744.444
5819.094
6456.508
5228.16
5282.74
6933.732
8847.307
5190.088
3174.523
4351.639
6353.738
4255.834
7856.679
7744.693
5842.307
8297.361
6938.459
5210.534
6310.007
6736.777
7380.377
5241.763
5721.713
8135.968
5896.363
6769.477
6012.842
7588.196
6655.367
4631.478
4452.039
4607.614
3978.692
1707.344
3086.57
2951.075
1699.464
2829.609
3265.402
2366.68
2010.41
4609.682
8498.177
7225.807
6460.75
7571.096
4070.447
5319.985
4640.71
4207.509
6078
6682.022
5060.192
6225.245
5834.351
6565.168
8657.671
8529.958
6048.585
8194.405
10247.59
5492.187
5171.856
3705.152
4280.234
3559.622
4423.282
6486.167
4258.449
3739.596
2155.077
3337.153
4852.788
7029.247
4051.102
4080.905
4202.788
6613.062
4532.744
3366.837
5456.902
6814.773
7851.009
6946.856
5899.291
7239.311
5139.636
5986.542
7657.117
6141.164
6393.33
8490.621
4552.114
5878.115
5991.407
6184.227
5832.366
5311.41
4685.377
8036.208
2807.605
5733.731
4014.209
6285.477
6804.791
4717.546
3613.428
5106.665
6542.043
7472.722
5777.166
5295.932
4992.99
3103.929
3362.694
2848.512
2691.452
5906.735
3572.085
2664.923
4893.895
4535.229
3644.857
2356.964
3360.369
5509.513
4624.195
5246.804
4279.892
4199.124
5337.872
5908.114
5057.022
5395.862
4252.626
5546.318
6026.604
3723.722
3155.07
4240.197
7852.735
4529.505
5728.353
2998.366
3392.143
3683.008
5394.633
6011.978
9353.038
5878.262
8999.344
4383.027
4241.347
7855.185
4309.986
5566.559
5262.477
3843.926
6104.068
5658.434
6824.549
5305.314
4852.254
4201.333
3758.194
5362.865
2546.683
2502.229
7051.074
2986.856
8084.493
6520.819
5408.873
6837.208
3979.567
6355.4
5225.005
7762.961
5670.045
4481.752
4024.823
3240.982
2914.229
4651.42
3436.693
3882.921
3817.196
5294.729
4142.318
4518.747
7298.6
7219.246
4086.275
6012.596
3622.57
6125.788
4952.293
4487.8
5700.733
5260.376
5407.214
6990.464
5140.488
5320.861
7142.761
7802.836
7352.635
6493.628
4586.232
4753.129
8549.34
7324.918
4135.076
6571.46
4581.349
5723.702
5071.669
5644.347
4989.125
6499.352
5719.764
4418.114
5189.628
9759.498
5700.664
5641.936
5777.921
6905.284
3750.252
5958.774
6665.625
4410.94
5561.02
4801.595
3271.115
3820.625
6117.115
4951.681
2532.955
3971.003
5410.971
6037.592
5112.905
5201.184
7488.448
7075.993
8124.545
6934.412
2897.208
4152.12
4628.794
2858.04
5793.191
4147.645
4649.236
6982.094
4297.891
4265.086
6964.026
5662.64
7585.918
3671.83
5304.255
6415.532
4715.681
8565.363
6808.168
6254.38
4746.413
4227.366
4176.311
3509.884
3858.656
4014.533
3243.365
4533.403
4114.534
4064.01
5009.986
6657.383
7811.132
5484.464
5459.214
7444.522
4662.174
3670.757
4769.939
5161.862
4273.127
5853.605
5718.427
6120.783
4370.886
5260.089
3472.548
5386.216
5496.427
6709.93
4293.587
5688.559
3017.203
3296.839
4468.175
2318.326
5432.414
3838.174
4320.022
4223.059
5521.723
6756.751
5829.109
4267.213
4771.845
5397.074
6450.14
5285.21
5109.3
6177.181
7272.657
5449.992
7031.533
5686.563
7357.647
5640.155
9551.052
9379.958
7794.424
8287.769
4805.518
3921.817
5449.879
4893.384
4007.765
2464.247
4209.203
6044.709
4693.573
4090.115
3831.847
4176.788
5440.366
6666.516
3245.246
4208.381
3332.371
3028.147
5025.435
3773.115
4341.105
4617.491
6047.213
4631.882
3509.461
5907.566
4122.372
4276.891
4596.463
6003.707
2958.838
3513.449
4210.62
3287.704
3010.687
3627.555
4701.735
5499.148
3965.066
4537.048
5167.438
2921.805
5403.35
4825.529
5882.448
3491.589
5736.464
4214.351
5196.336
7196.129
4725.899
5296.604
5305.115
5440.477
3663.359
3208.367
7914.169
10001.31
6207.947
5897.237
4187.204
6803.721
3745.154
3851.396
3655.816
1967.241
4223.272
4515.212
2944.422
4294.644
5235.157
4648.87
6308.413
4433.88
6003.38
6398.991
6715.9
6425.048
4296.073
3938.158
4203.75
4083.39
3535.579
4546.176
3691.163
3761.97
4004.675
2969.288
2950.024
4164.055
4013.441
3012.336
4288.529
4606.267
6509.792
9116.433
8778.83
5884.864
3589.02
6515.903
5213.771
6168.84
6677.971
2896.418
1378.216
2705.954
3923.768
4415.922
6160.795
7011.504
5015.155
4861.574
7141.214
6306.775
6359.035
5896.527
4081.482
5035.521
3380.886
2851.8
3030.683
2644.562
3796.044
6131.804
5046.171
5352.203
3370.252
4165.118
5179.708
6511.102
6641.097
6944.045
4717.161
4291.902
4661.979
5912.554
8815.651
6031.885
3409.534
3247.103
3619.533
5054.178
6069.198
4633.514
3470.711
5582.854
3556.251
3870.327
8563.611
5944.398
4822.397
5243.246
4432.441
4989.806
4478.965
4190.595
3113.591
5033.618
3179.946
2788.684
4146.835
2273.583
5721.304
5505.44
3838.663
6880.72
3986.979
3111.164
4767.241
5631.806
6079.309
6996.187
5965.06
6586.326
4901.316
4246.047
4801.113
7825.534
4632.101
5180.271
6745.47
5543.778
4475.918
4235.315
5087.048
3655.532
5456.349
5020.851
3778.849
5627.222
5347.069
3198.663
3405.559
6237.68
5396.638
5823.061
6357.78
10435.68
5795.451
7351.78
5625.28
7523.07
6805.756
5091.668
5130.015
5865.841
6411.724
5084.911
4250.624
3244.435
5066.557
3620.05
3111.883
2683.262
4354.197
3762.107
2662.311
4522.228
3468.687
3085.518
3879.422
4634.054
2908.726
3382.532
3161.594
2557.458
4212.657
2800.525
3771.021
4266.105
5230.191
4477.142
3733.637
4749.211
5021.968
4062.008
7201.254
4180.5
4459.801
4808.405
6003.56
7094.423
7694.86
7929.305
9828.534
7513.821
7894.169
8269.366
9495.112
7711.777
6371.441
5894.909
6258.093
5981.191
9785.588
4495.325
5136.649
5296.651
5846.864
6477.532
3743.561
5782.643
8189.725
5911.42
5330.617
7744.765
6520.361
5854.859
6408.308
5985.442
7085.567
7791.342
7400.554
5366.708
5847.104
7543.099
8215.45
5553.909
6083.619
7416.98
5976.262
6302.911
10469.72
7240.874
8646.538
8151.144
7275.006
7458.032
5434.634
5542.551
7950.13
6254.653
6292.821
6033.482
6330.736
4313.462
4900.771
3244.489
4319.868
4958.562
4403.9
5003.036
4493.291
4737.413
4648.851
3467.995
2576.94
2401.627
2717.348
2100.074
1979.055
2681.513
2443.048
2553.254
3836.314
6591.807
6781.684
5533.803
3114.484
4280.551
3911.438
4872.935
4517.906
4430.467
6115.209
6542.256
5404.524
5991.54
8458.917
6081.824
3879.382
5518.524
5332.923
9386.332
8169.139
7509.461
10167.77
5555.568
4574.506
3443.516
3090.241
3391.651
5173.817
2273.823
2472.903
5426.187
6928.978
5120.774
6613.995
4109.097
4745.973
5438.687
5522.608
6183.862
3818.906
2806.704
3363.882
3479.047
3792.333
1727.101
2117.497
4754.726
1933.358
5347.046
5414.398
4721.948
3167.082
6334.06
6093.244
3152.427
5551.295
5380.173
2925.083
2535.565
2825.255
2906.225
4064.425
2652.568
4776.426
8594.89
5263.089
5407.238
3573.199
4675.452
5318.885
4933.087
5609.637
4487.162
4968.54
6902.007
6803.807
7906.812
4685.081
4985.989
9160.323
6108.42
5809.94
5577.077
7819.032
4639.226
5849.997
4599.122
5597.882
3238.43
6156.278
5509.563
6974.136
5213.469
6562.862
6463.013
5407.526
4391.782
6715.998
4650.622
8540.449
6847.081
5789.853
4016.671
6165.386
4281.731
7333.05
6939.486
8295.066
6167.486
7770.602
6371.858
4722.457
4707.402
5116.444
4931.67
5141.346
5292.293
4663.775
4985.034
6709.682
7351.498
5853.449
5286.294
4960.694
6096.847
5905.396
4379.179
6620.938
6495.168
5962.318
5474.594
5669.508
4873.104
5786.821
4016.285
4317.365
3700.624
8283.578
3854.375
5666.38
5184.985
4833.81
3292.352
2203.563
4200
6164.372
4957.911
3236.561
3342.437
3438.715
5797.512
6414.305
5433.064
4624.498
6493.832
4833.462
4924.37
6261.705
5531.898
7125.134
8070.059
7540.079
5325.834
5439.924
6562.92
4111.947
8257.986
5494.985
7719.287
7533.942
6130.189
6841.349
6187.523
5422.707
4006.712
3610.529
6184.171
7190.93
6347.216
3862.263
3683.703
6724.206
4038.361
3336.131
2644.435
2744.535
2074.147
2606.675
2524.413
3507.406
6333.658
4845.346
3828.399
8767.426
5421.76
4309.145
2538.538
5332.213
7258.827
6097.997
6027.811
7141.363
6783.429
6762.994
7218.267
6824.468
9226.159
6012.374
8125.485
5805.515
5474.501
5769.423
5428.819
4563.035
4019.444
4719.574
4760.143
3343.685
3721.855
1647.318
4804.36
3488.563
2417.464
4299.688
4855.562
3443.292
2557.214
6509.188
2419.502
4075.754
2175.727
2613.423
4514.635
3407.742
4306.939
5219.017
6878.262
7458.166
5131.854
5234.525
5012.415
4308.348
4553.12
3821.287
3518.942
3554.019
5868.717
6539.853
4216.174
5287.008
4871.564
2617.188
3315.683
5486.504
2601.295
3901.969
7582.57
7397.741
5226.018
5692.845
4450.212
4308.709
5383.99
4194.984
6396.167
4132.022
7898.921
6144.64
8424.367
4412.813
6230.258
6497.557
3701.788
5151.072
3196.806
2903.049
3648.499
4079.045
6877.436
8429.847
7470.964
6996.392
8779.025
6667.569
6915.23
7550.03
6288.574
8453.795
6565.588
8023.525
8695.723
6391.583
8244.689
6027.603
5229.451
4144.634
6053.804
4895.725
6238.027
5918.135
7057.502
5046.269
6052.943
7829.872
6442.108
6083.255
4196.338
4944.473
5015.893
4504.34
4402.974
6271.379
7861.895
8128.547
7168.102
7514.012
7922.393
6616.235
5584.935
5137.685
5646.202
4702.74
4968.054
6206.632
4657.575
4072.614
2820.692
3608.618
2812.266
4285.5
5119.779
7406.99
8374.631
5006.237
4433.695
4230.764
4601.778
4288.715
4913.447
3432.843
4538.551
4747.111
6780.6
6435.835
4910.898
4080.124
4605.951
3451.282
3593.764
5405.994
4641.661
7618.365
9517.508
6645.6
5249.986
5832.11
6988.535
7450.418
4925.732
8461.178
8421.781
7847.085
5611.131
4678.633
7208.83
7527.478
7933.214
5453.473
9183.979
7230.933
6854.375
7839.136
7739.137
6730.536
5520.498
7480.122
5794.344
5679.438
4646.732
7796.57
4197.98
3252.346
4609.699
4374.236
5242.248
4650.178
5538.076
5952.881
7948.535
5590.152
5738.363
5666.794
6772.777
6308.979
6039.296
6251.339
5258.751
3640.783
5090.603
5170.145
8267.912
7472.718
7773.904
6827.844
4771.005
7367.905
6204.495
9135.35
5426.029
6244.241
5700.755
5075.142
5533.283
3796.72
3131.51
4351.457
3701.063
4963.607
5235.32
5001.048
4399.723
4739.834
3742.964
3380.207
4979.743
4042.842
7153.885
5987.4
5538.075
5885.515
6217.224
5163.558
4820.171
3492.066
3259.096
4486.113
7141.185
7021.054
6809.72
9704.618
5771.749
6125.247
7457.952
7128.201
7569.349
6499.655
6984.174
6799.552
6717.595
3552.652
3987.387
4632.717
6647.817
7464.62
5945.623
8616.778
7875.209
5111.533
5339.563
4925.328
4609.537
7825.501
5169.958
5342.428
4107.083
3209.711
2884.722
4868.058
6434.357
4099.651
9773.228
5662.981
4390.038
8342.761
6635.332
4989.34
5331.5
4689.014
4957.297
4139.03
5060.453
3637.51
4783.078
3140.302
4569.408
5680.674
5646.244
5415.105
6274.278
4737.811
6800.773
6790.15
5460.796
6428.597
4265.5
5730.937
6582.524
4310.876
6056.688
4327.186
4215.744
5893.111
4663.38
2928.508
5071.342
4261.148
3173.674
6934.532
9045.81
9423.676
7339.463
6498.01
8528.467
6519.062
3428.967
7108.276
8922.998
5000.631
9313.907
7651.277
7773.712
6166.431
7884.819
7976.683
7736.647
4998.364
6566.601
5497.376
4637.608
6348.742
7173.132
5891.964
5090.794
7995.745
5653.978
4891.4
6048.955
5583.498
5535.367
4553.76
6144.349
6542.551
5152.764
5840.577
6513.766
5814.47
6032.469
5278.842
5135.513
4337.823
4465.877
3078.72
5974.72
6428.398
8336.923
6153.119
5480.507
3236.166
2893.832
4152.765
4934.045
4854.377
5759.225
4808.508
6218.127
6314.254
5751.838
5606.589
3815.982
9162.69
7323.254
4455.897
6399.113
4378.409
3959.653
3750.394
3872.602
4089.693
5100.247
3149.92
2953.839
3476.711
5002.518
5584.5
6361.515
5864.318
5577.622
5164.546
4537.359
5047.982
6768.816
9002.914
7736.497
7633.717
7364.856
6108.282
5029.279
5921.185
5674.564
5946.893
4427.561
5696.611
2832.692
2199.627
4305.958
4566.55
3122.412
3414.96
5878.462
3644.895
4327.536
4671.162
7528.385
7465.722
6555.339
7288.35
8821.506
8371.483
8814.923
6140.767
4683.659
7074.731
4848.027
5007.622
4072.411
2792.954
3011.905
3324.294
3538.161
3536.574
6552.551
7048.126
2619.136
3122.129
2923.324
4577.922
2889.989
2769.626
2975.758
2795.203
2211.919
3869.812
4339.677
4385.03
2910.368
2574.833
4145.34
3904.183
3362.884
4165.043
5288.189
5496.11
3627.826
7530.41
5290.686
3766.127
2324.828
4950.82
3001.539
4047.714
2657.813
3899.114
4199.692
2897.533
2199.224
3336.533
2341.822
4961.674
5375.321
5189.382
3199.853
3565.424
4014.056
4364.704
4381.244
4836.433
6328.177
4852.344
4404.693
5028.157
7686.083
6447.948
7676.425
5137.353
6143.478
5260.696
5235.22
5635.484
4273.208
4040.195
4112.936
4634.409
3259.674
4859.681
5751.025
3938.441
4408.946
4482.566
9042.317
6883.416
9166.689
9949.68
6980.978
6020.094
9214.71
7002.459
4727.167
6670.334
8471.409
10248.03
5510.966
6873.294
4463.651
7670.29
4088.09
2674.331
2471.237
3850.334
3391.935
1927.999
4164.701
3147
2946.179
3419.608
2477.935
9489.516
3925.107
4051.096
5283.72
4144.943
5767.367
6455.068
3693.024
3642.558
2637.384
3571.668
5659.437
6624.554
3872.012
5424.445
5153.261
4889.668
4023.688
6694.287
3320.451
4704.093
4173.071
3947.278
5635.95
6803.552
5914.01
5413.067
4104.88
5840.267
6951.977
5464.223
4598.733
5720.694
5899.599
4165.099
5836.093
6975.093
7220.506
4827.518
3794.311
3780.362
3405.216
2372.413
2071.477
2012.426
2193.055
2842.389
3086.677
4178.349
6123.912
4598.587
4401.336
4415.898
6085.532
7363.517
4626.41
4700.614
5277.798
8708.37
5350.345
2736.221
2710.202
3595.578
3360.548
3833.499
2454.078
2408.03
6259.476
3489.426
3370.661
5045.83
4553.426
4637.501
7239.798
4514.462
3418.089
5045.531
3724.56
5223.64
3639.785
4463.851
5589.164
6042.643
6109.56
9257.011
7100.768
7057.409
10790.53
7908.623
7816.786
6946.065
5282.554
6907.458
3358.869
4040.405
3615.188
2061.771
5591.536
4841.775
3897.111
6011.451
5561.987
4907.969
5402.278
5272.673
5637.44
5069.287
7471.662
7248.764
7519.003
5757.947
6861.319
6651.732
7108.563
6490.996
5827.879
7028.601
6201.493
9671.721
5104.197
7588.001
6587.699
8136.527
9171.838
10091.83
5099.126
6037.861
4292.945
5169.39
5976.643
6394.456
5158.016
4869.915
3422.902
3954.855
6507.043
5635.874
5961.711
7742.281
3664.789
8931.411
3959.352
5371.504
6262.955
4686.277
4827.413
4500.166
3204.929
2701.589
3953.274
2126.523
3599.178
3258.945
3457.781
3965.459
4439.691
4944.346
3709.544
3602.097
5370.949
6237.821
4525.636
4025.044
2837.989
4727.851
8932.94
5233.774
7554.183
6300.269
4991.574
3459.983
3161.302
5318.839
8874.547
6982.223
7285.488
6541.291
6359.893
6107.327
5280.396
6811.039
4634.831
5201.901
6621.176
5395.029
5367.059
8052.847
5263.955
6326.893
3426.718
4642.767
4120.866
4951.607
3990.834
3633.476
6748.261
8175.99
4290.308
5181.82
4627.524
5967.837
5111.266
5153.811
3024.293
5221.613
3201.119
3801.213
6962.583
4972.486
3092.725
5110.296
4958.688
2643.062
3357.503
3529.604
5325.658
3284.985
4507.71
3952.889
4034.712
4662.845
4134.672
4147.141
4666.266
6712.211
5996.572
4847.665
4738.611
7725.486
4556.952
5889.287
4217.668
3408.595
2828.583
4411.712
4278.503
5947.343
5843.816
8042.465
5862.125
5886.441
6056.792
9543.722
4781.227
4648.171
6457.795
6639.791
8229.892
11230.92
8306.624
6674.645
9360.585
5453.859
5090.477
4380.189
5417.934
5269.767
8707.778
4392.698
5139.883
7199.303
6382.846
5795.181
5826.893
5338.196
5330.687
4043.583
3604.696
3440
2631.825
2221.733
2660.651
3097.821
4954.523
4212.394
4627.554
5533.835
9477.203
4576.3
4780.968
3867.919
5429.364
6435.066
6801.909
5315.777
5295.491
3613.631
4353.4
2990.113
4817.947
3404.974
3374.541
3382.827
5294.608
6202.161
5544.136
7522.681
5262.434
5407.416
8454.074
8741.756
6243.631
6890.12
7354.119
6604.534
6830.897
6645.652
5289.359
5768.924
8542.495
6814.184
9326.05
12605.12
8827.881
8269.827
5144.429
8000.483
8713.845
7847.938
6165.374
5903.905
4211.343
4901.843
6512.016
5099.924
5326.281
4609.039
5334.029
4658.276
4011.564
5380.675
4838.191
5197.463
3100.832
5287.601
6622.612
7654.287
4553.795
6987.887
2840.14
3513.998
2717.294
3553.205
3082.08
2796.308
3154.92
5378.521
4166.087
3343.34
3740.393
6054.029
4149.327
4834.445
5456.907
5133.175
3882.267
9312.548
6201.167
5436.497
7273.492
6877.748
2874.363
2057.719
2439.886
2848.044
6527.894
6036.716
8232.754
4598.859
5883.482
8493.031
7469.173
7348.904
6460.476
9701.325
7952.443
8437.24
7965.018
8912.247
7261.781
8747.164
6385.793
5305.16
3112.987
4053.101
6260.717
3848.455
3556.764
4333.714
4079.646
6186.421
6219.733
5328.85
4910.066
4797.74
5287.533
4450.232
3586.255
4136.212
5980.85
5822.306
5990.445
7781.855
6753.947
8404.891
7750.637
6341.432
