12132.77
12981.71
12395.46
16148.48
14975.72
19347.62
14152.24
24078.7
13654.15
16200.32
13687.46
16516.13
17612.12
13967.49
14303.93
15347.19
13015.1
17862.76
13831.37
14978.63
19592.52
18932.6
13376.01
13677.32
14269.06
18158.07
12437.81
13989.2
16424.54
19168.3
16023.66
11825.85
17167.47
15223.57
11492.37
19271.39
12657.64
13290.24
17463.13
14470.18
16018.05
13584.18
15298.7
16602.56
14121.54
15862.07
16868.35
15042.52
14578.05
12008.35
18809.85
15758.5
12828.9
12599.59
12934.72
15563.85
12145.91
19139.08
13011.83
10970.19
12425.11
14325.35
15998.04
13504.72
13952.57
12226.95
15355.12
16092.89
16270.22
13119.84
15306.13
11414.15
13367.66
12433.46
11510.39
16290.91
14509.68
12123.53
16772.99
12058.76
12861.04
11175.18
9158.047
12246.24
8923.286
10321.23
9687.625
10204.17
16446.82
14200.93
13448.76
11393.19
14902.03
16578.08
15219.46
13946.74
10457.78
15472.34
11299.77
9681.123
12295
17041.15
16115.1
13354.88
14699.78
15394.41
10793.1
15697.8
17932.96
17438.72
12562.55
10485.96
14271.57
19232.74
12887.66
16127.44
14512.44
22669.08
14113.82
15677.96
14133.53
9945.185
17617.63
13690.37
9190.881
13806.68
12123.53
14524.57
12379.97
11572.51
10713.35
12583.5
15184.04
17085.23
20210.6
14525.16
18196.26
13039.31
13922.42
14865.04
12158.66
14413.08
16200.69
12209.96
16093.55
15205.43
10087.64
13316.66
16294.86
17796.37
14114.14
17999.91
11008.85
12177.08
19872.24
12904.04
18239.16
19317.75
13256.58
15110.76
16508.38
10345.51
12498.42
12766.37
12476.85
14630.63
16442.85
14122.87
9540.85
10905.67
16782.62
10159.27
10926.34
15328.04
16291.49
15768.44
15886.49
15564.04
15068.37
11783.44
11297.16
18063.62
12221.89
14269.46
15823.9
18274.65
15531.1
14283.83
15237.13
17944.43
14458.41
14928.25
11716.22
14239.48
17472.67
20083.48
11705.37
14354.17
19084.1
19532.23
20109.18
17249.89
14765.29
15922.93
12592.8
17115.99
13551.37
14206.14
15990.74
15351.44
12813.54
16613.72
17542.27
13680.4
16790.89
15970.22
16669.8
18146.04
15174.34
16495.13
14846.25
19735.75
14187.99
15779.16
14323.35
12465.48
13981.92
19923.41
17611.56
16770.61
11105.31
14805.66
14637.52
15224.66
20654.4
15640.29
13449.9
13472.94
13651.18
14406.61
14095.42
10149.15
12780.69
12977.28
11843.73
9283.697
12925.59
17049.74
11897.35
14664.33
16357.99
12873.25
13423.91
12756.91
13889.91
11894.11
15167.42
17002.55
13569.97
16372.18
20890.5
13933.95
12171.17
13962.65
13647.36
12367.43
13654.07
12402.93
17355.77
13152.72
14258.38
17961.08
16152.26
17873.4
16690.54
14163.91
15754.14
14796.37
18189.2
14471.74
14888.37
17063.69
16058.99
11555.73
12632.89
16872.98
12283.44
10591.87
11244.7
13279.75
11752.44
12311.19
9303.518
12054.44
11520.75
8310.877
11549.24
10317.75
11466.16
17236.78
12872.85
17691.75
12854.41
13772.38
14235.06
12006.67
14808.04
17573.5
11919.85
9985.058
10025.67
10871.92
13046.29
18552.24
13043.02
13193.32
11447.07
15751.42
11903.21
10546.07
13467.27
12260.51
17254.22
13643.85
15221.26
9418.79
12855.56
14405.79
11869.2
15041.28
11469.93
12395.11
14486.62
16169.5
22923.32
12324.1
17288.35
15264.76
16241.73
16748.66
14193.67
15623.49
17194.5
17083.07
15389.25
16058.65
18796.13
13350.88
13999.02
12934.91
14164.7
10186.64
10708.03
14484.78
10145.57
16953.3
10321.98
17455.41
11475.88
14682.29
14732.42
18452.16
17943.72
16528.21
15720.47
15358.19
12935.93
18333.57
17241.78
17257.96
13823.51
21523.01
12825.32
12907.61
16474.93
16418.97
13912.27
14640.57
13483.6
10169.93
17477.41
14727.37
14072.98
20404.56
10940.07
15842.87
13423.75
16806.32
15912.31
13400.73
11593.49
18280.7
8403.527
9991.775
17952.67
16895.87
13341.45
13717.02
14914.28
12950.98
19610.11
12999.21
13261.53
15824.36
9417.213
11670.84
11898.49
12277.4
14928.27
12520.45
14689.2
14915.69
13098.96
11607.89
16722.44
19751.81
15225.86
16912.24
13658.09
16873.63
11661.56
9722.829
13118.87
12672.11
13690.65
15576.76
17058.44
14560.02
17221.01
20804.17
18384.08
14858.41
15935.69
13291.13
11353.03
12871.69
12100.47
8848.751
11584.09
7631.18
11940.02
13823.35
13017.46
16149.51
8286.773
12933.29
11848.88
17057.51
7879.665
15523.94
17237.45
13571.43
15151.81
13840.97
15333.25
15658.1
18595.61
19871.97
17954.51
17785.35
14608.58
13797.24
19614.59
18263.87
14350.2
15610.37
11913.57
16818.28
15079.41
11342.85
13062.92
13418.38
12973.18
11077.25
14488.55
13012.1
11538.46
13306.17
15842.52
13885.04
13238.63
11166.3
11415.26
15161.54
11873.65
14347.66
11967.35
11940.19
9362.268
9468.269
8757.169
16108.64
9586.727
10791.62
14282.39
20202.62
18774.33
14248.22
18858.56
23333.03
19710.77
12224.52
16531.8
17650.1
10442.24
8844.918
8665.132
10506.62
11237.9
10943.07
11275
13604.32
6690.14
10757.47
17783.03
12241.28
11312.37
9503.424
12157.16
11215.27
18588.68
16611.97
17435.4
23567.32
18333.6
11671.87
14065.36
18331.98
17532.01
14417.97
12643.61
16164.52
14304.01
12988.43
21807.92
17177.34
13129.58
18504.46
14539.11
10542.92
13614.07
14264.17
15131.18
19286.87
12902.78
16579.87
16680.71
11799.99
12987.94
20300.96
12480.69
15575.73
15699.94
13067.49
14169.22
14591.81
14695.86
18602.78
14026.32
14714.13
14197.17
17623.54
15851.9
13505.1
15756.07
18203.95
15713.65
19580.77
18958.87
16601.39
15883.97
13470.62
24016.02
15921.91
21080.71
12807.11
13600.99
11368.96
18601.46
14770.23
10598.84
19894.39
13543.79
17150.22
14967.94
18479.51
13309.52
10831.6
20615.93
10583.24
11158.98
13946.21
15426.72
16119.4
13391.32
14589.01
16447.05
16170.42
11420.56
15160.31
14672.97
13324.09
13065.99
11991.72
16406.69
14438.93
18782.88
16377.79
16122.33
15161.63
12082.36
13022.88
16032.89
12410.97
16868.49
18297.43
14052.76
11796.64
13992.77
16996.97
13903.66
16510.61
15299.81
15789.99
15188.33
14944.19
15639.41
15948.06
15615.1
21125.93
12160.17
14002.78
12306.67
21267.63
16128.59
15902.19
18053.46
16544.13
19307.86
16943.08
14378.34
13603.41
10477.43
17204.12
17344.32
16432.17
16763.72
17968.34
12795.31
13845.92
16165.93
16704.74
10836.84
12868.62
18265.63
13388.51
14959.33
11046.87
12427.01
15080.91
13085.68
17883.81
20250.76
11916.87
17286.17
18489.14
15360.14
13965.34
13522.47
14517.7
17645.3
13072.23
15842.39
12877.73
17221.21
13113.49
17943.15
12194.67
17507.04
18943.52
14318.43
17290.2
16673.68
16199.37
13652.9
15391.94
13883.38
17179.25
14451.39
15999.48
12819.07
17632.71
14912.95
15719.97
11673.8
13178.09
9273.266
14877.67
12644.9
12603.32
18341.87
14543.78
12414.6
15432.84
13649.08
12292.06
14170.24
18797.35
17353.47
20523.12
15912.92
15202.67
10097.25
18781.5
14053.2
16180.33
18443.58
17262.43
16540.14
16239.15
14663.99
19848.37
14759.81
16383.4
11348.74
17485
14771.31
13615.7
20390.76
11878.26
15649.09
18237.86
17904.45
13356.87
12474.67
15266.62
11672.14
12801.48
12429.77
9816.08
14748.16
13850.02
21675.24
11779.12
17049.82
11350.38
13941.83
16222.19
12456.53
15191.51
14882.97
13315.83
9009.732
12074.79
10044.27
16262.66
14352.66
11664.98
18311.47
10865.09
17955.64
15779.58
13521.37
15409.71
24779.45
20948.57
19038.39
18168.61
18723.37
16143.33
14365.99
14351.13
13486.97
16112.49
11709.44
14252.94
16884.92
13700.59
19864.21
11184
12611.39
15045.66
17352.8
13752.88
16136.68
13865.94
13985.18
13217.94
12084.38
12924.13
7434.219
11975.93
17071.65
16904.64
19106.14
19010.45
15063.21
17136.92
16398.51
20185.39
14997.08
17103.22
17539.23
17703.08
13819.75
16250
13531.77
21932.92
15916.72
14395.91
15443.08
14322.14
13066.72
15913.75
14218.41
10706.43
15794.26
13352.51
10656.79
7600.358
12268.37
14593.3
16111.39
13061.78
23966.71
11866.96
17477.36
17376.16
14710.68
22210.31
14557.44
13024.19
12390.73
13959.56
14638.92
15199.16
18341.09
14784.42
14113.29
14042.48
14050.44
13744.32
15626.61
20307.18
13516.79
15752.12
13177.58
13202.86
12552.83
17293.24
11279.59
12201.42
11729.87
11515.06
15017.71
12380.83
17393.67
15452.13
16279.75
23685.93
14172
12848.41
12239.17
13812.62
14879.16
11851.29
17845.2
10854.01
15988.15
12385.35
12454.47
15383.53
13725.05
11203.61
12495.69
13849.29
20876.73
11259.61
13271.05
10644.43
12332.77
12651.53
14182.6
11931.66
17177.25
14701.68
14310.91
10955.92
17103.67
13144.36
10665.24
16364.11
13567.82
15148.91
8912.24
15214.69
18768.94
10415.14
11851.25
15175.69
17617.24
11810.07
12071.49
12752.02
14216.19
13814.06
15286.64
19289.9
13650.28
14361.39
19256
11202.93
13972.97
15210.6
11147.44
10526.95
13787.13
15239.06
15155.27
12162.56
14240.01
15072.5
18335.22
13133.04
12118.05
12658.28
11880.77
12007.38
15622.73
18222.52
8355.11
13462.19
20369.43
14494.34
15086.26
12886.99
15508
16812.25
13862.64
15656.88
12996.36
16665.81
16069.41
14438.65
16925.38
12013.15
12235.61
13562.91
17894.05
15293.13
13278.86
20774.86
13342.88
11267.85
20277.33
15483.83
13443.46
12085.93
15796.2
14737.41
16435.42
13504.82
10309.06
12031.77
11282.93
8537.83
12186.11
15950.07
10699.53
11642.91
13740.16
7113.92
9148.151
19319.74
11834.31
10864.03
11453.64
10871.57
12697.12
14154.27
11321.25
9489.757
12946.03
12570.04
12357.43
11790.36
12777.64
12763.54
15840.13
23958.53
12379.66
15104.93
14388.39
15875.6
20011.51
11912.72
17432.41
12816.41
14213.14
16030.72
14975.09
17491.1
14510.28
15414.99
16612.6
13961.87
17251.16
11805.7
18456.09
14456.49
13399.18
16145.71
10958.69
13250.99
16174.51
13618.21
14150.76
16498.84
14466.44
15352.63
19400.11
13365.7
13658.39
17756.81
19488.29
14039.81
16288.75
15026.46
18884.61
12134.42
15808.6
14731.63
14044
11907.2
15945.1
10203.23
13145.46
14724.07
13834.17
13370.31
16796.45
14821.55
16452.01
15533.16
13941.49
14401.58
13845.22
15155.94
13445.67
13173.65
17959.99
13107.7
13996.56
13483.97
13945.39
15681.2
15399.21
16176.01
15183.77
13173.68
11803.17
11802.28
14828.39
12116.99
16475.82
10734.65
12854.21
11726.86
12344.9
13860.84
11342.94
17255.71
20868.49
16843.83
17724.88
16319.63
15274.98
14456.42
14002.09
20538.3
17423.04
16802.5
14831.78
16467.91
18854.67
17439.45
13644.84
11708.94
9731.578
19510.31
8780.719
16449.9
16733.25
18732.42
11967.63
19718.64
13617.64
16276.91
13802.61
14770.48
10943.47
17727.45
15086.35
16116.66
15586.65
15441.93
8974.526
11157.89
14308.48
12677.3
14012.65
10202.22
11907.45
14181.19
11609.36
12756.29
12185.3
11989.55
13658.29
10870.7
16636.95
11980.98
11429.34
13650.62
14747.88
12118.78
14414.75
14927.5
10792.83
16284.48
19916.97
22983.36
11841.7
8273.333
16143.56
13695.21
12873.77
15757.17
15737.64
14333.09
15591.52
20150.69
13649.81
18322.97
15511.8
12125.75
13388.03
14061.04
12206.62
13101.75
8823.151
9743.438
11675.05
17122.48
14917.55
11914.58
12844.99
15496.57
17230.71
17602.64
13568.46
15383.84
12890.75
15195.37
14419.15
14829.7
17928.87
11456.25
17001.65
14015.65
14924.72
13507.39
15003.66
14136.58
16688.37
12844.03
12213.05
14816.61
17059.72
15179.11
15559.26
15609.91
19845.11
14834.29
11845.89
14087.82
18128.62
19436.74
12051.79
18030.6
13630.3
17514.81
14313.56
16269.4
9413.63
12517.25
15378.57
12927.85
15454.77
11011.94
16647.18
19924.79
11944.48
13906
13271.37
12177.27
11387.39
16532.92
15662.99
12868.72
11879.2
11868.08
9494.4
14677.62
8792.187
11440.22
9823.004
12060.79
12816.68
12941.17
13054.23
15008.56
10841.25
16839.29
16552.72
11530.25
13683.17
12018.37
10928.2
15766.8
17599.71
13790.13
13994.98
12954.45
12162.17
18357.49
16205.26
14489.97
17341.79
15245.83
19515.94
12945.15
13612.16
12407
11978.67
16252.19
15704.59
16629.65
9949.783
17494.96
13613.03
17666.88
12044.85
9383.683
12449.43
11654.76
16129.03
10062.08
14122.03
14283.93
15017.12
14496.46
16129.76
11346.11
13466.35
13121.6
10304.17
20370.32
13913.36
16286.29
16786.28
14304.11
13640.06
14217.2
12534.21
16675.52
23868.35
19231.6
14614.22
19788.12
15871.01
12078.39
16230.02
20937.04
16652.9
15949.15
12797.11
15078.56
10786.54
12811.7
14626.79
13780.74
15464.03
16867.64
19756.12
12228.96
16127.63
13881.64
15912.17
22053.92
18787.28
15351.07
13582.2
14031.21
17072.43
13841.47
12417.57
17844.52
17121.65
15988.6
19026.27
15333.04
13580.99
18936.62
16254.94
17965.17
15371.62
14924.03
13906.51
20301.96
15484.75
12594.87
13144.48
16388.82
18334.6
12111.67
17450.16
17543.18
16538.01
12736.28
14883.97
15144.72
16189.7
14108.18
13980.77
14278.95
16548.51
17626.66
16654.32
8937.128
11712.23
11179.69
15397.87
11989.99
13559.29
11146.46
11151.95
14345.48
14604.38
13849.38
17178.54
14030.56
21206.94
17223.41
12623.71
15082.55
14016.71
16725.68
13356.44
15094.54
18229.84
14883.07
14081.74
16190.35
18777.58
13807.35
11804.33
15004.75
17254.62
13540.51
12540.67
10288.14
12872.53
11774.04
14217.99
16887.73
12354.37
14039.94
10943.7
11426.07
12535.36
13384.44
13368.03
14158.47
15103.93
15324.82
14234.83
17760.82
15943.16
13668.43
15725.1
11507.74
16504.99
10041.5
13171.21
13747.76
15884.19
15755.53
13522.35
13751.04
11318.26
14707.89
12910.33
17172.34
13696.54
13519.03
18702.19
13905.52
16321.61
11689.85
14100.2
12752.93
18455.63
15456.85
14633.11
14890.09
14105.05
7751.513
10161.38
12552.12
13231.75
13040.04
16031.35
14292.83
17442.96
12811.67
13324.63
15012.41
15717.98
15037.53
11167.18
16934.43
13378.71
16317.08
12120.39
13601.24
13119.05
11795.19
10930.3
14170.67
18770.22
12484.04
14230.17
16548.24
15720.25
19012.61
20676.62
15086.36
15561.54
13337.52
18224.5
16922.88
14357.63
17830.58
15972.51
19206.89
11986.96
21342.45
16705.64
14596.78
13274.29
12644.14
13487.61
14904.36
10940.17
18739.74
20416.92
22478.96
13414.79
14517.31
17646.6
15213.96
14859.51
16971.28
10686.31
15399.66
10329.47
15234.93
14435.35
19401.91
18710.27
11282.66
14802.85
19134.37
8759.917
8618.026
13980.72
11381
13547.21
10911.96
14342.74
15824.55
10541.96
17753.14
16187.84
12060.76
11212.96
8569.171
12052.18
8347.132
7513.741
9911.349
11714.81
14045.35
9763.793
7809.337
12422.92
10455.67
12241.58
11646.56
10165.59
20226.2
13195.56
13429.55
13217.56
17394.86
11620.15
13234.24
14455.22
16681.35
14909.84
13422.2
16951.39
19913.08
14190.65
18151.95
13629.55
12665.56
11691.27
18114.11
14345.27
12109.63
12859.73
14653.99
12304.87
17145.86
12861.67
16860.18
14334.46
21793.85
12989.09
18710.22
16380.07
15319.91
19367.83
13922.56
13242.19
14615.59
13754.7
16256.59
13304.98
18114.97
15322.09
11077.55
13826
15461.67
14231.03
15921.37
15483.3
13562.87
19179.83
12617.53
10355.98
13528.59
12851.04
15829.66
16460.96
14578.07
16693.17
17132.28
17084.58
14580.24
15140.83
20397.99
13877.76
15894.33
13855.73
13371.2
13524.86
11215.3
10389.28
13641.44
14725.46
10544.13
15708.49
15834.95
18246.69
20999.32
12790.6
14923.72
11761.02
16077.86
12757.11
11855.31
13094.51
15001.05
15984.63
16710.56
15000.38
15735.37
12483.02
15687.92
15891.85
11782.72
10225.2
14102.62
10690.8
13655.98
14280.5
9477.444
8758.972
8768.42
16256.28
14883.04
15690.84
16485.63
9094.431
12202.43
15461.45
9758.354
10495.32
10002.64
9934.63
11665.76
11008.37
15528.27
12078.87
12201.08
13133.36
12020.44
12878.1
8252.039
10571.58
15053.46
13228.82
14790.13
13039.57
20846.48
10552.02
12206.09
13522.39
14031.4
16077.33
9275.379
14255.46
12659.91
13257.03
11812.86
13147.54
15559.46
12252.62
19977.21
15182.89
15473.94
14684.28
17988.36
13970.55
14009.65
13089.83
16843.52
11555.84
15408.12
14717.65
16046.87
13990.26
17258.05
15917.54
15898.42
14438.93
17325.61
15509.81
14370.81
14548.28
16931.6
11788.97
15674.74
18167.33
12355.51
13431.33
13613.4
15247.76
13501.1
15879.51
13040.6
11774.7
17076.54
14770.13
15468.51
19135.1
12058.82
16766.22
14566.72
17869.52
10628.09
14187.71
14957.05
11310.61
18701.72
17279.2
19130.18
14273.65
21408.35
16856.64
16323.29
17899.68
17586.68
13999.45
13616.85
15821.3
14141.18
14171.08
14456.13
15984.57
14449.12
13962
13188.33
16113.75
11085.35
11699
12948.6
11362.89
18201.67
15780.71
14453.36
15287.85
10636.65
12336.68
17014.53
14393.11
12195.51
12176.3
15013.89
21849.28
13264.18
16780.57
12948.05
11610.91
15842.56
19577.19
17107.01
16547.15
11912.15
16071.11
15426.86
13324.94
12794.06
11743.12
8295.696
5915.413
7246.258
11902.94
8971.359
10678.34
10420.41
16227.95
13121.27
15476.04
14167.65
15475.61
12528.8
17251.08
11121.86
10963.97
11122.64
12673.38
12480.91
14967.58
13068.34
11073.35
13700.21
13930.04
14622.94
13540.84
13510.54
16696.95
13941.18
14552.68
14756.82
10305.81
8729.259
7215.993
6629.111
8422.633
14177.86
7543.023
13077.31
6981.912
9919.183
14210.96
15997.62
14269.98
12118.09
18797.05
10328.01
15002.42
14108.37
15603.18
13842.34
10993.19
15836.21
10492.35
11702.03
12233.87
15921.77
15535.2
21472.04
19772.48
13362.81
19842.11
18457.96
13829.48
13215.78
8581.091
12413.7
17752.05
15402.24
18837.14
7420.115
12772.44
9991.625
10182.2
19225.62
14264.17
11170.05
11506.5
11816.83
12227.75
10288.73
16578
15817.34
12329.74
12243.07
13423.04
16295.3
17499.38
12904.74
14643
17992.41
11483.34
11653.21
12772.98
18244.41
16582.63
14629.06
14316.9
14189.67
21818.66
16066.53
12210.34
13211.73
12937.17
11669.79
14126.78
10648.71
12180.19
18410.65
9018.979
15727.35
12958.88
11622.73
13388.04
10777.91
10651.24
7548.515
7572.585
8448.839
8875.386
7199.505
7918.671
10358.85
12341.42
10714.16
14987.99
16409.03
15687.45
14991.01
13899.1
15321.32
12075.17
13347.67
12699.5
12444.58
13406
13164.03
10057.78
12666.56
12248.42
17527.03
18170.64
19441.79
17099.53
11249.76
13625.09
15386.74
13494.99
14257.21
12789.97
14587.6
18115.77
14979.6
21253.3
14894.51
12179.84
13857.66
10465.96
12254.51
9383.762
7703.691
15968.38
17189.62
10516.95
11789.34
10012.87
9320.424
11541.15
13832.84
14281.09
15051.87
14369.31
17238.57
12949.9
14831.15
19693.23
15900.26
15595.46
10106.55
19901.3
17456.74
14429.37
15758.74
13803.42
10868.21
12770.24
15726.03
14361.16
14086.18
15295.86
11559.89
14729.47
15942.67
14956.38
12048.38
13584.61
17864.8
15757.65
9854.429
15176.15
12881.65
9696.519
7651.406
7969.122
10962.77
10562.95
10681.48
14917.2
16629.78
15290.83
16609.69
15645.89
15495.5
16961.85
16804.38
16992.86
13401.07
14133.03
16705.43
17450.98
17464.33
14085.26
20142.49
11120.41
17393.56
12687.79
16976.73
12510.5
17456.82
13336.26
12357.63
15263.59
13918.39
13567.71
15184.97
9816.637
9153.784
11329.28
12951
12694.18
9758.099
11559.83
11184.79
14102.26
10211.05
14902.15
13914.98
15084.12
14028.27
12819.47
16596.87
14413.7
16340.88
12534.24
11205.86
17991.81
14306.55
14702.82
11544.85
17757.85
9820.768
21224.49
16627.37
17201.25
14511.24
21421.76
14913.27
19786.07
17741.35
16669.05
15239.62
15649.89
16067.94
15598.39
16121.31
11834.26
19618.07
18621.37
14757.41
16017.82
13798.81
13490.59
16059.29
14429.93
13203.78
9979.98
11544.26
15893.5
14221.02
9478.289
10793.19
14112.89
20143.71
12232.33
12436.41
14876.02
14807.96
15359.88
14449.29
14909.05
14818.87
12194.06
13817.11
14066.36
13370.26
15985.61
17438.09
15641.47
18410.37
15742.17
20821.64
15267.5
19469.06
13386.47
19808.58
14544.81
18583.17
13527.4
11827.94
13412.45
10784.54
13720.99
10416.04
17423.79
17568.37
19338.74
14422.37
17263.74
14618.59
13791.6
15297.75
12152.88
11171.79
16403.4
17721.51
13116.79
11923.84
15843.41
13769.82
19793.39
16279.06
15619.36
15838.51
22210.25
17282.64
17846.49
18743.16
17883.74
15284.96
14391.31
14128.02
17189.01
17642.81
18494.19
14188.15
16510.04
16628.46
18425.69
18615.13
19688.9
18246.94
8881.879
16875.87
12061.29
9541.457
14049.2
19354.43
13225.85
16749.33
13742.45
16442.07
14479.38
18110.95
15379.54
18734.13
15038.33
16127.43
15071.67
11658.29
11698.93
13422.56
12794.74
13369.78
15538.41
14075.53
10698.73
14161.91
16265.73
12226.04
9258.115
14238.39
16190.69
15746.22
10397.52
16568.7
15468.55
19015.98
20468.43
16987.2
16143.38
16096.3
21114.64
15763.54
14576.64
14823.37
12996.29
16110.3
19023.89
15714.19
16844.03
13510.05
12441.43
17382.59
18410.9
14720.82
16928.58
13936.84
13464.18
13976.49
9381.258
12729.18
12284.23
16129.26
12583.64
14494.1
13185.57
14534.09
14734.53
16329.11
14350
19752.78
16221.46
16519.38
18563.88
13866.88
15854.75
17107.65
13578.66
16719.49
15449.34
12877.43
14983.85
19876.92
13380.35
20009.66
14926.16
11155.65
13277.09
15659.92
12928.84
18327.58
12432.9
15141.49
11204.12
11765.36
17086.26
12867.64
16974.71
20933.89
15940.41
15353.09
16249
13296.54
17362.91
17862.31
14780.23
13097.18
13164.69
12534.26
17940.83
13382.09
12561.51
14302.59
11431.2
13243.74
11149.04
16987.03
10519.81
12738.03
9898.41
18241.07
15562.67
16100.33
14043.98
14148.28
14152.13
21504.04
15371.89
12273.08
13920.99
14597.37
14184.32
16643.13
16846.04
16959.04
13209.12
10710.71
9187.25
13321.57
12525.02
12079.31
11363.91
18717.4
12561.17
16018.97
17690.33
14570.08
14273.55
14802.09
6671.643
9799.786
14043.62
12566.68
13793.3
13721.23
15215.09
13238.66
15444.41
18366.28
15950.84
13872.22
13781.27
16543.49
16298.85
15917.95
15345.01
12444.75
16002.41
12729.2
15156.41
16341.99
11779.31
15139.38
13481.85
12513.4
15308.93
16792.62
12997.23
14608.13
12897.53
16527.73
12672.18
13379.99
20949.05
14113.73
22138.21
17590.56
22728.24
12793.97
13348.8
12508.33
14037.7
10115.34
16609.15
18627.19
19369.28
14982.96
16981.36
16216.37
13588.63
14609.3
16447.47
16365.5
15192.1
14028.01
11407.3
11829.52
12913.42
15087.51
14215.55
15352.86
13330.55
13312.5
14829.36
14911.32
15845.08
17153.5
19232.2
14282.42
12826.68
15036.2
11534.91
15943.98
10762.38
13651.94
13865.34
14620.98
10878.46
17135.33
14429.74
13119.78
12047
14496.66
8105.364
12527.61
11257.71
10376.42
11665.79
13236.35
10543.71
13774.32
14640.99
15311.65
11921.02
10835.92
9353.654
8394.795
9242.475
9715.696
13376.85
11360.73
17443.64
15885.26
15652.46
17372.28
14791.67
19190.21
14012.71
12921.96
13510.12
20640.4
13856.4
11818.96
20612.32
14500.52
16698.69
15409.87
13533.51
14919.04
17191.63
19425.34
14851.01
17438.4
14806.68
17976.73
14631.09
16937.01
18476.45
17863.9
18624.18
18640.61
14061.31
18763.92
17526.41
12426.11
18161.74
15479.06
10002.05
11631.12
9109.566
10188.63
13859.44
13627.36
13448.19
16676.71
16041.15
21745.48
17515.6
13027.26
13471.59
12844.58
10912.03
14114.21
17699.89
12712.97
13285.62
15561.19
14335.81
15682.81
13543.15
17426.24
18001.38
12041.97
16739.55
16621.89
14215.92
12215.3
16059.5
14331.49
12679.95
11558.05
9603.52
10211.13
10877.36
12575.37
14003.04
11489.02
11435.63
13320.02
11320.91
10858.28
14835.48
19117.31
18598.66
16917.34
18197.35
19673.19
14711.09
15982.03
21929.62
16285.93
19450.53
19036.3
11662.7
12595.45
14119.41
13190.45
13036.08
14299.75
13388.8
15207.34
11787.55
18767.77
16430.86
13000.62
12339.69
13920.14
12157.3
13634.01
11775.61
10512.16
7726.038
9776.651
12559.16
15905.55
17533.13
12784.21
12167.75
16264.44
14611.7
15337.56
13285.88
12407.66
14982.05
13774.33
19488.71
15037.52
16995.36
16281.85
14109.04
14829.73
14873.63
13350.63
17066.86
14889.26
11698.34
11758.05
11892.39
13004.74
10165.57
14536.87
14320.93
15307.48
18288.42
11863.13
11280.37
13556.08
18280.66
17313.35
15613.44
15382.71
14690.29
15473.37
20208.24
13630.12
13159.68
15088.3
12038.44
15644.77
13210.26
17490.58
17027.72
13647.63
17826.66
12539.26
16687.91
15229
15014.77
13363.25
15340.35
9833.145
15833.08
19824.78
10373.58
16469.69
9185.336
16370.44
16540.65
14510.53
11744.6
17814.23
8601.172
14924.68
15562.61
13786.72
16066.92
13213.44
15785.16
12100.14
20852.88
16119.95
13916.33
14409.33
18616.2
15416.81
10994.09
15292.86
16307.5
16844.22
28248.31
16686.08
16681.82
14615.01
12918.6
11939.2
19964.46
18812.63
13742.91
14133.94
13092.89
13843.38
13425.21
11157
15823.3
13688.84
15956.6
18065.36
17212.61
15908.28
18342.35
16022.03
16899.16
10134.93
9838.296
15406.23
11650.43
17265.12
16663.73
11782.72
14798.01
15831.82
15840.99
12754.07
16335.01
15606.82
16548.33
14865.07
13492.76
11196.67
9577.599
11310.85
13933.91
9491.124
14216.92
15439.3
10572.49
10458.43
15064.65
9752.073
12441.13
10180.19
13441.46
11793.83
12350.17
17988.43
13681.47
15932.6
15230.62
14205.91
12425.43
15334.3
15356.91
16574.62
13688.87
21433.35
18240.31
15506.39
13519.15
13134.56
17631.73
18169.47
10345.62
13804.77
16450.8
11183.71
13144.32
13683.65
16949.35
15008.55
19062.41
11510.5
14593.68
14645.26
13959.99
15790.91
13627.67
15812.62
8795.009
14062.59
14611.75
16374.75
13618.21
14773.58
15813.74
18487
16288.62
16200.17
12999.73
12071.59
18616.41
15626.67
12855.48
15080.73
14645.96
16875.84
14576.91
14707.77
14407.9
15859.44
15088.68
12420.67
15811.15
14211.88
15159.42
10868
10771.23
11835.14
11378.72
14473.62
19185.51
15883.76
10857.9
8429.739
12425.09
12809.96
14997.29
12368.31
16133.52
11092.89
14163.9
17264.46
16254.58
15626.24
17871.81
16415.46
13335.97
14324.98
15958.53
16531.27
13990.17
16906.78
14088.87
16036.76
13569.36
12662.98
15529.28
9330.083
14299.57
15388.89
10704.67
16592.45
14336.05
15651.33
15110.32
15012.05
19907.95
11850.43
16840.56
16547.19
15325.91
15744.19
14436.2
15467.08
22206.76
10522.98
12840.94
10322.18
11226.33
11921.27
15989.58
12733.42
8888.98
11101.75
15887.39
14129.04
19084.67
15809.75
13625.68
18683.66
11804.39
13945.1
15115.35
8745.901
9728.548
11384.29
16269.11
10569.12
9591.449
14257.22
13874.84
17472.98
18869.89
14864.28
15656.4
15098.57
15250.64
9780.085
10041.66
7800.485
9650.171
18562.86
15485.26
15975.38
17134.18
15623.66
14705.53
10827.77
14954.68
14016.02
16016.59
17723.63
14579.95
17131.73
16460.22
15913.69
17120.45
16718.03
18930.76
11143.83
14210.16
12572.16
17757.17
16255.09
17672.92
16293.78
12604.07
16980.27
15387.61
15850.34
13486.61
19877.18
13333.25
14802.11
18252.82
12579.93
15734.07
17644.94
14439.23
20244.32
19109.14
13612.52
18796.41
14263.86
8811.019
14186.47
15001.6
13824.67
12682.56
16965.24
23957.15
15330.93
15258.31
14549.78
13718.57
13828.41
11966.72
12897.6
12892.57
19105.29
12853.46
12094.12
14695.35
23427.25
14512.49
13788.35
12313.98
17896.61
19353.68
18553.9
16989.99
18691.22
15820.91
15766.26
20673.88
18604.85
16951.14
14024.05
19348.89
17471.1
11256.66
13239.41
19052
13158.22
14921.88
18506.9
14985.89
17061.25
11279.9
13470.74
12144.47
13321.58
9952.334
11447.03
15733.2
11120.33
9731.378
7720.235
9875.912
11229.24
14894.8
15779.26
13258.19
15721.73
12950.34
12362.92
16213.01
11023.15
13441.48
14676.74
18413.4
11050.68
14206.39
11534.73
17603.46
18228.82
15380.2
13909.58
16167.84
12222.19
14458.31
17112.48
8736.008
15999.57
13622.12
16095.58
16936.48
16995.97
18494.68
13496.51
16017.45
14956.62
18634.12
16743.75
13863.84
16715.14
16069.7
9120.739
17598.39
15184.87
18416.78
18698.91
16449.23
12783.38
15245.72
20989.26
16893.31
17045.62
16897.1
16766.48
14602.15
12409.64
11871.53
13081.95
13110.73
11141.63
11167.72
16522.03
15039.54
20505.4
19955.95
13077.73
12034.28
12322.88
15205.08
17639.78
20741.09
18750.74
14297.78
13955.71
10442.88
14268.17
20011.29
11432.1
13062.95
14974.04
13738.23
13746.86
14657.59
20384.72
11180.38
12025.44
11767.54
14259.11
17170.34
12846.02
18215.02
12396.02
15708.23
12477.01
15571.12
12158.72
13616.74
14591.44
14497.73
15475.06
14218.01
10831.64
12748
11383.2
13065.89
7950.942
11108.77
8790.768
11846.2
17380.42
14058.72
18502.55
14471.23
17874.52
13510.84
13304.95
15509.34
8460.677
14577.48
20033.12
18885.78
13672.46
15078.92
15634.63
13486.22
19828.48
13830.19
15289.66
20428.55
16771.91
14046.81
17435.83
15389.39
13779.67
15345.68
14435.44
13866.92
18976.85
13353.15
14790.75
13030.16
11860.63
14345.76
12709.58
10714.07
11253.92
13453.27
14928.43
18784.17
9079.876
12852.83
10843.87
17788.4
15683.25
14783.22
12798.94
15544.79
16093.68
18330.29
16223.03
14482.17
10320.54
17588.18
17814.14
14298.11
16657.77
13832.34
16771.66
16015.78
14124.61
13781.98
12035.09
19732.62
14138.24
26203.33
11741.89
11974.04
19129.22
17686.86
17227.17
13046.99
16290.9
15624.09
13273.33
11205.85
14067.77
14212.59
17778.49
17854.86
16590.1
14116.68
14195.88
16918.04
17104.08
12790.55
16490.06
16344.22
15380.31
12736.74
11883.8
13293.76
15945.41
11687.61
13898.08
13944.82
13265.08
13090.43
16715.16
18240.77
15450.49
17929.2
19381.18
14113.7
18637.64
15129.67
13924.55
15830.42
11570.04
14430.87
15058.22
11377.2
12491.06
15923
13679.58
13040.39
14216.53
15713.39
13106.49
12238.8
16273.72
15980.74
14416.32
13688.23
15568.85
13381.88
16157.81
17175.49
13404.2
16413.87
12944.71
14611.85
13309.29
14774.63
15730.66
15499.72
12320.22
12014.1
18817.7
12194.07
14934.88
13518.06
16841.21
12438.7
12815.21
9516.658
12412.29
15862.21
10621.06
15684.38
13552.27
19751.61
13559.17
13870.9
10695.76
11491.44
10966.37
11513.68
9084.861
10215.59
12266.71
10454.1
8491.344
9855.861
8447.024
12985.35
15259.68
13251.11
15241.12
15629.35
12352.06
14472.39
15349.27
18398.67
20381.37
14979.24
13904.13
17024.01
13921
14782.9
18821.49
13726.21
14051.53
18385.82
13238.96
11235.42
14243.7
15947.41
14632.56
13162.7
16465.36
11478.11
9800.648
10959.42
9298.415
11244.32
9789.721
11247.36
13499.09
12984.94
15271.81
13372.73
17792.13
21194.54
14171.72
16201.39
17973.88
12557.07
15151.67
12758.35
10014.58
13692.69
10739.68
14840.82
13044.38
12557.83
21363.34
16726.61
14958.28
13620.43
16792.7
16828.75
17011.02
22402.95
20115.62
14320.66
17040.18
14885.67
15411.55
14043
13219.83
13616.9
12967.82
14365.26
12941.69
11992.75
14022.79
14890.6
12937.81
15264.11
15614.58
11018.32
13716.4
11451.26
15282.2
18878.89
12416.26
8346.937
6689.005
9277.88
12538.39
11255.36
13832.6
19170.87
18569.92
15642.77
11700.44
10612.73
19848.16
12194.91
13093.15
11398.05
12419.86
15352.08
17626.57
12935.87
19561.42
14920.19
10394.54
15459.23
17277.44
7952.367
12506.36
10709.35
11051.89
14713.1
15628.94
12193.54
12023.18
9143.868
12383.39
10710.1
11982.04
13718.46
20385.88
14305.3
13798.57
18967.93
10430.13
13745.93
12482.18
11648.21
13702.17
14411.69
11533.4
14236.75
15091.03
12703.67
13395.28
14311.05
19112.66
17846.31
10749.1
15354.16
15603.35
13043.83
16732.46
13548.65
14201.4
12627.41
13645.71
13310.33
12583.18
13823.78
10249.07
13133.17
13334.29
14426.94
12306.92
19843.03
14979.35
11448.39
14143.28
16559.07
15385.85
13102.62
9784.111
10932.95
12524.31
13810.14
10375.16
12634.1
12591.87
17953.59
16581.45
12887.45
17627.08
16240.49
13629.98
14621.32
14555.08
14381.69
18465.38
15164.62
13078.21
12389.77
8817.193
18107.64
15405.68
13602.32
15470.87
11540.27
15647.11
12240.02
13397.1
12276.98
14987.41
16075.24
15795.92
17522.25
12876.14
14417.4
16360.18
11037.37
17176.1
13954.16
14205.89
9115.181
17270.6
14776.51
15880.2
16002
13664.31
14817.49
19621.99
19353.24
13735.2
17770.85
20029.49
11524.32
17077.82
11453.92
17925.14
14288.62
10495.29
11007.63
14249.21
15397.99
14015.48
12282.37
14365.02
17827.86
12677.76
14967.2
15851.75
12363.63
15766.92
17391.87
17987.48
10396.26
11411.36
13829.01
15277.71
24818.09
17343.05
15261.16
18448.24
15579.36
13042.82
10328.43
11844.81
12689.38
11570.39
14448.86
11221.92
12532.92
11373.61
17275.64
12348.33
17565.39
15818.57
18191.25
18139.46
15400.04
17680.52
15387.24
13554.97
12907.37
31354.95
15462.16
14898.74
15044.08
12035.16
14445.78
14338.76
14353.87
18198.81
14317.61
16291.09
12620.93
15483.33
13355.16
17793.55
10727.78
16024.4
11282.57
15498.21
15082.9
13035
9455.709
8800.39
9940.681
13604.1
14935.89
16519.74
16780.59
18303.79
11940.08
13922.13
14533.68
16813.46
15127.79
11803.41
9484.943
17325.35
14840.73
16210.04
13243.68
14401.3
15853.85
14672.52
19601.84
13128.51
14948.09
14976.68
17137.64
16181.71
13637.21
23218.61
17004.75
15886.98
17854.72
16043.46
22536.61
18486.45
20140
16397.04
16602.93
14699.84
13937.88
15809.58
12600.39
16713.32
11227.79
10048.34
13124.36
13315.71
10325.07
14452.77
11717.26
12417.27
13114.98
14259.2
9823.195
14224.63
13221.51
16887.31
10080.87
10945.18
10944.89
15275.86
16634.67
12488.72
16809.59
13638.72
9588.573
14073.69
20339.41
16113.76
14311.84
16362.79
13226.28
14992.43
14862.04
9682.93
8274.462
13682.92
13820.7
16259.08
8435.431
12238.52
14905.09
14893.69
16760.6
13502.01
11922.11
11016.42
9625.839
7470.86
8356.559
9656.375
12339.36
17233.13
10284.93
16204.54
12093.65
11132.75
14961.3
13013.54
12207.21
13057.59
14560.16
9411.526
10400.39
7016.412
8200.93
9941.129
15138.85
13473.82
10453.33
9955.577
10294.35
12129.21
14719.36
16540.57
16868.65
17348.43
15554.71
15054.77
19583.29
13265.84
11653.85
15707.81
13681.94
14719.61
18084.24
11383.45
16778.55
16987.8
8227.657
9533.221
14165.9
13287.77
13420.37
13928.49
14224.49
14366.05
12417.73
16907.55
13717.13
15454.27
17020.32
18102.85
12217.85
11756.28
10961.44
14351.22
14420.35
20629.42
15567.69
14433.3
12763.24
13074.41
18164.09
16427.47
14053.89
14192.93
15517.69
13413
15701.19
11889.56
14471.66
7633.113
13699.09
11937.38
11263.66
17517.3
18013.14
17658.84
14966.82
16855.18
18901.78
17257.34
17921.27
18835.6
15005.93
13559.45
15180.51
14109.57
12671
15826.3
15428.58
13201.99
12838.99
17872.18
19315.55
19313.71
18143.83
14889.55
12827.64
16566.34
13844.43
17648.44
14426.59
18233.21
13222.26
17181.15
12426.36
9295.127
8803.549
9044.645
9871.11
14549.35
16424.14
13749.92
10999.48
13211.65
6720.658
10359.58
12845.73
12903.55
15590.69
14785.89
20783.2
13995.88
11995.14
16815.48
15142.49
13064.76
17819.32
13027.66
17088.58
12109.51
12010.81
17540.67
20338.59
17312.34
17736.53
14372.6
21578.72
12124.94
17504.88
10791.39
9380.179
13362.51
13532.21
18916.53
13661.98
15347.4
10642.21
16959.77
9288.132
13515.68
13757.29
9669.831
10556.44
12211.47
10206.5
14301.96
14393.68
11809.34
18463.22
16598.92
16598.78
14305.26
17327.57
14718.43
14169.42
15826.33
15225.66
17183.74
14256.16
14224.86
14296.92
10958.55
17182.01
15271.48
14123.76
15095.68
10902.96
11612.6
13230.58
15571.99
15395.64
13283.87
17207.2
10579.44
9015.208
11959.17
16423.43
13230.3
16036.84
13899.56
17010.93
15119.74
15382.06
17961.67
15498.1
14059.56
13218.89
13458.5
11601.94
12316.11
12344.18
14368.26
13472.11
14894.82
12102.42
17959.38
17541.68
11472.24
12019.35
13198.88
9780.696
9148.888
6277.085
9882.698
14725.7
9040.173
12752.06
11216.41
13909.19
14831.95
11556.94
13685.9
18636.95
15683.04
14154.45
12971.63
16985.7
15158.62
12264.62
15191.53
14092.53
12308.74
13506.38
14646.7
12276.39
10786.26
12206.14
18527.97
13528.41
18967.92
15486.66
14784.58
13531.44
8621.884
11901.56
12247.09
13271.2
15326.98
13245.85
12641.92
14381.39
14527.01
12815
12504.38
14142.67
11249.95
15609.19
15125.33
13771.25
13566.23
16985.33
18097.94
11808.63
18775.17
10065.84
10728.48
17485.91
10604.6
13276.34
14167.69
13204.44
14788.77
15764.93
17324.67
10975.57
16172.57
12229.85
10145.81
13979.93
13703.75
16320.19
14702.74
15213.84
16519.62
21629.92
11088.58
17994.75
13249.04
16237.79
17379.39
12300.31
15764.75
12207.33
16410.89
14949.48
12023.96
12053.17
10676.96
14417.05
14816.66
17378.08
12113.22
14201.16
15464.42
12234.05
12223.97
13264.11
11990.33
16806.71
12771.29
17439.34
17908.64
15918.26
15957.91
16255.97
18272.45
16534.25
15296.41
11986.39
9204.081
8226.095
11669.46
10309.85
8544.69
13199.09
14072.45
16148.86
15315.12
14111.11
15672.6
15136.6
18280.47
19643.28
16609.35
15599.24
13907.17
15500.71
13171.03
15547.42
17514.33
17116.69
17268.6
14908.34
13309.7
12995.6
12280.57
14758
15545.61
10570.14
9305.681
14845.41
10591.74
15189.86
11794.22
10788.38
11721.08
15661.33
16619.57
14820.59
15120.89
13739.93
17741.22
15842.96
20160.5
15745.13
18779.11
11979.13
15776.87
13077.38
13487.46
17534.58
12760.11
12296.76
17082.55
16081.97
15904.77
12324.99
11454.06
10397.91
10854.91
12765.31
17147.82
15052.68
12460.92
14440.38
14653.64
15526.48
17833.32
18392.94
13999.89
12438.56
13776.3
13529.85
15558.11
8028.545
17109.88
16308.18
16339.62
13671.88
21045.62
14196.59
12654.87
11563.63
11646.4
10812.45
10709.67
9373.516
11081.71
16227.93
14012.56
13734.07
9246.548
14462.92
11888.73
13980.69
14502.99
10265.62
18018.9
18705.42
12006.6
17366.32
14980.91
14694.54
13226.66
15505.76
17093.69
16037.94
16798.87
14446.31
13848.88
11704.02
11343.86
17839.36
15939.69
12162.91
14706.28
14317.92
15078.54
15939.58
13010.93
23878.43
14312.8
10660.81
9520.835
9080.321
10735.73
14637.65
13378.97
15010.77
17345.21
13675.76
15701.24
11787.99
12203.7
12923.13
14895.59
11252.08
17772.38
14523.54
16064.33
20217.2
13167.12
15995.7
11542.45
12166.71
17968.48
17475.86
20514.68
16356.63
20307.32
16904.07
13486.56
19316.7
19270.5
16457.08
14581.07
14603.87
15656.31
15935.73
16579.27
18989.99
17050.68
17301.76
13054.41
13724.21
12114.58
13108.45
12863.07
14465.31
18320.07
11574.51
14442.51
11896.05
10595.33
11425.86
18086.79
18584.9
12710.97
16016.71
15093.9
14609.51
15938.53
10489.4
9124.988
17410.91
14084.28
18898
18341.24
15944.73
12067.39
11940.7
13462.51
10336.88
18494.19
12056.5
13534.09
14040.23
10997.05
14412.88
14451.44
18018.9
17489.88
9346.469
12847.56
16841.35
15929.09
17225.91
12834.77
14182.63
15886.46
12109.7
14783.43
16234.67
18777.57
17748.02
17901.54
17541.68
13625.68
14840.58
14272.17
14799
14798.16
15475.39
16594.27
18329.25
10350.56
11230.58
13369.83
14187.57
11716.11
13332.45
14789.28
12284.74
11327.39
7042.055
10117.27
9562.459
10841.98
16780.94
12964.11
12522.38
15927.99
13832.78
17290.84
19103.66
10471.94
19531.43
11184.53
14736.63
14519.98
12696.83
10405.78
12216.13
10242.9
14990.5
15270.58
16797.15
12344.86
12784.94
12796.03
15209.55
16395.82
16212.21
17221.63
14956.68
17659.36
17910.78
14144.09
12936.3
15825.63
15519.16
16933.25
16466.4
15965.33
14147.19
14061.39
10441.29
8855.623
13544.24
13779.03
13612.58
19781.35
10119.02
9621.692
16830.08
15481.29
16807.96
16243.23
16004.6
11244.77
14461.29
13976.77
11685.62
12995.78
10703
12229.37
12653.53
14657.34
12114.36
13556.82
12940.38
12871.68
11984.54
13068.55
13071.17
11526.98
7726.59
13459.62
14457.99
12015.01
10343.36
13008.51
11989.43
8409.79
12220.35
12177.59
24620
14258
14983.05
11353.82
12341.04
13429.1
18191.91
13226.94
11470.48
17114.48
11937.46
18457.69
16421.96
11794.35
11192.67
18222.8
12394.86
19179.53
15957.35
19669.75
16961.44
13899.49
18117.9
12785.54
12833.56
16551.45
16735.62
14632.2
14589.82
11582.22
11182.76
13457.8
13415.5
13469.49
13953.47
12077.01
12644.07
14897.06
14633.31
20380.37
14436.6
14701.07
23425.05
17583.6
13376.62
11305.15
10180.61
13137.53
14266.98
12240.66
12792.88
14505.47
10582.63
12926.15
14792.03
14532.41
11482.62
11403.01
8598.685
10567.85
10028.42
12333.53
12762.79
14518.58
13784.99
10114.44
12781.35
19672.87
18308.6
14100.14
14350.69
15966.43
14279.73
18362.16
13214.63
16329.53
14048.87
17493.55
15576.09
19249.69
16558.44
18347.12
14777.61
15916.11
17237.34
14158.12
15701.58
14622.08
16558.36
15878.31
13349.14
15556.76
11689.48
10808.62
12534.07
9978.639
10152.04
17139.47
12781.91
11539.55
16642.08
12703.67
11415.43
11622.17
13661.87
11799
16240.44
12703.62
18001.27
20029.25
13058.72
19549.99
12695.59
17912.27
12992.66
15219.67
17429.57
12942.5
13839.83
15685.55
12974.89
16587.88
10855.97
12475.59
12651.33
15518.27
12146.02
19600.55
14579.99
11572.18
13852.45
14983.69
11014.94
15583.54
14814.63
13684.43
15526.41
17222.77
15089.39
14687.3
15586.69
18479.09
15712.89
13884.52
15319.78
13636.03
12538.62
15466.08
14626.45
16156.16
10041.24
16075.22
18210.08
21069.81
15978.95
17559.49
14543.08
16675.54
18392.61
16283.03
20675.6
18180.21
13259.71
11249.02
24826.29
14589.09
20461.34
16072.01
13968.2
12563.56
15975.99
12261.9
11893.14
17637.02
17236.84
16221.58
15794.95
24156.36
12717.25
12285.33
18228.24
19768.62
15176.44
15461.03
14561.63
13573.18
16227.18
17133.02
12383.21
17086.31
12162.58
11961.66
16421.83
15649.81
19118.39
14280.91
15283.37
14499.39
13707
14660.91
16014.58
12443.63
12936.55
16200.44
16456.01
13671.54
12920.34
16689.96
15835.87
18004.86
19471.33
18369.9
13003.56
15521.47
12746.95
10261.95
14380.57
15227.62
12144.09
12562.2
11635.27
10872.94
16684.29
16344.15
12903.01
11584.42
12740.86
13900.08
12849.7
12738.16
15688.2
15758.73
15671.17
12417.29
12656.82
13759.77
17509.41
14087.28
12338.22
11689.53
9889.167
14461.21
11737.63
20322.02
10950.49
18912.01
12410.24
14551.51
12735.32
14714.75
12419.39
13120.63
17311.95
17254.15
12521.81
10761.78
14520.4
6653.324
7510.425
13103.11
11654.83
12160.8
12543.27
11589.81
11485.86
12877.94
10398.01
17979.54
10381.74
13172.98
16906.28
15134.01
10967.44
14511.52
12559.99
12728.92
12228.49
16551.23
15079.05
12852.21
20471.54
12103.85
13329.5
13860.36
16066.56
15827.12
13846.36
12583.26
18726.92
14500.4
12909.67
14491.17
17943.85
14952.1
14887.42
10429.22
14896.71
17213.38
14783.05
16951.16
14647.72
16952.63
13796.18
16708.11
13691.4
16239.14
12307.13
14881.78
12753.99
16980.39
13542.82
22731.79
17719.33
11939.17
12341.32
15360.63
18492.29
25584.27
17498.21
16865.5
13636.33
11824.61
15005.2
15242.75
16999.18
20499.34
14423.98
14066.55
12866.99
17837.22
7750.165
15100.2
15483.13
24020.48
14142.98
15890.55
13436.62
14293.43
13651.72
11607.99
15032.56
14166.41
12751.93
14282.05
12329.54
18904.09
14746.28
15161.74
16552.6
18827.91
16782.83
23075.95
13378.93
15841.14
14246.66
11307.42
14401.79
13105.78
15618.05
15198.99
18178.22
15939.1
15436.23
16472.44
20066.46
15779.6
12078.69
14555.02
12361.17
13239.03
14414.56
16059.28
12577.62
14415.54
19443.45
17828.53
13165.66
14019.23
13941.25
23070.12
12831.77
14132.71
11118.44
21830.34
17459.7
17095.01
20708.32
16283.78
13693.2
13905.32
18652.97
13967.94
15365.91
16329.1
13210.41
14987.85
15942.02
15608.45
16502.47
15481.11
14215.31
17295.79
12397.03
16583.25
13989.61
12328.51
14771.11
17825.56
14585.4
11280.51
13730.43
11567.36
15859.15
12987.89
18303.37
12345.76
16952.18
15045.94
14349.29
14161.11
16336.39
12827.55
16803.73
16251.23
15173.63
13301.87
13730.93
17613.05
15242.51
20400.21
14940.14
12926.75
13430.9
7029.105
11318.5
10682.75
13218.18
15985.42
12175.58
14119.93
14815.36
12574.95
12985.09
14409.02
24197.75
14935.46
12151.65
14405.14
16529.99
17199.24
11620.2
15373.81
12196.69
15177.55
13570.35
16615
14520.92
21627.44
16660.35
17743.44
13652.8
11350.78
10784.99
15842.12
15061.48
15533.46
13427.96
20796.11
13948.93
14438.41
15267.78
16075.41
10525.01
11423.21
12636.49
9095.746
14459.55
17130.71
14962
13159.47
13187.75
12073.92
16712.43
17744.14
20996.75
21233.32
14764.87
12008.47
13856.66
14850.68
11168.75
13854.13
13112.45
10704.33
15047.53
11423.58
12253.84
11636.1
18368
10360.92
12285.6
12261.78
15586.41
17001.5
15474.96
12708.82
12660.54
9358.735
12434.8
12326.9
11882.69
14503.27
12582.12
14480.81
11367
9846.18
11511.3
9066.306
15327.68
10809.16
13265.04
14357.72
11592.95
12665.67
15356.35
15557.7
10859.61
14039.82
14016.97
18489.59
19285.32
15992.61
16074.66
15143.93
14607.75
17536.22
15720.53
13971.44
10736.72
13707.75
18840.43
15226.07
13299.76
11141.38
12533.32
11957.86
16055.52
11084.08
15923.33
15212.91
16608.31
16260.28
15617.42
14587.33
13973.46
12144.93
17228.99
18958.95
15269.48
11837.89
17773.22
12927.39
12963.38
10820.82
13238.47
11279.55
12226.53
11073.09
11828.54
12046.32
10750.85
13368.43
13831.3
13499.62
19898.04
20103.52
15604.28
12343.21
16993.79
17999.17
14397.31
16678.94
14627.16
12192.71
13801.44
14584.76
15935.98
9075.511
8641.689
14171.01
8475.217
13757.6
12858.66
15129.38
8765.161
11705.29
14087.58
16930.31
12689.13
12716.28
10720.28
11041.17
9811.109
14335.78
14851.99
15393.47
19794.96
25082.6
14691.81
17946.76
15395.26
17180.14
16810.1
12682.24
17148.94
16565.69
21650.02
12589.66
12990.57
17872.39
16511.11
11059.51
16293
12843.77
13392.55
15462.67
21685.63
15294.89
15214.69
17984.31
10504.6
11053.69
7686.998
7170.164
7478.398
14031.03
16657.68
14463.43
15249.81
12624.67
10676.66
14258.95
15194.18
10910.46
9431.258
14579.73
17282.87
16428.66
19804.69
16013.4
15945.32
16934.2
11832.17
12251.36
17421.27
16202.32
11931.81
12335.83
16094.41
10231.05
14163.07
15610.74
10173.1
12184.48
11409.46
7549.455
14300.89
13329.11
15950.12
13482.81
13036.32
18580.51
12335.51
9174.654
13114.66
11498.73
16333.59
16656.38
10783.86
13774.77
10640.29
12629.8
11916.1
16980.3
12762.21
19376.8
17189.07
14444.98
23378.9
16360.75
21263.3
17961.31
15479.96
21986.41
11993.33
16510.9
15707.17
17331.22
13270.62
16606.48
11850.85
12612.85
11544.68
10603.61
12933.15
14810.06
16264.82
10929.99
12663.44
13881.45
12598.77
17580.27
15431
13511.09
15222.74
15027.33
17561.02
14018.5
12477.71
14170.9
15929.11
12732.61
17761.23
15519.82
22984.33
13332.4
21081.99
11330.11
13614.51
12063.52
10271.1
7950.534
11938.53
8283.971
6859.076
4379.973
9407.996
7945.49
8892.47
9253.363
15346.64
11762.75
10818.84
9679.922
15283.51
14396.45
12988.93
9554.906
9985.393
17363.69
13799.97
13509.3
10214.96
12546.14
11326.98
11708.87
16110.68
20784.65
13385.86
17150.84
14106.36
13051.15
11789.6
15725.23
14515.97
14118.29
14798.43
11883.59
13387.65
16137.57
13249.32
12270.89
13609.69
17183.86
10831.38
12709.63
14103.11
14703.03
15882.23
18761.99
14353.79
16098.6
17386.17
14540.71
16568.29
15855.93
15573.11
14968.88
16440.11
16979.73
14333
15159.98
15088.45
15386.14
16210.04
17081.42
11608.08
14821.86
18981.27
11802.36
11237.23
13006.37
18474.94
8767.02
9123.123
9861.677
16293.46
13568.49
9309.472
14281
13050.33
10757.49
12576.69
12481.42
20520.56
14793.88
16988.64
15732.26
15025.54
12861.9
15832.2
11376.04
15965.49
15604.42
17934.59
12944.67
17606.96
17395.68
19005.54
17579.69
21119.31
15039.89
11709.22
13862.92
12331.36
17555
17966.9
11701.7
19457.98
13616.89
11945.8
12327.71
11054.81
15036.09
13458.76
16478.4
12451.41
12044.37
19389.61
12527.42
12788.74
10315.32
9743.905
11496.24
13111.97
10063.53
12429.72
15455.55
20949.64
11856.82
14115.49
16091.22
13227.29
13531.97
13420.7
11542.13
11906.54
11956.25
15050.24
13195.23
10464.33
12566.68
8829.193
13911.63
14890.11
17709.73
14518.75
12629.6
12354.75
12866.8
16706.21
12897.89
23083.9
10769.58
15377.94
16117.63
14271.97
12192.85
12642.53
16084.22
15361.45
15050.41
12632.75
12388.17
13205.43
14216.53
17683.7
17523.26
13102.08
17255.53
16128.41
13385.69
13628.24
18084.51
13058.14
14308.77
12664.53
14683.53
13879.96
14553.21
11715.79
19142.67
13104.25
12934.07
15318.97
12576.85
12309.69
10489.22
15705.5
17829.39
14203.84
16110.07
15290.89
17154.8
19429.85
14363.6
12859.44
16420.53
17843.85
12937.56
17952.72
13156.53
16272.97
20909.08
14356.15
16855.36
15910.14
13927.39
17880.19
14898.13
14915.51
19056.28
11858.09
17875.79
14004.02
15220.11
16516.53
11799.07
14354.16
14882.27
13409.22
17441.16
13336.51
16189.77
11100.13
16444.29
13674.39
13307.72
12909.78
10646.91
11959.54
11240.96
15516.25
15404.49
13562.23
11079.61
18290.93
8593.572
10622.46
16832.67
18038.25
11216.7
14427.67
10187.6
18652.38
21689.98
15385.8
10657.55
13806.8
12257.06
12489.93
14707.96
18287.72
17324.78
13076.21
14493.72
15596.03
16374.53
21212.31
12455.56
14514.91
18373.29
18471.96
14154.51
17192.57
14128.44
13608.66
19393.45
15009.55
21878.74
12447.2
12016.06
12363.74
15069.36
11922.14
13265.02
15874.87
17597.75
10605.25
11762.97
11777.82
13918.21
12359.71
19357
15187.88
11638.96
18443.66
17666.12
23894.32
12356.8
13310.45
11507.22
10088.08
13248.71
10307.16
13423.53
10860.8
12828.34
13771.72
9835.531
12031.78
11275.03
13459.56
10029.11
16158.94
19018.17
13262.12
14087.4
15290.51
10486.43
11485.83
13413.03
14237.94
16197.86
12012.19
7813.168
15444.94
13798.64
10833.67
15656.47
15626.95
12726.2
18659.55
17329.64
24217.04
13921.57
12961.11
14393.06
15374.37
15841.3
15275.6
14062.09
20832.32
19143.18
16314.07
12503.01
15180.57
15472.18
14277.65
11437.27
9281.068
9066.248
13994.6
15809.85
18273.39
15093.85
14892.56
13569.46
20072.48
19148.68
14130.92
14860.6
15919.1
12546.25
14932
12212.96
13346.07
13452.86
7057.441
11298.14
9337.345
9650.833
12670.61
10074.11
12839.33
10201.03
11990.05
15768.52
18389.84
11408.48
12613.16
14130.63
10720.74
15701.29
17470.2
14580
14886.87
12322.32
18168.23
13253.23
16414.71
13623.23
18355.4
18418.41
15148.93
15530.76
12157.03
17473.9
12802.86
12735.96
19362.89
14512.35
15838.91
11494.18
15238.25
17129.86
9787.844
14182.4
9639.071
9280.577
19324.78
13226.73
15733.08
11913.74
13355.67
11858.64
13474.32
13814.03
16095.6
10765.23
8301.155
8779.282
11212.44
11908.27
15837.5
14525.51
17578.69
11663.78
15515.27
14638.54
14516.02
11690.67
14745.74
25469.06
19084.7
17254.54
14419.25
12544.49
13756.2
13274.68
12353.83
12396.56
15416.59
10876.18
13180.28
10680.42
12923.7
15049.39
10009.95
11243.48
15176.04
11718.16
18022.84
13479.72
8670.952
11595.59
13398.9
12752.73
9893.403
10604.74
11031.56
11113.73
16408.63
18457.24
16167.3
11796.13
15526.56
12719.72
13542.8
9269.931
11365.2
9673.641
11220.94
14996.66
13199.94
13350.29
18977.18
19806.91
16229.86
17292.9
18985.85
11572.32
16647.47
16805.54
16471.94
13323.85
17411.55
16903.81
14933.5
19304.26
15673.97
13805.46
13836.53
12505.41
10827.3
11931.63
10145.76
13303.88
17536.8
17016.52
16707.94
21788.81
15293.07
16174.51
18115.14
13587.82
15642.68
12676.09
15931.96
12910.5
11430.84
14736.23
14371.79
16985.85
11306.25
13044.7
12825.58
10962.46
13777.34
18599.95
18021.27
14171.99
11584.81
12524.37
15972.5
21918.57
16640.07
15879.21
18090.52
18492.34
16504.03
14368.46
14564.79
14191.76
15656.61
13268.77
13468.56
12946.8
14276.58
12600.6
13796.8
16903.63
14920.79
17370.94
15588.02
10397.01
15571.55
13745.46
13531.89
13486.28
15216.62
15835.04
12316.64
16535.19
18153.27
15868.14
13120.8
15900.41
14250.71
17884.28
16544.86
15878.26
12560.85
13400.52
13677.74
13915.67
17352.86
13541.18
21382.66
14813.66
16654.87
19310.39
17616.5
12886.2
12066.19
9570.052
14495.65
9774.359
10984.27
12273.32
16048.92
14726.87
13855.65
9841.662
15765.15
12427.91
11341.97
11162.19
13757.28
16815.3
11555.72
13887.07
11488.66
11250.7
16030.26
14032
10398.74
15340.46
17543.21
13326.9
17237.74
17628.73
12806.84
18172.48
17685.86
13595.95
12612.49
19047.06
12784.04
12398.95
13669.8
12186.15
13161.68
16883.5
12267.69
13622.57
14055.1
13338.77
16788.79
11117.54
13389.47
10698.21
14956.24
12669.36
10309.39
11200.89
16031.08
13619.03
10769
17559.95
10629.69
13114.05
20638.84
15268.81
11453.68
14953.69
20149.26
14659.65
13896.05
16615.24
14471.4
15509.86
14427.88
23095.36
11958.95
16994.02
12897.24
14483.81
12724.81
15315.63
17169.21
11502.42
15420.06
10378.98
15083.79
14691.42
13271.65
16498.56
15498.88
17101.07
18683.8
12120.91
19080.01
17619.22
17581.97
16307.21
17219.45
17361.3
20021.68
11848.16
13612.97
9869.756
14037.55
15337.19
11838.19
12427.88
13492.08
17929.34
11211.6
13204.22
15110.65
10470.64
13169.85
9176.883
11724.75
13520.15
12278.44
11570.66
10604.03
12150.78
14361.94
11969.23
13825.04
22918.49
16602.6
12397.23
13849.03
14696.73
17416.85
19182.48
12538.52
13966.97
19787.4
19432.82
13803.29
14809.91
12282.34
8853.965
15860.49
12804.31
9144.093
15915.72
13853.19
12963.97
9327.783
13063.99
13066.34
17367.06
12410.67
13229.72
11500.56
10986.77
10708.8
15498.11
16943.97
12502.3
10207.07
10481.55
8341.349
16554.27
12079.24
13001.09
11356.27
13499.24
12263.25
10615.65
12161.28
16565.97
11242.18
11307.58
14093.37
15615.52
11590.59
13871.99
16042.82
20792.76
13046.96
12520.24
17433.55
13586.79
15732.56
17833.14
18398.8
13278.09
15120.33
13798.47
11609.87
13190.31
8140.08
8263.263
13179.79
8960.762
13214.57
11330.28
12267.69
13391.59
12205.9
11526.79
10373.86
15883.71
12222.25
12390.67
16351.48
19657.75
14804.64
12740.64
11170.59
10784.63
13233.29
13847.72
13290.78
13781.59
10205.35
15910.9
18475.39
18234.69
18791.49
16315.94
14526.02
14477.69
12048.01
15197.75
14153.38
18172.13
15939.81
14284
11365.39
11733.17
12333.27
12552.8
17928.25
15303.82
13095.77
16123.85
12809.74
8648.937
10702.9
10523.54
11317.9
11093.7
11119.43
10770.68
11737.69
13505.47
12796.77
10589.6
13584.3
13161.06
11543.53
12635.17
16621.22
12225.32
11496.58
13582.49
22288.62
14811.99
13040.77
15640.28
14798.45
11864.82
14044.88
15418.67
14500.49
8386.249
13145.97
12046.71
13109.53
18410.36
15687.97
15020.06
11989.51
14430.04
18253.9
8400.128
16939.19
12841.84
18606.83
13573.31
19602.54
12342.91
14404.81
14220.7
11948.79
16026.42
17672.56
16609.41
17836.67
15774.63
18248.85
14184.24
12586.91
11444.46
15553.28
12677.74
10872.94
17222.72
16741.26
16496.51
10501.68
13213.89
15784.01
15670.88
11583
11824.4
13245.71
19316.41
10694.72
12610.43
13505.92
19045.9
16560.38
17709.83
14551.44
19884.21
20280
14705.17
17048.49
16135.6
16092.88
12108.78
15018.37
19364.17
17507.41
17073.68
13770.28
16186.88
14965.35
12684.95
13621.38
13230.61
19805.3
11999.26
12063.04
11062.18
11383.3
10931.27
17782.11
11959.12
11650.24
10838.55
11221.2
8707.836
15622.4
11335.12
18080.23
14977.51
13934.22
16271.34
11985.19
13314.68
16859.63
19228.51
15211.41
15378.78
16266.12
17528.03
15012.39
15437.76
17753.86
22169.95
14329.21
13453.69
21571.97
14531.6
10839.33
12432.96
16967.18
14578.6
14632.36
12973.36
14881.69
17274.67
13528.53
15440.25
14492.97
20206.91
22831.41
11379.1
14761.4
21020.95
13498.33
12381.76
10988.99
9729.019
13648.64
14694.3
14120.54
13129.93
14633.57
18312.63
14874.49
19860.78
15033.57
18611.01
20793.19
15386.66
11699.21
12197.54
12660.13
11587.51
20292.89
12281.54
13548.94
9891.516
13747.37
14282.41
10295.18
17146.84
11705.37
13831.42
14446.54
15064.24
11954.86
14508.88
13716.88
13762.7
13465.09
12771.77
7819.566
12749.52
10469.88
11035.22
11038.55
12887.72
17725.44
9641.259
13764.64
20843.15
13661.43
13856.24
11226.95
16295.64
16789.68
13144.05
17804.87
15213.74
13271.82
18164.69
14479.03
12849.24
15261.06
14440.33
16805.95
11217.65
12074.21
14687.2
18562.16
11031.02
15520.95
16258.58
15031.75
13809.04
12541.78
14139.09
11495.82
9285.771
16655.94
11303.11
15734.53
13036.04
16482.84
13747.44
11764.56
16058.75
15063.98
16001.12
18902.55
16978.89
14298.95
13804.14
12983.74
13709.7
12039.12
18325.57
14961.34
13698.46
18110.29
14807.84
14797.51
11589.7
16169.61
15756.36
14995.58
15324.56
17463.86
14916.59
14557.08
15474.87
17961.78
15132.58
14878.74
15021.42
13284.43
13579.8
10249.18
19669.03
8976.671
12053.72
8932.014
16941.97
10364.07
16426.2
15268.7
7614.717
10754.64
13889.81
8540.461
11904.52
11521.27
14435.66
7954.271
8232.491
14810.3
13762.9
15619.55
13277.48
7409.474
12036.23
15040.76
17954.74
16036.79
19540.78
15069.97
9352.484
18369.82
14674.75
11601.35
15630.48
15822.31
16297.05
13776.56
19192.37
14027.71
14023.62
17240.34
14287.01
10320.98
10141.44
10562.48
12724.78
11659.77
10011.89
12990.48
17848.36
19036.75
16024.4
13287.53
15288.08
14068.75
14123.94
14916.61
12025.41
12365.7
14431.87
16711.19
12016.35
17593.9
12891.52
14488.94
14299.5
14069.73
16731.71
22490.99
12963.65
11444.02
14809.57
13168.34
16438.58
12026.58
19276.4
