125.2882
131.3443
124.9576
129.1299
129.4284
137.417
126.7973
130.076
129.6569
130.2392
137.174
136.9831
121.1678
126.9443
129.897
135.508
127.5107
124.6702
131.8162
127.6056
126.3197
120.9354
132.6674
130.1246
130.0944
127.9072
132.5009
128.1682
129.0416
126.9533
135.341
133.6573
125.8006
132.8698
127.3823
133.819
129.1746
129.9826
131.7675
128.543
126.6022
134.8974
129.1796
129.7643
131.9096
132.4874
130.8107
128.7567
128.8091
122.8375
134.7547
134.5811
132.6722
131.2235
129.5374
130.1589
128.1618
127.9114
122.511
135.4533
127.9021
128.6694
131.6083
124.6551
131.7372
122.3203
129.4173
134.9487
133.3195
131.7946
129.6182
133.1565
126.0029
127.7007
124.0798
131.0024
130.651
133.1344
129.1247
135.2044
136.4196
132.0519
133.8788
124.0871
134.8232
126.4201
128.9919
134.2875
126.551
129.5702
125.776
132.7879
131.0738
131.4502
131.9093
124.9448
129.3689
128.5379
134.4283
131.2816
129.0821
127.8487
132.1813
128.8905
128.1339
128.4576
129.2208
130.8347
123.9952
128.9352
130.8406
128.4317
125.8326
136.7513
118.9509
123.8931
127.1042
128.5991
127.828
135.2528
127.9848
121.2368
130.1779
123.3792
131.2036
132.3718
133.9572
129.3394
124.1682
122.5565
128.0509
126.5763
127.1313
124.3788
130.7978
134.3612
121.6986
128.8098
132.9817
128.8164
127.2422
126.359
132.7652
124.1206
131.1975
126.3485
134.9594
130.1623
127.1469
127.2793
129.2074
124.9954
127.8712
129.4706
129.6275
128.882
121.8672
132.0244
126.2264
126.7681
134.512
133.9913
133.1978
126.6963
126.5797
132.4309
130.7619
129.173
127.9578
132.4405
133.4945
128.9685
127.7614
127.4643
137.5037
126.0864
128.2562
131.1928
126.4611
122.6567
133.3507
132.2179
132.7784
134.0858
126.2103
126.8699
123.9194
128.2803
122.817
131.8942
124.143
123.3641
126.8165
133.3379
130.6921
128.5199
128.5576
122.925
132.7481
124.768
128.1809
125.0999
130.372
127.4185
131.3051
131.3812
131.3386
130.2303
128.3371
127.5787
130.4656
132.6515
130.2783
132.6366
125.252
133.1322
133.0891
122.7669
126.7918
132.6171
128.4547
130.9885
131.7001
128.2885
127.5717
130.0408
134.838
128.941
132.4229
133.4023
126.03
129.5616
123.2279
130.8899
124.2123
122.778
132.887
127.3221
126.1582
134.7321
131.6051
120.4621
130.1391
130.5772
129.6768
133.2477
134.8535
123.7947
132.4007
124.3276
132.8954
126.0613
132.1701
126.532
129.696
127.5244
125.8766
127.2915
124.3257
123.0529
124.7084
131.2287
132.2028
128.164
133.6285
130.876
128.6579
124.1843
134.2444
125.4392
129.9438
128.3895
128.4994
131.8582
128.7881
126.6336
132.9245
132.6514
126.6847
127.998
129.7715
128.1678
132.3827
131.7879
125.0601
127.8671
133.1518
129.6556
129.3866
127.1359
123.3802
132.5184
133.3728
132.3664
128.9989
130.209
134.1265
126.0082
125.8048
128.4011
129.5312
130.9655
125.0696
126.2524
134.302
124.2823
121.6308
124.9277
126.095
124.7663
122.5517
128.7033
133.115
129.6615
129.5051
126.6851
128.4439
135.7504
130.092
128.6667
132.9599
127.2424
124.6433
127.5149
126.3988
136.1272
129.288
129.2898
126.3767
132.0016
131.0212
126.2486
129.48
128.888
131.9663
133.2076
127.2996
134.2629
127.4603
122.5537
134.7884
128.2114
126.1004
127.6973
135.8122
131.27
127.3189
129.5895
129.7374
124.5559
132.4753
127.2296
125.4431
129.1279
133.5761
131.2776
132.9105
130.8128
133.3596
130.7538
132.3102
127.0269
126.4425
128.1661
125.0673
128.6632
125.3467
126.9711
131.9
130.4399
127.3645
135.435
132.7225
124.2294
131.1246
123.434
127.7145
127.792
129.4313
135.6049
128.7565
128.0385
122.2178
128.4814
127.4953
136.6837
126.022
133.824
133.1438
130.4977
130.7524
127.4902
130.6152
133.4781
126.2763
123.8394
127.2081
120.4894
134.1955
122.247
126.0507
133.4163
121.0736
124.9172
124.8224
133.8649
129.111
127.7415
131.025
130.5708
132.5029
131.2815
132.1267
125.7637
130.0674
129.5329
128.8196
123.8015
131.413
135.3616
131.1894
132.5335
131.5217
135.9082
131.0801
127.1866
127.878
128.3182
125.8081
135.1768
126.3643
128.2466
133.6811
128.105
126.7945
116.8606
131.8757
133.4586
127.6623
130.3301
129.2125
131.9652
128.6624
127.5321
126.88
124.2377
128.5087
135.4612
125.8875
130.9187
124.3812
131.2885
129.6449
125.4621
129.1218
125.1864
125.8996
131.3073
127.3314
131.2775
130.4237
132.7573
122.5819
136.2328
124.6517
130.5792
132.1616
127.1596
130.1219
130.895
127.4043
132.3238
136.0476
129.5126
129.9289
131.5922
122.0742
131.1163
129.5767
130.0289
127.8034
133.4186
132.4121
126.5837
134.5527
121.8524
129.3327
138.9346
128.2849
128.7131
128.8783
131.138
125.7654
125.9763
128.619
123.5836
128.9902
129.8589
126.6528
136.2732
133.3146
130.2461
126.5321
126.0976
127.4318
129.1903
129.1016
130.8154
122.2835
134.1124
128.6254
126.9618
129.2121
127.6417
129.422
131.1021
136.5321
121.6264
141.3683
129.41
130.069
127.6834
126.072
133.8113
127.9048
125.976
133.3922
128.5669
135.2104
127.3603
133.3324
126.296
119.404
130.6824
126.5741
129.6963
129.1411
130.1062
131.9547
130.3222
135.6032
131.2162
124.4725
118.6265
124.2246
121.6603
127.3757
125.0214
129.0552
134.3893
128.7206
128.0174
126.9146
124.5672
130.2537
124.6317
127.6412
129.617
132.9313
132.8514
127.9689
130.813
131.7459
137.2194
125.6319
126.7752
124.2387
129.4365
125.3499
132.4645
135.1481
124.5087
128.4772
133.7576
124.1696
123.7641
120.6028
131.2097
132.3973
129.2887
131.8973
129.1676
126.9651
125.7659
139.0449
123.6774
132.3519
128.4523
131.7605
131.1554
128.4816
131.9182
129.7043
124.3574
127.6859
128.7338
125.9258
124.6819
130.8188
122.1258
131.4099
129.9755
126.4706
132.548
131.8114
131.4142
122.0528
130.9452
133.1593
129.471
132.0378
125.4236
134.2217
130.6794
122.4151
130.6479
131.2781
124.8116
125.6169
132.9407
127.2801
131.3655
128.4111
125.7287
136.447
125.9014
124.282
126.8933
126.1294
120.1325
124.3259
133.9197
121.0395
128.8847
133.7129
134.0763
130.868
126.2876
125.9051
134.7636
125.777
128.5687
125.2417
126.7199
129.9118
126.7019
128.7181
128.3033
128.2515
127.6316
127.2226
126.1962
128.9825
136.33
127.52
127.3414
129.1256
128.9789
122.0195
121.3802
132.6995
126.765
119.4985
128.2283
123.8539
124.0862
131.3506
133.5791
123.2705
126.2977
127.6823
124.5469
131.7691
124.0788
129.4066
136.5013
128.6279
122.2588
134.2022
127.276
130.1959
124.2688
126.332
125.7055
127.0979
130.3097
139.2528
126.1017
126.1276
131.6305
127.5862
135.6963
126.5394
123.851
128.1482
131.9512
129.4075
129.3967
129.3354
120.6887
128.0136
128.5451
129.6251
127.7623
125.362
126.1025
125.7058
128.9665
130.9579
129.6182
132.1961
129.4792
128.6504
126.746
125.8767
128.3868
123.3019
130.0186
133.6765
131.9014
130.4296
123.4449
132.814
130.9872
123.8099
128.4591
129.2874
125.4645
126.7695
133.0509
131.308
126.548
130.6189
127.241
129.441
120.5975
124.6828
127.8053
127.3751
125.4854
123.5727
122.9959
135.6899
132.1193
125.6805
133.1889
129.1549
142.9966
128.4812
129.1705
133.2184
131.7218
133.4975
128.0944
137.3075
126.2523
129.9093
126.0016
134.2993
132.6331
130.9194
130.6326
129.7671
127.8271
126.6006
126.5693
122.8899
128.8006
129.9445
127.399
129.2431
123.4582
127.984
130.8214
129.2472
124.5723
134.9753
131.4099
127.6313
130.7452
124.102
132.9678
134.7545
125.3927
123.6039
127.9383
133.2422
132.7458
131.5012
123.4579
115.9009
123.7609
129.595
129.7086
129.8347
130.3863
126.6038
131.1415
124.3152
136.7271
132.3209
128.0102
132.2238
121.4567
134.1702
126.3721
125.7789
127.7207
128.7143
132.3184
129.4061
127.7263
130.2666
129.3937
131.6591
129.2879
129.7643
130.8089
128.5124
126.9542
130.5945
128.5314
130.01
128.0752
126.7432
129.692
129.68
132.4445
133.4584
128.3808
133.3112
125.8796
129.9981
136.4518
128.9772
128.5554
126.8046
126.5624
127.198
130.1077
128.5594
129.1291
131.8608
121.5172
125.8794
134.6587
128.7648
131.2042
133.4285
127.5174
136.3284
123.9594
128.01
131.6549
121.4034
124.918
132.0202
127.1613
127.8541
129.2463
126.078
132.3064
131.2787
135.2045
129.8055
123.0853
127.4011
134.5318
129.9842
129.6209
131.2027
130.1993
123.3788
126.8136
127.8318
126.7027
131.9581
134.4058
123.6136
124.8944
134.6396
127.2968
127.0353
127.8619
127.7658
123.5099
135.001
128.9723
134.1962
124.9193
126.6362
127.2632
131.2695
134.5968
126.1787
127.884
127.2086
129.8447
129.7857
126.9872
134.5967
130.9222
131.2762
129.9113
127.617
127.1551
130.4383
126.4092
125.1601
134.5941
124.1663
127.011
132.107
125.4429
128.8508
126.7803
128.8558
126.4379
133.1264
130.9987
131.266
125.6056
129.7648
134.6987
133.645
131.5846
133.5662
124.0371
129.0754
125.0091
128.9501
128.5784
126.2883
130.9825
128.9865
128.2782
129.6559
132.9386
131.1699
127.4822
118.8778
139.0966
132.6664
122.6256
133.8977
135.6941
134.7219
125.6365
129.5168
130.0458
128.4545
131.8689
130.5598
129.7588
120.8521
130.8061
127.8854
124.0753
133.5326
126.6516
133.5518
122.6264
131.956
123.9307
127.3416
139.6675
126.4115
134.7785
132.4226
132.6334
129.9568
135.537
132.9183
131.1549
124.3008
131.6725
124.8954
131.7865
130.1845
128.3948
124.3185
122.9384
122.9397
125.2488
128.092
127.2269
129.0298
130.9132
128.2848
126.738
128.5895
130.9303
132.8761
132.1666
131.2422
131.495
135.3549
130.0952
130.4449
123.73
134.0038
126.869
128.7194
131.1442
128.0895
130.9268
133.8741
128.3385
127.8598
137.7358
124.6399
120.0273
126.8686
135.1527
126.4311
124.1879
132.0661
129.4116
129.0559
130.6298
130.8437
127.3673
131.2697
130.1928
128.6775
126.24
130.4434
129.0793
127.0647
130.6714
131.0037
128.2488
135.5002
128.3281
131.1098
130.9799
126.4402
125.2926
131.2514
129.0101
133.4996
128.9976
127.7926
132.2753
123.9513
131.6513
132.124
129.0151
128.6792
127.3128
126.927
126.4182
128.7171
123.1303
128.3989
136.6174
122.2949
127.4696
123.6552
130.7952
123.4347
129.1864
134.0657
127.134
133.5044
127.2183
128.9454
130.5668
136.5915
124.4821
130.5889
127.654
129.0742
125.9381
126.2031
124.1394
131.9822
140.3085
136.393
131.2308
124.9516
133.2168
123.1483
121.6144
135.4349
126.4706
116.3675
123.5964
128.28
126.4469
127.5561
125.5769
123.5948
127.6063
125.7661
130.1413
137.4545
134.2835
123.0168
132.4565
125.4587
140.0423
127.789
130.8938
138.3667
132.62
127.9335
132.877
126.3296
129.8681
127.991
119.9631
132.5004
133.6472
124.8764
119.5109
125.9618
131.581
128.1168
132.2247
130.8155
125.7982
126.672
133.558
130.5939
131.4294
124.8033
128.8494
128.3202
134.3412
127.7428
133.6887
124.1929
125.8746
126.4101
127.0048
133.7464
132.588
130.0573
130.0211
124.3608
128.5281
125.4201
127.314
129.8628
134.6724
125.5319
128.8947
130.7742
125.4089
128.2048
126.845
127.2833
133.0558
137.836
134.474
129.1095
134.084
129.2508
125.5515
132.1323
132.3121
135.0469
126.7361
128.9391
127.7535
128.6612
129.4641
129.3407
136.5861
122.7505
129.2861
128.536
132.3003
136.8161
123.7014
125.1948
135.5811
136.0266
132.9292
128.1187
125.0499
131.7128
136.3997
127.4444
131.9125
129.5996
133.2796
125.6267
125.3461
131.9867
131.5285
125.7115
121.1148
120.7568
132.0463
136.7676
129.6406
133.3364
122.5998
128.2752
126.1602
125.1546
134.4189
130.6622
119.0563
131.0422
128.3747
130.3255
121.9432
130.0642
119.8829
131.6231
125.2456
130.3522
123.8134
121.9111
134.9315
131.4736
118.8442
133.1531
130.3337
130.5611
127.9861
134.1876
127.4854
125.0027
129.8809
129.0047
122.5606
125.546
128.5865
130.2564
130.4006
129.6142
136.4624
126.5796
129.7005
128.8516
127.7181
134.6586
131.0602
130.6308
127.8244
128.3063
136.0502
126.0146
128.6624
127.9387
130.5559
126.6622
131.4069
125.3848
131.4521
126.1521
127.2574
125.0895
131.3876
130.6205
127.1708
122.9735
126.6025
131.2909
120.8872
125.325
135.7532
127.3611
136.5407
131.0917
125.3104
124.4865
123.9774
128.4319
133.7234
123.3976
130.2675
126.1923
122.8141
133.8895
124.4194
127.217
127.0993
135.2725
128.8937
134.2636
120.7984
128.054
131.8231
129.1812
131.3449
130.6414
129.1966
127.3924
127.9202
132.4787
127.386
135.6325
127.7556
130.161
125.1668
131.0874
134.0001
127.4084
134.8547
132.1638
129.1756
131.8955
122.5109
125.8904
127.6468
132.1603
131.9233
129.0528
121.0004
137.1222
127.3702
122.357
125.0296
126.8343
131.2678
131.3438
128.455
131.4175
126.8336
133.1733
136.332
123.8288
124.4007
127.2913
123.6195
132.9825
132.0617
127.4955
134.1828
137.1773
125.3926
122.0743
127.8449
123.8006
132.827
127.4097
124.5698
124.9702
130.3827
136.0564
126.4235
130.8384
130.2353
126.0027
131.3509
127.6764
127.2366
129.4095
127.8592
133.7693
125.2576
130.1638
127.9335
136.141
129.4109
127.2575
129.6593
129.513
124.6842
127.3826
134.2609
128.6281
123.3868
129.1443
132.4041
127.2162
115.4686
129.0477
127.3818
125.8228
132.1876
130.6044
126.9091
128.2177
131.7397
127.0674
127.4409
128.0846
124.9827
125.9933
128.1124
126.7849
126.4298
130.5146
127.4683
138.3095
126.0845
127.0227
132.3875
132.4934
133.6638
123.7222
121.8328
128.8274
130.1935
132.5258
134.8773
131.1148
129.188
118.5218
128.7187
127.8482
129.5163
126.976
130.6835
131.3759
128.5758
131.5444
127.6353
128.7161
129.4188
129.0453
131.7987
127.7647
125.8971
133.9887
129.04
128.9089
123.421
127.9042
129.158
132.3572
123.4902
129.2654
128.2022
127.7799
129.5302
128.5714
129.6384
127.6894
126.0279
136.2786
119.4275
134.1123
129.9961
128.6038
134.1193
131.7614
128.1102
122.0906
128.3208
128.9917
126.4922
131.6877
128.6533
126.8786
125.2695
122.8268
131.0752
131.3221
136.2833
133.3597
125.1671
121.9024
127.7977
126.0133
133.8223
129.5573
131.2514
130.0787
140.5965
128.8941
125.1614
133.682
130.1155
126.2525
131.919
128.3785
125.7376
129.924
125.5732
125.5607
129.2968
128.3014
128.6386
132.5714
124.5282
123.3631
129.2452
125.5963
127.6966
127.3726
131.0035
126.6181
125.8972
134.7575
127.3721
126.6237
125.5661
135.3324
137.2594
128.2018
128.96
126.1925
132.6193
126.5405
130.0828
133.2162
127.8897
129.6441
126.7274
130.5348
128.2619
129.5526
132.0167
125.4811
128.9164
126.1719
123.2479
125.6535
125.8658
129.6731
132.8114
122.8423
130.3181
126.7515
126.3667
127.9146
127.375
130.6363
127.7206
129.7373
140.7734
132.0867
129.9152
127.9796
129.5873
131.071
126.5633
132.7797
127.9439
125.4563
122.5892
129.3573
128.5442
121.4189
130.1643
129.1632
127.6411
127.4469
125.3369
132.1548
124.239
130.5924
124.6532
130.6669
130.5486
136.2716
123.6094
128.1048
127.966
128.329
138.0546
129.1138
131.3751
125.3314
121.9764
124.1527
130.0522
131.8918
124.8323
131.445
131.3212
122.6103
133.1503
128.7149
136.2953
134.9046
135.4004
127.772
127.125
130.0455
133.4498
135.3816
130.3123
133.2342
129.6101
127.8036
133.2824
122.9076
132.3474
134.8482
129.7265
129.9222
132.2327
133.0731
131.0864
138.3947
124.2767
128.1085
127.7738
124.0563
125.8422
122.7434
128.836
129.1522
131.7037
123.3322
132.7309
131.3457
130.4469
132.6176
126.2774
133.405
133.8943
131.8768
122.8685
132.5221
125.8733
135.7284
129.4786
128.1885
124.5039
123.0097
130.6674
130.8453
130.0289
131.4759
132.8098
134.9567
131.6072
123.235
127.8961
125.0301
127.9215
129.5499
128.17
128.1414
121.5837
128.947
131.1942
129.5709
128.4784
129.4481
131.5122
129.9198
124.3793
122.0912
133.0657
126.2313
129.6162
125.5979
135.0094
122.1144
129.254
135.6526
126.7227
129.264
128.2331
122.3196
127.376
127.7816
128.4164
127.2281
131.1773
126.6227
124.8579
131.9415
137.4024
120.4411
123.5131
126.3176
130.6664
129.115
125.7842
127.2272
130.1408
137.337
124.166
130.4881
134.0491
128.1602
130.5886
128.8149
131.8144
132.7049
134.568
126.4271
126.8928
128.2427
129.5161
132.7453
133.7804
128.9283
129.4618
134.2764
122.222
119.2625
127.8537
123.3361
124.8101
134.3883
137.192
126.9763
126.5596
129.4771
132.8823
137.3677
126.2773
130.7541
124.0314
133.3026
126.792
128.9689
135.4379
127.6413
131.3232
134.8123
130.2392
132.2354
128.8857
127.6424
133.7608
125.0733
127.1162
131.8456
127.1554
121.8206
131.6048
133.8004
131.2509
128.2739
125.1017
131.3389
127.5413
132.9827
127.8894
131.2312
132.3145
129.5819
126.0952
129.6665
126.5488
128.7092
134.2727
130.8377
130.0837
130.3085
123.2025
130.5675
130.8156
136.46
132.0155
128.6297
123.516
131.2045
127.7406
124.4212
127.7118
132.7789
129.7916
128.5473
128.7662
129.8538
128.378
131.386
122.4476
134.4341
126.902
132.0688
132.5189
129.4653
131.429
119.6149
121.4226
129.256
122.0479
130.2234
137.2097
129.6317
134.6584
132.1178
134.1392
126.3813
134.2343
124.5029
128.8953
133.6218
128.8824
132.5374
130.2506
130.7238
129.0743
127.1531
129.9249
126.9713
127.6967
129.4775
130.5727
130.7687
123.4149
133.1068
130.9495
136.0588
129.9843
130.5217
131.7768
127.1638
135.0625
125.5081
124.1219
127.0563
133.7555
126.0801
123.43
125.8703
130.1754
136.5853
128.5319
133.0386
136.7419
122.5938
130.3433
125.5918
115.109
134.0728
123.1196
123.7596
131.7109
133.137
131.3635
126.0708
136.6799
127.7883
119.6808
125.0801
129.2893
123.6814
128.1475
134.0051
129.4349
123.7453
126.544
124.3576
129.129
130.2349
129.4386
127.3556
128.5373
127.4257
127.6178
130.9745
132.3201
128.8125
126.8115
124.5547
127.738
133.7715
137.3339
129.2157
131.6313
130.1557
137.6948
127.5312
134.6544
124.1121
126.8726
126.0065
128.712
131.2593
128.2827
123.183
131.6571
132.3334
131.5016
129.6958
133.9371
124.081
133.9177
130.7239
126.6264
129.5513
126.2176
127.8805
122.8385
134.1349
133.373
127.6761
127.2527
122.5048
127.1025
133.3458
129.758
133.062
128.1498
128.5325
121.0574
122.8978
129.3261
126.4091
127.6032
128.9002
124.1011
122.6393
125.594
128.4041
129.2042
134.8103
126.2851
131.7789
123.4789
126.2888
124.6767
128.1946
131.073
131.21
126.7408
126.7128
119.1411
131.3677
129.9628
126.4244
133.2912
126.9954
123.5549
125.8232
129.4647
126.1545
130.2238
128.1816
126.8103
125.9213
127.9847
124.0986
129.8401
124.4014
139.7135
124.3154
131.8386
125.8428
119.8208
121.2653
122.2665
132.3828
124.1659
122.5388
122.377
122.8285
134.2139
129.8872
125.9723
131.0855
132.0452
123.1995
126.8419
131.9662
126.6569
123.6442
127.0431
130.0869
131.8201
127.4341
130.5501
124.6552
130.6347
135.7532
121.9293
125.5369
136.8519
135.2323
129.5329
127.9338
132.02
127.7364
127.926
129.4336
132.5784
125.5845
124.1147
126.1032
127.7362
134.0995
133.9229
130.5587
128.7531
133.9685
138.6077
129.8562
135.9455
132.5204
122.9874
129.031
127.8899
130.405
135.4628
129.8903
117.0935
125.6809
127.0418
125.2159
123.3192
125.4275
126.2299
124.7846
135.7965
130.2839
127.926
123.1204
125.7845
126.6464
128.673
133.5929
132.2506
129.8433
127.4706
123.7369
124.6083
128.1106
128.0723
123.3411
124.2023
126.0579
131.6634
127.3859
127.5906
130.006
127.8096
129.1357
130.739
128.5465
127.6235
136.0996
128.8302
127.7268
124.5678
126.3476
127.0001
128.4211
131.6752
130.1011
134.8525
132.4395
126.9698
135.1859
129.7948
132.0163
128.6067
128.6876
130.036
129.8364
126.8334
128.8092
123.7464
130.3162
123.2177
128.098
126.0875
121.9918
127.6122
128.5574
131.6942
132.7622
130.6187
125.5345
126.7572
127.0861
129.1614
129.1501
130.1691
132.71
129.485
128.4104
131.4064
125.2584
130.421
123.8982
129.4373
133.399
127.3164
132.4966
123.8177
125.6573
129.6306
128.2588
131.0712
132.4331
131.3285
132.2482
131.4018
125.323
135.9558
124.2723
128.0202
131.8988
127.9115
126.3797
123.4922
129.5107
122.226
130.0541
120.8749
130.992
133.7262
125.2297
125.5865
127.6198
128.1964
131.4244
133.2706
125.31
127.3072
131.3795
123.4369
133.9088
133.81
130.9196
129.9956
127.1752
131.6798
128.3295
130.7782
128.0347
128.0566
131.9525
128.9733
133.6146
125.6826
122.6666
127.1562
126.8354
129.2537
136.9557
128.7462
121.6113
124.9863
135.5421
128.3009
129.1433
123.4573
129.0156
132.2836
131.0303
124.3275
134.3059
133.3303
132.9535
124.707
133.497
126.3513
137.1635
124.8456
125.9002
130.7411
128.0735
128.4399
127.7903
127.6595
132.439
127.7163
127.305
126.6913
128.2924
129.0822
129.8059
123.7916
124.5984
130.1719
125.0886
129.2445
132.7558
122.99
126.2836
127.393
131.3603
127.8335
126.6751
135.4345
126.0838
130.1542
129.4348
127.7203
131.4743
132.2652
133.7134
127.429
131.4444
131.9211
127.5114
130.2247
123.3171
130.5836
124.7639
131.6227
124.8753
126.4176
122.4265
125.3182
127.1722
129.8485
123.4021
128.1996
131.6949
128.4829
127.5752
126.8899
121.1888
128.442
128.0383
127.0795
130.3791
123.0399
127.6063
124.3684
134.0862
128.5097
132.0216
126.9178
134.5489
129.1633
126.7978
134.2128
120.1241
127.3198
125.166
125.2802
128.7255
126.4139
128.5605
124.4234
132.8146
132.0679
130.6511
126.6394
132.2599
130.9447
126.1108
129.6047
124.5627
134.6001
133.5942
125.6606
122.2141
129.7598
131.8669
124.2871
128.164
129.3246
129.102
133.5553
128.2649
134.4088
132.6233
133.8568
131.2456
130.5296
129.64
126.6604
131.8057
122.4185
127.8784
123.5745
125.9992
130.5405
134.5873
127.0736
127.0284
131.376
131.475
128.1712
126.7133
122.9434
127.6854
126.7274
130.0138
127.9336
124.8252
128.5302
131.9011
130.5888
125.8087
133.4615
130.4571
132.427
138.1693
133.9395
127.3786
123.849
129.8081
135.0219
128.6932
126.691
130.4537
130.4504
128.7961
128.4081
127.5741
126.9004
120.1861
130.3601
131.32
128.9897
135.8928
132.7241
126.8914
130.0344
121.7792
132.0757
124.6206
131.2327
135.4281
125.9331
125.8555
130.2796
123.0412
130.4103
131.742
125.7786
130.7252
121.1742
136.9154
127.067
130.982
126.0192
129.5926
131.8116
128.5354
132.6293
128.8988
130.2196
130.9929
127.3046
129.2788
133.7125
131.088
130.9499
129.8014
133.1798
131.3412
119.5969
131.6475
129.7922
123.4919
138.6887
129.356
126.5517
131.0772
131.2174
127.3788
126.1558
129.2443
127.8244
125.5959
128.4162
129.9174
131.5828
131.3178
128.3197
134.082
137.2537
130.9501
123.5649
135.2294
131.4924
130.6848
129.5694
130.0519
125.5926
125.3398
128.1804
127.8078
131.971
125.9128
130.7232
132.6514
126.1273
127.2284
127.9648
126.4328
130.113
132.0237
136.3226
134.1016
128.6305
126.3724
125.1167
133.1921
132.0072
124.6921
125.6929
122.5437
125.3543
131.6524
133.3042
132.5693
131.68
126.7462
121.3252
124.8938
126.8437
136.2962
137.1791
121.4899
133.367
120.8453
129.1804
132.0419
125.8796
131.6981
127.4031
127.345
130.9936
130.3395
127.3168
132.3704
121.4226
129.6428
129.8235
129.4774
134.6466
126.7095
130.1584
129.3051
130.1816
128.9216
127.3735
130.8401
132.2062
123.1855
127.1339
134.7139
131.0819
119.6087
137.5389
127.5259
128.1719
128.5425
133.9928
132.3598
126.7651
128.8813
133.8924
127.2326
130.8837
129.9505
131.1736
131.3959
131.7058
131.3121
131.0547
129.4558
124.3946
131.4674
125.7203
134.5287
129.88
123.4882
130.4828
130.3363
136.1221
130.0027
125.0763
135.3681
125.4426
135.4074
135.365
131.8979
128.5536
126.6867
135.6296
127.3137
134.7538
130.5134
128.7288
127.5859
124.5799
133.1601
129.5153
130.7772
130.8011
132.1256
128.9143
125.225
125.8622
126.4126
127.7906
126.2689
131.2362
132.7964
128.57
128.2849
124.6237
126.08
127.5588
130.506
126.7198
132.913
123.5234
126.8039
127.1699
134.5667
124.6826
124.4743
126.2744
122.9401
127.1781
132.4579
130.7782
126.0281
123.6051
133.2536
128.2301
124.6204
131.6247
126.5404
133.4935
124.6995
128.3497
129.4243
131.8014
125.76
130.1145
131.9946
133.1699
126.8441
132.1488
126.7206
125.3279
120.0495
127.7997
130.2445
130.3036
129.2571
126.1508
133.1681
134.827
128.3194
124.6034
130.3975
133.0131
136.732
131.0697
133.7375
132.9101
132.4906
122.8004
130.7532
128.7602
131.9678
125.5965
126.4275
127.8192
127.4183
132.7962
131.0707
130.2749
131.6222
128.3815
138.8285
122.0733
130.7998
128.6253
130.711
133.8076
122.5409
129.7764
122.3399
127.4551
121.1536
130.8163
128.8138
124.3207
136.3678
131.0136
131.2502
133.0225
124.6285
125.9924
126.6976
127.7641
127.1683
128.6668
134.6956
131.1563
120.4457
132.2329
135.1564
136.1784
135.67
130.6923
127.0264
136.1433
129.4095
130.428
129.8364
130.3113
132.3781
130.4849
131.2441
119.2915
122.3947
127.6976
126.8069
131.5383
132.0348
134.291
136.3379
135.9442
123.7243
128.324
126.0043
129.6712
122.1609
118.32
126.1527
131.814
139.7083
133.4671
127.5262
134.5126
128.8636
127.0011
126.93
131.5
131.626
134.5794
126.8577
124.16
129.1476
134.349
125.4994
123.7326
125.0395
130.5862
126.9533
130.3957
128.9527
126.0986
127.679
126.9514
124.5753
128.867
132.2017
127.9276
129.6148
139.661
130.0291
133.9052
122.8559
131.5608
128.8065
130.7594
135.9807
124.0453
126.7563
133.5991
129.4466
126.906
129.7838
126.0344
127.6395
131.8305
120.6131
131.4159
130.2692
128.7228
129.8846
127.4825
121.8032
127.4428
121.4131
126.9852
126.2399
121.2812
134.0602
127.456
127.1892
124.56
124.4924
130.5032
129.2908
137.1765
126.7783
133.6972
130.2998
129.7673
127.0508
129.5626
130.6452
129.7985
124.2701
129.5559
128.8067
126.6696
129.1559
123.78
127.4245
126.6847
131.7763
126.0951
130.3916
120.5791
126.7925
125.6982
123.2333
126.7698
126.5828
133.8088
127.1805
127.736
123.8579
126.4776
126.3887
133.6266
126.458
129.8972
124.625
129.3708
131.3514
134.3219
125.8503
130.6725
130.8195
130.4416
131.8385
127.4573
128.332
125.0702
123.6934
131.3325
126.0902
130.2246
130.9141
133.2922
123.0686
125.048
136.9681
126.4289
129.16
133.0702
127.4726
133.5735
126.7646
122.2443
129.5155
126.4709
128.0976
126.9554
130.4627
126.4315
129.4092
121.7115
137.8083
132.7592
130.4748
125.5622
119.0294
130.338
126.2298
130.9177
126.933
130.5616
129.8608
137.1524
130.4844
130.0643
121.6305
130.319
131.1354
130.4169
127.0792
129.3337
128.5725
128.3587
127.6625
127.5851
130.5937
125.2637
117.144
127.4101
130.9994
133.1375
129.5656
129.2489
135.1819
128.475
131.1911
122.7809
126.17
129.2055
129.8545
131.3375
132.9521
124.7941
140.7444
122.9332
133.3148
127.5438
121.4038
125.8832
132.9796
126.837
131.5361
133.0167
124.6515
129.2644
131.3587
130.4879
122.6116
120.3066
129.5137
133.2109
133.138
131.5773
136.8117
136.8036
127.8346
124.7504
128.7406
130.6856
127.3224
131.2825
134.9975
129.3695
128.1962
131.2337
133.4771
131.0583
128.2094
124.9518
130.8071
130.4127
130.9488
121.7161
124.0579
125.0054
129.4466
127.9425
124.9599
123.1169
128.8272
124.8667
126.8982
128.5796
130.9892
127.6509
127.7815
131.0276
124.0772
129.6815
132.2204
128.2968
131.3301
129.992
129.9008
126.1342
127.9058
134.4291
128.783
128.2248
127.3777
126.9183
130.9623
133.8104
126.5726
129.8589
125.3896
131.4891
122.2031
132.218
131.4674
127.2109
132.1433
126.7986
132.2854
132.1176
123.1256
131.4117
134.0496
133.7788
133.1883
130.757
134.6063
135.1381
131.5372
124.131
138.018
129.0855
122.7028
130.1832
127.953
131.6049
130.7245
131.7834
122.3846
129.127
129.7794
130.0264
129.2215
124.2542
125.9838
126.9341
130.4277
125.8162
128.2271
129.1068
132.8539
132.5556
133.0008
126.5538
129.6239
125.2729
137.6909
125.3153
124.8372
128.6307
127.8417
127.4791
128.5149
128.9057
125.3285
122.5999
126.8368
128.0695
130.0514
134.3324
126.4721
126.6287
135.5834
124.7026
123.3933
129.5627
132.9926
126.9281
133.2063
128.574
128.424
137.1783
130.8958
130.6549
127.1573
134.8472
130.1935
126.0044
128.8342
124.5573
132.4528
130.8471
129.4152
133.6423
125.3398
128.7834
131.3828
130.0347
128.1173
134.729
131.697
126.7722
124.6587
132.4114
131.3705
130.7218
117.7309
127.789
125.562
126.8464
130.4719
128.2936
128.0778
131.0935
133.6862
128.4407
120.9833
127.1231
132.3654
122.4526
123.4921
130.2562
128.3245
131.7305
124.446
124.0213
126.7123
131.9449
130.0995
127.333
125.3818
138.7096
129.4474
130.5309
122.8396
129.1858
127.5915
127.4157
128.9202
133.9315
128.6007
130.0516
124.6382
132.6906
120.9219
124.1629
133.5159
128.9504
130.2931
133.2249
124.9004
128.0733
124.8525
126.1927
131.0743
131.2158
129.0214
118.5
128.5083
132.911
126.8964
128.2533
127.2807
123.3551
130.1982
123.317
127.3223
127.5198
131.8175
130.6815
136.5392
126.893
126.9349
130.9956
131.3439
130.8704
131.0868
129.9196
129.1856
127.2954
129.9526
137.1206
128.4071
126.1345
128.191
128.6885
135.9581
131.2458
131.4255
133.4093
126.432
132.4554
132.6757
123.6754
126.4028
129.2346
129.8918
129.3172
127.111
131.3378
125.7341
131.4517
133.3585
126.7034
127.5165
128.828
133.8781
123.0371
126.3957
125.6986
131.6519
126.6876
129.0007
126.898
129.7506
124.863
123.7244
132.2247
136.6978
133.575
131.7579
129.2815
131.306
127.9748
129.7057
127.2701
131.5945
124.5805
124.3977
123.8297
129.8406
126.2598
128.5527
131.6254
136.4279
123.6314
125.2577
128.3363
132.3257
126.292
132.2158
126.3295
126.7481
124.7727
127.902
136.5613
129.6512
131.0133
125.4847
131.8036
130.0394
132.484
129.0229
129.4981
131.6449
123.0901
130.2663
130.1921
122.6788
125.4263
130.8034
138.1214
132.2918
131.6733
125.1911
131.117
130.2826
127.9654
130.896
131.1875
125.5731
128.8815
128.8223
132.6826
125.4686
124.5639
125.667
132.6898
122.2587
135.3085
127.0874
132.4108
128.8165
122.4625
131.5906
126.7067
127.9861
133.2945
123.1177
129.2867
129.0548
131.4588
125.1657
127.5418
131.3937
124.0182
127.1569
128.1345
132.7364
126.1111
133.8552
126.9461
129.8316
125.2596
128.8178
131.6718
132.5233
120.8946
126.0117
130.4488
127.0496
134.0095
127.8197
125.725
125.9691
127.9904
130.8761
128.7423
126.7149
127.8257
128.065
125.6792
132.7118
128.3214
129.3268
126.2554
130.1686
125.154
126.8179
127.1351
129.1688
129.0544
124.5964
131.2708
127.1855
131.4008
125.1252
129.0738
127.9096
129.6347
134.8805
129.0675
135.9888
126.1218
129.6191
131.2913
133.2627
131.2987
133.1645
126.1436
138.0286
126.3934
129.8335
131.9673
128.5128
136.0899
131.4666
123.7632
130.4861
129.4284
134.4349
126.4065
131.7581
126.7646
133.7537
133.399
132.1349
128.8826
134.8091
127.4566
133.4458
127.2664
125.9446
134.4089
129.51
132.7922
125.9109
134.4205
131.2661
126.6301
126.1189
135.3365
130.7191
127.9359
124.0888
133.3373
123.8867
127.5589
131.5414
123.4701
135.2851
124.5349
128.1757
132.506
127.0323
128.8605
123.2447
128.1672
136.6928
121.0828
129.3946
131.0226
130.1632
130.7254
132.1899
132.4571
128.2602
129.0871
133.7152
130.3763
126.6778
131.3467
126.9035
132.1762
126.8095
130.4301
127.2137
129.0301
129.6614
119.6727
129.7825
124.7017
126.7914
129.9995
126.4553
132.5228
132.9077
125.6824
128.7334
128.446
134.9918
126.5816
126.7381
132.0904
128.6154
132.3826
129.8929
127.7524
132.2462
130.8309
128.0126
126.8761
128.4198
130.7872
127.6143
130.3869
130.3788
129.3352
134.3414
128.2844
130.0722
133.0986
131.2317
127.9189
128.3651
123.7508
128.6516
134.1988
129.1679
132.6481
134.6573
129.5506
135.7502
128.5156
126.7769
130.0799
122.5406
122.3855
131.6192
131.4893
137.1014
121.9182
135.6508
121.1458
133.7024
126.338
130.9316
128.0854
132.9912
131.2881
135.2855
127.8845
131.4985
123.8359
127.3421
125.7286
127.2292
128.2179
126.883
127.3815
128.8623
129.2835
127.1285
124.6791
128.9994
122.4981
126.4375
124.5338
126.0484
139.0073
133.8359
125.1849
137.0603
133.2253
132.5499
127.4484
127.4152
126.2437
128.9527
128.623
129.7303
132.813
124.3722
131.2773
126.3286
125.5678
132.8186
130.9654
128.7187
125.0316
129.821
141.0766
126.3121
124.237
130.6512
130.5639
128.4405
136
131.3281
126.2234
128.2221
128.2829
128.2512
132.5378
129.8477
121.8218
128.4971
123.6099
127.3941
124.5729
125.8869
127.3636
131.921
126.4857
126.306
133.336
122.474
125.1757
131.3079
134.71
135.5531
126.6003
129.7872
131.6052
130.8287
127.1957
139.7493
127.2618
122.3095
130.9947
122.6166
130.0351
129.2486
135.4684
131.8579
132.5477
126.0442
125.6713
131.6056
132.5153
128.1462
129.0629
128.2143
135.633
124.6514
126.8648
125.639
122.2189
123.5311
123.6777
125.136
131.0315
122.6816
129.8449
133.7785
134.4473
125.786
129.2247
126.4496
122.4767
127.8893
129.5693
132.0214
129.5628
131.1152
126.362
127.6049
127.1054
128.7105
124.3321
129.4531
133.376
131.5251
130.9021
130.6322
133.6098
123.9152
133.4024
133.5707
127.0241
132.5683
120.0205
121.351
134.3189
129.2242
119.291
123.1056
127.1236
128.6861
128.9708
122.4907
128.7009
126.9981
127.4999
140.8433
124.0311
132.976
129.5873
130.1817
128.0072
127.8125
132.9141
126.291
131.8005
127.9637
131.6155
131.5809
127.6111
133.4687
124.7193
129.5162
130.131
126.4247
131.5624
132.512
134.1832
131.1313
133.0852
124.7549
132.1815
129.446
129.9687
126.5067
125.7672
125.7407
127.7163
132.6195
122.0245
130.7766
123.313
130.8348
123.9888
123.4405
125.0923
129.7061
124.2224
131.443
129.0685
127.4421
128.4325
127.44
128.2483
131.3323
121.9758
131.576
127.9033
129.0081
129.1009
126.9877
135.7736
122.0309
132.3465
124.0182
126.2751
127.6274
123.3255
120.2143
132.1913
129.0947
135.8634
130.8457
124.5475
127.7286
136.9243
126.356
129.4207
133.9545
131.1639
130.4427
128.3147
133.2458
120.9513
131.6154
130.8095
126.6587
126.179
132.8218
126.7787
128.0315
128.7169
127.8558
131.9585
131.3397
130.6163
131.018
127.1142
124.0475
126.2055
130.4487
135.1875
126.6838
128.9341
125.1848
126.4993
130.1843
120.9679
129.2243
128.4889
123.4149
135.5175
133.5114
128.6166
127.2176
127.3157
128.2981
130.9139
129.3166
128.8514
129.2189
126.864
125.7145
136.57
132.1592
123.8188
129.1522
126.9698
126.933
132.1678
131.1516
139.5523
133.2514
117.8569
128.9911
129.1535
128.8322
129.6764
129.8835
135.0563
129.7141
130.5302
127.7753
133.8016
130.134
135.523
126.3761
131.6553
123.8234
135.7062
125.2436
133.7805
129.4133
131.7776
125.1698
125.1392
131.9579
135.1428
121.2572
128.3725
124.9643
127.3139
128.311
127.3082
133.2648
131.0569
137.4823
126.8609
127.3378
127.2867
126.4856
125.7255
126.2399
126.9316
129.7682
130.5672
123.5543
124.2819
133.5946
131.076
133.0987
125.0487
128.6485
131.4772
122.8375
129.0536
134.0264
122.4092
127.0466
131.2609
131.5372
135.9193
123.6803
131.9893
127.2818
130.5587
134.9034
130.3949
126.1156
125.5546
124.2465
126.0111
132.3031
131.955
133.0967
136.6907
128.1021
126.1075
129.2667
124.5582
126.6031
123.0915
129.8722
133.9418
125.7559
132.5437
126.8741
133.9605
124.9242
131.0133
133.7485
119.8499
126.9628
123.1186
131.0652
127.8904
133.2303
131.2916
129.3936
127.5095
127.0558
132.8816
128.3893
129.745
128.4048
130.4917
129.7641
130.5189
133.6128
130.4683
128.6559
131.2667
131.5903
128.6685
128.0085
125.6049
122.2797
130.6141
130.3993
132.8983
132.6747
126.4696
127.9304
127.5604
129.0147
130.2922
128.4937
133.6915
134.2895
131.8085
125.0322
122.7321
132.0322
127.1154
129.4667
132.9436
136.831
126.1893
126.593
122.6981
133.6261
132.1372
132.8327
134.274
132.3118
129.1045
126.5666
128.2864
127.9938
133.7906
136.8166
137.2916
129.649
132.3495
125.7151
131.0359
128.7225
129.5952
124.1692
135.0617
132.5737
130.6663
126.4413
120.4231
124.5854
132.147
130.2627
138.6047
133.2108
130.0568
126.2299
122.4051
128.9232
125.4941
129.6519
132.8685
134.4652
130.1464
130.0934
126.5519
125.2062
133.8151
136.4881
125.94
128.8145
122.7551
132.4069
126.8386
130.1306
128.4025
134.5434
129.0107
131.7018
128.9963
135.463
128.6487
132.0941
127.8248
128.673
131.0954
126.4448
127.8832
133.1634
123.023
129.6274
126.1881
127.3597
128.554
126.4229
132.2639
129.3901
130.5702
134.6613
134.256
132.3347
131.0846
124.8632
121.7604
132.4924
132.3342
132.7898
123.2183
119.8681
131.5619
126.9813
130.3225
116.8908
133.17
132.271
125.4413
116.806
133.2201
131.1201
125.7483
125.5424
124.8829
126.2157
135.1793
128.5936
119.8092
130.1489
128.3083
124.3181
127.5131
130.1773
128.7894
135.829
125.2044
136.7651
128.4659
131.6525
122.2492
130.3029
122.4417
129.672
129.4905
128.9731
131.242
117.7584
126.5663
124.9749
133.1159
136.6373
125.2929
139.1219
127.4301
117.8252
129.337
124.0814
132.2985
125.7971
132.0298
133.636
126.7878
135.0525
129.1672
131.7463
130.9817
118.4054
129.9227
125.3561
128.6069
134.9817
128.5344
129.6784
124.3218
130.738
126.3456
123.8183
131.7837
133.9861
135.2295
133.1428
133.3972
124.2305
131.1907
125.6648
130.0273
131.9039
130.1667
132.8719
130.9895
127.5079
132.4079
131.9927
132.3234
124.5159
121.8746
129.5476
123.1404
124.3677
129.9511
130.4817
125.3608
123.9919
126.6794
130.7193
130.5694
131.0914
133.6877
123.2397
123.9724
128.2411
127.5912
130.8481
127.928
141.2226
131.1954
128.9293
132.3703
121.4398
130.726
130.2363
131.3494
124.7863
132.7591
119.6522
135.6969
130.1843
131.7729
125.9649
128.4993
136.3544
133.9559
136.147
126.3239
133.3786
130.6146
129.6743
128.2402
130.4434
130.2479
126.387
128.1679
128.2794
125.2899
124.1905
130.4652
126.0463
120.9314
119.3586
131.4126
127.7948
128.0456
123.4314
127.9031
121.8121
137.9143
120.6639
125.0727
131.0062
132.4363
124.8326
139.8671
128.0379
131.8679
126.8988
121.7558
131.4485
130.1821
125.7333
125.6619
126.1005
127.6343
128.6378
137.4691
122.9798
127.0924
134.5666
118.7797
126.8475
124.1814
128.0323
128.1297
127.907
123.8285
129.9034
124.7582
130.3853
119.5772
129.6258
126.6854
131.6146
126.436
124.2272
133.0069
128.207
129.4473
129.8229
126.3548
128.5797
125.081
125.4409
129.3186
121.2453
128.3605
131.4829
130.2141
125.6626
129.2586
129.9377
127.205
125.8379
125.219
134.0003
128.93
130.467
123.5925
126.6977
124.6007
127.0789
127.4266
128.7679
128.2041
127.6345
126.2435
130.1115
130.9938
132.8086
132.557
128.9061
129.4033
123.5571
125.1123
128.8126
130.754
120.6487
128.6197
122.1007
132.9891
131.513
123.1412
128.9929
123.9592
128.7502
129.0685
135.1921
125.4537
121.2746
127.5005
131.3348
131.5078
129.5738
123.5471
124.9803
131.2038
125.8622
131.7989
125.5804
128.6499
134.4639
132.9401
130.0034
131.1746
131.1288
135.9073
132.4574
129.4021
135.3999
132.4739
126.2314
129.5662
124.8838
126.1266
122.3861
124.5368
130.4006
134.2264
129.5103
134.2919
124.0143
131.9747
125.4723
131.2222
133.4544
126.9817
129.851
132.3927
129.461
136.7742
121.6694
122.7212
127.9166
128.5461
125.3103
129.7904
120.383
125.0106
129.267
127.7232
129.0763
121.7496
129.1283
126.1861
127.5104
131.5138
130.678
131.6793
129.7119
130.2742
126.5877
130.4018
126.6443
130.3547
131.5838
124.5736
128.3838
123.7145
131.3354
134.4023
132.0241
130.9744
130.3002
127.2102
127.1131
130.2549
126.7123
130.1997
129.7622
127.4919
132.3935
124.0834
131.0274
125.5179
129.8438
130.8054
133.0669
130.793
126.4754
130.4248
123.5803
126.2369
129.787
123.2461
124.3813
125.7657
128.272
131.0431
130.828
132.3129
134.0134
129.5732
128.5648
133.6353
128.6405
120.963
128.2744
126.2475
125.19
124.1802
134.2152
134.2257
133.5835
129.3742
128.4217
123.5297
126.9265
130.4462
125.0737
131.5475
132.2597
123.2524
126.0815
133.4642
128.9968
130.7511
122.6529
128.753
126.609
126.3412
125.541
124.8864
121.9144
127.0207
132.3585
122.503
125.1705
124.8458
130.8732
129.0536
127.1246
127.7795
131.3062
124.6156
128.6556
129.4709
131.337
127.8709
127.6491
136.2652
121.9133
125.6471
124.9195
126.7575
126.5393
128.8732
127.3028
122.8494
124.2608
123.2844
130.6209
126.0275
132.197
134.4569
125.9016
130.1762
130.7225
132.0445
124.1155
128.0584
140.7745
131.8598
130.4349
136.6704
130.4364
127.6223
130.0273
134.0973
134.507
134.5221
135.2335
127.0555
127.5265
128.4384
131.1046
129.7173
131.2556
130.7213
122.7569
126.4471
122.8698
130.6524
132.8628
126.4909
123.6752
120.2464
134.6599
128.371
128.0923
134.2944
115.4273
128.2434
131.7599
129.4285
131.4121
125.2382
123.1205
128.388
127.2155
120.4777
127.5412
132.2554
127.7568
125.3715
133.5218
124.4266
127.3488
128.8043
134.6271
128.5607
124.1275
130.6496
130.6569
129.037
131.2955
129.7622
130.387
132.1787
120.6414
131.6429
126.9933
131.7683
131.1942
127.2429
129.6057
129.0286
133.237
128.6894
131.113
127.6155
132.4272
129.2815
130.4883
131.1102
131.4349
121.4014
124.4483
132.6752
133.9826
128.1515
129.8456
129.3139
130.8618
125.2814
125.0212
125.9398
128.5867
128.3269
127.543
129.7431
128.7327
123.669
129.7366
124.767
130.6649
134.8898
129.9151
132.1039
134.8825
126.8062
130.6293
126.8424
127.8822
131.4197
123.583
131.7949
128.9746
126.501
130.3283
124.3037
134.2533
133.8209
120.9669
127.7693
132.7773
127.8069
129.0442
126.1148
128.3002
126.3998
123.4753
124.9701
133.5835
127.04
137.6768
128.5476
131.8923
129.279
129.1902
132.514
124.7972
129.3476
134.9
130.8061
126.2308
134.0979
128.4254
131.2358
129.3755
132.0645
124.4861
130.3223
126.8555
125.9038
128.5712
128.7095
130.2581
130.4105
130.0262
132.7488
133.902
119.7566
133.9183
127.0547
133.5906
131.0326
134.3248
126.7868
125.2171
123.3511
130.4476
126.0544
129.7667
131.6972
126.8638
124.7025
127.6308
131.4892
117.7616
128.3262
127.4444
131.0234
131.138
125.9384
129.7626
127.826
131.3927
131.8354
134.3565
131.0322
127.7444
130.0983
127.14
130.712
131.5902
128.3602
123.4224
126.1138
130.5365
136.943
131.3237
127.4201
125.4371
130.3147
132.9242
129.1055
131.1996
136.3607
127.6333
128.89
137.2926
129.8144
125.2388
123.4076
118.0521
129.4295
129.8895
127.9177
130.8874
132.3379
134.2911
138.8322
128.3941
131.7098
129.4574
124.5334
124.3976
135.884
129.9873
128.0987
129.3658
124.5938
124.7313
125.8377
131.6488
128.2496
122.8294
131.1424
126.847
127.7814
134.6699
133.29
131.2474
128.7132
129.4242
128.6838
133.1173
131.1222
127.8601
122.7482
132.6728
129.7201
131.377
131.7688
125.8541
127.7477
126.4828
134.7659
132.6258
134.8531
132.754
130.9793
131.7376
139.7351
127.1415
130.3858
127.6461
118.5698
126.7178
125.3928
128.1698
124.6563
126.4478
134.0437
133.8077
135.941
126.4669
127.7573
128.2582
129.8314
127.037
121.0377
122.8837
127.6266
125.8312
130.7989
123.7349
125.5054
130.7419
127.7967
128.1876
136.2532
124.3854
129.13
132.5789
131.1673
133.3522
120.3467
133.2124
126.6586
130.3242
132.8123
130.1165
131.6755
134.3986
133.9795
129.0927
127.6644
125.9103
127.4539
124.6755
135.1046
126.6896
131.9118
137.6415
122.805
136.9321
129.4044
123.2232
134.5223
130.752
130.9786
132.0666
130.7948
132.1804
128.4501
132.8462
134.9825
126.9288
136.4223
126.5135
135.3666
129.7171
136.2383
129.8986
129.5233
130.7171
128.7597
127.9918
125.0642
128.0541
131.5637
134.0129
130.3636
125.6968
123.8785
131.1618
126.9509
127.4428
127.5836
128.9574
131.6876
135.7321
131.1675
132.4117
129.0099
121.0998
128.1512
125.6931
127.7381
133.102
134.1532
126.4839
133.0516
126.8556
123.3728
126.7017
131.0999
130.6521
128.8545
126.022
125.8992
129.5316
124.0631
127.0476
129.0978
127.7572
126.3938
129.7955
120.8151
129.5718
137.0761
125.8691
126.8572
125.5942
127.0415
130.0518
125.5686
133.9961
124.2656
134.0452
129.173
131.7252
128.6685
128.5177
123.4821
133.0436
131.9039
126.1365
124.7315
124.6516
133.0865
127.711
128.6579
135.6729
134.1497
129.8451
133.0988
134.2717
130.0694
123.9564
128.2122
122.2485
126.422
132.5661
120.9656
125.09
130.4503
130.2837
127.7908
126.5033
131.979
121.0743
128.2577
123.0203
126.7656
132.2521
124.958
132.1801
130.3225
129.8408
126.0177
130.5354
124.841
128.0076
126.1491
132.2521
125.1289
124.7993
127.7551
130.9704
133.7401
130.6215
131.3785
122.245
127.6654
128.2433
131.2309
127.0062
125.5275
127.1459
124.5657
128.6133
130.0703
133.5758
129.5253
125.2999
129.7237
132.3249
125.5222
133.6126
128.5948
124.5663
130.8928
135.4721
123.065
134.4755
133.2393
124.4413
129.7183
126.0139
120.3635
123.7512
128.3353
130.4739
129.2671
125.8523
124.6569
121.4565
128.164
129.0506
131.3376
133.8667
125.9761
132.1209
128.442
129.3329
127.7101
129.3007
132.3337
129.3652
126.8427
125.2763
130.033
128.6008
121.071
131.8448
124.6012
125.7933
127.0056
129.134
126.3109
130.604
135.4716
124.7831
128.1708
132.2454
120.5979
126.8091
129.488
125.1902
130.8468
123.9344
126.2943
131.287
127.379
127.536
124.3796
134.1234
129.492
123.7817
129.1566
130.0062
131.4751
132.2532
130.9719
132.8532
124.5153
127.0811
128.4332
130.8578
126.0308
136.6075
128.0675
133.628
128.172
125.5981
138.6905
126.3931
127.9308
127.7357
128.0106
129.4409
130.5973
127.0706
131.3402
126.6232
124.8514
123.505
128.5741
133.5215
127.1477
130.335
130.8103
130.8808
131.4362
127.9161
128.3605
131.2587
131.6639
125.2209
124.2382
125.4249
124.9081
133.302
127.4754
130.0283
129.5981
128.0116
124.1759
129.938
122.5038
131.8366
132.2173
129.2928
127.4226
133.3436
129.7306
128.0091
128.7809
132.9565
123.0759
126.4273
123.9743
127.9992
131.5109
126.1236
128.3707
130.4482
133.2073
130.8255
126.2631
131.6079
133.2189
133.1578
131.5097
133.073
127.4381
133.1062
133.4293
129.4526
128.6521
129.2548
129.0901
130.7817
129.2425
129.2611
132.4567
128.0399
128.8424
127.7162
129.9544
129.2841
125.5376
135.2334
135.7965
124.3645
128.1328
129.8321
128.9387
125.2091
135.7135
127.6961
133.4495
121.6702
132.8719
127.4693
127.9651
134.6867
123.1532
127.9207
130.1135
136.1004
133.0699
136.5
129.2773
124.2258
131.2175
123.1042
132.2113
134.6864
129.4419
125.7176
125.2706
132.3013
126.2281
132.4156
131.9794
132.8935
125.8953
132.1455
125.3924
130.6208
130.5451
130.7446
121.6711
130.8664
128.1072
131.5254
137.6514
128.8269
132.8906
124.7347
130.663
133.2989
130.0578
129.8642
130.2418
128.2662
127.693
129.0451
121.4764
132.7706
126.7141
128.4713
124.2965
130.6883
130.3495
128.1678
132.1671
129.5764
128.8266
132.9647
131.2642
129.414
126.9353
124.5178
125.1351
137.5498
133.2419
122.9932
132.3634
124.4153
132.8596
133.5632
130.6505
129.1212
132.4039
133.8694
127.745
123.8017
126.1816
128.2056
127.9614
126.9197
128.9804
127.3239
128.3831
125.9939
124.452
124.9824
127.9608
125.802
129.2226
123.9345
131.6914
128.6441
129.6424
130.3798
127.3322
126.2288
132.0339
129.5523
131.9814
127.6454
126.7466
126.1325
125.0242
126.2392
130.1122
126.0463
124.2756
135.9416
129.6913
129.3267
134.5651
129.4229
128.1255
131.7068
132.9745
127.9324
131.531
131.7724
124.9849
135.9974
127.4875
131.2192
122.742
122.9554
124.9395
125.7068
130.3578
132.0693
130.1627
126.2436
124.7174
128.52
124.6091
134.5519
131.4435
131.4161
132.2673
127.6528
127.1998
130.0214
130.9233
127.9061
126.117
127.1497
127.8217
130.8209
127.355
127.5976
128.3197
126.076
138.5951
120.2817
128.6373
138.3948
124.9536
131.5233
129.844
126.454
118.9319
129.8181
134.3095
133.0203
130.1649
130.4477
128.8412
127.052
126.6623
126.5323
118.926
131.828
128.9298
130.5463
129.5486
128.2509
128.1243
128.7721
134.2664
130.7403
126.7413
128.0264
134.8329
133.1167
133.3305
123.8834
125.5711
129.4145
134.2256
130.2234
132.4183
132.6239
132.6736
131.8327
137.3922
123.9102
127.3955
129.4626
140.5859
133.1772
128.2627
127.9935
127.9355
126.4262
130.3235
122.1812
128.3731
126.112
131.1483
124.4279
129.5043
131.0515
131.6554
134.6141
134.2993
129.8911
130.1599
131.4846
128.7856
127.3365
128.0916
127.5783
131.1283
138.1248
123.9979
129.5337
125.1885
126.9545
133.5703
129.0041
129.2025
121.8093
131.704
128.8757
129.2607
128.9275
129.7396
131.9227
128.4942
131.8778
131.9291
134.5024
125.6179
128.6823
129.4941
126.6935
129.8143
129.6605
122.1687
127.2436
134.3218
132.2864
131.6613
132.3815
124.1844
126.6618
125.5727
132.2904
129.8039
126.1746
128.9267
126.4318
129.4187
126.421
127.9087
128.3547
126.5873
126.8627
131.3573
133.5595
124.9772
132.445
132.2102
135.9984
129.3185
133.4065
129.5123
127.9525
127.0196
128.3912
125.405
128.4412
128.1919
128.0174
129.055
127.448
140.418
124.6697
126.4373
140.8609
127.768
128.6341
132.6465
132.5749
123.0402
130.2412
131.0643
135.6105
128.9657
133.5731
127.288
131.719
128.9657
133.9215
131.1105
128.5855
130.1533
134.8683
128.0286
133.4779
127.1993
127.8382
125.048
132.0482
130.4381
130.5184
138.5985
127.7952
134.8125
122.4189
135.4066
130.7603
130.8498
130.5714
126.0191
130.1899
128.4745
127.1907
131.0877
127.6879
121.166
130.6936
126.061
125.102
124.7175
135.3226
130.5805
135.337
124.9224
129.8256
131.1327
129.2858
125.702
124.5662
128.8318
121.6938
128.5787
125.4409
127.8334
129.668
130.1473
125.2873
129.7667
127.9184
130.9516
126.391
131.1017
141.5034
128.8239
129.458
136.4626
127.4299
133.2686
127.5243
124.2526
131.3188
126.5846
128.9383
129.8332
133.3737
132.5866
123.7803
129.6213
127.6361
123.9534
130.4412
130.7575
132.7603
131.5776
139.2983
126.4577
128.8958
132.4877
129.4909
130.1646
129.8248
138.392
136.1174
131.7705
129.8988
129.6305
123.5574
131.5676
135.0376
133.1287
124.6954
125.0623
124.1175
128.4134
127.5234
128.0662
122.9922
130.804
132.5368
129.2405
130.7488
133.5791
127.5063
127.6734
137.0589
128.2691
130.4888
126.3511
124.2881
126.4393
134.8299
123.5494
124.7931
133.344
130.2719
126.2546
129.4488
127.0802
130.1235
125.306
123.8035
131.9826
127.8351
118.7847
129.682
124.3524
130.8694
122.369
124.3072
121.0744
127.7149
130.369
136.192
132.703
130.5452
123.4594
130.4441
134.7532
127.9904
129.5408
123.2159
128.1038
129.9022
132.9872
127.0357
123.2214
127.0826
129.4298
132.2301
131.2396
133.0401
122.94
129.4762
123.9852
131.3082
136.274
125.0076
131.9226
128.3789
128.3265
129.0441
128.129
128.305
128.0089
132.188
125.0899
128.2294
132.4477
132.4356
130.6033
133.6342
126.711
131.4403
131.8902
128.8165
131.807
129.662
130.7943
121.3738
126.8183
130.5645
134.4604
127.1099
125.3168
130.5074
129.4614
128.0413
130.5906
123.7822
134.0708
131.7108
131.6591
132.8156
125.8219
120.1397
129.8997
132.6566
129.5356
128.1268
128.3301
125.09
127.5184
129.6933
131.6368
132.6692
132.5259
129.3366
130.1937
130.6087
129.3965
125.0746
122.8465
126.9543
127.7604
122.8798
128.0628
138.3472
132.5031
128.9191
135.7806
124.4994
123.1729
127.068
132.3391
124.712
126.5398
119.3073
126.2373
128.5163
132.0237
124.45
126.8387
135.097
129.5853
124.2841
127.6216
126.2478
124.9348
127.0312
130.1063
126.3961
128.1175
134.5742
124.7483
130.5907
129.356
122.6629
130.1384
120.9825
129.0738
136.5783
125.1553
129.6833
123.515
132.4784
125.8111
135.6
128.5225
126.4851
127.8799
129.3854
136.9408
128.4105
128.951
123.562
134.2548
129.1776
134.8899
129.4225
127.8201
130.1343
129.2764
130.5036
124.4839
131.7101
129.696
131.2701
132.9843
134.7557
133.1277
135.1163
127.6399
128.6457
134.1021
128.2652
131.14
127.2307
127.4945
121.3555
127.7967
130.7586
121.6358
129.8713
127.445
130.975
129.1006
126.5134
125.7936
122.9291
132.4812
126.9554
118.4492
131.3782
131.4874
133.4496
118.5167
126.932
132.2511
124.4807
126.5362
125.5577
120.6899
129.0026
127.9056
130.9185
125.4008
132.0507
135.0485
125.9926
129.284
124.1744
125.4552
125.9084
131.2197
133.7021
133.5259
128.2892
126.2202
125.969
124.9443
134.446
124.9428
124.9894
128.4153
126.7889
136.2089
129.9292
128.4142
135.8278
134.3242
125.2029
133.0807
129.8479
132.4656
134.3792
131.256
127.8694
121.7642
129.8147
130.6435
129.3606
125.0989
128.796
131.2865
133.809
134.1173
134.3077
131.5973
128.1935
126.1383
133.4739
128.5583
128.8383
129.3493
127.9204
132.6583
126.0385
131.7533
119.3137
132.8849
130.698
129.4401
127.2743
128.9968
134.8311
126.7422
136.3414
127.6968
127.3631
131.1849
122.8663
131.0667
133.1064
135.2262
119.149
130.9237
136.6327
123.8095
129.671
123.7174
132.0797
124.8167
130.9984
129.9185
132.493
132.5427
128.4116
139.2964
135.4635
128.9503
123.9008
119.16
127.8497
132.358
125.6334
121.4491
128.8306
125.8474
132.2989
125.3337
133.521
129.165
128.1712
128.6311
134.3779
124.0257
127.173
129.2397
128.4413
126.9455
133.3872
114.4783
125.9633
127.3371
128.6902
127.3896
134.5372
127.3017
126.8909
135.1194
125.6922
129.6316
125.3571
128.2849
125.9605
133.4715
127.1806
131.1538
125.672
131.8332
138.6481
131.4449
122.409
131.8717
131.9803
130.6859
124.2255
124.9767
123.977
133.4397
124.9042
122.0674
129.7312
129.8164
132.9736
129.6112
134.8616
130.0524
130.797
127.1463
127.8723
126.4133
130.2133
132.2685
123.9621
134.6723
127.8563
128.0638
132.7075
133.9111
129.062
132.7609
124.6294
119.562
128.3549
134.5895
130.5541
128.8903
130.0891
131.4733
123.9734
131.009
129.4836
129.8895
125.856
123.0943
120.0827
125.5707
131.6305
132.2378
129.7213
120.9792
130.7968
129.5834
127.1253
128.1121
125.7519
135.0639
131.2607
125.7078
126.5646
126.4714
124.0001
128.3426
128.5888
130.112
132.0751
129.2097
131.2214
128.1575
129.0783
127.9316
131.8706
129.9082
127.7303
124.6932
127.8558
129.1972
119.8388
126.1748
134.401
126.3283
127.8502
118.727
133.0181
129.1343
124.2383
122.7645
126.3561
123.0936
125.0227
127.6636
125.2352
127.2487
132.2253
128.155
128.4785
126.1031
127.0874
121.9754
133.7298
134.4758
129.4131
127.1754
131.4597
129.4516
130.1011
124.9333
134.8977
133.2963
128.5886
137.4145
125.8532
130.3939
130.1623
130.0077
131.6271
128.5671
128.6198
128.1182
128.2138
129.4933
122.2729
133.1201
131.2477
130.0438
125.9651
131.7062
131.8424
133.0858
126.295
121.0438
135.9331
124.0398
128.3513
134.352
131.2026
131.9221
128.7464
124.3573
128.0355
126.4748
122.3239
126.3438
127.5597
123.5166
124.0125
127.1434
123.2395
132.3651
124.9805
133.6078
130.5244
126.2052
129.7138
131.8072
128.1439
132.1943
124.1719
125.8596
127.5324
135.3407
125.4414
123.8719
123.4836
134.6945
129.8381
127.3248
130.9384
134.6221
120.5057
130.4817
131.2388
129.8449
132.3497
124.1661
123.649
129.4283
130.5071
130.9322
127.3321
129.3073
126.6742
126.8609
131.8607
133.3982
121.7927
133.7577
137.3113
129.2244
133.6981
127.3123
133.6478
124.1821
124.2895
133.4989
133.473
133.7381
128.2944
124.3107
122.3019
127.5005
130.7395
132.82
125.5613
125.1575
125.3708
127.4793
134.1377
126.7275
128.1669
130.631
123.0047
127.1258
125.0318
134.8172
131.1114
130.5015
124.3765
133.2807
130.4786
131.7095
125.4192
126.2348
136.183
132.3666
129.6668
127.8116
125.6406
129.4561
141.7664
125.2838
130.4753
127.6394
133.6521
131.886
134.7684
129.9488
135.0721
127.2017
129.599
138.2494
136.372
130.54
121.771
129.5273
133.1056
133.592
124.8505
130.9803
131.8444
124.5674
130.6244
130.9809
135.049
132.5358
126.7721
134.9956
126.308
129.9273
119.122
132.4534
135.8426
132.5418
126.7879
132.472
130.2407
128.4992
127.7315
117.6367
128.9235
122.3261
131.6256
134.2338
129.6137
136.7421
131.3823
129.217
127.7315
127.8982
127.6586
133.6102
127.1527
127.7775
120.6602
126.0915
123.4468
128.9101
133.6874
131.3182
129.7215
135.1991
124.1386
131.6531
122.0605
128.5952
128.4764
126.7909
124.7001
121.3189
128.5076
120.5577
125.9457
127.683
121.9687
128.4438
129.8874
130.4162
123.6886
122.0025
124.7312
133.4973
130.3059
135.3281
129.1338
131.4172
131.4124
125.6924
123.4578
123.652
134.1688
129.3195
129.4904
131.3534
127.7911
125.4797
127.9811
126.9294
127.3888
127.0248
128.8974
127.4539
128.8364
135.7942
125.5738
132.9768
135.436
123.5595
135.96
128.9183
132.0133
130.1523
126.8738
127.1046
137.037
124.3283
127.7738
134.0797
130.965
134.3727
125.7643
121.3138
131.2935
130.7772
122.2123
123.2153
123.8695
129.2994
133.0387
138.1328
127.7541
139.0223
132.666
124.7201
128.8689
122.5386
124.6635
131.2547
129.6105
122.4375
122.9416
134.229
134.6384
127.5679
125.9407
130.497
132.9697
131.547
124.3368
129.2508
131.3213
129.3467
130.2465
127.186
129.6423
128.04
122.5917
131.2166
130.0821
127.2305
127.4782
137.0135
124.8236
126.3091
135.0651
127.1814
129.5026
127.7449
131.2359
125.5956
123.584
130.5349
120.9116
129.776
129.6349
127.559
124.2912
132.0925
134.9417
128.5393
133.1633
133.9675
122.1234
124.9548
