833.5364
805.0905
788.1148
794.9866
822.0904
794.0944
791.0028
820.1434
778.8149
815.9344
795.0361
800.9915
810.7763
816.7006
841.0697
794.9211
838.3053
770.316
796.3516
821.8941
821.5806
786.8313
803.2173
788.9047
815.109
838.4825
793.2232
829.6049
785.9436
802.9702
804.7044
821.9312
833.3842
819.7751
792.3853
796.5811
797.0659
768.2529
796.4764
811.6947
800.9611
761.0979
796.2658
792.366
810.1418
801.8873
798.2686
769.4738
851.1211
806.7067
793.2689
776.257
821.0344
814.3828
783.2552
772.6861
832.3427
829.431
791.347
806.8214
790.8837
821.0542
791.1444
791.8625
782.7607
775.1961
859.5289
801.5956
780.5935
782.7664
806.9973
796.2183
791.6716
780.7967
850.459
833.3023
822.8006
807.8579
804.6564
817.1217
820.8232
785.9194
785.0107
828.9772
785.7282
757.4765
769.1483
834.3055
780.838
779.9116
783.3998
779.4214
794.4749
788.774
798.575
823.3973
827.1822
789.1084
792.2683
798.6301
833.7359
810.4561
791.889
810.3867
792.8481
802.8359
813.606
814.4629
786.0256
786.3041
781.3392
811.5826
770.6158
777.0909
780.6672
807.7154
792.1966
809.3123
807.092
807.9369
816.0492
797.4069
802.4392
792.7529
826.7593
805.4131
785.4055
809.1613
795.6341
760.8526
828.282
774.4654
741.1379
772.9373
806.1764
796.916
801.8075
813.2633
789.1029
794.1118
815.7687
817.4074
803.0498
799.0493
806.8411
803.5388
810.7321
800.8987
810.7036
795.2479
793.3521
786.6367
807.0947
819.1423
815.461
780.0046
791.7123
810.2947
756.7546
832.6009
790.1243
830.6726
789.7142
780.8481
814.4173
805.4265
799.2287
823.3682
799.5612
811.5043
841.2193
774.8342
772.782
823.2893
804.3987
802.3982
774.3705
785.7841
825.735
780.3213
792.2951
755.54
794.0629
822.2659
824.9402
828.3873
794.0132
808.7162
804.7457
816.694
819.6892
828.4578
812.079
811.2026
803.0227
804.6892
805.0643
829.2476
798.7556
791.1751
744.6233
804.0918
829.3658
815.2345
793.2167
850.0664
814.9704
808.2862
785.7335
800.8647
808.6348
794.8667
798.6442
794.9198
787.142
821.9467
775.268
789.0145
788.7047
814.1498
817.9961
804.9462
784.8775
821.8327
790.1218
815.4002
808.2738
808.8745
793.7531
815.914
793.5536
785.3086
802.0513
763.0409
836.6915
804.0478
823.1719
825.5931
802.4251
821.134
856.4376
816.9955
794.338
801.8539
789.0691
816.4867
806.7723
788.2113
790.5291
787.3404
788.6201
816.383
801.1879
811.9935
795.6047
784.6772
793.3721
787.5902
791.9216
790.5386
807.6717
775.6788
782.2673
783.486
789.9303
820.563
789.1271
812.0319
780.348
794.0713
794.9185
808.7842
742.2228
840.5121
782.1022
763.2032
822.6992
820.4046
806.9849
801.2566
820.2436
751.3604
766.5528
809.7048
747.6306
828.4297
842.642
826.7897
780.4402
817.5786
826.101
817.5801
812.0559
842.2092
812.8974
816.3765
802.058
812.1577
849.1492
791.2515
807.27
769.9449
819.0348
785.0253
823.2965
792.787
834.3173
797.7376
847.4344
777.1584
814.0976
783.1291
801.5903
787.1876
809.0305
806.9902
799.2333
810.4824
804.9841
802.4684
771.8361
790.5711
799.9619
772.447
825.8806
800.5881
847.4369
766.742
767.482
796.6187
787.0379
824.5893
823.6938
803.8754
802.7243
775.9036
803.5776
792.9412
784.6635
809.2202
817.1446
811.0703
817.8835
804.7998
842.9858
779.3797
809.2262
802.0901
819.9875
797.7022
792.441
808.7473
795.4134
779.1285
803.8701
824.0404
783.7994
817.9948
786.2574
804.6619
811.8879
776.0828
812.8196
791.3081
801.6468
771.9396
786.4761
801.4475
780.4698
818.5601
846.318
831.4629
781.583
830.9011
820.5344
823.0707
806.7869
812.9829
792.5173
825.8609
772.8283
836.1151
820.1717
818.2687
806.4844
800.7241
802.0419
793.0275
786.8711
802.1554
797.6793
798.1094
797.1176
833.5209
799.4818
795.351
814.3547
804.6015
827.0078
788.3389
842.724
830.3293
792.1897
805.0691
832.9389
839.0591
779.9725
762.3294
821.5301
821.0915
752.2603
766.8037
771.2538
850.0753
803.7907
808.4947
784.9018
792.3528
797.9648
832.9576
785.3599
780.7001
795.5022
777.6945
810.934
791.6577
792.5367
807.1606
837.8793
791.8604
785.4612
821.8353
763.6919
834.0013
769.8041
772.2962
829.4296
804.7958
808.8328
792.5784
793.5333
817.7269
795.1917
792.5102
815.896
836.0894
821.6658
800.9225
785.3025
814.9037
818.3243
819.5626
780.3255
808.5647
773.2466
793.6008
777.5246
789.1935
810.7842
782.9642
780.2834
801.4495
799.7374
812.8304
824.4717
799.0654
761.6846
782.9445
797.0089
808.6019
794.9359
834.9196
799.5913
806.3639
824.8181
817.5826
798.4603
813.9971
814.9168
819.6454
795.8193
814.7051
774.9162
792.1872
810.7353
791.0702
771.5106
807.1472
812.2876
811.8327
811.0858
807.4916
816.1634
808.8603
785.4453
799.0472
808.0144
775.9276
795.5949
858.2256
804.5069
811.8747
809.8254
803.4677
783.2212
834.3116
804.2543
808.9728
821.3551
812.3625
779.557
798.9125
796.1727
817.6113
795.6908
802.1292
796.402
786.745
800.0196
787.1841
819.073
826.1381
781.6064
786.4017
795.5134
800.7632
791.658
778.3813
800.6081
820.124
814.8171
818.3245
782.0778
803.5583
809.235
810.4267
831.4104
811.3191
764.7493
802.4556
759.2758
813.6666
754.4768
771.711
816.9309
830.3767
718.335
813.2911
780.3581
817.3036
814.7826
848.3111
817.0149
789.1089
803.9089
815.2099
818.3111
815.747
833.781
805.7911
819.0175
785.596
782.815
781.9278
809.8227
798.4545
776.9177
800.5053
810.0849
779.5899
818.3293
816.6173
798.368
819.2496
815.1732
814.3775
814.6906
779.1721
788.1144
804.7742
769.753
805.0128
751.6274
800.2085
811.3162
805.9436
823.3222
814.3806
801.001
767.8679
793.3583
816.6001
832.9733
828.7764
788.9877
844.1817
797.7918
777.9491
805.5147
808.6298
807.2325
789.1865
778.1101
769.9556
781.8525
810.9639
812.768
801.8784
805.0541
814.9555
799.925
815.0858
823.1537
796.632
813.2821
795.9528
829.3806
835.6567
758.1082
819.0332
794.3998
802.1111
792.1144
808.4603
778.3756
782.9392
815.2213
823.5313
797.7368
800.9132
845.7145
826.6263
778.1734
818.0888
824.1401
772.3807
767.9539
799.8518
759.0094
815.6224
813.8397
787.6139
823.9719
801.7473
782.1995
814.187
767.4741
833.9517
792.0464
788.771
819.6497
823.0097
804.6131
828.148
820.481
798.9203
836.7876
796.2179
785.3576
804.1427
808.2746
769.1728
825.5027
832.8053
792.5043
783.4959
830.5477
799.1505
773.3607
811.5192
820.056
806.204
821.1584
777.394
792.9237
779.2189
781.2376
840.8886
790.884
766.5099
802.3445
780.9569
800.2311
800.1681
827.4384
808.5134
797.0049
817.3038
789.7468
802.3808
780.0574
827.551
794.3078
802.7135
793.2853
777.4076
824.7414
819.6005
823.1353
819.3461
779.7048
803.558
830.1695
812.2092
819.0591
814.8769
815.3236
801.6643
796.5771
788.6691
760.1693
815.5232
807.2565
794.4542
814.7247
794.85
833.6691
837.0823
817.3104
784.6864
760.2291
807.6743
831.6141
830.4749
778.9186
829.6029
782.311
781.4281
775.7476
813.1544
799.8376
804.1701
793.2385
815.5004
725.7604
798.7964
822.9838
806.4046
780.6708
767.5546
825.7729
798.7524
817.1145
780.2057
802.6061
835.2578
793.2882
806.3709
752.8162
806.2826
807.7084
821.6827
790.6596
801.3373
782.1042
794.3407
794.786
820.7523
782.819
828.7138
809.3212
787.5548
788.2383
775.3317
811.3002
770.5011
790.1204
760.194
818.011
804.1236
792.4773
777.0577
804.1161
799.2154
836.9856
778.3159
808.7186
807.5674
823.3928
799.8023
761.8834
804.8647
810.6994
780.2733
751.5208
816.0924
759.1439
780.4629
783.7769
791.3681
766.0613
791.3954
786.9175
823.4784
789.6357
794.1736
826.8879
781.5533
864.6063
774.6713
838.0956
812.3142
796.7338
809.5224
814.0408
815.0613
802.0315
798.2146
810.2035
815.6129
822.5444
771.7295
810.4101
809.7288
787.6135
770.7713
790.9959
817.4459
797.61
804.2932
797.2266
797.9676
798.5674
786.2758
802.1724
843.0155
798.1453
794.6513
798.7306
813.561
822.1482
792.7131
755.1909
782.0078
805.9232
821.5141
806.7481
805.0273
838.4105
817.8875
796.9738
784.4951
757.9289
762.6772
788.8162
817.6195
799.975
791.4143
814.416
810.0842
786.7911
791.2429
826.3055
798.1484
817.6047
767.6262
790.7448
766.0644
789.3102
790.5667
799.8337
777.5486
832.2688
825.6008
777.6604
778.9213
818.1322
802.8153
791.5362
781.1096
758.0386
795.4734
832.9867
811.0533
849.094
816.5194
817.4935
781.0843
782.5425
818.6103
831.6822
821.0743
801.8564
809.128
796.3857
744.6426
793.588
791.5978
813.9068
780.3286
795.9572
818.5885
798.1614
837.551
822.6897
803.3278
827.3233
771.5896
788.9332
766.0095
806.3383
825.9823
806.9762
794.1668
824.5317
824.4782
792.169
834.9508
783.0982
796.1404
814.1312
805.7955
840.1544
757.0006
801.2271
768.9598
807.7765
781.2348
790.9665
827.1134
845.6309
781.7156
800.6825
796.1391
804.988
811.9262
787.6789
781.9682
820.3793
790.6505
817.0174
821.7361
834.9968
784.1971
794.7156
792.071
814.8862
797.3545
788.7533
822.9514
786.0733
804.5386
785.7079
822.416
809.2125
817.917
820.6979
777.4422
783.1835
790.3749
777.9999
761.4989
784.8772
804.8653
767.0658
783.7564
798.4797
781.9082
800.2965
756.1522
769.7509
786.8311
776.4312
784.1932
806.0688
862.5641
807.5402
783.3672
780.4305
796.6662
839.0122
788.9755
808.4904
814.851
801.5905
795.6144
797.2241
816.1843
836.2005
797.8296
775.9966
819.5576
798.3825
787.3143
803.401
788.5785
756.8298
797.5311
794.4576
798.784
819.6095
828.4037
775.6666
786.0922
815.9934
798.9073
796.6256
776.2796
805.0671
761.9921
813.4606
786.5209
813.4811
775.0779
791.6049
793.9525
809.6253
817.7903
774.6572
795.9207
779.0668
783.3287
763.9057
813.2135
791.7461
814.4729
794.9989
835.8179
764.3977
758.6788
807.6782
772.3947
838.3638
794.2104
764.1733
827.1104
788.4148
813.185
782.1505
787.4922
817.92
818.0543
815.9178
805.1498
805.3966
796.3926
809.5155
847.5144
799.8596
806.074
795.17
815.6409
761.5579
816.4252
782.4281
798.9215
822.301
798.7167
789.619
758.2927
828.4259
803.1603
773.5927
818.8879
798.0602
836.7812
800.6023
783.7813
793.0141
803.0199
827.718
822.7298
825.0611
756.8366
807.9006
813.2363
799.12
817.9765
820.4463
789.1366
777.9151
767.425
835.3395
838.0911
772.1349
805.4933
773.2399
812.7999
792.7353
758.0746
816.6875
796.3797
783.9413
775.8031
803.3852
786.495
813.2095
799.1987
794.8405
780.8322
773.9574
775.2605
796.0912
775.2917
829.0706
826.461
807.3265
809.5889
799.5373
815.1916
808.2741
807.0114
849.0073
744.618
802.072
797.8388
837.8216
799.8086
827.2773
816.7596
768.5218
802.6144
818.4556
814.4992
805.8579
797.5709
804.4212
816.1876
816.3806
800.5559
781.2679
817.8336
781.7225
795.9483
838.5068
820.1664
771.4534
770.8013
770.6324
786.9186
789.3861
829.6785
809.1062
815.1237
804.3458
850.7378
796.1308
771.6383
803.2571
759.1462
794.9889
813.1019
823.4033
809.1779
816.2265
786.8316
812.6848
802.3872
810.4286
799.0006
769.0529
755.3898
807.3442
774.0029
793.9854
809.1789
821.3206
764.8074
810.818
842.4783
843.7526
808.1826
787.5992
807.3002
789.9079
818.6173
788.9044
792.2879
805.1265
769.0554
825.5318
777.7358
831.409
816.9928
814.5383
790.7127
788.3577
771.5051
779.6105
789.1072
813.8807
779.6651
814.3648
821.7542
784.0903
825.0381
810.9433
818.4293
805.662
826.6963
790.5327
776.8309
784.4924
809.1485
805.2423
771.5528
792.9984
816.99
768.9872
792.2432
815.464
795.8026
787.5735
781.1849
809.7125
765.5917
817.272
800.2848
812.4721
839.0344
803.746
819.0446
769.2237
805.5451
783.9368
763.7917
790.2055
810.4833
798.8508
816.8547
765.1443
792.705
801.222
797.8776
816.1326
778.2313
833.574
798.4557
796.4149
788.8048
797.6955
809.3156
798.3624
767.2799
828.4466
835.1935
809.1595
772.8289
787.3654
821.5706
803.76
798.1673
787.8635
824.1811
803.51
789.1686
810.7796
771.7593
827.5763
840.6542
784.4981
781.6787
822.0703
809.1666
790.6574
844.1289
777.6159
759.6945
839.0509
810.8533
808.7712
769.5717
783.4847
792.132
779.9474
835.9315
822.608
757.8382
816.009
806.2522
796.0415
800.3696
808.5294
794.2008
807.6678
815.5649
801.9862
791.8311
815.8361
818.8367
792.0956
818.4761
782.6761
805.4471
801.626
837.2107
819.4837
801.5016
826.8978
824.5008
771.0661
770.315
798.8775
820.0942
799.7854
823.6795
788.4422
790.9852
812.0217
774.3849
835.0106
829.1793
784.1892
840.8001
811.8132
814.1088
849.4892
809.2087
841.4227
782.2744
781.2938
804.0334
779.3508
820.7286
791.5625
786.0702
818.7773
782.5039
770.9537
831.2787
803.0821
795.9368
823.2807
809.4908
785.9327
798.295
785.4841
791.0798
789.3874
826.0551
797.1954
800.8792
816.01
751.6133
817.1102
801.0085
828.2709
799.3092
804.2884
817.1689
786.4906
809.7349
836.0173
799.8676
838.9317
780.3547
841.4538
792.3302
785.4928
800.6785
819.1659
775.7815
821.9351
829.9594
763.2928
789.5856
783.0535
814.8928
801.5613
793.6285
795.6065
819.7693
814.6703
820.028
829.7301
784.1008
753.6975
756.3911
795.7768
809.6691
826.4139
839.8577
775.2844
755.516
819.5462
802.369
794.7743
817.7892
809.6642
836.1701
803.3457
784.5055
773.9547
781.8352
810.0637
818.09
794.1532
827.235
770.8556
787.7428
818.213
798.966
785.1735
812.5618
798.7969
799.2765
783.0779
828.1849
810.1675
838.9815
808.9117
807.0247
792.6485
813.9898
845.7834
756.6442
796.1337
777.5305
777.7032
794.3888
811.8396
764.5098
853.8213
797.7563
808.664
779.2189
796.3386
798.913
796.7546
816.6498
815.5159
829.7481
797.1181
806.1216
781.4265
818.6958
809.8068
840.8757
819.2751
787.7179
849.3868
798.944
823.4437
797.4732
805.2845
806.9359
787.9747
793.389
791.9053
789.7327
790.0609
789.6005
808.368
804.3156
797.2155
784.8072
814.1358
802.0177
778.5068
806.1103
835.6926
806.2134
782.7572
808.768
797.9473
810.5943
776.3366
801.3066
807.5105
771.3762
789.5754
790.4951
791.6655
809.7472
817.2725
805.5539
791.01
808.323
809.3159
788.3152
772.6142
818.3832
795.9264
800.9192
807.4157
784.4047
807.1916
815.617
841.4167
816.9165
742.22
821.0595
791.075
781.2272
831.5496
796.1059
808.6631
813.651
804.7152
765.6993
784.678
808.3212
793.8302
816.3667
763.9209
773.6262
823.6679
778.4079
820.1653
805.049
783.2021
796.6584
830.2301
774.4664
840.2909
785.881
779.2879
815.4786
808.7018
754.2869
769.9275
817.9542
814.6525
776.0823
794.8511
782.0442
823.7768
832.3243
821.4944
826.8413
813.5473
824.4625
794.4458
799.3986
819.1566
789.5464
779.0417
814.5673
818.844
804.042
804.8891
773.2428
811.0979
801.608
825.9251
815.5905
790.4981
829.5735
808.2393
828.6406
809.1367
787.3056
845.347
811.2728
786.8579
798.3789
816.3456
808.0389
837.3905
808.9653
796.6289
799.9225
787.491
799.622
789.6632
795.0168
804.4836
816.0816
817.6339
769.7284
822.6373
827.5019
770.1837
825.4796
786.0395
785.1686
781.4407
758.7944
769.8903
801.1283
811.4052
836.8519
783.4916
772.0299
829.0661
809.321
837.3427
794.988
808.0168
782.321
794.0906
794.5708
808.6013
768.6413
822.1599
816.5332
783.6192
805.073
812.8511
827.031
770.1465
785.1518
796.2079
801.2057
811.8251
827.5469
774.8606
780.5892
813.7826
833.4762
789.465
804.3565
794.6679
754.7959
804.4836
850.3711
780.9176
845.6835
794.9563
797.1751
789.3526
796.9622
785.0405
758.0161
755.1509
783.2745
773.1115
777.1392
803.9505
818.2883
787.0176
798.2563
799.6508
791.3396
810.7793
776.5769
809.1713
783.6893
796.5108
821.6783
786.3052
830.4564
804.5643
794.3919
809.3131
788.6541
841.562
820.144
807.0964
795.8834
762.0563
788.3755
787.7335
811.5309
804.3724
812.4132
796.3025
821.3822
788.7938
784.3843
808.3689
825.3453
804.0977
778.4101
800.0123
801.7518
800.0113
798.0809
853.2515
830.7972
804.1094
798.2808
803.6961
802.211
800.0445
780.4305
823.3512
783.1608
824.0444
818.8215
787.0242
822.0017
787.8146
791.0831
822.2939
762.6192
772.325
809.3229
796.2022
845.0152
779.2785
797.8618
816.5841
786.5277
787.1381
771.6558
817.6501
807.9388
832.5531
766.4423
777.8859
769.1299
823.5231
793.1333
803.9029
825.9105
819.4858
832.5261
790.9442
824.5008
813.6885
797.0098
767.9
798.9837
788.8448
795.1129
823.2437
792.7734
768.4016
820.3055
789.5473
810.8501
802.0517
808.0748
820.1383
822.2767
812.5377
804.2554
824.3629
823.4744
783.6717
754.9865
767.4398
794.6397
785.0815
798.299
780.7932
786.1649
802.063
806.2027
765.0126
792.0843
820.1945
807.5922
825.1835
799.9467
809.5175
772.8262
844.306
821.4475
805.376
780.7481
777.1296
817.1395
777.951
814.4253
782.1155
797.1106
794.2558
781.9895
775.7186
772.3623
796.1491
823.0301
844.1051
798.0399
785.0697
796.1749
860.7401
811.682
818.4374
822.3996
812.8968
845.2789
769.6625
791.1525
807.9461
835.876
777.0676
795.4347
832.2875
739.7406
825.7518
818.4712
822.3265
819.6846
801.5604
795.3389
783.9345
824.3792
842.2379
803.7513
836.247
782.855
781.5754
847.8296
818.1805
793.8317
792.4366
810.733
806.9029
773.8262
806.5717
838.4208
822.9271
785.6402
797.5156
790.2236
834.2689
783.2606
798.0773
807.3239
783.8181
819.6418
804.7584
803.7902
800.9782
785.3636
834.5694
797.9474
762.6806
806.7646
867.021
780.1074
793.1066
823.481
822.7948
816.3182
814.4783
869.257
765.1287
774.7436
816.9113
772.1757
815.2069
818.856
836.2664
805.7554
812.6939
803.5984
798.2759
747.0352
789.0383
796.2949
810.7969
854.807
815.82
820.468
814.7552
816.3259
791.5338
762.5931
791.0515
808.9733
782.4037
801.6923
812.9511
795.3862
796.1207
789.5777
778.5524
785.4939
816.8939
801.565
777.9782
781.186
796.4289
793.9508
827.242
766.4247
788.9752
831.7541
822.5359
751.002
770.2951
796.1996
814.1701
817.3074
771.2125
756.1299
766.8804
816.4357
778.9166
820.1713
807.2441
799.709
768.6954
778.2221
793.2193
780.6188
788.9087
805.35
802.911
794.3931
797.0541
815.3163
802.6889
827.4408
825.6007
791.3788
819.3489
773.6107
825.4438
820.2684
829.8759
810.3103
801.895
802.3237
785.9013
838.5664
807.7365
827.1206
783.0013
820.0645
782.9456
817.8786
810.7674
807.2003
797.3199
784.3972
793.207
785.751
787.0476
834.2682
821.0034
812.3006
822.2516
804.9715
789.5259
786.6414
779.3858
768.259
855.6034
869.0689
791.8191
803.2134
787.8884
811.6707
800.5334
795.316
790.4161
824.8268
824.3173
823.9611
789.4004
784.453
785.049
817.807
779.2946
788.6281
819.4008
822.1026
781.3515
819.7068
827.8843
825.2551
824.2446
728.7838
805.9888
767.0523
786.8139
788.6801
805.3422
759.0893
777.9962
803.2159
804.1018
796.2239
789.3237
784.5921
804.7943
819.9181
807.8782
832.6029
790.5919
801.7129
804.2048
816.173
803.0332
823.613
772.0528
786.2219
789.8256
783.5509
793.2952
794.7565
801.5416
816.3544
812.4977
786.8641
809.2972
769.788
803.7069
827.6979
793.9287
769.9988
827.1836
797.1372
814.7656
803.1249
797.3602
784.9512
828.6718
787.5793
815.816
809.6108
774.1519
833.2214
805.9645
824.3943
812.2424
821.4741
788.9262
754.9418
815.0297
796.2912
787.2851
786.6999
801.9438
836.1704
767.4708
816.6804
790.7284
810.2941
795.5827
823.7207
808.7957
788.9067
816.5877
778.0977
789.1594
791.758
761.9855
792.2998
802.0554
807.1748
777.632
786.3405
804.5126
800.9675
811.3862
827.0256
792.7605
818.3843
796.2349
832.0707
818.1263
819.8589
787.0237
799.5799
826.5167
813.6591
809.2245
796.413
813.4179
788.9136
827.1741
776.5841
797.0674
805.0124
786.0528
790.746
772.2895
782.9045
819.0255
799.86
800.6647
785.3131
780.113
787.8055
766.3721
753.6835
814.585
791.0504
804.6147
788.4679
783.0825
787.9874
816.5244
821.256
807.4784
802.7593
791.0258
779.1319
815.2178
787.0165
779.972
812.3158
817.4171
772.4246
805.6879
798.3853
777.9424
803.1365
824.5963
793.5046
815.9166
778.9953
814.8749
819.1869
775.5069
809.6471
800.8232
794.2954
838.3207
822.9101
787.0401
791.0422
779.2193
759.7177
765.7995
788.5369
818.0127
830.0914
808.973
828.1358
795.6791
823.2989
800.6927
821.4353
811.6194
757.3477
785.0731
780.4343
784.3292
800.5066
740.8783
796.5528
817.5666
818.6807
788.3422
746.5041
789.8607
837.1957
767.4505
813.6606
806.4843
787.3959
787.3095
808.5564
824.8117
786.3972
786.8769
778.8464
824.275
800.1306
821.2122
780.9785
818.1455
776.251
760.8903
805.7475
753.7719
808.1799
832.1908
821.8323
803.1452
803.2181
799.5525
827.9493
827.4356
796.1962
811.6806
798.7541
814.6532
781.4999
829.3313
818.1676
774.7134
791.9716
808.9519
766.2204
811.4324
797.8324
809.7584
827.448
822.1706
774.2214
793.4361
798.9458
787.5042
832.8361
799.7984
816.0722
809.9936
768.1941
810.2946
788.7826
840.1603
828.344
773.7894
797.2277
846.7325
800.2688
806.3295
801.7458
816.1457
839.7299
778.7497
780.0165
795.4285
797.5515
756.2187
791.6167
822.2374
804.4474
839.067
815.0461
772.703
784.9608
775.8074
782.2714
811.5348
825.4903
790.3335
794.4251
805.9309
776.5102
820.7057
807.0379
802.4445
801.4273
759.3274
794.4755
851.8631
818.4213
817.516
799.8997
800.7943
800.3506
806.7881
823.8646
799.472
794.7839
805.9125
810.6543
827.2903
771.3575
827.84
802.2048
813.8799
820.3773
801.2852
781.239
821.3424
807.2402
788.8029
787.6466
782.3973
820.5938
795.5488
807.3925
780.5963
825.2529
815.2961
788.4204
821.2708
810.5097
823.6156
822.0428
816.2208
834.1151
834.0324
789.0927
806.2334
808.7356
789.3591
809.1412
800.8556
766.4393
808.0605
786.1352
824.1946
804.8513
784.3785
804.2999
790.9281
831.6005
794.3718
818.4522
784.1995
828.6788
799.9529
797.9616
791.7824
786.2199
812.2121
801.7094
829.6736
796.8667
787.1502
795.1047
777.2395
838.6263
803.5003
800.3113
809.3954
818.4446
762.5006
788.8998
781.9004
794.1014
829.2609
789.0768
830.9486
790.687
760.978
824.6023
779.7803
784.1007
780.4778
784.0502
823.4101
750.9205
783.6557
779.5963
816.0276
770.8368
775.1726
846.8036
784.4491
799.353
789.131
778.0023
783.1983
776.3627
834.7684
822.3297
821.7928
790.0866
853.133
837.6208
778.0731
783.7133
780.2139
823.4203
814.7468
788.0884
813.8338
818.6622
830.0982
782.524
804.7121
807.5298
815.1645
811.3453
838.6537
800.6043
811.5556
744.7607
786.3807
769.5551
783.1951
824.1731
781.3097
808.9408
805.9218
801.5791
757.3853
810.9297
849.2401
805.3747
811.7058
834.3346
825.9727
777.7064
799.8016
807.6663
817.2935
790.5887
824.9287
798.3564
792.332
798.6552
795.5989
767.356
792.41
817.3998
815.4249
804.2619
798.4716
818.6453
833.4023
753.7601
795.3755
809.8116
842.9718
817.3476
823.6925
814.1737
831.0822
806.4628
765.6991
793.3314
796.084
812.8637
808.5983
800.7037
809.4363
806.3322
801.7193
803.972
763.698
815.3833
801.3848
799.1242
801.153
811.4009
822.5546
798.8373
803.7903
825.169
786.0324
815.7014
810.9996
785.2152
790.2547
828.8085
787.2236
810.0009
800.7215
823.0919
795.9882
819.5147
797.2783
798.7049
803.7576
778.7842
839.1724
821.953
779.1387
807.565
797.2028
809.8219
783.2501
786.8121
797.1603
801.4944
868.8938
843.743
786.1117
780.7852
808.5466
783.918
804.0358
848.7549
785.3305
798.8793
832.285
823.6074
802.2515
790.0893
806.4181
810.9869
841.6055
788.4413
789.4347
794.3254
822.4396
792.2205
771.6485
818.148
782.1974
781.4815
782.4015
804.5426
819.8969
829.0196
779.6106
774.4519
837.316
787.2966
789.5398
819.646
812.5087
783.2943
757.1164
808.0907
777.7315
791.8947
792.2296
823.9927
796.9121
792.2143
795.353
786.4299
767.6522
778.4844
775.481
780.4744
817.0886
813.4709
770.1912
803.3524
813.9668
756.0924
794.2909
794.3061
786.4715
799.3669
797.0506
762.4404
750.5371
812.6752
812.6312
820.1079
787.9037
794.2028
795.5445
778.8597
816.4498
809.6278
761.3367
837.5868
807.5202
831.7248
809.4142
815.6059
822.6546
784.4503
776.1951
781.877
806.227
842.0741
801.9799
780.4658
834.5337
754.9648
813.9598
781.7086
815.739
816.7278
811.4464
820.7197
801.9169
801.9907
812.0014
800.3554
796.5711
787.6677
821.2754
823.973
832.6708
781.9471
811.2702
764.6301
858.7867
817.0687
768.1905
830.6177
784.5264
799.1522
784.2734
822.6032
787.7613
794.1303
788.9022
815.0315
759.1605
815.4798
796.7467
761.3688
830.9878
796.2738
800.4037
789.9783
807.9771
827.9302
832.025
806.5425
804.853
801.7857
809.6146
814.1409
829.4117
810.8803
832.6733
816.471
835.6982
792.3634
810.8776
790.1603
807.3001
788.8022
805.9086
805.7461
799.7494
813.0753
806.8447
793.3855
802.0206
796.5611
809.3192
830.7983
757.5445
787.567
799.5919
845.9243
785.1892
797.5598
781.1147
830.3807
802.5377
806.651
811.1886
790.3133
799.3214
840.3422
852.3763
798.7786
784.0362
788.581
847.6756
745.3802
779.0457
805.6387
794.8974
784.3332
785.5068
832.8742
847.5695
774.3471
810.1743
810.8356
824.3312
782.8117
838.5376
816.2306
784.8258
820.8267
814.5902
784.486
744.4844
818.9231
812.3824
799.4819
785.3563
788.5677
805.2587
768.2252
810.1445
817.7641
817.3858
780.3738
763.1096
788.5841
770.3273
760.8998
810.9204
789.727
795.5759
801.2539
786.4135
814.2767
801.1326
826.7095
816.3028
849.5954
763.6107
787.5185
776.8887
803.1349
816.4261
826.508
770.1207
818.2322
828.3746
778.3579
793.8482
795.7945
809.8738
798.7078
787.4072
802.3324
791.5356
796.359
802.1985
779.6112
791.5761
830.5835
770.5976
830.31
779.3998
882.0978
764.4652
845.0617
831.2059
779.7889
807.774
775.6612
797.4192
775.5134
764.98
824.354
823.6329
818.665
829.8243
831.808
802.2129
789.0367
781.1046
817.6515
811.9157
798.4125
789.6417
783.5866
801.8643
775.0968
806.2043
796.3288
814.7625
802.2017
764.5686
807.2442
776.0253
774.1404
833.6054
822.8397
824.8352
803.9268
781.4612
821.6593
835.2893
791.842
805.4041
800.4649
771.7155
820.874
781.8333
828.795
789.2986
816.1879
785.4517
774.4608
830.3307
766.7913
836.6699
801.2822
838.6182
796.2696
793.4719
764.9839
806.8104
814.2466
833.3138
795.7171
809.292
814.7957
799.2509
837.4045
790.8681
812.2283
813.4753
786.838
843.7705
798.1642
809.1059
774.2019
810.954
806.7263
813.5053
839.271
774.0909
833.2415
798.3426
840.1372
808.016
804.8305
845.3716
813.2072
815.7824
800.2548
817.3458
791.4401
798.996
806.1391
839.4382
802.8954
840.1049
819.4347
794.877
797.7633
841.2568
827.6315
790.9488
822.4221
811.8188
782.34
836.4389
828.694
789.9221
836.7647
810.6345
824.1499
824.5967
823.1201
823.0454
836.3341
814.9286
812.0503
836.323
770.6207
811.5962
811.12
783.5423
821.1311
806.1055
817.3968
749.9408
836.4633
816.0035
770.6649
798.2426
776.9667
834.8177
786.5725
815.7262
806.4244
782.9417
794.3138
808.2489
788.0106
829.51
777.7886
774.622
824.487
789.7521
804.8707
821.6941
820.6162
828.3719
814.44
799.4171
788.3537
825.6824
817.5212
770.9813
766.6344
792.2537
793.1684
790.4143
816.9492
761.3431
835.8679
798.1883
815.9915
784.9081
854.0325
802.0652
792.5714
793.5842
780.2516
818.4746
807.1288
822.7392
820.0372
797.3124
847.6527
781.6262
796.741
795.4175
802.6028
759.1219
848.6317
810.6948
762.53
812.2086
803.2912
811.4796
781.5822
777.3019
817.991
773.1584
798.979
805.0092
797.1297
755.5717
768.587
791.2163
808.4718
827.4993
801.8991
782.4681
748.6498
848.3562
795.2464
814.6723
790.8758
815.9137
787.8611
815.387
758.703
835.8369
768.034
820.7828
795.5305
793.8672
840.6786
835.2985
777.7532
778.9426
784.2551
785.7195
802.5317
800.9369
794.7703
827.2903
775.0668
843.2442
840.1484
772.0648
783.2146
804.7278
806.5417
802.2762
805.7385
810.5382
798.3164
800.3207
802.6502
812.2772
824.3768
797.2432
789.6882
812.0693
794.6927
796.0498
824.2475
772.3084
803.6647
797.0674
805.1956
804.103
801.4239
797.46
809.2852
807.8922
829.4807
784.0507
793.7414
759.8736
794.4088
803.8213
758.3124
809.1039
813.868
836.7061
764.8688
803.4343
803.8634
798.2995
782.8129
829.003
823.9183
803.7288
786.0418
822.5563
799.105
834.798
780.0151
791.2198
807.76
820.9159
797.2626
804.451
817.5468
753.2682
824.4208
805.1091
795.6956
804.2495
795.4353
763.2637
836.8047
768.7858
802.3161
816.4834
816.4569
814.6571
769.4254
785.8174
760.1311
747.6438
817.2228
821.342
781.5472
784.167
807.6065
815.5825
847.3903
807.7653
767.0183
770.397
805.3397
814.5573
781.3677
770.4472
759.1554
784.1473
831.279
787.4825
804.4152
807.3162
825.1715
801.1579
777.3371
801.2713
804.272
794.979
768.9651
797.9915
751.4069
806.2533
747.3544
817.579
818.0732
776.5978
801.2971
801.633
799.5236
824.6951
786.4449
820.7739
804.7607
819.8404
863.1163
780.0005
784.4157
795.4821
814.5746
808.6378
803.5833
790.6122
760.9947
825.2985
804.7248
796.2243
822.1911
823.4422
853.7036
780.013
799.0504
813.4058
791.382
839.9603
775.3207
827.3601
798.5763
791.3419
786.3885
818.7877
829.1259
796.1005
833.5848
780.0829
783.7896
786.9615
793.3111
767.4268
808.5138
843.1166
791.57
794.9083
817.3712
788.9888
787.6899
784.6252
811.7001
812.2479
792.1295
826.2111
830.9501
804.8045
794.928
803.636
795.7134
847.9511
769.6449
772.3767
790.6803
798.9686
822.029
798.9822
769.3817
789.5836
817.4024
778.7391
814.9721
808.5488
806.6153
782.1321
809.0142
778.9537
772.6205
808.346
768.0407
778.6776
797.3159
812.827
805.5077
789.6359
819.3557
792.4011
834.8797
815.9132
810.045
783.5584
812.3128
797.9412
803.1894
799.9422
811.7973
865.21
813.8452
794.5788
818.8535
834.3931
822.0601
839.4767
790.6905
795.7518
852.7554
860.8468
787.8532
782.3843
790.5288
808.6402
771.2645
806.5253
824.8841
788.4922
817.6533
767.5263
749.8039
787.0062
787.058
806.4313
814.7622
795.0832
831.4516
833.8033
776.1859
799.8697
801.9828
766.7555
816.2386
789.3203
771.202
797.6803
824.036
790.6435
808.981
746.4318
787.8939
817.5548
767.0193
789.527
777.0954
810.8648
795.8395
795.053
781.7927
823.5963
844.9119
814.3825
808.144
781.4751
824.2632
799.6776
833.5663
812.6083
809.7516
809.7446
784.8063
780.62
789.3621
773.489
798.9974
800.1969
783.3851
755.4208
810.8605
823.6894
790.6529
847.7496
807.4559
789.1705
787.0965
811.0097
826.51
806.2575
800.3314
796.8135
799.6525
829.4228
792.0958
775.4677
758.5149
814.8985
777.6277
796.9828
824.4611
788.0212
800.8581
796.9425
769.7419
809.1827
824.0987
792.1236
790.9985
831.5436
795.2017
804.8237
777.4375
821.2838
788.2823
810.2932
827.6259
811.7745
823.0941
788.0281
836.3737
835.9292
789.9551
796.7469
808.5715
824.2775
796.0319
792.4406
807.6693
833.7422
817.434
774.3497
809.5784
787.6327
822.2284
804.6783
797.2448
784.6645
808.0108
808.9705
834.8933
799.4436
803.7992
781.9783
866.8683
783.6856
825.36
815.5874
827.973
802.2925
771.9724
803.9548
834.2157
839.6901
816.4428
822.9422
776.2344
841.0035
795.5579
814.7488
786.2666
799.7711
817.1034
798.7209
765.707
835.9907
802.3956
789.4855
800.5948
785.5599
779.6174
805.8013
819.8659
820.7837
818.2798
809.4359
807.6006
798.4561
807.6664
811.4366
783.1623
792.3491
790.1006
776.2988
794.4186
798.1312
822.4651
828.3453
799.6393
769.3221
787.0923
798.9404
828.9012
777.6803
800.1442
786.1386
792.7304
831.0446
801.0286
798.0467
836.0852
795.407
794.9041
826.4661
806.4869
772.9137
846.678
794.8809
827.4364
861.125
797.7054
816.8973
834.1655
778.4691
832.8457
805.519
774.3969
804.0365
769.1252
762.8808
783.7747
763.1115
838.7078
814.8072
807.8973
783.5317
819.1163
829.6351
769.2655
791.5803
789.3975
780.9566
812.1293
784.152
822.8385
794.1184
807.749
793.5876
795.2643
831.4931
799.2865
806.4993
815.7683
788.6508
803.99
785.1646
821.6912
802.4023
780.1894
808.3847
807.1091
831.1717
761.2034
773.8013
779.934
785.7662
819.9163
807.5312
841.1077
831.7008
788.565
808.7691
795.7814
779.0942
817.7567
773.2945
820.4664
828.942
810.9247
813.7151
783.47
807.7451
814.9094
757.7667
748.2268
826.0699
825.9767
783.8674
807.0276
768.2842
801.3818
806.6693
824.5611
807.1875
807.0815
778.6999
805.9632
822.1524
775.3164
833.2662
793.507
803.3965
809.8488
766.4577
819.5521
814.6054
785.8055
805.2148
829.4615
814.4042
798.4531
778.1962
813.4628
785.0612
803.8694
790.6632
842.315
833.0169
852.9841
809.5069
846.6421
778.2642
796.7469
792.0741
838.9508
756.8011
821.9761
779.7158
811.0083
813.6471
809.3274
783.3288
816.5254
786.7284
798.9085
805.6664
793.7743
773.8304
786.1505
813.2798
798.2249
801.8218
766.7807
822.9198
801.0245
804.275
781.5578
783.8653
795.7677
794.6837
773.6944
769.9835
814.556
818.4389
777.7812
815.1527
766.6574
780.437
802.3023
818.4868
818.7067
776.3072
809.3001
823.6614
825.4085
820.1989
799.8593
818.5147
801.6838
805.8307
837.0485
778.5932
843.6062
809.9808
800.2389
789.004
802.4441
792.7501
793.6841
862.4578
788.1105
810.1984
818.0984
798.8527
798.5912
796.8694
826.0177
813.3936
846.0159
824.206
791.8542
811.8828
771.509
782.2308
771.918
792.4356
752.6283
809.4225
830.8685
832.9073
812.0937
808.5531
815.1539
792.3577
834.076
790.7576
805.6175
779.5457
806.774
754.5884
802.9805
799.3413
817.9272
817.6022
816.9952
805.8397
748.4329
829.6664
799.466
783.1107
818.6858
801.9419
815.1517
781.6937
793.6614
825.4503
786.1897
773.2579
800.4503
818.7986
788.7743
804.7168
814.0554
805.8803
775.4426
773.8286
801.5762
794.9092
783.6661
813.2893
787.8843
803.2225
796.12
822.0014
778.9033
789.4174
815.0091
787.8496
802.4073
788.3901
778.4146
766.7942
831.4095
802.9445
823.5857
823.6002
761.0082
807.0902
748.7481
783.883
831.3476
788.1571
819.3681
820.8191
817.2424
819.2248
817.3172
821.7607
786.9325
802.4149
773.0644
807.083
809.6835
816.0014
801.5408
796.9894
791.3034
799.764
848.0211
802.6242
764.1331
824.7457
811.3525
774.6414
752.8988
792.5165
809.529
798.4033
806.7188
870.7973
811.3713
804.0814
796.7146
767.8945
786.9084
802.9155
785.5166
857.9283
823.9684
818.2694
828.277
764.5726
804.5463
782.0076
831.8394
801.4752
808.6786
802.1179
834.005
779.9267
807.1533
827.6143
817.9132
815.5186
762.3812
817.2917
812.6136
752.9338
826.2103
769.156
825.4888
826.2057
805.0781
793.5758
807.7396
812.4723
843.5252
793.3908
805.3537
782.7768
808.6819
776.9555
864.9417
803.5018
790.5469
843.5333
790.2641
769.5729
828.7395
783.9381
778.3807
779.4195
789.5398
796.5323
798.2672
804.2193
818.8077
797.4563
813.0191
760.4794
806.9205
798.2217
778.7705
788.7969
791.7141
776.8859
790.8645
839.9371
817.6373
817.2859
761.3021
826.1743
775.5353
816.5215
822.405
786.4707
828.9365
804.2652
784.5721
806.4119
806.4842
830.0623
815.4592
799.4025
790.5124
826.5557
788.9026
796.1865
808.033
829.5312
790.3244
780.717
801.1643
825.2656
788.5361
829.1663
818.5753
801.2916
798.4079
804.8914
799.4722
809.1129
792.5656
818.2575
818.8787
825.4254
812.9786
800.3618
814.3116
763.2496
812.3134
812.1578
801.9184
824.2142
799.8672
791.9382
797.9754
793.9105
806.3494
802.969
785.3724
806.8306
824.6143
774.5821
825.1082
845.5065
790.4752
795.5018
793.415
833.7132
789.8614
803.9502
773.2523
822.9497
791.0254
820.792
810.7766
826.5431
831.4735
796.757
783.9227
831.2341
793.8926
785.5613
797.76
825.8441
788.7168
851.8827
799.5961
785.6642
797.6308
817.9203
787.5462
794.7422
791.6612
822.8207
793.4636
812.3779
824.6871
798.1832
792.0394
825.2977
801.255
780.8578
872.7361
810.4124
771.9444
836.1987
746.9568
790.2914
822.5517
784.3695
834.647
770.5645
773.3715
785.0792
823.9747
807.2975
815.3428
817.6699
807.2676
817.6712
803.1163
809.6851
792.3799
782.5337
788.3242
780.3058
819.4572
813.8068
771.5667
802.4252
776.7151
776.2258
781.9
792.4838
799.0407
816.6607
819.4341
816.4585
821.5741
835.8789
783.9583
837.2049
810.141
796.9722
816.8907
797.3478
819.1787
799.8917
805.1616
775.2206
811.3966
808.2603
782.6602
814.6224
829.6344
819.7456
795.0955
786.6031
823.1692
799.0707
830.9832
739.2398
793.5987
815.3285
788.3219
826.3101
822.5053
792.1007
796.107
829.7218
797.0538
814.2246
817.257
804.3978
748.0155
803.3243
792.1548
798.9549
852.5859
817.395
793.9209
778.9843
811.2129
800.7923
809.7198
813.6691
792.5979
815.6673
825.1607
826.4185
816.9409
782.038
785.3603
824.6618
784.4276
813.9964
830.9474
817.3658
881.6752
784.2591
809.3175
820.6889
794.6039
755.9288
788.8405
802.8241
783.1871
795.9282
806.3887
804.7635
789.2066
829.0092
784.3534
814.62
818.9862
809.2609
793.6158
779.5085
834.0499
777.0387
815.0028
812.7877
782.0094
825.7306
777.516
822.3105
812.1749
785.9387
780.2867
782.9411
802.8482
832.7231
828.174
804.3369
748.759
760.5986
792.3863
787.2483
800.1198
777.2261
817.3642
826.1079
795.1591
789.9301
831.8056
818.439
775.4265
793.0699
791.8797
853.1871
814.6183
829.9031
791.6831
798.8305
793.7892
808.5815
815.7346
777.3772
833.3891
807.7748
801.3991
789.2769
756.2136
822.634
813.8274
779.2922
796.3532
820.1385
812.8176
782.3272
811.9536
791.4107
808.6216
763.1705
812.7223
807.6589
820.9778
757.4931
796.6891
837.1947
815.7223
816.801
831.1401
774.6811
794.3872
785.1417
777.0152
812.2728
794.0487
798.197
790.5324
799.8268
801.3403
783.025
796.9847
776.4774
768.5773
807.1403
778.9881
772.7659
810.921
828.8313
794.6168
785.8294
816.3869
813.3117
802.4025
821.3431
765.7951
796.4167
818.1994
793.0227
760.8189
784.5828
817.9195
772.5408
783.1001
774.249
814.0758
795.5704
784.4606
785.2151
811.5841
803.3269
825.2266
791.7764
869.682
794.5122
821.3396
820.8385
827.3464
808.6414
800.3925
790.2053
767.5524
766.8646
813.9369
795.7502
818.181
834.9732
786.12
790.9557
810.5157
824.728
778.3323
798.2531
795.122
805.6613
806.2292
795.1037
820.0566
778.7385
762.8002
832.5221
789.6597
810.833
806.9784
767.272
796.119
804.3582
807.279
781.8116
808.8206
789.1646
828.0912
836.2651
775.5226
804.1597
810.1478
811.3745
789.7763
792.7005
783.6589
807.3346
805.0647
786.8351
830.9865
778.7785
783.6485
758.7761
823.9607
821.3856
820.0249
796.2998
818.1531
781.433
777.4529
801.4776
809.5417
775.1028
778.5846
805.9875
768.7921
805.6469
817.305
796.7742
781.2604
767.4671
794.3945
829.8082
801.1122
775.3722
798.9575
823.3116
777.2132
808.9013
803.9875
770.7596
800.2505
835.7286
797.9957
862.5396
754.192
829.7197
786.6844
830.8482
843.6783
800.0016
787.1763
788.8768
807.9257
796.8307
812.189
793.4064
836.0982
805.5315
811.6868
786.0531
784.107
781.6082
754.9659
815.563
807.2265
824.768
806.7949
827.8116
807.7992
819.7982
785.9506
780.5429
794.2969
800.3902
810.3676
783.5138
805.0805
787.1446
830.4801
841.2334
841.2381
800.0304
818.8066
780.5565
791.0268
789.9149
776.9985
809.5129
797.3191
768.065
799.3599
809.9765
795.2401
836.1078
791.8877
816.3853
801.9044
787.2163
772.219
790.6466
799.1948
809.7365
798.1754
797.2349
816.9007
793.6462
831.7994
804.7561
802.6765
815.6101
797.0335
779.8245
798.0537
772.6783
789.8204
815.1244
811.514
790.3405
796.4374
787.8828
813.016
830.8195
835.7849
832.0261
789.0726
810.9001
808.6235
805.8859
783.3527
805.5977
743.969
796.5649
785.9613
799.4053
768.2779
785.8316
762.787
831.0442
788.6414
785.8101
811.3273
811.7005
803.1249
789.3685
814.8902
807.5222
790.4635
832.7772
804.7701
809.7125
802.3817
849.4248
817.446
819.7478
764.742
826.1395
790.2088
783.0562
818.8542
817.3401
798.5229
782.8097
803.7588
821.2872
816.6019
806.6732
791.3189
805.3768
801.6302
854.4819
814.9514
773.0586
769.2699
773.5066
801.4665
788.9819
810.0101
795.6794
798.6994
779.1019
800.4433
779.298
810.278
810.325
803.6064
807.0043
801.8608
804.1684
829.2707
804.6925
826.4542
781.8264
805.454
768.4089
821.0411
754.201
805.0735
818.1835
809.5457
818.7122
810.0064
820.7234
833.7779
836.2451
783.2782
784.9811
820.3511
787.512
808.2959
802.336
808.3744
822.9509
819.3318
808.803
820.9268
815.1529
820.8679
824.0942
824.9572
813.5192
786.2683
822.6008
820.6852
816.7222
790.0571
802.6774
804.0226
789.4728
798.1362
766.8623
810.0557
805.0997
818.1449
820.0846
788.2157
851.2451
819.8525
799.4467
788.2819
757.9677
801.9876
791.7566
794.216
798.615
801.3437
834.7334
841.1254
812.2862
821.3811
786.7604
813.3381
787.344
815.4616
812.2926
841.3687
798.2323
818.2484
793.252
834.0333
827.0943
820.5667
772.0367
843.1823
823.312
823.7647
823.5946
807.7465
800.9615
771.3522
832.5749
746.5139
791.7152
787.6649
784.4225
794.5157
829.278
790.0472
813.0265
835.0798
809.9704
787.7319
803.0111
813.1831
784.0916
768.1603
789.9499
803.6666
810.5922
814.3084
817.1172
815.3057
810.8668
810.1142
795.149
829.5779
799.1282
831.2096
814.498
815.6101
816.8869
813.8866
785.5088
774.8944
803.5466
784.6055
782.3834
787.8968
786.6544
811.5514
810.3287
851.9159
794.3855
819.6737
798.6861
809.0899
824.8288
763.3727
812.9569
801.9318
795.5133
817.4185
782.3844
799.232
837.3346
808.0448
801.9613
778.2777
813.4623
805.7913
806.5994
793.2249
786.5205
819.4073
823.2762
812.7026
817.9422
818.8006
825.2903
789.6131
786.6933
845.0192
804.9636
793.2648
784.2164
798.6634
820.2615
806.7995
802.7986
796.3962
803.3337
825.7856
832.6352
776.291
824.1269
772.945
814.0994
802.2588
804.7653
806.4398
810.8237
821.8324
797.5227
807.0755
803.2435
840.7704
791.6355
788.7791
784.5596
805.8879
789.9021
789.6326
798.1332
775.4414
748.643
802.2795
798.9618
795.2568
802.9814
792.226
809.9496
799.9781
814.6476
792.2912
804.366
779.1651
796.338
791.7161
792.435
800.5106
798.8173
820.5105
806.6669
785.6291
796.8465
796.1897
795.7026
811.9182
821.9555
789.9818
813.7103
792.1403
828.2173
792.1986
812.8525
819.3768
742.8174
806.2787
817.4308
793.3797
791.9505
777.1281
807.2583
799.1501
786.9967
769.8535
787.2401
820.3957
827.1206
804.6858
848.7689
760.5812
801.4705
783.8601
830.7605
823.0587
777.0448
788.841
831.1545
813.0678
803.9687
788.0456
826.8432
799.0108
774.3616
778.4709
787.5626
806.5644
807.4384
810.9976
800.1895
798.5372
802.1367
836.8253
773.316
801.2537
810.4933
815.3411
801.2041
792.3689
846.7132
805.0872
797.3384
769.5209
810.9992
821.6017
794.8995
784.5649
813.4075
838.5097
833.8088
785.7359
807.3086
786.58
812.9146
817.8005
764.897
793.9336
807.0366
795.8621
816.8512
807.3903
792.7886
793.97
802.7931
791.7752
795.0162
773.7504
811.6333
781.6531
807.3382
768.7694
804.9794
799.3683
807.4655
826.1732
810.345
796.1975
754.9101
792.1033
802.1395
837.0737
781.8064
791.8693
815.4787
794.0685
795.704
818.5586
790.9169
786.8004
762.5711
819.5951
749.3837
807.5768
788.2168
808.8463
804.6435
814.4295
784.7194
814.3487
802.3459
819.2655
793.9563
777.9475
789.7879
807.7509
799.5636
808.2849
806.1608
801.0021
819.975
814.1649
770.5028
798.4829
795.9157
792.5762
785.8932
831.1463
750.0248
791.3636
798.3407
794.3304
831.357
769.2805
794.8804
791.858
821.579
778.3576
807.9699
838.8971
820.3665
805.7038
796.4511
819.9228
810.0111
811.7299
818.7086
794.8445
793.9615
792.8778
785.1383
806.7096
826.7302
798.9224
849.2653
832.4861
743.8108
807.156
838.9537
816.9621
799.4753
826.6413
798.4955
796.9891
794.5689
823.8516
845.7699
819.9188
788.7514
820.7063
775.9461
788.1837
817.8125
847.8179
789.409
795.5117
806.0238
804.4221
783.6673
794.5961
846.4184
789.3252
816.1863
794.0531
784.2917
789.4843
777.29
798.4542
797.6965
806.6706
831.8385
796.8161
820.7732
818.9741
812.6011
800.957
822.3686
827.4391
781.5036
781.0356
785.4373
773.7582
816.6091
799.6573
829.0413
783.0772
813.1799
791.6011
808.2305
821.3055
813.323
789.7059
761.8689
792.5225
799.7935
800.7091
824.9655
797.0462
819.7577
810.3884
811.9856
775.9937
816.8313
806.8291
805.9576
778.9108
760.1445
841.837
837.3405
788.809
808.6862
787.616
806.4384
805.411
833.7433
778.4064
800.4798
770.5287
793.3769
754.5594
805.2705
795.4247
813.2185
804.7743
799.7567
793.5838
785.0634
812.947
813.1624
799.4097
827.4418
790.096
837.1842
760.9792
810.3543
818.0642
745.3593
805.0079
801.7498
796.731
784.202
810.1435
830.9108
777.1804
867.1665
821.1965
787.0198
832.4489
826.8294
789.5801
774.1145
784.9862
828.6861
806.9911
816.037
750.8659
797.0876
805.4876
779.7948
811.7591
796.3826
820.2647
809.0544
814.4638
799.3776
817.1246
818.5146
787.4598
780.1137
798.9714
796.004
809.2373
828.4243
819.2231
798.5913
833.4595
811.6093
809.8128
808.9262
829.0286
836.1109
810.1418
832.0654
811.6035
816.0864
823.9501
830.6707
808.6485
798.6489
791.2116
786.7394
795.3994
822.4676
815.9905
801.3944
827.1335
814.2105
798.7823
821.102
790.0529
825.1328
778.898
783.9536
806.0124
789.029
808.7314
838.8151
782.4705
820.6918
772.0447
817.0806
812.2449
819.4481
809.8411
749.3839
772.8943
808.5348
791.7206
804.3922
823.0428
798.9177
798.8324
793.5287
833.4054
788.4992
812.0369
827.2071
820.1887
813.3459
809.0075
806.9074
770.8416
773.2486
798.4022
821.9543
787.0089
833.3573
792.4539
779.7104
772.4067
777.2585
809.2457
790.4634
811.7698
767.3974
796.5786
825.6228
800.7539
766.8225
811.4183
824.2124
788.5226
787.4115
822.4904
837.3857
803.9425
806.3503
799.726
800.4518
797.4449
803.8325
798.1651
763.5498
847.3481
769.607
821.3608
770.1321
804.3575
829.0412
808.6177
771.8993
816.4052
795.7938
805.6264
833.5789
789.9126
796.9414
804.9196
782.9478
803.5788
826.8163
772.2114
789.345
785.5967
821.0419
829.5045
814.4904
787.8357
796.1481
793.9821
803.498
804.6821
795.8875
776.4355
832.6666
830.6172
797.8463
802.8866
804.3336
809.9193
800.2492
794.1427
820.9653
773.1743
787.9037
814.6918
802.5186
791.2545
793.6219
789.377
815.752
792.5384
780.4744
808.5947
779.2352
831.9039
791.0921
788.9915
776.4368
776.8617
817.2661
780.7169
785.5961
797.045
760.6194
795.4381
794.0855
809.2695
822.0931
859.3798
810.7144
795.7306
816.8743
810.7737
792.7446
786.3599
780.2181
794.8009
806.1746
785.6105
800.0997
778.5997
803.0909
824.8383
815.7777
793.2079
818.0956
785.4175
806.7213
768.4458
813.0339
824.9887
802.0151
784.8126
800.3346
826.147
797.2623
789.7953
808.8238
814.7955
789.0689
786.3433
826.206
801.1015
800.9213
766.3535
800.187
799.9562
816.0127
784.8058
799.3662
780.1516
806.0088
804.9263
797.5461
809.6525
777.9763
831.9666
864.6994
800.9427
805.601
820.9899
795.6558
810.2445
809.7457
817.8743
833.1576
793.4814
760.0942
787.1473
822.3343
778.4667
837.7635
799.6798
816.1318
807.5158
793.4403
815.1614
800.1169
809.3285
804.5512
790.8044
797.948
774.7051
832.1009
806.875
850.7623
785.6407
817.094
812.1524
803.4039
797.0085
820.8858
803.9592
801.3768
777.8797
837.6899
791.1468
787.6037
795.1364
797.262
804.4929
793.0571
802.3231
804.2302
764.1657
820.7432
811.1162
772.4929
817.8455
804.2502
764.973
801.6422
811.8996
797.893
819.372
766.5866
800.6623
780.672
793.0642
795.1657
813.4127
792.9368
811.2427
807.5477
801.5455
809.7452
778.9196
814.8841
780.8514
820.3923
807.4449
799.982
813.7214
763.5908
806.7055
821.6427
815.8777
790.7686
786.3502
785.6868
786.368
775.0178
809.4843
775.0198
811.1141
786.7757
791.2557
776.6447
806.821
777.5318
803.0969
783.6303
800.5212
800.5024
789.0604
808.0253
822.384
816.9215
790.4713
821.4545
790.1809
803.7057
817.3233
794.5507
795.9935
795.9239
795.2876
777.7821
784.7834
831.4745
782.2198
802.644
783.454
821.0946
840.524
791.5419
795.547
827.9174
788.047
763.0073
769.3296
799.6708
797.3005
796.6807
823.1557
793.8068
784.9613
812.4449
807.1143
802.6368
839.4364
784.1843
816.7257
799.115
782.3696
838.8326
826.1691
819.0336
826.137
830.4804
809.3989
777.3278
803.2444
804.427
796.5047
824.6971
810.364
779.6134
815.6636
780.7494
805.4404
799.7237
813.1988
839.7027
783.5915
806.9624
796.3289
813.7079
805.618
848.1535
817.5771
808.3949
783.8385
801.9809
773.8611
799.7847
838.0509
825.0399
740.8124
806.8829
788.7842
809.4179
824.8395
809.3284
771.3709
801.1904
804.0715
825.1794
791.7144
799.7001
730.0892
819.5294
778.2686
809.2348
818.8914
749.2852
795.7476
789.9536
813.9418
814.679
787.1721
802.1413
779.9181
814.6756
825.3629
805.0943
799.7813
784.7719
830.7947
804.1616
822.3955
828.7002
791.1083
792.4902
858.0205
813.988
811.3916
812.6423
799.0598
812.964
784.9303
837.862
824.5132
853.8188
794.6725
823.1935
782.8692
805.0845
779.5761
828.7809
820.4366
808.9474
802.1623
792.3928
781.8552
823.8793
791.7692
803.0578
808.3039
810.9444
822.6299
821.6842
782.7893
814.5422
800.6467
807.0057
785.8085
781.9586
825.918
821.3321
774.2579
788.7997
810.8292
812.4713
809.7671
804.2322
794.6985
803.5714
757.8607
796.8558
809.3548
780.0818
828.1776
817.1436
794.3672
821
838.3087
783.7176
802.2384
807.6101
800.2204
783.3118
832.9923
796.0378
811.8907
804.7292
840.0304
811.2558
781.7006
808.6554
800.1059
791.1552
803.7089
813.1491
821.5202
787.02
786.7621
804.5463
792.1833
793.2341
810.8544
808.0746
837.6307
791.2223
814.4071
820.3268
804.5171
759.9649
821.5498
784.4196
780.6257
804.4339
802.6864
778.044
861.2467
783.1081
814.687
758.0321
815.4395
805.0969
854.7864
774.4507
783.7463
770.5914
813.4362
818.3445
806.3864
793.5809
799.0551
792.3013
798.4754
789.8575
833.0563
786.3433
790.3043
796.9477
806.1988
768.2205
780.39
776.7378
810.7272
795.4987
822.8322
792.4088
801.4272
802.1006
754.3334
799.3477
783.6439
798.4311
781.4823
827.2614
804.084
770.6619
790.6827
826.3713
772.0436
807.724
856.3981
797.2372
748.2315
753.9615
798.5961
793.3458
809.6735
797.796
791.6915
771.1269
818.2673
798.6739
812.7451
781.4656
827.1751
778.7912
780.6594
800.7078
788.484
788.4043
793.4292
806.2403
804.2593
816.945
783.8776
808.0682
811.7339
806.3811
782.4551
777.5896
798.4259
826.7541
833.9862
801.192
788.595
784.3902
817.823
822.9418
786.3403
819.2369
769.9044
827.6022
821.6155
811.1761
814.2881
810.1725
821.7704
766.3744
824.5725
782.3726
801.4653
809.1114
790.078
799.7937
800.0126
786.1325
804.9426
800.8124
810.0956
808.6485
806.0263
808.4135
822.3656
804.9981
814.4474
788.5166
800.6253
799.9492
791.087
804.623
803.9634
745.7661
826.9494
783.0265
770.8063
812.3053
766.788
767.8732
814.2028
793.5446
812.6127
807.7058
798.936
799.8433
804.2175
798.2006
792.7678
772.9501
792.592
808.4932
808.7844
781.6367
814.0403
796.7791
811.8954
809.326
774.5598
799.4758
788.8399
810.737
791.2867
809.0452
808.4277
798.7188
775.7136
798.1476
809.3601
795.5283
797.267
807.4279
777.7981
798.4314
794.8119
803.7777
805.8495
784.9978
781.9506
788.9873
810.2732
796.6062
810.2186
811.8717
795.2591
789.8308
808.7173
731.8507
837.645
817.9398
834.1247
737.9824
785.7199
808.0728
802.1954
813.0992
813.2253
770.94
845.4879
833.1588
824.1402
807.6961
807.5916
830.061
794.8249
810.023
837.8208
816.6162
823.7052
835.734
807.3943
836.8032
843.1752
771.27
817.3615
816.6524
840.9525
834.4177
829.6498
811.7422
783.1034
769.8656
806.9314
821.5595
776.5226
817.4673
793.1019
774.2504
786.9464
831.6782
821.8794
792.7891
808.076
804.4362
818.2758
791.0595
810.6025
779.0108
795.1987
796.7555
805.1134
810.974
831.597
800.7464
815.2996
790.0772
800.1591
804.5436
817.1492
808.8228
762.5221
815.1169
787.0549
795.0136
809.2716
795.664
821.415
815.5692
802.8011
792.5864
828.6704
802.0952
759.8837
811.7212
841.398
794.3319
786.0736
779.4015
804.2513
818.0283
782.9945
793.9576
770.5864
801.3968
754.0986
792.0589
801.4239
806.6633
816.6268
770.8354
796.3094
855.6719
779.814
784.1893
791.1017
816.5196
815.1407
812.813
810.0257
804.8651
793.795
821.5928
814.0568
803.4558
776.0357
810.1938
806.7652
806.07
789.5654
825.1747
818.3072
789.1674
785.9085
846.5112
779.464
792.394
804.7836
785.6427
802.8179
837.789
813.2574
823.0227
812.1277
821.705
779.8244
795.5217
781.4449
804.5564
797.2822
835.3167
819.1193
808.8
777.1718
802.5467
777.1822
823.5108
798.9689
782.8251
797.1847
804.2262
795.086
785.6288
783.0085
791.4537
841.5463
809.2647
756.6218
774.0168
786.162
846.4553
815.5041
784.2317
818.142
809.8102
805.039
764.431
827.4155
797.1755
815.8899
804.7383
795.6511
805.697
791.2535
805.8871
802.83
815.0018
810.5786
787.2381
799.872
772.4025
783.7158
813.7569
804.107
811.2295
800.3082
818.7578
782.8585
816.1027
795.0178
768.8635
793.8551
780.674
766.3347
821.275
755.4495
841.1024
784.5298
809.3746
829.8099
815.2598
796.1845
816.4792
828.5571
778.1516
791.039
788.7708
789.2349
771.9705
762.007
768.6064
789.2747
792.155
799.7863
819.1431
842.0812
782.8803
793.2573
792.6512
838.9171
815.6432
809.5133
809.0162
798.0562
827.0593
821.9094
736.1026
805.7378
790.982
872.2133
818.5526
834.5575
808.4725
780.5924
837.3927
772.9122
826.2354
787.3556
792.5825
796.0168
778.4636
766.9626
797.7343
800.6872
815.8059
802.5796
816.6366
803.5676
784.1913
808.2593
809.9989
823.1195
767.4264
815.2506
778.0939
795.6796
782.1887
830.9104
797.214
804.586
798.426
799.873
796.5081
760.8625
788.2885
815.2468
792.0991
805.4242
811.981
812.6783
785.2491
822.4242
807.8678
825.7415
805.0209
782.0622
792.5022
758.4564
782.1901
794.8344
813.2016
817.6913
806.0232
776.6554
773.6141
790.6845
791.9483
767.7665
792.9243
799.6006
767.9825
821.544
826.6066
784.5728
796.2943
756.8446
780.9677
827.5763
788.841
803.9471
773.2207
788.2347
797.9196
774.7249
778.3324
809.577
785.1465
784.1263
760.4199
796.4165
785.4815
839.8327
779.0336
777.0158
787.3017
811.6351
832.8219
836.041
776.3717
797.3661
785.8463
788.9079
821.215
788.5266
820.8547
808.3573
811.6109
828.1604
813.7502
799.004
803.2519
809.3566
815.3659
806.8596
835.0122
789.2814
783.3538
807.0513
785.0948
800.8474
797.3641
796.1529
822.5207
786.8411
780.2987
795.5497
780.2581
794.6184
829.4363
789.6519
781.9614
809.1374
821.4892
818.5921
815.2127
786.5677
767.9612
784.2513
824.6892
827.4854
798.6802
829.7616
774.4448
830.4086
801.0861
801.7062
806.7227
834.3004
846.3492
826.2264
782.3083
797.3622
808.9815
805.3181
803.5267
842.2547
822.26
834.0104
806.659
767.4847
794.341
799.1078
788.5099
764.5191
795.6363
788.4452
821.1612
790.3751
803.1737
791.6314
809.3066
832.3147
815.2126
816.7601
830.8112
799.0187
824.0848
793.2681
787.6198
782.7001
820.5394
810.6273
819.5706
812.2213
786.9113
789.4453
791.961
802.7735
799.5516
816.401
835.9061
778.1143
821.7633
809.4376
830.9708
777.491
791.2138
797.067
794.4043
858.1929
797.2453
834.4236
791.0738
809.9862
825.2856
796.8728
776.6083
796.2546
810.2361
829.4285
780.2148
788.6894
776.0641
811.8135
778.4754
775.894
780.8368
803.9729
786.253
751.5509
803.2276
793.5
795.0393
783.6129
794.4834
808.9831
787.3774
840.5294
786.3811
780.8111
769.9675
792.2774
836.8155
803.977
774.1439
811.9809
792.8247
817.1939
769.9509
826.8731
808.8757
826.5727
788.2764
791.743
810.0813
827.7101
799.7455
819.7967
809.7815
814.8074
832.7113
815.7105
820.5561
769.3357
786.2906
783.7157
804.2144
796.9181
811.1268
800.0263
814.7054
817.2008
781.6332
791.7085
786.137
816.7637
801.9611
809.8043
818.2446
838.7321
819.934
770.976
817.8043
803.0852
785.3296
798.3095
836.4082
823.1002
819.0543
830.084
785.0446
819.6195
819.3806
820.8377
804.7965
808.9945
819.4464
815.9479
808.6705
801.6546
810.1028
819.0643
805.4419
800.7457
791.6643
833.054
809.2773
781.1143
790.8669
793.0035
794.971
792.646
840.5457
801.2921
809.3023
781.7971
812.6038
845.5245
798.5069
818.7615
783.2957
775.2641
814.5957
802.1681
797.7531
786.2454
817.6827
817.5599
792.1353
803.7074
813.9863
810.2614
780.6282
796.2471
838.158
809.1415
805.1092
795.4345
805.6952
792.2658
828.1144
761.4773
805.6627
820.1139
788.3109
824.1303
776.2664
815.151
806.6951
788.4717
796.0862
813.9308
810.719
822.8787
819.5151
809.24
752.8013
801.3854
799.9715
807.7716
799.1976
801.1822
814.2615
789.9753
808.6161
792.8632
812.4119
806.0063
827.0778
798.8588
782.8204
802.7353
791.9907
824.631
836.6523
819.4634
826.083
804.2278
820.1893
806.4555
817.6863
819.0406
817.6878
809.1089
805.4013
816.1007
790.0264
770.2721
797.9601
829.174
786.8307
791.897
780.8492
810.5962
806.7491
808.1602
818.1835
815.4364
797.8007
804.2869
803.8028
808.1313
767.5649
796.8544
801.2779
812.0007
788.6435
792.7718
778.8859
809.3791
826.5036
787.4142
809.4005
789.088
832.4216
778.7518
806.8964
780.1989
811.3614
797.2095
810.7376
798.5611
790.7877
826.6573
817.254
792.3064
773.6143
809.6853
817.6852
808.3947
793.7365
814.3103
784.9528
812.8511
