8.583196
8.580945
8.500153
8.525842
8.600824
8.619078
8.506838
8.589754
8.565649
8.558902
8.523216
8.566038
8.562321
8.570613
8.645698
8.527791
8.606361
8.567594
8.558582
8.53879
8.607898
8.550028
8.563431
8.61223
8.605492
8.540904
8.581142
8.555746
8.522515
8.537498
8.546198
8.547318
8.532413
8.587116
8.536664
8.559399
8.592663
8.540877
8.571036
8.594909
8.614209
8.523773
8.572213
8.657689
8.554449
8.628834
8.644535
8.593347
8.578277
8.536713
8.61719
8.485555
8.589543
8.541495
8.603846
8.599742
8.587215
8.530638
8.576829
8.599246
8.524669
8.582898
8.601397
8.588428
8.568014
8.559011
8.55874
8.593975
8.529469
8.605304
8.528591
8.574713
8.543348
8.566198
8.528964
8.589959
8.615632
8.505536
8.56494
8.592466
8.518758
8.525624
8.527151
8.477382
8.60838
8.577253
8.627871
8.582478
8.586041
8.608743
8.606845
8.577349
8.495982
8.600522
8.53137
8.577156
8.566691
8.58562
8.53395
8.559899
8.529297
8.593014
8.515748
8.543889
8.604231
8.578106
8.622617
8.636755
8.473202
8.623405
8.527978
8.588229
8.573899
8.55546
8.563964
8.52536
8.575195
8.544148
8.583121
8.593386
8.604705
8.589952
8.602798
8.561753
8.538365
8.587659
8.617316
8.55036
8.562817
8.588566
8.591783
8.603551
8.585601
8.580236
8.575247
8.51435
8.510449
8.574181
8.592681
8.553756
8.561912
8.567706
8.532873
8.560083
8.611618
8.555017
8.570248
8.504742
8.484317
8.592934
8.551517
8.583688
8.561836
8.589333
8.549545
8.493468
8.570179
8.55732
8.588922
8.568507
8.514224
8.597651
8.539711
8.580998
8.560327
8.598224
8.594403
8.534129
8.628115
8.519319
8.555774
8.569345
8.529788
8.503653
8.630313
8.588635
8.56272
8.574462
8.624095
8.609361
8.592497
8.497448
8.524694
8.623212
8.60109
8.639631
8.600559
8.537164
8.591753
8.526735
8.557396
8.54621
8.56666
8.600415
8.65694
8.576842
8.594742
8.571224
8.548826
8.634723
8.573884
8.623398
8.557529
8.54323
8.557507
8.576601
8.584661
8.527985
8.537911
8.580642
8.57188
8.527671
8.485575
8.511834
8.494303
8.564815
8.519138
8.521885
8.542438
8.558055
8.522995
8.577131
8.558166
8.529132
8.53997
8.565682
8.562692
8.568927
8.56942
8.600682
8.620232
8.513603
8.545604
8.60064
8.632298
8.620224
8.600169
8.574862
8.621891
8.539096
8.528886
8.522165
8.615682
8.569861
8.548294
8.578409
8.532979
8.615357
8.537323
8.584938
8.553221
8.566996
8.603132
8.578495
8.533134
8.519981
8.618482
8.595485
8.566154
8.567767
8.554655
8.536851
8.561247
8.628357
8.568404
8.521845
8.600817
8.578981
8.530864
8.583874
8.565175
8.574671
8.604698
8.56266
8.593983
8.64169
8.587079
8.506919
8.539746
8.526635
8.545718
8.608962
8.485993
8.539719
8.568618
8.602818
8.520871
8.506121
8.57252
8.579176
8.598893
8.53531
8.560013
8.54888
8.572074
8.621112
8.565144
8.580283
8.56151
8.574955
8.57951
8.529433
8.579458
8.515703
8.602591
8.540531
8.578113
8.619144
8.590552
8.564951
8.558021
8.58623
8.589737
8.60445
8.577543
8.538902
8.614744
8.551873
8.5394
8.551323
8.532365
8.573292
8.623888
8.588171
8.522092
8.61923
8.618664
8.591709
8.566131
8.502857
8.528207
8.565679
8.570476
8.52386
8.579725
8.569138
8.532741
8.591971
8.542333
8.570684
8.662703
8.571528
8.56669
8.5827
8.566689
8.574694
8.581959
8.585267
8.518269
8.541609
8.539713
8.558071
8.539703
8.508507
8.583748
8.539347
8.575017
8.61279
8.604755
8.564701
8.530856
8.555398
8.586701
8.556038
8.508361
8.519411
8.558691
8.573015
8.557107
8.531425
8.553617
8.580094
8.545009
8.671868
8.592339
8.572418
8.543853
8.511691
8.565167
8.557097
8.563934
8.573397
8.551412
8.595151
8.581043
8.620056
8.571067
8.602852
8.525699
8.613053
8.582943
8.613865
8.60514
8.545692
8.545056
8.513093
8.573532
8.555395
8.578766
8.56331
8.570797
8.548046
8.566181
8.582613
8.609789
8.580107
8.527108
8.558143
8.536805
8.583075
8.596311
8.53051
8.615698
8.57511
8.586583
8.584904
8.528115
8.576607
8.584462
8.486181
8.520779
8.487995
8.553584
8.551154
8.530477
8.552427
8.499248
8.498355
8.546278
8.580482
8.585574
8.597006
8.545981
8.577076
8.632774
8.571314
8.555485
8.56637
8.528291
8.599409
8.673737
8.621233
8.594166
8.588173
8.527609
8.512221
8.5838
8.521559
8.583164
8.559284
8.538169
8.543234
8.573369
8.545351
8.555867
8.472994
8.592146
8.588923
8.569374
8.538322
8.54123
8.605243
8.531383
8.53022
8.563554
8.623854
8.560593
8.597088
8.514462
8.63388
8.548418
8.572034
8.517353
8.56746
8.559327
8.57778
8.4941
8.586811
8.532234
8.614282
8.572506
8.517049
8.5488
8.562499
8.51809
8.560759
8.536216
8.548405
8.606092
8.568117
8.560768
8.602471
8.560887
8.628513
8.597157
8.545916
8.594297
8.525147
8.552179
8.553501
8.57706
8.613069
8.54448
8.619155
8.556433
8.557404
8.629817
8.560505
8.621527
8.558097
8.568242
8.531706
8.528782
8.616996
8.612147
8.493151
8.588389
8.549068
8.53247
8.628461
8.586563
8.595586
8.529314
8.600205
8.584107
8.508714
8.52905
8.55841
8.556083
8.546529
8.587499
8.59743
8.60447
8.565692
8.604703
8.578414
8.589847
8.641167
8.620869
8.476177
8.600973
8.577338
8.610179
8.607388
8.551022
8.587723
8.586216
8.581691
8.527525
8.574598
8.536135
8.517396
8.487692
8.606787
8.576962
8.544613
8.51661
8.577492
8.597305
8.540635
8.583203
8.556416
8.578595
8.608813
8.542241
8.581424
8.573727
8.506735
8.616736
8.504693
8.533547
8.521352
8.552902
8.556397
8.536494
8.614003
8.534648
8.499508
8.565558
8.49587
8.539046
8.611351
8.581314
8.612998
8.661743
8.557167
8.601779
8.557784
8.531943
8.502146
8.583059
8.620212
8.559258
8.507781
8.536775
8.639866
8.542884
8.574281
8.617789
8.508236
8.556605
8.527984
8.596773
8.586378
8.544924
8.610757
8.55037
8.58752
8.557951
8.550183
8.549876
8.554216
8.538056
8.514296
8.571193
8.468319
8.562626
8.552287
8.598538
8.521457
8.550358
8.56894
8.543537
8.610156
8.575245
8.514887
8.563569
8.546432
8.511376
8.598385
8.545042
8.594671
8.476259
8.456851
8.620587
8.62852
8.550476
8.52832
8.518211
8.640847
8.613398
8.602596
8.494154
8.58945
8.524793
8.48695
8.609004
8.548244
8.520724
8.533013
8.521093
8.524364
8.572071
8.560054
8.557122
8.57542
8.560509
8.544576
8.622605
8.613193
8.55381
8.514672
8.570072
8.49877
8.558706
8.515839
8.595573
8.518006
8.541022
8.537224
8.544317
8.58088
8.528286
8.535608
8.570772
8.555824
8.586407
8.5709
8.587314
8.476857
8.598396
8.679709
8.571249
8.538787
8.541803
8.518467
8.571196
8.567316
8.569443
8.577624
8.633896
8.510015
8.575771
8.562078
8.502365
8.546019
8.533598
8.534181
8.548577
8.573292
8.561524
8.529849
8.51885
8.564474
8.571552
8.549219
8.576279
8.567907
8.572409
8.60728
8.589499
8.536577
8.569121
8.506414
8.505902
8.527248
8.510582
8.636903
8.546705
8.537905
8.630463
8.513144
8.537444
8.542493
8.542793
8.567821
8.553562
8.58689
8.58804
8.496526
8.562893
8.579608
8.59559
8.56082
8.54314
8.551989
8.595447
8.541198
8.551917
8.517809
8.561983
8.547313
8.550338
8.603472
8.598519
8.574975
8.576395
8.540173
8.569092
8.558293
8.532901
8.50877
8.522758
8.641652
8.605729
8.648295
8.617713
8.610623
8.567229
8.540695
8.593946
8.534451
8.569195
8.576434
8.571029
8.571228
8.572752
8.527257
8.568934
8.555683
8.580745
8.553851
8.634272
8.534884
8.523604
8.538991
8.584048
8.617173
8.572543
8.503371
8.517
8.585849
8.522682
8.547372
8.523317
8.598569
8.509859
8.55125
8.593565
8.540721
8.589332
8.497286
8.580732
8.547582
8.59281
8.601721
8.528263
8.56266
8.535483
8.612426
8.527239
8.563146
8.535854
8.51662
8.577112
8.573954
8.516432
8.520442
8.545791
8.562622
8.589616
8.564934
8.521691
8.518968
8.574856
8.487894
8.571273
8.524314
8.549478
8.538695
8.583462
8.61321
8.57012
8.573621
8.595419
8.601214
8.552295
8.603447
8.561234
8.538338
8.588294
8.573652
8.572457
8.573541
8.560131
8.577189
8.596116
8.530668
8.606038
8.589105
8.554929
8.615193
8.547288
8.586818
8.42795
8.520789
8.58357
8.63122
8.569382
8.612438
8.552999
8.56516
8.559819
8.544017
8.572822
8.559951
8.566986
8.569153
8.581474
8.652564
8.580427
8.527605
8.617693
8.473445
8.531331
8.541531
8.589901
8.542007
8.556314
8.538576
8.501769
8.607318
8.545848
8.596183
8.482698
8.618098
8.503877
8.561149
8.53582
8.533721
8.546621
8.577058
8.537912
8.522401
8.590944
8.570461
8.550811
8.563568
8.525431
8.538171
8.56764
8.619203
8.606499
8.532868
8.539209
8.649416
8.537977
8.610396
8.575811
8.652002
8.50495
8.557058
8.588215
8.570172
8.5501
8.524998
8.561886
8.598029
8.673456
8.592226
8.547448
8.540623
8.580069
8.536687
8.571094
8.578784
8.560993
8.533289
8.58144
8.551144
8.500596
8.597594
8.598812
8.545656
8.577716
8.544618
8.529075
8.584333
8.564367
8.568932
8.568743
8.556221
8.573031
8.545829
8.572622
8.538472
8.592503
8.606148
8.57263
8.548357
8.611162
8.565878
8.543016
8.592791
8.546302
8.45095
8.543857
8.537361
8.520161
8.605231
8.583121
8.711029
8.526564
8.592291
8.5687
8.573592
8.577241
8.529816
8.60708
8.570223
8.510084
8.578939
8.582849
8.536615
8.552009
8.518716
8.571006
8.571256
8.588063
8.526183
8.480887
8.589549
8.529187
8.538496
8.554341
8.543854
8.603709
8.572125
8.597012
8.506062
8.610079
8.612494
8.568202
8.646482
8.53681
8.587323
8.56705
8.568004
8.564534
8.556542
8.573046
8.598728
8.563533
8.606318
8.565233
8.592667
8.56766
8.643559
8.532953
8.56396
8.587086
8.591411
8.636043
8.559226
8.541464
8.603576
8.547832
8.57618
8.554506
8.576943
8.579959
8.51638
8.515315
8.554306
8.51275
8.581031
8.574739
8.581512
8.594178
8.499469
8.623324
8.611736
8.620189
8.526327
8.52799
8.598864
8.574719
8.607533
8.604272
8.564219
8.583358
8.681752
8.483413
8.565384
8.629967
8.559071
8.571937
8.530444
8.562517
8.570306
8.541882
8.53307
8.620177
8.608248
8.560581
8.560633
8.54558
8.564942
8.551048
8.525295
8.531665
8.585978
8.599747
8.59428
8.589433
8.535111
8.610125
8.547445
8.50331
8.581989
8.554525
8.602177
8.626108
8.564999
8.531808
8.604224
8.530608
8.509282
8.552673
8.497096
8.553445
8.601093
8.585442
8.602978
8.558702
8.581761
8.539594
8.539106
8.586144
8.599546
8.564963
8.588752
8.543072
8.592272
8.522802
8.608338
8.585103
8.588988
8.647153
8.542956
8.576677
8.527579
8.492713
8.595065
8.555439
8.660012
8.551407
8.59741
8.568563
8.590784
8.549279
8.597148
8.57039
8.602428
8.489345
8.552683
8.557968
8.580916
8.566411
8.560309
8.586231
8.488312
8.558479
8.573487
8.595936
8.593735
8.569045
8.498152
8.598662
8.588364
8.545991
8.616526
8.61264
8.601789
8.574485
8.573423
8.569786
8.573769
8.57073
8.514819
8.609583
8.504984
8.559939
8.55109
8.536107
8.576971
8.576106
8.646651
8.621124
8.586501
8.578708
8.602917
8.595828
8.625297
8.570236
8.621157
8.493027
8.525557
8.498809
8.632789
8.533934
8.609003
8.596706
8.56077
8.556279
8.494787
8.542698
8.532215
8.55836
8.569051
8.546683
8.585945
8.548873
8.58449
8.610184
8.562017
8.547426
8.505862
8.584073
8.565609
8.578689
8.59754
8.529278
8.519811
8.56224
8.549897
8.627799
8.555205
8.539408
8.520079
8.604909
8.57106
8.537447
8.516833
8.543592
8.546288
8.524781
8.630361
8.637519
8.571284
8.547398
8.584707
8.526279
8.543283
8.574026
8.525456
8.567408
8.598618
8.564817
8.560843
8.565276
8.593064
8.499862
8.573378
8.540878
8.521772
8.611666
8.649465
8.559457
8.539045
8.538516
8.570373
8.580284
8.595888
8.528572
8.567942
8.550123
8.533301
8.622057
8.574685
8.518822
8.583143
8.556274
8.488456
8.603281
8.512034
8.591896
8.570357
8.631663
8.55719
8.477166
8.52407
8.574939
8.584994
8.584301
8.554955
8.547607
8.532757
8.533805
8.53387
8.523688
8.594413
8.607505
8.506434
8.642045
8.58523
8.592015
8.602708
8.603595
8.553152
8.522833
8.558338
8.520753
8.599916
8.511676
8.567962
8.557107
8.547644
8.641992
8.518051
8.542966
8.529516
8.642416
8.58519
8.548396
8.667935
8.620753
8.556168
8.573805
8.534631
8.542546
8.567627
8.585529
8.640795
8.596942
8.600232
8.560409
8.556794
8.555569
8.58129
8.577264
8.579186
8.592693
8.556293
8.582071
8.572494
8.576247
8.496563
8.540403
8.59427
8.562185
8.594253
8.591858
8.579401
8.574227
8.586954
8.535161
8.573081
8.542874
8.501976
8.573675
8.471543
8.578007
8.582265
8.532732
8.593407
8.533367
8.553102
8.626952
8.611375
8.570641
8.569128
8.54377
8.573794
8.549768
8.509874
8.512416
8.565405
8.600684
8.54892
8.607269
8.553024
8.575175
8.607456
8.55864
8.594762
8.60798
8.553335
8.519849
8.61819
8.571682
8.5368
8.564341
8.58618
8.517334
8.601835
8.556386
8.579353
8.558217
8.527602
8.588945
8.640798
8.557711
8.619118
8.524632
8.498885
8.585997
8.623766
8.543544
8.564668
8.567328
8.576429
8.519921
8.538294
8.624599
8.548413
8.596369
8.583829
8.524792
8.618391
8.637382
8.538186
8.605634
8.549443
8.533793
8.5745
8.530546
8.54874
8.607864
8.56907
8.572518
8.565332
8.566795
8.60426
8.596984
8.547287
8.584769
8.629185
8.536991
8.575569
8.57049
8.550657
8.578525
8.504799
8.533369
8.595148
8.582323
8.549308
8.545493
8.568249
8.499356
8.575583
8.552624
8.554681
8.56512
8.558418
8.522301
8.541415
8.539
8.566453
8.529885
8.529431
8.558865
8.578441
8.579937
8.549606
8.573726
8.500353
8.587306
8.534447
8.584509
8.610229
8.556318
8.572189
8.598513
8.541711
8.597115
8.529204
8.506831
8.526646
8.561165
8.613845
8.637217
8.547709
8.544349
8.547614
8.614172
8.586366
8.579681
8.548476
8.596063
8.578451
8.501075
8.677553
8.574965
8.606904
8.580817
8.492618
8.565238
8.54936
8.569724
8.563113
8.511987
8.520818
8.574482
8.478539
8.553851
8.563491
8.595386
8.593468
8.543923
8.600131
8.601642
8.528681
8.54568
8.537334
8.53036
8.516394
8.559423
8.507693
8.589566
8.552151
8.58796
8.552911
8.512069
8.605566
8.612068
8.589579
8.550064
8.659509
8.570484
8.554506
8.617696
8.546815
8.544648
8.563368
8.520855
8.528767
8.501934
8.498036
8.586829
8.596886
8.611725
8.503669
8.540912
8.560701
8.578299
8.599263
8.588995
8.569091
8.60897
8.573173
8.620876
8.572368
8.653818
8.563775
8.599138
8.56569
8.573213
8.588285
8.585226
8.529372
8.612099
8.528233
8.565318
8.577817
8.663373
8.609185
8.502999
8.645528
8.592943
8.586834
8.586325
8.58292
8.591135
8.62836
8.566873
8.576906
8.599773
8.582296
8.577219
8.553128
8.601992
8.514304
8.526645
8.570863
8.519085
8.52056
8.632795
8.535348
8.588051
8.563775
8.547669
8.637242
8.562186
8.543953
8.539174
8.591263
8.603618
8.568541
8.580294
8.527197
8.538836
8.573361
8.570093
8.564257
8.574544
8.570438
8.538547
8.58635
8.581719
8.533036
8.538423
8.490881
8.578322
8.499966
8.559299
8.585943
8.552956
8.599589
8.569816
8.55927
8.560863
8.547544
8.575388
8.57212
8.544502
8.623988
8.543124
8.524722
8.590153
8.6291
8.610338
8.599686
8.536153
8.51753
8.601308
8.505936
8.530717
8.633777
8.573633
8.569781
8.584454
8.599431
8.614122
8.539112
8.579523
8.568838
8.571632
8.541061
8.585729
8.545989
8.531223
8.600291
8.564861
8.619463
8.62786
8.632971
8.624011
8.545795
8.594374
8.624198
8.570328
8.521396
8.549814
8.549035
8.604597
8.527926
8.592533
8.577836
8.591245
8.538601
8.589112
8.631605
8.492845
8.550852
8.564622
8.564988
8.518153
8.632531
8.583646
8.530018
8.574077
8.511344
8.524484
8.555578
8.593604
8.568539
8.564679
8.569975
8.554004
8.619647
8.558909
8.573053
8.573325
8.612657
8.542927
8.620576
8.525355
8.597763
8.548051
8.550785
8.601986
8.563951
8.592469
8.566441
8.569609
8.507317
8.548043
8.577287
8.570917
8.595164
8.681896
8.541168
8.553537
8.567273
8.623939
8.514618
8.478933
8.511797
8.534696
8.546379
8.556291
8.564031
8.612632
8.476301
8.519874
8.539796
8.53638
8.551796
8.480343
8.547973
8.559151
8.567939
8.536229
8.535464
8.527012
8.584652
8.542065
8.480869
8.555153
8.529714
8.545071
8.523849
8.580745
8.602552
8.559773
8.586871
8.599826
8.646515
8.513872
8.616821
8.539797
8.571868
8.561321
8.573592
8.605236
8.610769
8.481878
8.692154
8.582737
8.557959
8.570313
8.556446
8.543055
8.569117
8.582944
8.558592
8.528292
8.552446
8.612354
8.51352
8.575872
8.554733
8.576996
8.532556
8.584057
8.550116
8.51125
8.565161
8.522683
8.56223
8.591825
8.566747
8.553607
8.589802
8.595068
8.535798
8.57008
8.597552
8.584379
8.560983
8.598518
8.571701
8.523905
8.520829
8.587505
8.589379
8.592532
8.561207
8.568388
8.582584
8.597562
8.541436
8.530743
8.543598
8.599163
8.558514
8.573678
8.602122
8.658484
8.53048
8.546629
8.577418
8.562304
8.642896
8.575207
8.56288
8.603499
8.638353
8.533013
8.512349
8.601785
8.562223
8.619965
8.639749
8.536294
8.547216
8.615068
8.483974
8.56897
8.576576
8.528761
8.594519
8.55543
8.644937
8.572864
8.549831
8.52678
8.576788
8.647435
8.502944
8.544074
8.533321
8.594116
8.594174
8.524575
8.521844
8.577472
8.606348
8.568435
8.535261
8.588474
8.567938
8.570175
8.565721
8.582443
8.568475
8.634327
8.538409
8.612445
8.551048
8.595646
8.513941
8.637027
8.559782
8.548465
8.61119
8.548409
8.552749
8.555654
8.538644
8.543727
8.546085
8.549083
8.577101
8.584432
8.520174
8.54976
8.49702
8.601409
8.616582
8.591096
8.629583
8.5706
8.593555
8.552726
8.536496
8.617397
8.51812
8.594027
8.596993
8.561938
8.518099
8.604171
8.553757
8.54246
8.593753
8.602193
8.550544
8.585793
8.597539
8.546342
8.548702
8.570668
8.578913
8.585497
8.614492
8.560833
8.529595
8.537436
8.599461
8.506557
8.598182
8.546604
8.544946
8.626252
8.58689
8.561931
8.555066
8.581548
8.586688
8.641776
8.606485
8.535631
8.602527
8.577393
8.596354
8.639882
8.60072
8.581766
8.558408
8.539009
8.590025
8.626221
8.534277
8.569265
8.540952
8.58568
8.544301
8.640213
8.543196
8.58117
8.541482
8.600489
8.555486
8.525191
8.513204
8.556722
8.578929
8.555001
8.567258
8.5634
8.550872
8.564917
8.555601
8.536031
8.547401
8.490178
8.587298
8.595138
8.572767
8.564011
8.533259
8.602456
8.493964
8.571944
8.576541
8.606156
8.622672
8.56784
8.451898
8.459556
8.56909
8.583956
8.602137
8.509603
8.514794
8.590959
8.569823
8.574277
8.62446
8.508394
8.586761
8.58265
8.562206
8.574432
8.533313
8.589506
8.647928
8.558546
8.547839
8.548882
8.604053
8.579464
8.547865
8.539074
8.587638
8.581142
8.630551
8.53105
8.585367
8.585692
8.572363
8.526132
8.609873
8.631142
8.554161
8.624493
8.648048
8.598059
8.537624
8.527984
8.579268
8.52332
8.532735
8.512343
8.592859
8.592293
8.529563
8.524492
8.571742
8.593846
8.506251
8.557384
8.580472
8.54433
8.561059
8.56738
8.58711
8.567888
8.577782
8.585437
8.513867
8.54865
8.619456
8.572662
8.579772
8.583294
8.563279
8.548018
8.596795
8.542919
8.533561
8.564447
8.567411
8.535995
8.613993
8.531066
8.574743
8.576608
8.520927
8.627049
8.497829
8.571392
8.596386
8.553287
8.575785
8.582441
8.533978
8.556055
8.620733
8.570249
8.58499
8.547832
8.613591
8.523455
8.549386
8.492291
8.541396
8.582163
8.596717
8.563918
8.602665
8.561591
8.568039
8.58852
8.638505
8.61651
8.531004
8.546512
8.612419
8.623714
8.581679
8.574716
8.599322
8.50422
8.578105
8.624682
8.576901
8.558872
8.554281
8.526782
8.533078
8.538525
8.542182
8.522165
8.569071
8.622441
8.526022
8.559674
8.614107
8.516421
8.665041
8.530706
8.553988
8.561952
8.601305
8.539621
8.566588
8.567838
8.622991
8.611382
8.571692
8.565089
8.60309
8.533537
8.533221
8.548336
8.55569
8.553142
8.533115
8.509804
8.558368
8.52592
8.58129
8.511958
8.541702
8.514758
8.52657
8.540373
8.56616
8.609283
8.562861
8.566638
8.561159
8.513583
8.61754
8.588152
8.560106
8.584318
8.561641
8.568408
8.548233
8.528959
8.552175
8.639282
8.591364
8.600765
8.603789
8.484969
8.568522
8.667616
8.620917
8.588672
8.553496
8.599547
8.581814
8.554188
8.563157
8.566713
8.568172
8.536058
8.513699
8.593016
8.579865
8.548969
8.546156
8.542509
8.568848
8.604298
8.571701
8.565881
8.568121
8.605267
8.552014
8.568992
8.643973
8.555495
8.59294
8.676046
8.546665
8.558031
8.570676
8.585864
8.559137
8.628247
8.550784
8.55653
8.603681
8.599339
8.619211
8.555976
8.606593
8.573222
8.60575
8.582033
8.57742
8.553835
8.536271
8.54758
8.600517
8.574104
8.613957
8.562976
8.569455
8.536059
8.584101
8.621914
8.578111
8.584188
8.548877
8.589044
8.597523
8.554211
8.602268
8.579404
8.562413
8.567571
8.58754
8.639143
8.583881
8.54761
8.535574
8.582166
8.526637
8.590628
8.562184
8.586793
8.592058
8.641021
8.574607
8.611705
8.601389
8.62539
8.641819
8.464328
8.586512
8.53896
8.514087
8.559814
8.551744
8.547393
8.535554
8.61277
8.543627
8.510652
8.564683
8.500383
8.588459
8.588865
8.546527
8.527355
8.585453
8.574698
8.599579
8.544159
8.565165
8.583555
8.612777
8.591837
8.625824
8.505203
8.534738
8.482131
8.527735
8.519251
8.619223
8.50679
8.612608
8.598236
8.512992
8.551207
8.57467
8.58717
8.569711
8.51778
8.595237
8.636846
8.56667
8.521013
8.573785
8.546676
8.577119
8.54857
8.556037
8.555557
8.644427
8.472772
8.556678
8.504088
8.594173
8.591549
8.5843
8.545469
8.535127
8.560862
8.5741
8.557226
8.598652
8.57059
8.529279
8.536059
8.599703
8.550716
8.616661
8.565593
8.496341
8.601974
8.581831
8.580738
8.586012
8.597943
8.508858
8.602839
8.546131
8.539492
8.563721
8.540316
8.559181
8.491749
8.546875
8.544347
8.570413
8.548411
8.552058
8.537031
8.555222
8.626863
8.513945
8.535458
8.547836
8.563456
8.506302
8.550803
8.562269
8.527244
8.589505
8.552118
8.584729
8.579733
8.538326
8.53618
8.53231
8.52461
8.542397
8.602284
8.632647
8.57228
8.490585
8.583985
8.590273
8.52487
8.581656
8.56705
8.558726
8.653599
8.529235
8.554225
8.50725
8.598846
8.528027
8.542928
8.522315
8.55251
8.569518
8.613034
8.553372
8.576586
8.565785
8.548776
8.596176
8.58571
8.588463
8.575925
8.540176
8.538175
8.593606
8.597885
8.627473
8.549059
8.588938
8.585042
8.543518
8.588253
8.602324
8.580754
8.542842
8.568071
8.569267
8.548749
8.591792
8.54798
8.529094
8.53322
8.605815
8.617028
8.560386
8.513249
8.518678
8.532526
8.489184
8.58436
8.592844
8.555615
8.601056
8.553984
8.47635
8.588868
8.586725
8.54539
8.50856
8.538031
8.559194
8.602111
8.554174
8.590421
8.551576
8.573717
8.583354
8.556674
8.503817
8.525077
8.572537
8.559744
8.557498
8.540438
8.551964
8.544596
8.515616
8.594559
8.57473
8.569867
8.611883
8.56425
8.58051
8.557872
8.571456
8.588083
8.492931
8.570757
8.584774
8.602875
8.53754
8.617589
8.567468
8.565674
8.581523
8.573344
8.56553
8.553324
8.53383
8.642958
8.638057
8.612345
8.569589
8.578602
8.621718
8.574665
8.579449
8.580736
8.652042
8.656317
8.545846
8.601866
8.603913
8.601616
8.518966
8.643676
8.550094
8.563342
8.562795
8.571499
8.525441
8.487442
8.599522
8.611706
8.475
8.547378
8.558568
8.605944
8.57301
8.526443
8.608684
8.604458
8.546266
8.550809
8.602387
8.572636
8.561263
8.625984
8.554474
8.565288
8.52778
8.569051
8.50909
8.540036
8.569417
8.569832
8.639724
8.56497
8.548405
8.606465
8.593245
8.651949
8.655868
8.581814
8.580562
8.56746
8.569211
8.553551
8.569674
8.556044
8.644695
8.687419
8.53814
8.610779
8.474865
8.546964
8.581543
8.540517
8.52669
8.555094
8.593668
8.556548
8.647815
8.519858
8.606961
8.536788
8.601509
8.622965
8.580203
8.551985
8.586985
8.49895
8.541094
8.619568
8.542634
8.548686
8.533299
8.569669
8.474972
8.56642
8.572774
8.52448
8.510055
8.606833
8.570653
8.577582
8.605994
8.564732
8.561982
8.55885
8.567473
8.566437
8.623462
8.575713
8.62259
8.561819
8.643205
8.524854
8.551185
8.555087
8.614456
8.590278
8.566712
8.574308
8.591247
8.577801
8.617646
8.587078
8.540012
8.582317
8.653026
8.498768
8.578197
8.602818
8.521762
8.523467
8.658943
8.53607
8.619017
8.589052
8.6074
8.597692
8.575726
8.56804
8.52376
8.586094
8.606944
8.594095
8.485066
8.613346
8.540137
8.548254
8.543979
8.549325
8.616051
8.534131
8.548284
8.556247
8.567273
8.567949
8.539302
8.494111
8.54823
8.593077
8.561403
8.541993
8.553882
8.552278
8.628407
8.567679
8.568364
8.573918
8.564876
8.496783
8.581829
8.655101
8.617654
8.562909
8.609163
8.594654
8.539845
8.477997
8.550418
8.568531
8.610433
8.535953
8.528153
8.586143
8.535591
8.567586
8.538208
8.539997
8.5962
8.577483
8.482151
8.577565
8.6318
8.558099
8.544716
8.537255
8.556712
8.581993
8.574641
8.567003
8.542715
8.496538
8.547103
8.597046
8.434574
8.554975
8.600693
8.620708
8.547384
8.5256
8.533266
8.61497
8.514194
8.555771
8.572577
8.548176
8.58598
8.547411
8.580265
8.599521
8.576369
8.60283
8.566657
8.582808
8.582035
8.556129
8.562974
8.570963
8.559308
8.547673
8.515715
8.522169
8.552667
8.549666
8.532302
8.542425
8.573989
8.59359
8.601474
8.599903
8.572564
8.556246
8.496395
8.63718
8.586906
8.568387
8.647119
8.55286
8.564955
8.646487
8.496072
8.559381
8.518029
8.546456
8.552589
8.583679
8.576279
8.566079
8.537616
8.533809
8.567268
8.626658
8.690092
8.661038
8.578667
8.520743
8.616007
8.51218
8.56926
8.60574
8.474426
8.627744
8.571386
8.537675
8.550404
8.597237
8.598912
8.577653
8.629736
8.544589
8.474992
8.58838
8.58959
8.567041
8.583555
8.608343
8.540842
8.615823
8.5178
8.546596
8.53481
8.559893
8.551278
8.545203
8.553167
8.52924
8.499062
8.571229
8.483057
8.545974
8.566501
8.548356
8.59995
8.508937
8.541328
8.542481
8.633065
8.592771
8.613675
8.562312
8.540637
8.577453
8.577846
8.568692
8.501904
8.510443
8.583641
8.563264
8.583654
8.549397
8.638872
8.50039
8.584347
8.54941
8.597327
8.595568
8.507617
8.541027
8.557059
8.606567
8.573
8.565262
8.523407
8.562379
8.60481
8.532796
8.51757
8.58003
8.558631
8.596329
8.546835
8.541945
8.497751
8.537007
8.567351
8.621847
8.585563
8.501807
8.609283
8.594215
8.593899
8.564591
8.600216
8.569616
8.54678
8.513922
8.584511
8.596717
8.465716
8.582676
8.523596
8.536372
8.578764
8.51973
8.63663
8.53936
8.561496
8.586261
8.516225
8.545475
8.530336
8.548254
8.546737
8.619011
8.544529
8.573456
8.528422
8.548002
8.556574
8.575165
8.584278
8.558347
8.534955
8.493606
8.559479
8.629225
8.552144
8.528827
8.592784
8.535233
8.605199
8.598024
8.516359
8.580295
8.559074
8.605562
8.529269
8.518073
8.569646
8.592603
8.588235
8.538663
8.576164
8.568837
8.587969
8.564815
8.515854
8.530932
8.625178
8.545613
8.544046
8.557107
8.596082
8.516351
8.556495
8.515208
8.525551
8.578988
8.533849
8.555929
8.585344
8.5523
8.507016
8.598462
8.565748
8.583682
8.624704
8.523489
8.573229
8.596816
8.582174
8.517113
8.574256
8.569495
8.535978
8.543594
8.533049
8.577646
8.533037
8.551718
8.571388
8.561706
8.544597
8.580838
8.511638
8.567444
8.695208
8.515047
8.541218
8.566436
8.522066
8.5595
8.539401
8.555827
8.601076
8.584592
8.562985
8.59393
8.548083
8.555562
8.567753
8.54668
8.570032
8.525915
8.604647
8.563099
8.593948
8.592828
8.543675
8.485226
8.547315
8.613197
8.565482
8.581224
8.631013
8.526431
8.632808
8.506334
8.602152
8.628029
8.548459
8.599166
8.631602
8.611901
8.540996
8.659812
8.549381
8.568799
8.519323
8.568358
8.560462
8.586747
8.604718
8.59965
8.594542
8.578876
8.55866
8.535721
8.479925
8.621159
8.572598
8.577575
8.510785
8.583096
8.585046
8.572057
8.567324
8.553387
8.610944
8.609269
8.504157
8.565631
8.595384
8.585901
8.604945
8.555719
8.502623
8.578622
8.578166
8.555624
8.544415
8.598124
8.567596
8.565614
8.538466
8.531001
8.530739
8.49865
8.613736
8.54241
8.60559
8.564963
8.569952
8.536043
8.597526
8.574636
8.653665
8.545839
8.523101
8.59647
8.552256
8.562598
8.5178
8.563454
8.565725
8.554778
8.545708
8.563464
8.583269
8.582964
8.566195
8.521155
8.531155
8.561824
8.58483
8.549114
8.525752
8.604349
8.629078
8.549522
8.560056
8.613995
8.562894
8.528464
8.547244
8.616745
8.606123
8.53576
8.538999
8.560781
8.516666
8.582983
8.51032
8.608698
8.583038
8.5917
8.55274
8.5179
8.465731
8.605245
8.530405
8.577491
8.544261
8.591055
8.528728
8.631723
8.545992
8.588327
8.539298
8.536465
8.584895
8.534088
8.532206
8.548617
8.590464
8.52119
8.647479
8.526491
8.55206
8.573162
8.669168
8.539974
8.56037
8.600554
8.555121
8.574787
8.593944
8.619011
8.607286
8.613212
8.573046
8.62914
8.583761
8.569816
8.570176
8.554767
8.532867
8.527144
8.511268
8.538318
8.621805
8.544895
8.523548
8.565688
8.598732
8.505058
8.541413
8.54506
8.610451
8.629031
8.496241
8.5536
8.537489
8.544367
8.564072
8.563178
8.555999
8.607952
8.551171
8.578686
8.572124
8.54048
8.607515
8.620219
8.554347
8.523323
8.536883
8.59503
8.565085
8.569209
8.537216
8.61177
8.579937
8.571918
8.563323
8.568803
8.6521
8.562847
8.563366
8.561301
8.561667
8.549603
8.539594
8.631722
8.589576
8.546269
8.573778
8.648464
8.589634
8.560425
8.576866
8.507381
8.595165
8.597274
8.544071
8.581717
8.537426
8.56377
8.530852
8.577859
8.604876
8.529167
8.601735
8.524717
8.603343
8.573718
8.63237
8.584137
8.576456
8.53015
8.523675
8.571357
8.543699
8.534824
8.510794
8.537351
8.545925
8.618343
8.570205
8.578411
8.570933
8.596969
8.614213
8.574346
8.581676
8.531652
8.569781
8.512824
8.610216
8.523092
8.619672
8.631139
8.59148
8.588925
8.611781
8.531727
8.567368
8.5711
8.564639
8.572727
8.508778
8.610912
8.671116
8.591795
8.558123
8.564716
8.548522
8.539014
8.521043
8.547331
8.571003
8.580051
8.562055
8.585764
8.513745
8.550471
8.539224
8.59373
8.584767
8.546649
8.5541
8.585305
8.597965
8.575679
8.610126
8.559264
8.564289
8.547733
8.580183
8.608997
8.583866
8.608424
8.588788
8.580581
8.544966
8.564516
8.518315
8.587809
8.601524
8.616353
8.578601
8.599487
8.567397
8.542215
8.558916
8.613415
8.568852
8.502347
8.508328
8.549766
8.527127
8.604096
8.524163
8.561267
8.710933
8.566426
8.627022
8.516553
8.601777
8.581449
8.535599
8.604738
8.550975
8.709723
8.568922
8.602115
8.528745
8.644667
8.555134
8.636062
8.596643
8.571124
8.582542
8.561088
8.579743
8.503627
8.623252
8.487301
8.557361
8.481381
8.671138
8.564781
8.581412
8.573172
8.556393
8.560863
8.576299
8.60753
8.605188
8.507453
8.554271
8.558388
8.562244
8.571984
8.540324
8.539869
8.476711
8.53118
8.615155
8.575604
8.553616
8.539085
8.612333
8.592263
8.590565
8.581165
8.516624
8.555527
8.522263
8.567247
8.610437
8.549627
8.605918
8.525236
8.622301
8.504709
8.600414
8.631536
8.507045
8.50053
8.498334
8.528622
8.554613
8.549747
8.584979
8.654312
8.525816
8.560874
8.519153
8.535403
8.570704
8.514479
8.583437
8.593101
8.522887
8.548734
8.497858
8.518457
8.603364
8.5042
8.56856
8.54418
8.537181
8.580216
8.584694
8.552916
8.501714
8.595688
8.554617
8.559615
8.655757
8.567377
8.592782
8.548444
8.518482
8.588626
8.56749
8.544877
8.579506
8.568097
8.569382
8.6015
8.579897
8.581083
8.529565
8.548577
8.545009
8.604247
8.567055
8.561782
8.541486
8.558969
8.532689
8.512115
8.614016
8.593189
8.612488
8.50003
8.578546
8.557549
8.563242
8.54252
8.595985
8.606376
8.577171
8.557457
8.5658
8.474432
8.588286
8.542562
8.578931
8.536606
8.585128
8.600203
8.598681
8.550443
8.607487
8.591101
8.558667
8.587728
8.60307
8.538044
8.660253
8.550903
8.524107
8.555725
8.574841
8.56387
8.599284
8.590273
8.563784
8.540238
8.553752
8.534883
8.613584
8.575359
8.576392
8.58288
8.525668
8.486678
8.626083
8.625308
8.564247
8.576409
8.586416
8.590698
8.581487
8.556922
8.610765
8.549789
8.584669
8.577774
8.548396
8.631507
8.630029
8.600488
8.574754
8.506955
8.545521
8.501654
8.600174
8.520189
8.536462
8.537386
8.576612
8.572646
8.563631
8.575805
8.523112
8.540939
8.566012
8.559887
8.657
8.532592
8.559104
8.536511
8.559905
8.535639
8.614757
8.608091
8.43619
8.486869
8.561219
8.548094
8.62115
8.595913
8.602662
8.595443
8.574024
8.619557
8.574555
8.545614
8.526305
8.545067
8.622538
8.570714
8.646922
8.532256
8.626045
8.564061
8.543926
8.617883
8.631123
8.518236
8.514386
8.615259
8.609606
8.577601
8.613962
8.57087
8.563996
8.533064
8.563453
8.59185
8.594475
8.582403
8.56314
8.607581
8.538684
8.608091
8.587643
8.606563
8.574333
8.628145
8.604086
8.543267
8.573825
8.634263
8.547526
8.563964
8.6442
8.542202
8.558894
8.594098
8.559279
8.614093
8.617203
8.598797
8.541961
8.668438
8.491177
8.557982
8.592861
8.483488
8.46828
8.472099
8.582493
8.575733
8.526607
8.558873
8.616938
8.551791
8.602774
8.556268
8.58613
8.505579
8.590457
8.553899
8.53477
8.545127
8.632964
8.535301
8.563366
8.559946
8.516914
8.543687
8.62926
8.582736
8.521724
8.564727
8.571469
8.563466
8.551744
8.515725
8.549342
8.601562
8.579467
8.608055
8.571437
8.58803
8.629089
8.591417
8.57618
8.596794
8.572963
8.529307
8.50488
8.527213
8.522024
8.614654
8.574348
8.521752
8.610602
8.588674
8.604885
8.523005
8.572754
8.512667
8.559144
8.627193
8.495098
8.540416
8.651519
8.541514
8.566098
8.579201
8.563396
8.584581
8.488952
8.529097
8.52534
8.538829
8.551941
8.572126
8.587763
8.531874
8.513654
8.523237
8.561499
8.55267
8.590331
8.571952
8.576629
8.545547
8.590637
8.558998
8.566432
8.535389
8.572562
8.564795
8.593536
8.596766
8.602174
8.60896
8.614941
8.613719
8.541648
8.551055
8.594594
8.625574
8.559738
8.5752
8.600232
8.526895
8.605147
8.590464
8.578419
8.60685
8.526134
8.548383
8.577517
8.562172
8.558888
8.578891
8.599138
8.565545
8.543812
8.600606
8.573025
8.532439
8.514808
8.602632
8.616208
8.547386
8.632875
8.559293
8.609999
8.545029
8.530482
8.643928
8.601048
8.523665
8.555283
8.532964
8.608187
8.573438
8.615135
8.514575
8.589975
8.552973
8.581679
8.591543
8.53016
8.569917
8.546305
8.548564
8.56101
8.549825
8.572859
8.504397
8.560207
8.557246
8.579103
8.57155
8.570092
8.544336
8.475051
8.570623
8.557161
8.572572
8.538315
8.564717
8.546104
8.57964
8.557553
8.55367
8.594689
8.574856
8.536165
8.495172
8.553557
8.601095
8.545725
8.537375
8.565515
8.615547
8.554338
8.57743
8.529572
8.464107
8.621388
8.569957
8.548338
8.498213
8.509324
8.595568
8.541457
8.573054
8.582837
8.557341
8.544118
8.553874
8.561837
8.585496
8.607391
8.563867
8.592274
8.495793
8.557189
8.639603
8.574703
8.592064
8.572425
8.530944
8.541572
8.560843
8.534404
8.535921
8.533205
8.592783
8.615446
8.579747
8.517335
8.599916
8.546096
8.532592
8.531459
8.563318
8.606112
8.522671
8.547839
8.645741
8.524487
8.563501
8.501319
8.560437
8.536111
8.571533
8.562314
8.562908
8.510262
8.606217
8.553628
8.604416
8.551999
8.59553
8.524359
8.585123
8.575546
8.625932
8.574387
8.517223
8.584028
8.607478
8.502908
8.611327
8.675766
8.546386
8.578908
8.564355
8.574231
8.586655
8.528556
8.5972
8.557409
8.644859
8.567498
8.629864
8.585243
8.66015
8.571552
8.537836
8.547945
8.571232
8.569396
8.47908
8.590281
8.55067
8.571059
8.504202
8.577922
8.637186
8.50816
8.546045
8.53657
8.561996
8.544167
8.558783
8.606381
8.526317
8.562882
8.523652
8.57528
8.556767
8.540933
8.520374
8.568969
8.601496
8.612731
8.526606
8.561835
8.579698
8.56963
8.570738
8.560369
8.558024
8.549752
8.526672
8.605609
8.605816
8.584703
8.532295
8.563191
8.573071
8.531482
8.559811
8.594522
8.511182
8.508526
8.617555
8.563687
8.535249
8.581111
8.543866
8.490071
8.574505
8.538425
8.575075
8.570112
8.540914
8.516596
8.568138
8.589251
8.574424
8.56901
8.61978
8.538304
8.631317
8.619711
8.53492
8.514142
8.548975
8.585542
8.581973
8.524344
8.552101
8.591009
8.585236
8.550635
8.520913
8.530113
8.520347
8.525796
8.56509
8.575901
8.590449
8.587735
8.581876
8.543883
8.469734
8.565886
8.556069
8.555192
8.595548
8.577132
8.575758
8.630151
8.545392
8.517276
8.621734
8.61457
8.612092
8.577725
8.525117
8.521689
8.583507
8.599541
8.619333
8.549114
8.543719
8.563072
8.650211
8.61824
8.548227
8.530151
8.563748
8.549828
8.513388
8.491778
8.570582
8.573104
8.529207
8.560367
8.617598
8.478194
8.545341
8.482639
8.571686
8.578255
8.524276
8.585639
8.518451
8.529926
8.561082
8.653432
8.542165
8.590412
8.534817
8.567877
8.61125
8.560486
8.567076
8.579993
8.550263
8.564234
8.557455
8.574431
8.624261
8.543271
8.581488
8.47426
8.547113
8.541759
8.566063
8.476238
8.552637
8.64009
8.601936
8.575879
8.57246
8.597732
8.548943
8.618335
8.539552
8.571311
8.539763
8.628416
8.541675
8.605508
8.538981
8.552336
8.550607
8.590088
8.544969
8.530251
8.540028
8.491415
8.565416
8.547074
8.518789
8.52614
8.593522
8.539584
8.55982
8.60329
8.595768
8.591348
8.604645
8.651367
8.61053
8.55664
8.529959
8.533661
8.497448
8.526878
8.640812
8.590633
8.555753
8.517494
8.602779
8.570426
8.57483
8.546878
8.563035
8.578585
8.563757
8.543673
8.535906
8.575002
8.602651
8.489261
8.565494
8.525789
8.5934
8.581337
8.551157
8.576074
8.574834
8.618831
8.526718
8.51874
8.571323
8.574215
8.580342
8.474482
8.521483
8.532384
8.571505
8.595693
8.588631
8.5417
8.554162
8.554026
8.567705
8.518261
8.529397
8.585552
8.595612
8.553938
8.5517
8.521961
8.556773
8.512534
8.556723
8.52653
8.591444
8.527441
8.57677
8.543088
8.515773
8.535706
8.540905
8.589027
8.499555
8.494721
8.606639
8.575923
8.597905
8.52894
8.592571
8.609194
8.616991
8.631663
8.521996
8.56986
8.544763
8.542922
8.551673
8.485348
8.501343
8.532574
8.557885
8.643929
8.576847
8.5231
8.632021
8.571107
8.575396
8.622358
8.525471
8.623597
8.508253
8.519822
8.588159
8.56766
8.481757
8.592919
8.570038
8.55927
8.525513
8.536924
8.574819
8.542992
8.55169
8.550498
8.525304
8.560082
8.564455
8.515589
8.536247
8.638481
8.567772
8.579624
8.521267
8.58668
8.490095
8.615413
8.587552
8.572157
8.538833
8.533043
8.521362
8.582974
8.537191
8.538754
8.503058
8.618967
8.605023
8.613429
8.534971
8.545433
8.55878
8.616548
8.612786
8.55262
8.506924
8.635407
8.515349
8.549209
8.585609
8.569949
8.646516
8.556094
8.578535
8.606162
8.632289
8.499155
8.607046
8.587759
8.491472
8.570593
8.536104
8.525384
8.569316
8.549799
8.557496
8.58826
8.544994
8.548059
8.565218
8.585901
8.534238
8.515286
8.598334
8.569623
8.542865
8.533774
8.597808
8.555553
8.595569
8.484134
8.537501
8.501791
8.57733
8.525471
8.495956
8.51836
8.579032
8.622464
8.571683
8.560929
8.647842
8.553785
8.513414
8.548358
8.519494
8.524279
8.541136
8.583864
8.597435
8.553229
8.57221
8.545622
8.584485
8.599972
8.558905
8.568285
8.575796
8.602037
8.61038
8.536045
8.556579
8.583588
8.577742
8.571675
8.53715
8.632589
8.61347
8.517856
8.582876
8.537169
8.585364
8.586061
8.493733
8.620746
8.532242
8.573126
8.618538
8.555233
8.483752
8.525611
8.59178
8.532418
8.57597
8.602421
8.582483
8.554358
8.556052
8.580106
8.560288
8.57056
8.580685
8.539934
8.573292
8.605176
8.515868
8.587673
8.49694
8.572658
8.56546
8.606293
8.599782
8.535608
8.602639
8.563436
8.55568
8.517015
8.56829
8.57165
8.531382
8.558847
8.646178
8.490548
8.563655
8.56284
8.532944
8.568064
8.556753
8.57728
8.593928
8.579248
8.521627
8.55646
8.590734
8.478067
8.568157
8.636648
8.604938
8.520824
8.588357
8.57167
8.558325
8.604203
8.550114
8.591521
8.53459
8.55915
8.575692
8.562862
8.602351
8.653569
8.621709
8.48803
8.569988
8.640433
8.529858
8.527797
8.554544
8.521127
8.521831
8.541184
8.579384
8.552475
8.478894
8.548418
8.617588
8.585745
8.54314
8.629899
8.538272
8.517111
8.549328
8.594376
8.596567
8.490039
8.594708
8.599367
8.541739
8.600111
8.57869
8.571063
8.523238
8.594898
8.533032
8.512554
8.566291
8.663256
8.547901
8.541573
8.549714
8.579836
8.548772
8.586174
8.527478
8.55218
8.547212
8.572892
8.582684
8.501883
8.585983
8.605675
8.546435
8.591338
8.564739
8.578577
8.568993
8.578706
8.546472
8.573126
8.524018
8.57564
8.587029
8.5387
8.588321
8.558501
8.589745
8.577731
8.5961
8.525314
8.576509
8.573192
8.60973
8.627074
8.534798
8.571963
8.55986
8.570006
8.552661
8.575297
8.56459
8.552428
8.566346
8.580309
8.547169
8.565029
8.610482
8.549698
8.550741
8.58382
8.571235
8.548819
8.576604
8.587303
8.568129
8.619911
8.548323
8.55497
8.454321
8.561802
8.576713
8.604981
8.573186
8.605834
8.561808
8.512805
8.547703
8.573528
8.557252
8.608598
8.554679
8.554011
8.539313
8.54732
8.561674
8.60561
8.568901
8.605498
8.601131
8.606989
8.527323
8.54636
8.672499
8.556506
8.597817
8.549282
8.521961
8.508778
8.564533
8.560197
8.531908
8.569189
8.544525
8.569684
8.608102
8.572939
8.561336
8.593886
8.509974
8.551007
8.591565
8.565587
8.503798
8.583521
8.547332
8.522989
8.603445
8.586094
8.573494
8.625427
8.545972
8.600702
8.589802
8.58012
8.502194
8.554412
8.640629
8.565548
8.520799
8.497247
8.481247
8.55765
8.581705
8.61359
8.590974
8.569828
8.549413
8.568155
8.54143
8.507868
8.527851
8.607648
8.552383
8.606097
8.567707
8.511084
8.646859
8.568144
8.601155
8.527613
8.523899
8.592721
8.559031
8.578962
8.58494
8.576141
8.562351
8.567877
8.556445
8.526544
8.475187
8.538158
8.571174
8.586318
8.578655
8.60627
8.539435
8.551401
8.552644
8.580295
8.535463
8.541437
8.559699
8.507448
8.567402
8.564646
8.527653
8.546879
8.574317
8.605563
8.548737
8.573598
8.602448
8.547415
8.536647
8.570791
8.638378
8.587778
8.582962
8.595669
8.620679
8.594044
8.583348
8.54706
8.558076
8.581175
8.56922
8.544035
8.567734
8.660664
8.565892
8.588851
8.539969
8.607757
8.519333
8.585522
8.613401
8.623488
8.559199
8.527733
8.538429
8.540897
8.617547
8.579955
8.577344
8.499587
8.607291
8.571864
8.589888
8.558371
8.496843
8.609038
8.560198
8.590997
8.539512
8.54167
8.581937
8.582876
8.574727
8.514544
8.557725
8.594393
8.579473
8.538041
8.570782
8.591003
8.570163
8.63193
8.572014
8.560047
8.594167
8.560071
8.520156
8.497743
8.596689
8.613939
8.5628
8.565515
8.512798
8.546728
8.530525
8.566434
8.610362
8.545497
8.631855
8.489213
8.582233
8.527438
8.581021
8.581319
8.548428
8.586364
8.551382
8.565757
8.543098
8.524602
8.568132
8.599222
8.574082
8.641158
8.554836
8.534992
8.523087
8.592573
8.578708
8.581155
8.613039
8.511803
8.518419
8.570245
8.565905
8.611472
8.573797
8.528498
8.541739
8.510321
8.612914
8.518162
8.554474
8.592871
8.507875
8.53991
8.617058
8.592994
8.609228
8.544539
8.592251
8.513938
8.566605
8.565969
8.574615
8.562776
8.561682
8.594362
8.584969
8.588208
8.53591
8.609254
8.557325
8.517303
8.542579
8.58316
8.549153
8.579519
8.555852
8.578168
8.574206
8.546869
8.610704
8.553954
8.558634
8.517752
8.549294
8.511922
8.57011
8.588276
8.487549
8.54908
8.569086
8.556145
8.566825
8.500812
8.573452
8.515555
8.640238
8.529187
8.510024
8.580895
8.5506
8.4975
8.548496
8.579487
8.523474
8.570783
8.576445
8.568353
8.526958
8.521857
8.592988
8.581676
8.594745
8.598315
8.585185
8.542546
8.549181
8.538528
8.64177
8.574689
8.562699
8.504751
8.560676
8.560269
8.625846
8.483278
8.611688
8.567652
8.632984
8.575211
8.560462
8.662697
8.549501
8.511383
8.503741
8.514861
8.582246
8.552593
8.588041
8.531755
8.530676
8.500655
8.545852
8.56613
8.625541
8.552775
8.641719
8.517306
8.563106
8.591386
8.564515
8.552788
8.625844
8.578567
8.553473
8.619533
8.571101
8.571397
8.547383
8.625461
8.618658
8.521948
8.560014
8.546939
8.675494
8.584393
8.575877
8.559756
8.590457
8.547682
8.569829
8.537687
8.583806
8.577385
8.552003
8.558144
8.539171
8.543718
8.577045
8.598743
8.579352
8.607416
8.601175
8.557681
8.526821
8.538416
8.560767
8.572753
8.559944
8.636646
8.56429
8.510985
8.639472
8.475624
8.503936
8.619707
8.579774
8.552087
8.613043
8.50234
8.529477
8.546307
8.524559
8.533171
8.532285
8.506388
8.575171
8.571436
8.47762
8.606547
8.629082
8.526272
8.556882
8.543329
8.567259
8.453168
8.619674
8.595454
8.538349
8.530419
8.575308
8.563215
8.622747
8.634179
8.503835
8.554835
8.584765
8.613247
8.563452
8.554294
8.503218
8.540584
8.547298
8.517322
8.522651
8.610934
8.609511
8.505798
8.627835
8.511163
8.551083
8.561604
8.611087
8.524929
8.581112
8.620546
8.574831
8.565276
8.519364
8.531606
8.55124
8.579362
8.530134
8.529074
8.550154
8.501709
8.5608
8.515769
8.545309
8.549588
8.545375
8.548104
8.642357
8.548848
8.513614
8.591223
8.551883
8.588519
8.468653
8.662472
8.541875
8.578048
8.578683
8.597611
8.601935
8.515771
8.521223
8.600661
8.58267
8.545256
8.563475
8.563361
8.581443
8.562062
8.580274
8.583119
8.550101
8.624093
8.551574
8.562127
8.580748
8.526598
8.518116
8.519665
8.568381
8.497523
8.612192
8.592995
8.535283
8.562218
8.580147
8.592931
8.57472
8.538935
8.502781
8.595097
8.556141
8.551273
8.578776
8.604251
8.586998
8.518671
8.577857
8.573733
8.599179
8.603383
8.544246
8.506729
8.460979
8.580421
8.545391
8.578243
8.568073
8.617162
8.596275
8.548694
8.56546
8.556642
8.607791
8.568097
8.555611
8.564392
8.522511
8.591438
8.558917
8.542114
8.611204
8.60042
8.519814
8.58785
8.573972
8.548166
8.600011
8.578135
8.553385
8.512496
8.544949
8.534409
8.548389
8.588307
8.58675
8.554406
8.576858
8.558307
8.546793
8.509607
8.552602
8.556499
8.55006
8.58726
8.596673
8.589245
8.53021
8.570055
8.549113
8.554863
8.548573
8.535151
8.623946
8.56378
8.568067
8.561221
8.588967
8.55128
8.602314
8.556626
8.500501
8.529386
8.47351
8.541529
8.515308
8.613877
8.587052
8.558029
8.546678
8.57821
8.616991
8.52779
8.593627
8.52856
8.598904
8.579453
8.505092
8.5865
8.526436
8.624612
8.602769
8.560947
8.609473
8.552793
8.564871
8.568357
8.513684
8.605982
8.586079
8.564359
8.61529
8.542132
8.551382
8.611289
8.51912
8.58616
8.566641
8.598516
8.558895
8.58611
8.54529
8.574498
8.588316
8.579848
8.568434
8.504618
8.594088
8.602482
8.5023
8.556466
8.539336
8.606265
8.566083
8.488856
8.514608
8.570802
8.522657
8.552872
8.5933
8.586671
8.533615
8.624686
8.534107
8.538749
8.574174
8.592799
8.590252
8.533633
8.533537
8.608276
8.587406
8.577107
8.572908
8.590029
8.544036
8.488244
8.608513
8.511109
8.488784
8.617149
8.540779
8.533362
8.605189
8.531589
8.56611
8.557293
8.536149
8.525859
8.560694
8.582808
8.580299
8.515204
8.566427
8.500623
8.589588
8.496105
8.561593
8.558283
8.613483
8.526559
8.529281
8.570488
8.604033
8.535649
8.567964
8.540869
8.576058
8.598538
8.543778
8.55013
8.523793
8.575552
8.545277
8.564385
8.556149
8.577924
8.548806
8.636695
8.607997
8.550988
8.521507
8.617094
8.632344
8.562048
8.623936
8.548269
8.51911
8.561431
8.590724
8.582236
8.489852
8.538823
8.59499
8.522318
8.534842
8.528125
8.544804
8.577542
8.557338
8.540935
8.559296
8.600203
8.560612
8.606929
8.546316
8.633197
8.617961
8.628072
8.548165
8.518966
8.570581
8.577859
8.535077
8.61817
8.651901
8.557254
8.501112
8.537245
8.577637
8.573981
8.562364
8.467533
8.587514
8.614235
8.526311
8.534256
8.602226
8.627735
8.52836
8.532744
8.53447
8.611172
8.551032
8.576642
8.545357
8.594384
8.643462
8.543695
8.606273
8.577747
8.577267
8.626705
8.541286
8.513432
8.60952
8.574267
8.543331
8.535987
8.583926
8.587035
8.561626
8.545145
8.530566
8.552257
8.531675
8.578314
8.591237
8.573967
8.61504
8.461971
8.562007
8.647121
8.59955
8.518338
8.524827
8.585925
8.564819
8.619801
8.611988
8.582703
8.54796
8.574798
8.558548
8.628082
8.601684
8.549431
8.525862
8.559038
8.622356
8.60586
8.575943
8.573514
8.567575
8.564496
8.586718
8.583761
8.593997
8.520457
8.56572
8.582858
8.566955
8.621619
8.535061
8.659479
8.448359
8.532161
8.60826
8.583178
8.541528
8.508126
8.544187
8.595729
8.589027
8.607251
8.642205
8.546651
8.618818
8.611281
8.469488
8.55439
8.614698
8.534492
8.486481
8.609119
8.56609
8.540891
8.555219
8.542581
8.448881
8.550907
8.549297
8.574498
8.549749
8.620072
8.464466
8.570804
8.552852
8.516967
8.564903
8.555824
8.573579
8.5814
8.559334
8.561906
8.557491
8.556152
8.643242
8.522303
8.534809
8.573163
8.586314
8.574464
8.552723
8.604572
8.578952
8.558705
8.595209
8.514302
8.586672
8.568917
8.583873
8.617964
8.587703
8.596945
8.596231
8.546839
8.606945
8.604166
8.613682
8.573228
8.574483
8.533815
8.580593
8.573058
8.586046
8.613702
8.568163
8.589344
8.628764
8.485184
8.617505
8.584813
8.608165
8.574257
8.549705
8.58169
8.502325
8.606036
8.572887
8.572923
8.546288
8.520727
8.583319
8.560809
8.554554
8.511237
8.513211
8.595715
8.596027
8.539335
8.559922
8.60854
8.505187
8.535679
8.621371
8.537433
8.492369
8.562054
8.563684
8.541794
8.547902
8.559385
8.529422
8.568171
8.634094
8.572648
8.564413
8.506525
8.605413
8.578396
8.545791
8.531906
8.586278
8.545081
8.528528
8.558645
8.569365
8.557865
8.541379
8.572045
8.627336
8.593371
8.512853
8.558259
8.544256
8.550077
8.536355
8.554025
8.591801
8.592335
8.6194
8.564865
8.497993
8.547637
8.635276
8.549778
8.578199
8.540893
8.593053
8.560738
8.588246
8.482325
8.648683
8.594312
8.570414
8.56005
8.495708
8.560852
8.560067
8.580504
8.652501
8.578576
8.568696
8.558825
8.593109
8.648467
8.565189
8.661804
8.499987
8.623186
8.551844
8.583075
8.617056
8.580365
8.569794
8.639304
8.601439
8.574974
8.511394
8.549774
8.560441
8.53018
8.570713
8.590957
8.531891
8.582358
8.585845
8.542773
8.557316
8.627514
8.592592
8.583084
8.59791
8.530514
8.54057
8.515096
8.575817
8.576441
8.566423
8.562424
8.53958
8.570052
8.520913
8.584469
8.595069
8.658624
8.608381
8.588472
8.581061
8.586447
8.564747
8.508901
8.655806
8.55661
8.619732
8.515946
8.610075
8.587776
8.579125
8.573019
8.62601
8.654688
8.619924
8.508927
8.552959
8.565296
8.587788
8.578375
8.513728
8.559042
8.57551
8.508291
8.581365
8.562728
8.578051
8.628963
8.578209
8.491572
8.550679
8.557667
8.546166
8.525157
8.583862
8.548156
8.609624
8.525362
8.537413
8.605708
8.571213
8.575535
8.571933
8.546777
8.580446
8.614496
8.602957
8.615084
8.535615
8.536328
8.627097
8.533935
8.531472
8.534586
8.546379
8.594097
8.517161
8.509204
8.590706
8.617999
8.507743
8.52553
8.573489
8.548365
8.597123
8.589808
8.534727
8.522662
8.522209
8.556488
8.508888
8.571557
8.62977
8.462113
8.548282
8.652285
8.573508
8.577007
8.54443
8.532888
8.563113
8.543649
8.522233
8.578593
8.54827
8.531996
8.54817
8.56965
8.549251
8.539135
8.632424
8.528559
8.522668
8.508361
8.522047
8.521709
8.629657
8.553905
8.529675
8.568307
8.504205
8.565058
8.582954
8.562765
8.542611
8.609629
8.522178
8.624289
8.517374
8.642722
8.571828
8.600664
8.578065
8.553761
8.612751
8.536084
8.572924
8.551341
8.558679
8.633551
8.606445
8.524921
8.546541
8.52489
8.613745
8.60913
8.513932
8.552602
8.558067
8.558372
8.619425
8.526202
8.571471
8.574126
8.540486
8.636925
8.605826
8.534823
8.515785
8.601893
8.589059
8.544401
8.54858
8.553334
8.624255
8.534194
8.568657
8.610452
8.56115
8.534712
8.609727
8.517465
8.574553
8.535714
8.514819
8.592362
8.548574
8.587979
8.569296
8.582273
8.594981
8.602971
8.554641
8.619627
8.561847
8.589128
8.562076
8.539742
8.594819
8.559855
8.577147
8.571563
8.519502
8.573664
8.570792
8.610654
8.533183
8.586763
8.567924
8.582484
8.550853
8.553378
8.533321
8.610658
8.545249
8.492248
8.606617
8.569558
8.575125
8.577381
8.521567
8.56653
8.572071
8.542617
8.567527
8.596415
8.618259
8.634145
8.534031
8.570052
8.594702
8.568524
8.559387
8.595275
8.604446
8.514509
8.584739
8.538617
8.589303
8.582299
8.613433
8.523029
8.591178
8.562795
8.585725
8.589179
8.55182
8.539233
8.537678
8.513462
8.5791
8.564195
8.626714
8.591898
8.524292
8.565759
8.596722
8.495181
8.551411
8.591395
8.630347
8.582483
8.555855
8.537839
8.534518
8.524923
8.554653
8.540118
8.563135
8.553047
8.556926
8.511643
8.605859
8.573892
8.635748
8.536017
8.603191
8.639143
8.578394
8.489939
8.616127
8.603982
8.540086
8.623987
8.509095
8.59168
8.642298
8.513962
8.585987
8.557046
8.557909
8.532728
8.542717
8.538873
8.508125
8.606755
8.5591
8.485581
8.511953
8.559934
8.570243
8.56891
8.558013
8.609761
8.681553
8.567059
8.523397
8.585776
8.493392
8.517964
8.562274
8.495702
8.61362
8.61459
8.6155
8.58182
8.533105
8.605134
8.564495
8.579814
8.564543
8.55284
8.64636
8.608767
8.592875
8.569842
8.538988
8.584395
8.596059
8.542616
8.542101
8.576788
8.510895
8.523045
8.585615
8.578535
8.514078
8.598617
8.58835
8.543465
8.560531
8.610958
8.588095
8.612983
8.603372
8.633426
8.53803
8.483492
8.555834
8.597338
8.567521
8.596082
8.584711
8.557811
8.512331
8.637426
8.554385
8.601931
8.584103
8.594291
8.473127
8.597194
8.654205
8.626614
8.593638
8.499378
8.529458
8.554502
8.502902
8.624097
8.60465
8.575592
8.609328
8.577028
8.516947
8.522436
8.596867
8.61561
8.576384
8.597006
8.593956
8.566907
8.613068
8.584292
8.607211
8.543128
8.543954
8.571665
8.651255
8.618077
8.589387
8.583115
8.534873
8.559554
8.620445
8.609937
8.611584
8.569653
8.554623
8.556012
8.614495
8.619858
8.561908
8.561995
8.587282
8.534555
8.548509
8.580079
8.587248
8.583855
8.608373
8.640154
8.603581
8.571642
8.60501
8.520868
8.627658
8.518816
8.602453
8.555595
8.592992
8.611656
8.559286
8.571946
8.505873
8.586298
8.572509
8.497323
8.584865
8.559523
8.583657
8.525389
8.604808
8.575018
8.538647
8.572938
8.569708
8.629935
8.565651
8.589437
8.549877
8.546922
8.545992
8.579575
8.601233
8.546713
8.599458
8.557742
8.487301
8.590069
8.578091
8.46916
8.60241
8.546486
8.481888
8.640872
8.591075
8.596655
8.545761
8.563746
8.602276
8.560108
8.61421
8.495667
8.556084
8.598936
8.538643
8.5787
8.514234
8.492595
8.614947
8.519445
8.591029
8.574969
8.580569
8.514417
8.593801
8.566115
8.582726
8.574291
8.546302
8.580037
8.550864
8.49101
8.56689
8.535753
8.558067
8.559691
8.543618
8.552614
8.553227
8.530156
8.585665
8.570751
8.602478
8.556785
8.627513
8.584259
8.533793
8.495874
8.563896
8.61057
8.573247
8.511428
8.550285
8.589804
8.631216
8.565358
8.518564
8.517138
8.566215
8.579399
8.554328
8.561102
8.466978
8.508692
8.523547
8.589483
8.520981
8.545594
8.519057
8.557784
8.555882
8.566433
8.633752
8.587009
8.591127
8.554329
8.576344
8.558837
8.615464
8.585628
8.556857
8.563568
8.594772
8.471858
8.56535
8.581995
8.537539
8.588392
8.624663
8.575011
8.601857
8.595852
8.543316
8.531009
8.59323
8.48179
8.581431
8.61488
8.540556
8.567272
8.612875
8.475498
8.550866
8.501166
8.549112
8.590472
8.62783
8.567404
8.593335
8.529787
8.527812
8.630511
8.594017
8.652755
8.558932
8.602153
8.62414
8.535728
8.533233
8.510231
8.566365
8.577806
8.558389
8.500279
8.64903
8.494407
8.624861
8.62053
8.584355
8.549624
8.563475
8.554897
8.539633
8.650202
8.625485
8.499105
8.612865
8.504044
8.598993
8.563909
8.578348
8.547782
8.581706
8.559379
8.577913
8.584056
8.55207
8.546829
8.54969
8.593653
8.573793
8.64719
8.571302
8.580478
8.58572
8.568496
8.511351
8.556554
8.503372
8.585111
8.604026
8.595175
8.545992
8.564213
8.551254
8.575127
8.567658
8.559398
8.571751
8.539707
8.603384
8.550626
8.549977
8.522417
8.570672
8.555339
8.51669
8.563201
8.595649
8.520284
8.629708
8.528939
8.585853
8.620654
8.583536
8.595278
8.507746
8.536769
8.580484
8.570918
8.64676
8.560994
8.615784
8.604332
8.591537
8.53429
8.609126
8.586428
8.55034
8.542528
8.607005
8.607509
8.525734
8.605682
8.601073
8.609657
8.551014
8.619517
8.517804
8.56165
8.557206
8.579102
8.58163
8.597023
8.602399
8.629649
8.509538
8.567829
8.612799
8.607167
8.611553
8.504124
8.583111
8.54151
8.627931
8.540301
8.584469
8.515008
8.608147
8.590971
8.564614
8.623237
8.57794
8.604764
8.499879
8.568504
8.599697
8.574793
8.556876
8.559081
8.676878
8.514956
8.518342
8.519687
8.54026
8.572902
8.539187
8.506713
8.503484
8.574358
8.586864
8.635571
8.628753
8.582193
8.515773
8.634149
8.609935
8.661023
8.596653
8.558431
8.581994
8.549994
8.549076
8.621237
8.586698
8.597267
8.547906
8.538826
8.573726
8.542673
8.551321
8.582166
8.611448
8.56164
8.585042
8.586992
8.633001
8.532037
8.565582
8.490176
8.694658
8.587677
8.608364
8.56629
8.533313
8.598886
8.642424
8.586589
8.556351
8.50891
8.570613
8.579482
8.515469
8.621508
8.557593
8.491784
8.583188
8.521044
8.543216
8.57661
8.64738
8.543368
8.59553
8.508816
8.592382
8.510404
8.567368
8.513323
8.597434
8.658542
8.523634
8.544353
8.580687
8.580613
8.540008
8.541509
8.578888
8.56576
8.552593
8.550329
8.563443
8.603022
8.610467
8.568247
8.613384
8.587011
8.613227
8.559382
8.552442
8.547903
8.59481
8.554289
8.547143
8.550754
8.520022
8.525412
8.592951
8.575173
8.544459
8.61342
