6.4291
6.375073
6.373788
6.36005
6.465222
6.36132
6.342191
6.424267
6.381195
6.381801
6.433098
6.357282
6.438258
6.377692
6.335688
6.354729
6.329231
6.365949
6.390695
6.381626
6.394455
6.368951
6.369564
6.388737
6.419775
6.418749
6.410876
6.402958
6.399012
6.426057
6.431623
6.398601
6.431679
6.38324
6.339766
6.395811
6.386707
6.381837
6.394799
6.352677
6.389095
6.332077
6.391853
6.403998
6.419745
6.375291
6.387855
6.3891
6.396137
6.413495
6.382581
6.371483
6.395476
6.421953
6.388603
6.340635
6.365791
6.394112
6.34648
6.397073
6.390088
6.408987
6.421795
6.417777
6.339998
6.397639
6.385994
6.4522
6.390024
6.426888
6.372041
6.402942
6.363485
6.415855
6.424952
6.427022
6.391053
6.402201
6.399863
6.335118
6.423941
6.344533
6.335095
6.407168
6.391777
6.310587
6.325681
6.450571
6.426626
6.37776
6.39856
6.41107
6.387092
6.417475
6.398357
6.350152
6.40925
6.397079
6.429749
6.348711
6.328451
6.363018
6.415592
6.336279
6.410955
6.448635
6.365707
6.394078
6.385562
6.432573
6.43962
6.384958
6.380387
6.406429
6.389057
6.407505
6.414906
6.39278
6.376966
6.374658
6.375804
6.389269
6.413133
6.363771
6.357819
6.400942
6.416061
6.417575
6.39579
6.365714
6.412301
6.444797
6.376139
6.403294
6.408929
6.451733
6.351633
6.38819
6.412915
6.356457
6.391785
6.353302
6.407132
6.366538
6.409267
6.378047
6.426577
6.38418
6.424857
6.427551
6.388252
6.36866
6.382689
6.378839
6.401219
6.388623
6.407813
6.424436
6.413862
6.349927
6.42681
6.391945
6.358497
6.440014
6.391112
6.376485
6.401547
6.38857
6.340956
6.415955
6.412157
6.345162
6.326493
6.381594
6.40045
6.387
6.407774
6.404692
6.367091
6.426793
6.372539
6.412423
6.407507
6.359921
6.412728
6.380816
6.340623
6.385665
6.418949
6.443632
6.396021
6.416089
6.382292
6.365421
6.384894
6.384011
6.438433
6.422827
6.388646
6.417213
6.378642
6.423163
6.375872
6.371806
6.407794
6.384587
6.467398
6.353737
6.375501
6.370884
6.386368
6.418835
6.371317
6.409823
6.372727
6.418867
6.398684
6.394941
6.446735
6.360065
6.392585
6.435088
6.446179
6.393495
6.378495
6.410517
6.39765
6.441297
6.350104
6.448743
6.428452
6.435376
6.405535
6.408366
6.409752
6.426375
6.349474
6.399569
6.398375
6.359372
6.400488
6.37062
6.432804
6.392496
6.380447
6.43959
6.405053
6.437755
6.373446
6.417281
6.410486
6.385227
6.406788
6.343545
6.413876
6.449482
6.421965
6.420912
6.417768
6.42974
6.367115
6.422473
6.329276
6.388558
6.44989
6.401481
6.283648
6.42628
6.428426
6.403121
6.402749
6.46396
6.413321
6.362248
6.398009
6.358483
6.382029
6.383635
6.378632
6.36407
6.385162
6.388348
6.407259
6.378664
6.399888
6.372925
6.400852
6.399501
6.370169
6.331468
6.315205
6.38006
6.380118
6.353326
6.413227
6.353581
6.429087
6.433497
6.370528
6.390407
6.354439
6.416369
6.427915
6.361023
6.347552
6.420142
6.391233
6.444106
6.438688
6.399653
6.398109
6.401553
6.434846
6.415632
6.395147
6.425908
6.390703
6.395887
6.330239
6.402561
6.31031
6.356816
6.377214
6.393019
6.40523
6.404041
6.37265
6.386273
6.395344
6.437214
6.41587
6.446713
6.459478
6.371199
6.417506
6.416039
6.433641
6.368526
6.396545
6.370277
6.356514
6.395847
6.44362
6.414192
6.419428
6.362301
6.391485
6.405631
6.402975
6.381327
6.369021
6.396559
6.418803
6.390152
6.34636
6.37483
6.358929
6.403893
6.424407
6.389423
6.364734
6.358503
6.402272
6.41659
6.394984
6.431535
6.407383
6.42818
6.418686
6.384093
6.391005
6.362823
6.339562
6.360197
6.381615
6.358122
6.337725
6.360561
6.36537
6.415092
6.393403
6.433225
6.373879
6.383942
6.318457
6.367314
6.41537
6.350793
6.38913
6.421432
6.354456
6.391493
6.494981
6.364016
6.449044
6.432786
6.358188
6.373217
6.43006
6.426962
6.427073
6.403364
6.40756
6.389127
6.393206
6.386891
6.348644
6.437181
6.371469
6.333109
6.391899
6.398803
6.381035
6.424713
6.475815
6.378493
6.365499
6.419724
6.374503
6.427137
6.360566
6.382033
6.407306
6.350943
6.397405
6.416941
6.43384
6.383652
6.380971
6.399215
6.405837
6.407294
6.396181
6.324273
6.327393
6.398612
6.402372
6.407182
6.382169
6.372257
6.405051
6.370057
6.322661
6.395239
6.423718
6.408422
6.360464
6.333562
6.365065
6.401419
6.433478
6.345578
6.46128
6.363378
6.422211
6.388986
6.372558
6.42611
6.37321
6.456156
6.37175
6.404633
6.379314
6.40378
6.403491
6.403191
6.419933
6.388752
6.391413
6.389159
6.315789
6.304867
6.420993
6.369536
6.338611
6.394312
6.420438
6.389468
6.375381
6.384135
6.374176
6.428212
6.370333
6.422935
6.40122
6.437354
6.396004
6.448404
6.439245
6.401887
6.405651
6.397248
6.330311
6.342904
6.447188
6.363536
6.367647
6.470101
6.417395
6.473708
6.405926
6.37489
6.347088
6.360605
6.417207
6.374537
6.405918
6.329993
6.393065
6.359523
6.388292
6.394328
6.387166
6.383088
6.3614
6.401623
6.38532
6.415437
6.36239
6.359099
6.516031
6.320631
6.33448
6.392024
6.387141
6.423717
6.35612
6.412714
6.392751
6.415745
6.434664
6.388281
6.396494
6.378993
6.477493
6.40875
6.31879
6.431286
6.428845
6.421249
6.422038
6.416905
6.453358
6.41214
6.35849
6.350173
6.33443
6.418016
6.419678
6.43356
6.422751
6.45482
6.421535
6.40124
6.398726
6.388803
6.410821
6.381002
6.401988
6.367742
6.367998
6.380712
6.355524
6.417414
6.450143
6.443446
6.336462
6.396441
6.404052
6.399492
6.402616
6.356107
6.344296
6.427296
6.426592
6.427593
6.410627
6.372927
6.36628
6.373535
6.409702
6.393271
6.374869
6.372776
6.401543
6.384868
6.376539
6.401587
6.361771
6.405165
6.385866
6.436129
6.468906
6.338415
6.430658
6.384124
6.413913
6.389479
6.354292
6.415596
6.372301
6.418307
6.354955
6.351098
6.36075
6.406626
6.424737
6.451177
6.404177
6.446256
6.411354
6.414197
6.449683
6.416668
6.425609
6.368739
6.448807
6.401764
6.400555
6.36195
6.399688
6.405656
6.422562
6.386873
6.375907
6.356205
6.381891
6.371682
6.355575
6.406502
6.392122
6.346283
6.396689
6.439587
6.359385
6.396907
6.331737
6.459427
6.365617
6.341916
6.408393
6.346148
6.356709
6.376936
6.388254
6.389431
6.363794
6.42479
6.361793
6.400271
6.383399
6.404119
6.4064
6.367298
6.397465
6.409668
6.395098
6.350749
6.372498
6.404652
6.381991
6.404184
6.377374
6.397335
6.400244
6.36563
6.400048
6.43128
6.423594
6.388097
6.366055
6.452557
6.354507
6.431486
6.441969
6.436912
6.332761
6.378848
6.368516
6.436837
6.381974
6.431761
6.357116
6.387228
6.402217
6.383938
6.456623
6.376649
6.362918
6.470167
6.352895
6.410765
6.44019
6.394736
6.357127
6.400297
6.387185
6.392749
6.368981
6.410408
6.391723
6.353146
6.361082
6.393526
6.428485
6.393357
6.398325
6.428988
6.396473
6.425633
6.404928
6.373409
6.376803
6.404093
6.391537
6.416191
6.411582
6.401278
6.369165
6.346116
6.402136
6.37586
6.342916
6.362165
6.394293
6.443188
6.414168
6.371234
6.370264
6.368185
6.362521
6.393847
6.399848
6.367413
6.41018
6.375595
6.385024
6.406096
6.396674
6.387948
6.388039
6.412884
6.428271
6.433504
6.387206
6.427508
6.433578
6.412191
6.392586
6.439198
6.387383
6.384409
6.367884
6.417251
6.396888
6.371727
6.411052
6.380121
6.39194
6.381975
6.390911
6.376084
6.333982
6.38882
6.377359
6.391523
6.425767
6.374037
6.420112
6.327992
6.402864
6.41139
6.336488
6.39672
6.328764
6.409293
6.402962
6.355277
6.392914
6.440028
6.367706
6.365567
6.408549
6.355825
6.419315
6.372818
6.410615
6.414331
6.393972
6.404055
6.397045
6.416007
6.330574
6.356676
6.408184
6.411959
6.347955
6.406159
6.402957
6.390059
6.357781
6.512341
6.362713
6.417881
6.413339
6.44715
6.406761
6.373001
6.387887
6.397465
6.442569
6.395759
6.375741
6.422886
6.448023
6.385546
6.421219
6.395225
6.373767
6.414943
6.411345
6.41115
6.389314
6.350586
6.354921
6.369972
6.400135
6.423228
6.324537
6.3984
6.40761
6.386826
6.365061
6.384521
6.394154
6.378019
6.376882
6.409229
6.448569
6.407663
6.432162
6.366668
6.373783
6.421201
6.393464
6.397436
6.385149
6.454994
6.403652
6.378728
6.397438
6.392403
6.371317
6.374716
6.406788
6.357309
6.325956
6.395605
6.342411
6.351873
6.352061
6.344269
6.413507
6.374398
6.413721
6.373595
6.333414
6.330961
6.397183
6.424941
6.421713
6.421113
6.405432
6.388177
6.389294
6.360381
6.345301
6.38767
6.380987
6.339731
6.404678
6.411735
6.360533
6.410644
6.367765
6.347793
6.432595
6.408648
6.384626
6.364769
6.438829
6.404026
6.394105
6.377109
6.412048
6.374793
6.373928
6.42386
6.383495
6.401245
6.346284
6.428102
6.403306
6.416282
6.371055
6.428151
6.408378
6.357538
6.390594
6.370999
6.382685
6.361926
6.383661
6.419146
6.373408
6.424352
6.348442
6.451268
6.442633
6.359442
6.39251
6.405896
6.361121
6.34147
6.393196
6.366904
6.407922
6.322349
6.424023
6.403291
6.356094
6.398972
6.408989
6.404327
6.423186
6.408219
6.410216
6.41153
6.500027
6.334267
6.3485
6.374799
6.402229
6.408076
6.370521
6.36288
6.39124
6.371245
6.376194
6.418013
6.40412
6.367517
6.406704
6.35753
6.401468
6.40912
6.375407
6.384613
6.423134
6.381966
6.405447
6.350448
6.412044
6.346166
6.41316
6.387902
6.345256
6.418326
6.374678
6.370782
6.364605
6.434866
6.40912
6.4001
6.373628
6.417248
6.391684
6.375265
6.392088
6.46293
6.376241
6.386498
6.376316
6.350261
6.402733
6.362908
6.386794
6.395661
6.378408
6.404567
6.469767
6.393427
6.398345
6.339516
6.351861
6.38751
6.389722
6.412736
6.364814
6.384277
6.444722
6.41332
6.389829
6.413101
6.402282
6.423202
6.391066
6.397809
6.380545
6.314823
6.416763
6.361484
6.403875
6.358366
6.367581
6.386781
6.424705
6.350489
6.423309
6.429609
6.392008
6.409932
6.395318
6.400234
6.373543
6.351486
6.377468
6.412431
6.362724
6.401631
6.368152
6.426347
6.388537
6.485146
6.365639
6.356463
6.445772
6.403108
6.357012
6.413166
6.390415
6.42845
6.370229
6.348891
6.435607
6.420564
6.469219
6.410632
6.413161
6.37434
6.331969
6.371615
6.36515
6.400552
6.370098
6.374697
6.429577
6.384441
6.418231
6.411015
6.386152
6.392969
6.40477
6.339743
6.373582
6.402003
6.410033
6.37045
6.348162
6.341781
6.464587
6.409077
6.405191
6.393536
6.409995
6.37215
6.413278
6.435299
6.36438
6.327266
6.437056
6.38625
6.496792
6.39831
6.443479
6.411567
6.3923
6.421224
6.437884
6.380653
6.368872
6.436803
6.373235
6.385776
6.395391
6.37291
6.326251
6.439259
6.397387
6.366885
6.306784
6.349762
6.415085
6.413037
6.401324
6.396363
6.403099
6.412501
6.350358
6.364541
6.435162
6.466306
6.395359
6.374102
6.424565
6.399191
6.371926
6.436599
6.42228
6.35486
6.400208
6.356656
6.311606
6.422229
6.357778
6.412925
6.37631
6.403724
6.434611
6.424159
6.394926
6.41672
6.383771
6.349308
6.380262
6.43887
6.401772
6.41966
6.409251
6.360693
6.345506
6.38438
6.380178
6.413633
6.414396
6.391566
6.383666
6.427354
6.377717
6.412249
6.411051
6.328068
6.375091
6.375242
6.34276
6.381671
6.348953
6.409026
6.396299
6.386947
6.393982
6.373939
6.381979
6.365425
6.394364
6.36202
6.368518
6.418047
6.367454
6.42225
6.379575
6.380142
6.443153
6.470317
6.378187
6.342692
6.369565
6.375079
6.424701
6.39154
6.375258
6.382971
6.378805
6.365271
6.392248
6.341873
6.389335
6.374109
6.453299
6.353132
6.40168
6.393043
6.413098
6.421073
6.409104
6.324313
6.428431
6.338667
6.365729
6.375874
6.382136
6.353413
6.350171
6.395215
6.392246
6.402699
6.337235
6.378618
6.429841
6.459613
6.381505
6.467127
6.414824
6.423315
6.408113
6.350412
6.38733
6.380341
6.399791
6.428974
6.404894
6.431002
6.403662
6.391077
6.342016
6.376399
6.352435
6.370624
6.380629
6.363531
6.373698
6.391445
6.396983
6.396501
6.411234
6.365284
6.384656
6.416551
6.374734
6.41404
6.362932
6.428906
6.385881
6.384684
6.372557
6.334873
6.371871
6.376267
6.443541
6.433573
6.385783
6.403014
6.381491
6.32319
6.369344
6.396271
6.355217
6.373627
6.386331
6.368459
6.415159
6.361838
6.430291
6.372397
6.309476
6.367065
6.408578
6.424483
6.439542
6.383465
6.425132
6.379937
6.34956
6.34587
6.397722
6.395916
6.364893
6.372699
6.373245
6.393833
6.393445
6.463032
6.365466
6.364953
6.362364
6.338234
6.339988
6.345803
6.36998
6.419951
6.388797
6.375473
6.433603
6.379223
6.370085
6.414174
6.353249
6.411831
6.352737
6.399348
6.381853
6.381947
6.389511
6.423194
6.368938
6.411624
6.437425
6.435827
6.393635
6.361463
6.445396
6.387006
6.419492
6.355505
6.398667
6.404339
6.414769
6.38726
6.401704
6.400009
6.395547
6.356985
6.431408
6.399257
6.395271
6.38777
6.424135
6.406356
6.357103
6.420974
6.408465
6.392346
6.400982
6.370529
6.441729
6.385224
6.439228
6.454331
6.355174
6.37007
6.440655
6.410905
6.457322
6.419719
6.386698
6.384074
6.390223
6.368556
6.374436
6.42622
6.364942
6.396986
6.426527
6.398786
6.387768
6.407386
6.468299
6.391267
6.402749
6.386563
6.340347
6.393035
6.414909
6.389365
6.39327
6.381526
6.404441
6.361996
6.37266
6.390016
6.366998
6.369356
6.390951
6.333846
6.374574
6.392138
6.406883
6.414106
6.393437
6.373041
6.392613
6.388587
6.410328
6.409529
6.36217
6.406748
6.39479
6.379747
6.422629
6.333122
6.34841
6.368611
6.401793
6.368632
6.386313
6.380557
6.39165
6.369948
6.380503
6.349075
6.303935
6.362451
6.402977
6.401684
6.40642
6.362613
6.389175
6.390137
6.38127
6.437939
6.432756
6.326714
6.388142
6.401962
6.423585
6.374839
6.367485
6.38314
6.371013
6.424847
6.399074
6.40553
6.415713
6.424093
6.336126
6.406946
6.363142
6.377431
6.390234
6.410717
6.38091
6.398676
6.35608
6.430597
6.369996
6.391242
6.413773
6.407011
6.454123
6.37693
6.365301
6.415617
6.433376
6.349237
6.376974
6.395575
6.393765
6.394532
6.414794
6.399209
6.422041
6.371343
6.419661
6.39337
6.452275
6.413921
6.386528
6.421871
6.42792
6.417857
6.402014
6.397929
6.360637
6.39157
6.381876
6.365332
6.310645
6.394923
6.327914
6.362333
6.379168
6.36749
6.403466
6.372172
6.455758
6.35996
6.400383
6.39391
6.42242
6.445298
6.337244
6.417229
6.39067
6.399913
6.434957
6.381382
6.340803
6.390078
6.324666
6.349904
6.420926
6.372624
6.408112
6.427499
6.398383
6.361223
6.383161
6.425421
6.359686
6.341988
6.388451
6.382008
6.352262
6.418127
6.417279
6.347534
6.383
6.388511
6.430291
6.394098
6.381671
6.332168
6.388051
6.415711
6.450031
6.390908
6.357233
6.36086
6.388542
6.403738
6.409732
6.393175
6.399212
6.360465
6.385603
6.386636
6.395528
6.420212
6.391238
6.455763
6.336912
6.411874
6.433477
6.385061
6.389401
6.408887
6.341478
6.35169
6.431841
6.410418
6.406677
6.353781
6.415369
6.396355
6.369098
6.420823
6.42585
6.399588
6.405511
6.40138
6.381414
6.397592
6.343219
6.433941
6.373974
6.41752
6.392959
6.408952
6.33175
6.373441
6.445053
6.357757
6.385844
6.438696
6.356908
6.392214
6.359061
6.396157
6.389934
6.39671
6.420494
6.401378
6.366365
6.336734
6.449928
6.371273
6.430339
6.392041
6.420003
6.423607
6.399157
6.406584
6.366372
6.399669
6.407295
6.396741
6.424737
6.374975
6.43366
6.408239
6.379103
6.370975
6.416819
6.391927
6.444175
6.424355
6.379289
6.353279
6.352144
6.390856
6.386704
6.411751
6.370015
6.414752
6.36733
6.384175
6.407732
6.303748
6.352582
6.365051
6.353857
6.396612
6.380695
6.408752
6.380863
6.393492
6.380279
6.391362
6.373761
6.351663
6.374525
6.406215
6.382897
6.390901
6.422836
6.405169
6.413218
6.414566
6.403212
6.371568
6.358545
6.360259
6.37997
6.42172
6.370769
6.475892
6.396615
6.335787
6.374299
6.454916
6.368514
6.400832
6.411315
6.360496
6.390652
6.416051
6.4342
6.390559
6.328246
6.369025
6.406182
6.398454
6.42316
6.349323
6.387048
6.342394
6.404295
6.393032
6.396263
6.317274
6.404134
6.38173
6.365186
6.381936
6.395899
6.384972
6.375451
6.400571
6.375304
6.388081
6.427886
6.418461
6.37749
6.378277
6.323641
6.395725
6.365744
6.404954
6.369976
6.347924
6.438946
6.390685
6.340189
6.405092
6.443408
6.351381
6.406085
6.387562
6.401881
6.363699
6.438851
6.403916
6.383953
6.405546
6.364093
6.40978
6.372995
6.414689
6.407406
6.400418
6.438762
6.36992
6.41294
6.365116
6.389254
6.396118
6.351531
6.385022
6.361585
6.402122
6.372165
6.393217
6.384464
6.354625
6.298805
6.364088
6.354624
6.429908
6.399796
6.373955
6.354298
6.402893
6.406374
6.4044
6.399405
6.365722
6.385648
6.374537
6.378587
6.44619
6.392767
6.361754
6.423768
6.408559
6.388557
6.361075
6.382418
6.399739
6.378951
6.358039
6.375222
6.416458
6.402174
6.407173
6.39424
6.41344
6.311472
6.369419
6.315707
6.365668
6.426346
6.393829
6.437529
6.39379
6.391221
6.411084
6.389645
6.40428
6.385091
6.433207
6.393212
6.396329
6.342361
6.371729
6.408248
6.418439
6.417073
6.391064
6.366968
6.359064
6.394391
6.398212
6.420815
6.409095
6.380841
6.378365
6.351846
6.414877
6.381243
6.463859
6.378204
6.382155
6.380238
6.364979
6.405913
6.395794
6.362896
6.388191
6.403614
6.391335
6.346694
6.388347
6.373393
6.416621
6.387793
6.40349
6.399621
6.39148
6.384964
6.433568
6.365985
6.360886
6.41737
6.35881
6.391189
6.376023
6.395207
6.374559
6.365634
6.359953
6.450773
6.371444
6.402097
6.426791
6.368738
6.362103
6.387021
6.380562
6.443725
6.42596
6.362347
6.453882
6.345407
6.428184
6.390526
6.337465
6.409972
6.349076
6.350435
6.403198
6.438195
6.434951
6.382728
6.345843
6.406057
6.30074
6.442442
6.436966
6.382625
6.40235
6.413557
6.424755
6.398134
6.358661
6.354924
6.39456
6.359238
6.410265
6.368303
6.438993
6.373375
6.359191
6.408346
6.400953
6.353656
6.424285
6.373619
6.399236
6.399911
6.418764
6.420697
6.401266
6.411096
6.442813
6.389634
6.356468
6.390225
6.381412
6.442547
6.446212
6.404492
6.413922
6.358458
6.379982
6.404747
6.371801
6.392288
6.362132
6.387876
6.345142
6.373958
6.412133
6.358504
6.424203
6.442526
6.407459
6.361038
6.411623
6.38953
6.340065
6.376954
6.358192
6.425848
6.400535
6.426976
6.378085
6.403612
6.341543
6.408415
6.413308
6.347411
6.359065
6.404427
6.371276
6.363506
6.386741
6.37147
6.414917
6.388813
6.413237
6.383968
6.3791
6.407833
6.415672
6.405678
6.398486
6.354901
6.441475
6.39359
6.345878
6.366753
6.438502
6.438934
6.331502
6.328174
6.401403
6.349535
6.423654
6.453099
6.409865
6.430828
6.412275
6.4413
6.403611
6.385274
6.365057
6.42008
6.422076
6.42215
6.341916
6.399137
6.354588
6.389127
6.423581
6.38392
6.376829
6.429923
6.434263
6.425085
6.405443
6.415775
6.361815
6.397902
6.335543
6.389572
6.341909
6.411772
6.387159
6.396765
6.377732
6.38576
6.457021
6.392369
6.372365
6.345649
6.401016
6.358655
6.384494
6.395227
6.384707
6.385815
6.386583
6.395364
6.426458
6.458157
6.389027
6.397981
6.48979
6.349882
6.403036
6.41999
6.374183
6.399106
6.406926
6.384308
6.337883
6.375176
6.460054
6.439513
6.372099
6.359166
6.440883
6.405916
6.375755
6.39946
6.408055
6.356138
6.366197
6.404225
6.385411
6.366666
6.385342
6.441184
6.47168
6.379011
6.442638
6.403811
6.39426
6.388792
6.383121
6.432502
6.375558
6.350501
6.403676
6.417824
6.418575
6.369934
6.420156
6.38074
6.368295
6.38968
6.370421
6.383469
6.405733
6.34796
6.386296
6.370221
6.416489
6.403421
6.413901
6.382263
6.346087
6.433404
6.34571
6.381687
6.371948
6.422621
6.388732
6.347002
6.365496
6.396477
6.38606
6.302231
6.391836
6.398916
6.390041
6.383495
6.405397
6.402705
6.385887
6.410362
6.440751
6.425093
6.398441
6.374699
6.391854
6.411404
6.377805
6.346018
6.430537
6.310997
6.416233
6.425724
6.402291
6.379834
6.373156
6.378221
6.329139
6.397575
6.344026
6.423796
6.406414
6.393013
6.394883
6.368052
6.380518
6.392057
6.413492
6.398727
6.395657
6.392062
6.331456
6.387646
6.357044
6.375945
6.394294
6.369948
6.404529
6.346116
6.432804
6.347383
6.395704
6.371857
6.358712
6.413545
6.400572
6.39602
6.445401
6.393513
6.45349
6.376584
6.427783
6.343842
6.367265
6.349509
6.416268
6.392739
6.366648
6.439777
6.360605
6.411372
6.379698
6.413021
6.396248
6.410054
6.369002
6.385523
6.413849
6.393395
6.419612
6.419961
6.442519
6.380321
6.362666
6.383038
6.424572
6.41158
6.43921
6.359795
6.404972
6.403818
6.362353
6.356539
6.35608
6.358193
6.431159
6.407271
6.358284
6.407643
6.440506
6.44922
6.395415
6.318582
6.368665
6.395379
6.379685
6.361029
6.404985
6.388605
6.40342
6.348496
6.391204
6.381269
6.415597
6.402977
6.362172
6.422319
6.433385
6.358685
6.35296
6.389934
6.435131
6.346295
6.371434
6.371188
6.353482
6.408754
6.42662
6.363391
6.359062
6.380726
6.394076
6.406464
6.403801
6.387809
6.41311
6.415297
6.430469
6.358921
6.390571
6.393659
6.368253
6.336408
6.409846
6.385969
6.450314
6.404737
6.387529
6.382802
6.354211
6.440063
6.452759
6.337219
6.380211
6.41765
6.401712
6.432181
6.408705
6.369841
6.431849
6.374553
6.406853
6.399669
6.377422
6.320847
6.369914
6.404219
6.387689
6.384804
6.406227
6.373064
6.361761
6.396915
6.387603
6.379837
6.398603
6.386956
6.373285
6.374543
6.385861
6.379021
6.412655
6.411963
6.415257
6.42763
6.354566
6.397269
6.383849
6.382379
6.427856
6.423852
6.385203
6.402242
6.410263
6.399
6.39853
6.372489
6.380171
6.423394
6.453632
6.385523
6.400144
6.401579
6.380713
6.435602
6.414844
6.406171
6.384158
6.379837
6.374894
6.407595
6.409288
6.405451
6.372838
6.374149
6.403536
6.372699
6.42545
6.334638
6.436371
6.403294
6.397887
6.333571
6.359026
6.376021
6.393361
6.390559
6.358438
6.367597
6.376647
6.41629
6.37709
6.396501
6.373084
6.377927
6.366194
6.373355
6.407593
6.349321
6.408049
6.385968
6.394292
6.345194
6.364946
6.381758
6.430084
6.384005
6.383518
6.36935
6.440712
6.368645
6.40712
6.433159
6.410096
6.439476
6.383712
6.406197
6.308377
6.312539
6.411835
6.429699
6.373541
6.368318
6.368393
6.413565
6.438006
6.38692
6.378277
6.38039
6.402107
6.352027
6.341801
6.36381
6.387037
6.345069
6.400206
6.395927
6.374879
6.409309
6.382378
6.381128
6.395567
6.392464
6.38235
6.393142
6.377269
6.38962
6.376016
6.368796
6.361623
6.420483
6.405096
6.453553
6.36386
6.408045
6.37496
6.350589
6.364621
6.3655
6.3649
6.395993
6.463351
6.374162
6.371571
6.326594
6.391693
6.359337
6.412133
6.361935
6.424279
6.364628
6.395252
6.388802
6.366819
6.453575
6.439946
6.386634
6.408036
6.355833
6.409117
6.425832
6.393617
6.427591
6.377148
6.444286
6.430477
6.341845
6.368727
6.388268
6.355079
6.405306
6.398027
6.458765
6.409714
6.340824
6.365956
6.452517
6.365688
6.323048
6.405547
6.382046
6.389929
6.387456
6.396213
6.397598
6.402295
6.425146
6.4259
6.455811
6.38865
6.346281
6.416414
6.38279
6.400286
6.323869
6.360334
6.365674
6.382089
6.383875
6.350002
6.413603
6.379941
6.368435
6.422184
6.393406
6.370672
6.413027
6.384177
6.327568
6.376483
6.420197
6.432877
6.42017
6.49602
6.331379
6.382353
6.390525
6.418896
6.362433
6.361038
6.398698
6.424092
6.379668
6.373707
6.376589
6.427597
6.399657
6.444906
6.346489
6.382069
6.412626
6.392831
6.403228
6.42471
6.491199
6.319237
6.42695
6.447704
6.431217
6.488253
6.366317
6.453497
6.352808
6.26598
6.352886
6.411388
6.40253
6.433716
6.379719
6.380347
6.357747
6.406809
6.394522
6.375945
6.389709
6.383292
6.373582
6.440733
6.400948
6.37304
6.382863
6.391158
6.425762
6.393328
6.431623
6.390508
6.408554
6.39171
6.416283
6.31478
6.417067
6.354295
6.398063
6.398635
6.355062
6.391748
6.444054
6.385113
6.34284
6.36353
6.341707
6.452816
6.32775
6.432518
6.423601
6.402786
6.491351
6.355128
6.378061
6.378535
6.32846
6.377684
6.391319
6.396505
6.359249
6.410729
6.393561
6.354544
6.3964
6.426782
6.433253
6.37063
6.406774
6.353467
6.351138
6.350511
6.414747
6.427476
6.402682
6.420578
6.374056
6.424023
6.402861
6.425358
6.426736
6.370741
6.361749
6.361831
6.401033
6.373999
6.385329
6.378177
6.40264
6.361196
6.395365
6.386764
6.377722
6.438574
6.351504
6.417853
6.428686
6.384807
6.433448
6.345301
6.362956
6.384514
6.383568
6.341272
6.39924
6.376132
6.381782
6.366384
6.365582
6.32417
6.353366
6.299566
6.35888
6.399806
6.41463
6.4041
6.405942
6.398488
6.387133
6.368031
6.40437
6.388659
6.383994
6.358474
6.421209
6.382303
6.413229
6.405028
6.414425
6.427528
6.375219
6.357345
6.382615
6.446506
6.416969
6.354463
6.392253
6.427224
6.414425
6.375207
6.394149
6.383843
6.369095
6.350226
6.347169
6.380085
6.402186
6.381003
6.396604
6.437367
6.385861
6.372453
6.315763
6.402487
6.377788
6.357322
6.390245
6.358685
6.391065
6.369157
6.393535
6.371927
6.404031
6.39796
6.380516
6.402801
6.410233
6.40818
6.339411
6.41863
6.394602
6.369953
6.360805
6.412623
6.416947
6.39014
6.353769
6.396419
6.37727
6.396743
6.388794
6.386273
6.4179
6.423576
6.392936
6.382403
6.366141
6.395728
6.445676
6.349768
6.423022
6.464982
6.446195
6.408412
6.410076
6.377482
6.404911
6.399712
6.399901
6.404656
6.423867
6.4193
6.427911
6.42444
6.361354
6.388021
6.394878
6.391968
6.434756
6.321096
6.398529
6.395138
6.392073
6.347773
6.34711
6.401937
6.411415
6.338698
6.397237
6.422706
6.401264
6.446456
6.409205
6.387547
6.410209
6.348244
6.455866
6.39893
6.407647
6.36113
6.412401
6.41655
6.384653
6.340402
6.392545
6.38749
6.418012
6.366391
6.375825
6.447779
6.349623
6.367492
6.393183
6.425333
6.423238
6.415349
6.357634
6.446344
6.467938
6.390475
6.361551
6.382392
6.378967
6.393523
6.385659
6.438949
6.470838
6.445473
6.360932
6.401955
6.375916
6.424426
6.43459
6.390013
6.310149
6.388529
6.323172
6.419411
6.389871
6.392061
6.420303
6.455206
6.400277
6.379108
6.421731
6.363314
6.374683
6.339353
6.361812
6.384765
6.364147
6.449504
6.430598
6.3623
6.356405
6.418761
6.379912
6.363665
6.321388
6.410492
6.381337
6.360304
6.419226
6.407171
6.372078
6.361419
6.360818
6.428057
6.377391
6.442315
6.380007
6.395841
6.322426
6.392852
6.405242
6.385599
6.414521
6.378053
6.338707
6.416224
6.419333
6.40399
6.407619
6.362265
6.414825
6.38366
6.372873
6.368726
6.397218
6.395764
6.444358
6.403905
6.395191
6.378717
6.385558
6.404674
6.378924
6.384039
6.387675
6.384865
6.432471
6.340405
6.386611
6.414543
6.407289
6.400141
6.39265
6.397974
6.397658
6.38154
6.364545
6.439077
6.422332
6.400868
6.325051
6.402571
6.401196
6.374362
6.401809
6.395843
6.37645
6.390516
6.413799
6.392476
6.420558
6.374426
6.387654
6.421798
6.401899
6.386884
6.454926
6.371681
6.380347
6.386043
6.442312
6.385167
6.387349
6.426129
6.307719
6.381863
6.447456
6.349717
6.428073
6.420282
6.37554
6.379279
6.384165
6.392138
6.361943
6.371651
6.416416
6.382043
6.367007
6.372255
6.41042
6.375459
6.398713
6.369019
6.358094
6.413663
6.388502
6.374784
6.366869
6.353724
6.397022
6.37774
6.440732
6.362189
6.427146
6.392748
6.467851
6.397357
6.429135
6.389646
6.407878
6.372754
6.430161
6.377159
6.359985
6.363951
6.422699
6.357783
6.420837
6.401268
6.429139
6.43241
6.361251
6.37996
6.426377
6.360585
6.43358
6.36714
6.395619
6.352149
6.40884
6.424494
6.397876
6.377593
6.323717
6.369122
6.386703
6.398994
6.408099
6.391781
6.363259
6.426761
6.345123
6.395486
6.424067
6.359891
6.371747
6.418634
6.365117
6.410317
6.356017
6.393625
6.403695
6.351895
6.388019
6.405654
6.43702
6.344932
6.395647
6.415658
6.367483
6.34218
6.335655
6.341535
6.373408
6.425072
6.39584
6.370985
6.412499
6.439189
6.472455
6.385982
6.375621
6.443826
6.404808
6.43033
6.367921
6.420308
6.395145
6.442649
6.431154
6.403268
6.403586
6.407235
6.357379
6.372346
6.421962
6.391196
6.388352
6.400928
6.357831
6.387133
6.408185
6.38215
6.361269
6.456812
6.380659
6.36954
6.338429
6.413527
6.381046
6.379013
6.345441
6.433271
6.432177
6.406084
6.379683
6.390918
6.353998
6.413306
6.43708
6.405795
6.380143
6.443675
6.436489
6.439584
6.398269
6.360313
6.322445
6.408915
6.367357
6.400329
6.391224
6.379205
6.329789
6.440398
6.433275
6.387593
6.394011
6.421416
6.359332
6.372065
6.396994
6.400802
6.352465
6.415273
6.357064
6.391803
6.400141
6.412542
6.432092
6.362537
6.42365
6.411298
6.400097
6.405729
6.385533
6.402217
6.377792
6.360645
6.391173
6.40008
6.355603
6.391124
6.423338
6.432607
6.400746
6.393385
6.382864
6.386442
6.393106
6.374331
6.347629
6.445106
6.436219
6.349935
6.404746
6.367825
6.421501
6.402467
6.394627
6.372407
6.390005
6.366602
6.372815
6.368592
6.387351
6.336689
6.431153
6.392287
6.370141
6.382765
6.45275
6.435292
6.387057
6.385496
6.391387
6.411732
6.368943
6.358054
6.434314
6.368276
6.396061
6.419556
6.396483
6.40412
6.438641
6.376072
6.395975
6.421093
6.414976
6.37213
6.39498
6.364517
6.381288
6.368685
6.415041
6.372327
6.406575
6.359644
6.426071
6.395989
6.512715
6.395027
6.405085
6.419175
6.398798
6.368763
6.42057
6.36492
6.420218
6.409328
6.385792
6.38418
6.362071
6.40852
6.320588
6.362017
6.383198
6.346421
6.318981
6.41117
6.412064
6.406072
6.456638
6.409548
6.434577
6.369263
6.381568
6.425935
6.383156
6.388695
6.351971
6.393042
6.347886
6.371128
6.419016
6.347308
6.358644
6.39038
6.422363
6.367261
6.368578
6.355786
6.401743
6.407561
6.376959
6.426276
6.441976
6.395441
6.407076
6.420906
6.435723
6.380715
6.407266
6.435955
6.347169
6.367521
6.335793
6.448892
6.360964
6.367832
6.409867
6.348222
6.35901
6.387291
6.361711
6.389792
6.39756
6.383664
6.400585
6.40383
6.373188
6.400192
6.395553
6.363589
6.402209
6.386177
6.41499
6.402463
6.351126
6.37753
6.431093
6.447123
6.383945
6.40771
6.363153
6.372374
6.445829
6.375679
6.382705
6.374202
6.376574
6.365451
6.377847
6.431715
6.359496
6.427941
6.379945
6.409992
6.329058
6.468901
6.360103
6.40505
6.378834
6.379305
6.385404
6.39814
6.422024
6.424514
6.39859
6.385067
6.3708
6.318775
6.436248
6.374001
6.271443
6.35908
6.425655
6.43289
6.446822
6.405341
6.360651
6.44343
6.380368
6.351526
6.375238
6.413066
6.386205
6.377377
6.407983
6.404655
6.404906
6.379276
6.356476
6.376556
6.38931
6.337492
6.416029
6.428973
6.448508
6.397977
6.404048
6.361436
6.440313
6.347162
6.443154
6.395658
6.369736
6.419066
6.378947
6.442003
6.363405
6.414472
6.396068
6.418687
6.423141
6.380659
6.362946
6.417403
6.398643
6.345857
6.409046
6.384559
6.392296
6.386581
6.373969
6.382943
6.37263
6.364055
6.378933
6.431629
6.371201
6.393347
6.426051
6.365703
6.394364
6.420929
6.422793
6.419645
6.395899
6.402738
6.336832
6.41454
6.364827
6.374973
6.371991
6.414196
6.42072
6.446061
6.454844
6.352653
6.407439
6.405418
6.404723
6.360196
6.381713
6.339463
6.400087
6.409232
6.395341
6.383593
6.483843
6.383375
6.340887
6.376078
6.417435
6.359221
6.416197
6.341147
6.347862
6.384856
6.402874
6.373875
6.388801
6.330493
6.373509
6.411229
6.465422
6.438106
6.347462
6.375582
6.367822
6.408413
6.388712
6.34458
6.373647
6.457208
6.401366
6.386823
6.407782
6.358085
6.406094
6.428707
6.393612
6.411985
6.399885
6.400636
6.40238
6.413502
6.360682
6.430249
6.413227
6.414684
6.389529
6.418542
6.375087
6.395973
6.383088
6.371053
6.341602
6.454573
6.434189
6.430437
6.396317
6.364142
6.410763
6.399876
6.371894
6.430125
6.353291
6.407912
6.395915
6.37499
6.446539
6.363461
6.356633
6.44308
6.384921
6.404018
6.40378
6.378516
6.339083
6.376179
6.398428
6.367721
6.390277
6.369405
6.389405
6.352092
6.403534
6.362184
6.353981
6.437095
6.393509
6.386441
6.419493
6.439667
6.393692
6.316749
6.430377
6.37223
6.411229
6.358074
6.402775
6.386979
6.429302
6.388848
6.392576
6.366659
6.413387
6.409405
6.408996
6.367275
6.427069
6.416307
6.41691
6.359773
6.401274
6.337467
6.400232
6.388656
6.409341
6.452418
6.332142
6.379737
6.392611
6.413224
6.346097
6.422506
6.409554
6.439061
6.362008
6.405985
6.370585
6.385155
6.408572
6.448832
6.345254
6.373022
6.377633
6.387285
6.37727
6.453674
6.452016
6.427876
6.428658
6.330425
6.364504
6.352257
6.326709
6.359437
6.351204
6.412153
6.328529
6.406822
6.400177
6.318293
6.443548
6.397386
6.418646
6.415592
6.404897
6.438244
6.388146
6.382288
6.338638
6.386299
6.419626
6.393248
6.356412
6.387548
6.355288
6.384918
6.397308
6.370155
6.394255
6.419013
6.409302
6.387112
6.374341
6.388522
6.407275
6.386225
6.338342
6.354223
6.403563
6.357817
6.324483
6.38225
6.355783
6.423111
6.432435
6.364855
6.366969
6.358192
6.323901
6.372215
6.38351
6.324294
6.37738
6.413408
6.441908
6.40739
6.382979
6.381168
6.401131
6.401259
6.39431
6.414747
6.360587
6.366538
6.416797
6.413926
6.429605
6.385739
6.421391
6.367791
6.407033
6.393973
6.411343
6.420692
6.364584
6.428283
6.329485
6.36691
6.360937
6.35825
6.367348
6.429189
6.3337
6.431721
6.392997
6.398802
6.388175
6.38951
6.325478
6.39927
6.359272
6.360601
6.42821
6.375803
6.447642
6.389034
6.339569
6.390785
6.400516
6.376951
6.423969
6.371007
6.429097
6.363607
6.390493
6.409783
6.431492
6.395031
6.434739
6.388544
6.434095
6.409563
6.416344
6.387687
6.417766
6.407954
6.413807
6.361794
6.383222
6.381454
6.362142
6.409075
6.446161
6.393056
6.341822
6.430643
6.445129
6.411287
6.441721
6.381638
6.42178
6.368578
6.479841
6.390101
6.369416
6.414496
6.331152
6.373168
6.368271
6.414448
6.355617
6.38668
6.412873
6.373617
6.369941
6.385388
6.378402
6.370933
6.392361
6.363325
6.417885
6.369617
6.398563
6.351292
6.401986
6.438684
6.38772
6.442792
6.386738
6.392476
6.402922
6.43062
6.386893
6.415596
6.416614
6.394084
6.384618
6.476846
6.337716
6.375353
6.374544
6.394117
6.400586
6.397424
6.390794
6.39776
6.380849
6.421405
6.354699
6.406615
6.36835
6.40426
6.396731
6.41887
6.365718
6.341354
6.410419
6.366624
6.352972
6.437692
6.39336
6.425646
6.426808
6.389212
6.422003
6.401676
6.442342
6.388217
6.404778
6.428765
6.376507
6.372202
6.399882
6.377142
6.417281
6.34652
6.34591
6.3517
6.374999
6.37537
6.406616
6.437107
6.387084
6.35103
6.412362
6.470121
6.354217
6.396736
6.430606
6.437325
6.417118
6.370764
6.403626
6.348899
6.467025
6.40785
6.374552
6.40793
6.390902
6.428612
6.408233
6.422202
6.466394
6.378671
6.374359
6.415701
6.386225
6.370422
6.436012
6.326711
6.36755
6.398609
6.366632
6.428911
6.397405
6.365104
6.383563
6.410467
6.379421
6.423751
6.359638
6.39726
6.406164
6.340992
6.342779
6.391236
6.421136
6.348286
6.345274
6.441189
6.431383
6.42885
6.381781
6.376141
6.426721
6.434111
6.395945
6.399629
6.400078
6.395628
6.389858
6.381627
6.35141
6.399454
6.423934
6.424859
6.389442
6.34855
6.372621
6.347918
6.502339
6.396525
6.401228
6.443966
6.466586
6.388787
6.416679
6.453473
6.424875
6.406638
6.379
6.374328
6.373889
6.432537
6.425122
6.421464
6.369862
6.396031
6.371953
6.34512
6.380483
6.399677
6.407815
6.401479
6.376525
6.395255
6.34647
6.392954
6.418786
6.391342
6.403814
6.386959
6.368108
6.451869
6.403874
6.421313
6.367301
6.368639
6.412674
6.426414
6.389034
6.401686
6.417492
6.436258
6.332029
6.383845
6.414587
6.361944
6.375387
6.382385
6.399669
6.387513
6.381819
6.425974
6.440212
6.367418
6.382378
6.436851
6.404762
6.425589
6.379037
6.410799
6.342704
6.358373
6.367059
6.370722
6.393115
6.374809
6.379351
6.417336
6.346798
6.428346
6.384749
6.393468
6.385977
6.386452
6.40349
6.419543
6.38045
6.342542
6.375112
6.369864
6.404265
6.3638
6.384751
6.402522
6.355548
6.417731
6.355207
6.372376
6.415272
6.403418
6.379911
6.382011
6.375817
6.441019
6.427998
6.379418
6.419217
6.38962
6.416231
6.426088
6.372001
6.382941
6.409417
6.395587
6.366586
6.379213
6.426831
6.438812
6.323903
6.370592
6.377032
6.365243
6.43957
6.391352
6.380863
6.363968
6.379377
6.367968
6.373239
6.416802
6.414004
6.437474
6.331277
6.376129
6.436148
6.38909
6.398002
6.395272
6.368221
6.365879
6.421098
6.395629
6.397257
6.436269
6.41296
6.320751
6.433658
6.368281
6.405455
6.362986
6.372532
6.388108
6.404688
6.399481
6.387993
6.35282
6.413083
6.412767
6.42937
6.405755
6.332664
6.352343
6.405783
6.415934
6.367918
6.416171
6.374818
6.437951
6.364667
6.4029
6.36385
6.39677
6.401988
6.382244
6.36502
6.376141
6.471034
6.34564
6.399612
6.388408
6.404337
6.393453
6.40314
6.379234
6.398784
6.393309
6.374968
6.414167
6.406712
6.409553
6.310979
6.370682
6.40104
6.371277
6.346876
6.446509
6.422195
6.421685
6.407557
6.328917
6.426213
6.356315
6.317783
6.335714
6.392324
6.41863
6.366397
6.451301
6.393038
6.377884
6.384127
6.433903
6.453881
6.391147
6.365262
6.379327
6.462486
6.400313
6.399839
6.354331
6.430258
6.380227
6.357429
6.403129
6.373783
6.394858
6.414086
6.392145
6.372083
6.391166
6.3692
6.373359
6.375082
6.398555
6.399239
6.391216
6.407521
6.392014
6.349399
6.421984
6.37477
6.34879
6.410922
6.380821
6.395259
6.414837
6.368938
6.389807
6.359686
6.378572
6.369044
6.371427
6.371296
6.442817
6.409065
6.423748
6.392906
6.385416
6.349186
6.407155
6.401674
6.384428
6.335545
6.334329
6.385174
6.41926
6.400034
6.428909
6.390793
6.419502
6.41994
6.417661
6.379784
6.411852
6.365124
6.419001
6.405081
6.387252
6.425775
6.447326
6.43059
6.391072
6.394443
6.449323
6.38563
6.36835
6.39917
6.40612
6.361803
6.316992
6.386281
6.363904
6.418556
6.424695
6.427783
6.366788
6.366152
6.397452
6.404835
6.358205
6.365526
6.392271
6.460181
6.416701
6.355345
6.409419
6.365475
6.403656
6.38615
6.362144
6.35334
6.382662
6.415833
6.355502
6.421771
6.403924
6.491031
6.372459
6.384334
6.419274
6.379965
6.444931
6.386648
6.337636
6.366777
6.397624
6.377329
6.379213
6.415339
6.380533
6.402464
6.443957
6.38787
6.376824
6.390914
6.386463
6.423316
6.399662
6.384086
6.363938
6.373253
6.415895
6.360844
6.368471
6.436471
6.45981
6.436877
6.370971
6.412596
6.410423
6.422165
6.389861
6.349428
6.399947
6.32013
6.41088
6.408292
6.394825
6.395901
6.392741
6.43983
6.391041
6.372836
6.346559
6.351348
6.410032
6.451541
6.403055
6.411536
6.435757
6.350111
6.394518
6.397036
6.379669
6.368967
6.409091
6.40806
6.445939
6.403272
6.401658
6.395435
6.424227
6.408512
6.295164
6.41713
6.40667
6.386413
6.431246
6.3837
6.381843
6.391059
6.383367
6.45008
6.342883
6.405392
6.397787
6.343815
6.354034
6.380947
6.416128
6.433248
6.362524
6.409901
6.381926
6.424873
6.409604
6.404369
6.403042
6.416463
6.414468
6.400576
6.404649
6.361836
6.430914
6.408523
6.383492
6.400051
6.372554
6.416489
6.41575
6.355237
6.381492
6.399291
6.351769
6.386642
6.377247
6.402012
6.409142
6.402059
6.376095
6.400257
6.375237
6.38481
6.39093
6.378445
6.381034
6.394487
6.422757
6.432907
6.37973
6.37264
6.343291
6.374514
6.368793
6.434484
6.354854
6.393895
6.348744
6.387513
6.377379
6.369819
6.380551
6.435746
6.398524
6.377114
6.346498
6.449881
6.400139
6.382547
6.389073
6.356978
6.370906
6.324114
6.417947
6.336674
6.360808
6.379581
6.356497
6.393717
6.394225
6.450849
6.349233
6.473984
6.41079
6.363377
6.373918
6.453873
6.385155
6.366297
6.400374
6.41096
6.38661
6.390096
6.413132
6.387737
6.41218
6.381547
6.399073
6.33154
6.373248
6.36742
6.407275
6.352961
6.393569
6.385366
6.377829
6.447061
6.418899
6.394821
6.356494
6.37661
6.3649
6.411402
6.33393
6.388367
6.431726
6.353225
6.428177
6.394698
6.372835
6.360091
6.392034
6.400542
6.359152
6.364182
6.416816
6.395286
6.427438
6.397056
6.35526
6.376368
6.391746
6.360413
6.415831
6.401307
6.333391
6.373241
6.440608
6.428764
6.416198
6.398075
6.42626
6.363115
6.379893
6.366785
6.350618
6.375885
6.412805
6.362758
6.418397
6.418195
6.392263
6.365942
6.448735
6.39138
6.434541
6.390473
6.427682
6.404883
6.368891
6.38626
6.388043
6.410943
6.36965
6.370427
6.418819
6.424299
6.448888
6.422626
6.349347
6.390396
6.412954
6.408785
6.357013
6.409681
6.410533
6.378171
6.426887
6.408011
6.359399
6.36645
6.463081
6.409649
6.332823
6.352707
6.405582
6.398747
6.380368
6.370294
6.382539
6.365328
6.382184
6.320654
6.311738
6.409317
6.345118
6.39788
6.328328
6.351204
6.439327
6.364441
6.408415
6.406095
6.354612
6.434524
6.346634
6.346033
6.39808
6.378564
6.421559
6.395996
6.34761
6.378541
6.394918
6.358289
6.40657
6.416757
6.364748
6.356747
6.378026
6.352553
6.395542
6.389081
6.414611
6.381247
6.381035
6.420094
6.339378
6.410767
6.35205
6.41987
6.32353
6.387703
6.38191
6.36683
6.366214
6.3499
6.394243
6.429817
6.404899
6.417513
6.405607
6.427652
6.37008
6.352074
6.397708
6.408997
6.375077
6.420594
6.42
6.376631
6.366704
6.424463
6.364449
6.394241
6.379651
6.377448
6.36495
6.405334
6.379825
6.374778
6.364568
6.362787
6.410765
6.430947
6.390302
6.406094
6.353926
6.329473
6.385379
6.402445
6.427779
6.381582
6.381034
6.422633
6.370459
6.384296
6.376147
6.367492
6.425126
6.370209
6.383872
6.397827
6.387485
6.372145
6.365875
6.398917
6.383881
6.380506
6.375764
6.414806
6.380009
6.414308
6.397123
6.388504
6.38843
6.394023
6.371679
6.400819
6.347468
6.416356
6.395378
6.392207
6.427973
6.430091
6.336548
6.373813
6.404378
6.388401
6.424483
6.408927
6.452903
6.389017
6.394129
6.38934
6.381411
6.362184
6.398036
6.412212
6.36926
6.382224
6.402485
6.383304
6.400864
6.360626
6.367529
6.378757
6.351793
6.38241
6.380141
6.405586
6.363094
6.399242
6.419515
6.445959
6.363066
6.392329
6.424896
6.366643
6.360926
6.405015
6.440239
6.38719
6.359152
6.360614
6.396803
6.406751
6.366601
6.390972
6.41455
6.370462
6.414621
6.41622
6.412539
6.398203
6.391262
6.401294
6.39641
6.37998
6.377609
6.468736
6.404612
6.398281
6.379623
6.360665
6.390849
6.39173
6.397153
6.345757
6.431323
6.420217
6.368808
6.371316
6.368402
6.36055
6.363859
6.383377
6.387117
6.4321
6.430032
6.406141
6.3489
6.422521
6.381153
6.374948
6.395019
6.338394
6.377313
6.411016
6.326343
6.422454
6.364386
6.350675
6.382705
6.390104
6.369306
6.346347
6.441454
6.364264
6.375653
6.365686
6.366545
6.356785
6.392796
6.430643
6.438162
6.330954
6.39622
6.343318
6.3378
6.368969
6.41119
6.408923
6.394936
6.38011
6.442704
6.437172
6.391835
6.42985
6.383367
6.437767
6.456215
6.357145
6.43148
6.332038
6.313049
6.386147
6.391838
6.421564
6.353349
6.375697
6.369637
6.41728
6.441966
6.358198
6.390207
6.36712
6.318553
6.364022
6.363377
6.397401
6.395001
6.354687
6.365177
6.398104
6.382256
6.368939
6.331589
6.423714
6.386883
6.375394
6.394171
6.406316
6.370284
6.440651
6.412171
6.412174
6.373971
6.370935
6.391454
6.330977
6.365874
6.420301
6.382443
6.353726
6.396946
6.469483
6.461178
6.393587
6.402449
6.334904
6.333319
6.39546
6.342022
6.393124
6.402121
6.426701
6.381975
6.350466
6.443157
6.408078
6.355577
6.377312
6.365011
6.368951
6.375935
6.377679
6.393316
6.373189
6.43504
6.400732
6.39239
6.401042
6.38196
6.38122
6.408892
6.381212
6.334758
6.3759
6.357191
6.382443
6.439913
6.376389
6.389956
6.500154
6.438149
6.401658
6.391466
6.411326
6.375794
6.40661
6.421211
6.402823
6.409548
6.426387
6.421721
6.386848
6.457678
6.331518
6.360479
6.455954
6.397966
6.406769
6.399023
6.370342
6.348187
6.404435
6.404858
6.372354
6.397982
6.442676
6.399337
6.330322
6.420913
6.391451
6.390047
6.403961
6.414425
6.380891
6.381897
6.417668
6.450433
6.384903
6.426301
6.407431
6.425021
6.402163
6.399092
6.327426
6.392205
6.389309
6.444449
6.352468
6.351821
6.418794
6.332034
6.347992
6.385028
6.421696
6.418337
6.354142
6.391754
6.424845
6.382221
6.365029
6.344547
6.447449
6.363855
6.434259
6.350545
6.390152
6.408172
6.429786
6.431279
6.390089
6.353373
6.367175
6.373445
6.377096
6.378147
6.403655
6.40797
6.396419
6.377532
6.411925
6.410559
6.399794
6.361629
6.374698
6.334262
6.373261
6.429145
6.420347
6.402456
6.394853
6.355751
6.336964
6.398546
6.402543
6.367541
6.364671
6.385691
6.359505
6.399624
6.395966
6.374278
6.397991
6.429286
6.374182
6.357403
6.424796
6.4239
6.346968
6.427248
6.391651
6.345928
6.386816
6.373191
6.402368
6.37449
6.380216
6.366597
6.415556
6.432616
6.357424
6.395806
6.38606
6.366315
6.448458
6.397285
6.37927
6.359651
6.392687
6.397063
6.382246
6.391516
6.444151
6.347853
6.409191
6.409169
6.340341
6.368284
6.397241
6.416161
6.418943
6.377358
6.407031
6.382711
6.414321
6.363009
6.357961
6.381723
6.373524
6.388917
6.343204
6.315244
6.33812
6.40431
6.399443
6.373008
6.421184
6.362463
6.403869
6.446857
6.413498
6.384614
6.408118
6.371354
6.362709
6.309885
6.44994
6.390366
6.444473
6.368536
6.405627
6.390621
6.393043
6.393102
6.375125
6.394283
6.369855
6.412676
6.417047
6.377222
6.418844
6.30795
6.365927
6.36966
6.387073
6.369663
6.426164
6.419944
6.37244
6.392586
6.385763
6.414653
6.401508
6.396456
6.380964
6.366655
6.376817
6.380173
6.405795
6.361163
6.389377
6.423185
6.37738
6.37731
6.388405
6.359096
6.373563
6.437496
6.380593
6.410427
6.426058
6.332739
6.421953
6.345553
6.372706
6.395553
6.419574
6.347104
6.430269
6.381763
6.371635
6.402652
6.435245
6.410415
6.43058
6.39456
6.397531
6.392495
6.324609
6.453842
6.348577
6.39204
6.384173
6.450749
6.431494
6.374605
6.356259
6.407732
6.38539
6.441132
6.375562
6.404481
6.378747
6.39076
6.434114
6.433036
6.417275
6.387694
6.413501
6.375361
6.403311
6.370952
6.424669
6.383122
6.41201
6.392406
6.360206
6.401601
6.401851
6.370384
6.398871
6.395471
6.375899
6.389863
6.38379
6.369487
6.40944
6.415247
6.410478
6.36828
6.384443
6.412191
6.375674
6.3935
6.439301
6.398005
6.392458
6.401156
6.378747
6.430522
6.323471
6.39052
6.369877
6.405654
6.419467
6.331292
6.405837
6.374924
6.416344
6.426362
6.360379
6.422251
6.42335
6.419029
6.351657
6.42183
6.393212
6.41474
6.415183
6.40371
6.423811
6.383376
6.384221
6.349787
6.400165
6.405541
6.411437
6.38487
6.355753
6.389304
6.439004
6.431536
6.35867
6.40487
6.377155
6.432645
6.408769
6.375515
6.392717
6.389638
6.425979
6.376414
6.40592
6.412372
6.438285
6.453555
6.335122
6.397794
6.396816
6.420072
6.392845
6.441643
6.424775
6.350355
6.397165
6.392656
6.417408
6.393074
6.415225
6.397418
6.391306
6.379698
6.372305
6.436338
6.413873
6.41552
6.390751
6.378564
6.397295
6.398757
6.370538
6.397223
6.351845
6.381308
6.347236
6.414982
6.343416
6.37654
6.408128
6.382401
6.395079
6.380379
6.421574
6.382044
6.338231
6.399755
6.346455
6.418091
6.35183
6.460794
6.44814
6.382759
6.420907
6.356662
6.375755
6.440691
6.389303
6.341076
6.297089
6.361355
6.391843
6.388737
6.425013
6.366732
6.410998
6.427904
6.402617
6.39009
6.432843
6.426768
6.38043
6.403499
6.383761
6.416402
6.351584
6.378361
6.461648
6.363985
6.428703
6.375558
6.390648
6.429803
6.419405
6.415607
6.395493
6.367807
6.409766
6.326102
6.430126
6.356467
6.413958
6.342255
6.400179
6.355386
6.380173
6.346598
6.449421
6.371056
6.436696
6.384476
6.415457
6.388664
6.37727
6.432083
6.365774
6.438397
6.40921
6.351046
6.385336
6.428225
6.362404
6.353785
6.403012
6.385805
6.386493
6.453566
6.361335
6.411253
6.384429
6.363669
6.35707
6.391959
6.365074
6.384365
6.382953
6.383533
6.403811
6.407338
6.394279
6.371241
6.338744
6.335945
6.382137
6.40717
6.411279
6.394966
6.367779
6.399664
6.445135
6.383052
6.374014
6.443025
6.394969
6.40524
6.436669
6.429711
6.416237
6.39771
6.373846
6.453048
6.410293
6.398896
6.412659
6.382948
6.390114
6.368261
6.476587
6.375349
6.362408
6.390614
6.393239
6.416417
6.413417
6.33838
6.370894
6.439676
6.406633
6.433312
6.393675
6.355511
6.423124
6.379498
6.369516
6.448537
6.385246
6.440465
6.41076
6.415767
6.37971
6.398364
6.384721
6.376163
6.34446
6.46448
6.394595
6.354835
6.459728
6.397753
6.334313
6.417407
6.369898
6.328518
6.422948
6.380015
6.410207
6.317803
6.401294
6.405655
6.383682
6.402746
6.368925
6.393087
6.401135
6.404541
6.43087
6.373836
6.40819
6.399739
6.369871
6.394208
6.315639
6.370865
6.386077
6.405654
6.419497
6.334913
6.357811
6.374034
6.436094
6.447434
6.367691
6.361019
6.382066
6.382695
6.425376
6.376186
6.422362
6.381269
6.330813
6.40956
6.429036
6.379411
6.406381
6.379194
6.348718
6.382483
6.414806
6.390643
6.390465
6.41969
6.444905
6.420123
6.386219
6.342096
6.330721
6.386593
6.383746
6.361305
6.382213
6.406622
6.34377
6.370795
6.427091
6.36153
6.442438
6.418943
6.344098
6.382698
6.384421
6.388442
6.345937
6.35287
6.404048
6.384461
6.380658
6.388114
6.393992
6.444668
6.381824
6.434036
6.371128
6.39874
6.37674
6.44018
6.412293
6.354306
6.398383
6.394059
6.396126
6.404614
6.405458
6.348331
6.396256
6.362583
6.38795
6.394963
6.401773
6.394087
6.346545
6.432385
6.434986
6.366718
6.379405
6.34862
6.374469
6.354869
6.394484
6.455407
6.394806
6.361911
6.398102
6.407401
6.413423
6.404278
6.342796
6.403048
6.406204
6.359401
6.387277
6.368803
6.437035
6.413935
6.36569
6.331267
6.415707
6.350187
6.404549
6.431731
6.35636
6.376755
6.369999
6.431715
6.392351
6.424161
6.407146
6.405029
6.44981
6.35184
6.35456
6.372545
6.362814
6.35498
6.397227
6.367191
6.402873
6.356314
6.364246
6.398166
6.436936
6.417779
6.389309
6.374942
6.390922
6.384883
6.411959
6.421322
6.390425
6.391853
6.42244
6.416339
6.39319
6.370302
6.421751
6.382804
6.384923
6.402031
6.363925
6.456937
6.411402
6.396326
6.362878
6.395948
6.420161
6.349661
6.41024
6.38941
6.338212
6.375054
6.459947
6.398088
6.393036
6.429282
6.405718
6.403183
6.400469
6.378958
6.373023
6.390686
6.419646
6.379216
6.344804
6.389327
6.387979
6.421016
6.450296
6.413977
6.360644
6.432797
6.369562
6.40022
6.376939
6.380608
6.407506
6.391392
6.371264
6.346141
6.416144
6.432766
6.406575
6.386445
6.364596
6.407324
6.413813
6.39387
6.418728
6.397246
6.387146
6.387508
6.366703
6.379542
6.370191
6.41433
6.423562
6.376038
6.428442
6.373696
6.41053
6.415885
6.404676
6.373569
6.434339
6.41085
6.401947
6.412931
6.388002
6.400085
6.403358
6.405237
6.438022
6.390228
6.383894
6.382678
6.393529
6.436937
6.363724
6.378416
6.360171
6.428696
6.384496
6.374448
6.378923
6.412406
6.415457
6.369555
6.396839
6.396384
6.323365
6.395601
6.400134
6.396062
6.374682
6.369644
6.44018
6.425373
6.428552
6.39249
6.389522
6.379345
6.363884
6.387084
6.337351
6.363667
6.365703
6.486396
6.380864
6.389663
6.366049
6.444517
6.363699
6.394766
6.37467
6.406448
6.344187
6.351739
6.465095
6.397486
6.432095
6.398016
6.398667
6.416537
6.403227
6.403753
6.358163
6.371393
6.409316
6.301638
6.339595
6.40426
6.38287
6.371306
6.35622
6.412384
6.418846
6.376976
6.383926
6.411059
6.340397
6.357604
6.402819
6.332848
6.426094
6.379409
6.413575
6.337248
6.396579
6.417717
6.34596
6.368828
6.408982
6.425464
6.429719
6.382887
6.351574
6.33059
6.391617
6.316189
6.374904
6.440397
6.388927
6.379725
6.421931
6.361482
6.404762
6.460854
6.394959
6.399658
6.428461
6.449254
6.367047
6.390217
6.366453
6.351084
6.353577
6.386716
6.413395
6.409301
6.345304
6.344248
6.413596
6.375738
6.399926
6.354915
6.349349
6.366812
6.394721
6.403861
6.380592
6.347522
6.355365
6.41169
6.361926
6.430058
6.368533
6.369543
6.358806
6.41583
6.433447
6.402952
6.410339
6.398336
6.356886
6.362504
6.440173
6.406429
6.402071
6.383517
6.423349
6.359625
6.405006
6.354049
6.458955
6.353327
6.390007
6.367031
6.425043
6.403704
6.371817
6.394552
6.37979
6.33386
6.416601
6.412405
6.364123
6.368511
6.39288
6.414776
6.420377
6.403841
6.385847
6.42196
6.389505
6.419814
6.407781
6.391608
6.365969
6.42419
6.411054
6.407288
6.41953
6.361549
6.389001
6.393135
6.375662
6.401438
6.426848
6.441843
6.393215
6.340537
6.402789
6.372621
6.35296
6.39626
6.347735
6.403311
6.410758
6.404593
6.416602
6.373776
6.408849
6.398561
6.401662
6.35684
6.371178
6.33686
6.441111
6.338818
6.410005
6.409532
6.356967
6.387505
6.406025
6.39573
6.405343
6.447569
6.394444
6.373196
6.401253
6.4049
6.416101
6.393885
6.33769
6.378156
6.441616
6.348551
6.292361
6.390449
6.404679
6.361173
6.361154
6.373073
6.331257
6.387984
6.331663
6.357345
6.376531
6.364317
6.385504
6.405208
6.393247
6.36271
6.316305
6.399405
6.441157
6.356446
6.397147
6.420597
6.452368
6.411454
6.41031
6.398006
6.431903
6.424024
6.370037
6.437133
6.38659
6.368123
6.405615
6.419643
6.45912
6.426985
6.43796
6.416716
6.410267
6.375438
6.340362
6.357137
6.425156
6.424535
6.380657
6.433498
6.372491
6.42186
6.393192
6.40451
6.412921
6.366032
6.386388
6.389576
6.377005
6.434811
6.367677
6.398378
6.4307
6.418131
6.377035
6.416661
6.42294
6.383148
6.43923
6.411036
6.399881
6.373034
6.35697
6.362898
6.473282
6.423469
6.406818
6.402741
6.379613
6.381872
6.375954
6.366184
6.424826
6.424503
6.399237
6.413237
6.390422
6.409402
6.397655
6.421065
6.390586
6.421544
6.404629
6.41711
6.413384
6.381826
6.391103
6.383933
6.400774
6.356408
6.412333
6.42843
6.413971
6.352376
6.385977
6.43881
6.394798
6.353778
6.398852
6.396751
6.401967
6.353365
6.348948
6.408845
6.387525
6.438469
6.438652
6.389716
6.388363
6.410212
6.388235
6.389645
6.43108
6.346135
6.428222
6.397028
6.367527
6.428028
6.359516
6.380438
6.464536
6.398336
6.459937
6.408347
6.40891
6.409068
6.375543
6.411882
6.385162
6.378769
6.427486
6.375796
6.396911
6.402069
6.384281
6.426966
6.371071
6.414075
6.317085
6.44201
6.375874
6.404543
6.37685
6.354484
6.40419
6.39535
6.378962
6.388301
6.401382
6.361291
6.427243
6.407135
6.384813
6.357834
6.385593
6.385089
6.4157
6.390578
6.429931
6.47923
6.389071
6.391899
6.366425
6.394832
6.401599
6.382002
6.369939
6.386206
6.386017
6.393741
6.426459
6.372868
6.414116
6.409722
6.401764
6.443943
6.38198
6.445014
6.377814
6.377042
6.317839
6.362249
6.335522
6.43794
6.385478
6.378482
6.382299
6.341488
6.366685
6.407575
6.424716
6.404151
6.422944
6.401036
6.37065
6.364259
6.414652
6.432607
6.408943
6.361418
6.391102
6.411297
6.379733
6.369635
6.372162
6.392117
6.367312
6.39869
6.444623
6.382544
6.384078
6.404734
6.423456
6.396743
6.330829
6.410905
6.39495
6.411099
6.385519
6.389361
6.426653
6.368121
6.403457
6.404759
6.398711
6.404167
6.37181
6.376243
6.431507
6.402513
6.392172
6.428778
6.394076
6.406639
6.40053
6.38736
6.356215
6.345173
6.352309
6.394389
6.376914
6.425991
6.332345
6.395414
6.430798
6.338991
6.394652
6.419363
6.32635
6.409798
6.371175
6.379013
6.345452
6.352167
6.424901
6.393637
6.436927
6.411241
6.408323
6.407572
6.392235
6.365209
6.427387
6.372841
6.423373
6.39448
6.420425
6.340917
6.351821
6.396353
6.400776
6.400023
6.377731
6.400691
6.386077
6.400341
6.374614
6.40715
6.409748
6.375792
6.377616
6.430109
6.428421
6.369237
6.368401
6.313847
6.403085
6.429926
6.388249
6.438504
6.416685
6.352968
6.405015
6.417832
6.312836
6.385015
6.372441
6.388419
6.372251
6.403719
6.394472
6.408569
6.383198
6.353773
6.408952
6.398959
6.426882
6.35043
6.400756
6.421745
6.391591
6.437031
6.413895
6.363428
6.379095
6.420271
6.436438
6.423206
6.391677
6.395026
6.397925
6.322628
6.393466
6.457938
6.37747
6.403638
6.405069
6.403745
6.371441
6.387762
6.329932
6.425979
6.432319
6.416607
6.42055
6.387831
6.382982
6.347768
6.338627
6.416613
6.413588
6.379321
6.378126
6.443005
6.424622
6.353644
6.392476
6.428397
6.396471
6.409991
6.366903
6.388135
6.381628
6.310772
6.395573
6.453461
6.404685
6.36919
6.357772
6.36521
6.368156
6.37354
6.372457
6.423607
6.397547
6.342323
6.354116
6.356755
6.412399
6.37662
6.396753
6.388279
6.416274
6.381699
6.377262
6.385112
6.413151
6.353082
6.324914
6.396688
6.362761
6.382047
6.401818
6.416324
6.418419
6.354176
6.366033
6.400998
6.334266
6.366609
6.351419
6.462375
6.417312
6.365749
6.398925
6.394548
6.352069
6.373628
6.380264
6.422197
6.393364
6.406803
6.407704
6.386002
6.393221
6.422328
6.424489
6.354578
6.38737
6.396426
6.376954
6.422225
6.347501
6.408331
6.387622
6.395764
6.449683
6.337815
6.399774
6.374795
6.384507
6.369105
6.386404
6.366871
6.377507
6.425644
6.42417
6.302013
6.416113
6.405578
6.412448
6.355947
6.380969
6.350516
6.392584
6.359047
6.359251
6.392505
6.358121
6.434179
6.379483
6.372985
6.410047
6.367373
6.410515
6.396813
6.384503
6.366006
6.398687
6.36961
6.397168
6.426401
6.39536
6.418687
6.438023
6.367526
6.423331
6.400087
6.455406
6.420655
6.40197
6.358154
6.391884
6.373547
6.426455
6.416064
6.376793
6.398015
6.390871
6.421161
6.347055
6.407459
6.406373
6.384678
6.385351
6.380438
6.392676
6.372417
6.341645
6.381605
6.407696
6.427754
6.425947
6.383473
6.3683
6.381287
6.385277
6.381472
