3992.178
4067.087
6149.369
4712.575
2046.626
3065.026
2481.614
3213.98
6530.838
3526.563
3668.961
2281.205
4020.451
3725.489
1833.739
2602.528
4369.212
7948.512
8199.459
3433.013
3031.536
4912.38
1244.418
2101.636
1756.675
2717.311
1749.246
2693.973
1541.458
2864.863
3531.131
5793.387
3673.298
6461.896
4442.68
2719.569
5331.643
5240.902
8820.588
4604.706
4969.116
5025.795
4009.444
5808.652
7132.048
4320.614
2566.537
5336.471
7368.961
7494.175
9350.167
4472.486
3012.003
2714.737
4817.645
3062.757
4141.752
3271.502
4081.597
3945.496
3911.125
4927.715
4905.233
4959.627
3329.766
4255.836
3105.082
4369.469
6479.082
6958.073
3592.324
4933.713
4344.118
5215.186
6653.142
10385.57
11565.98
3834.469
7143.189
5545.269
4658.179
3680.753
4427.909
2346.352
4058.149
7752.475
5235.474
3688.632
2901.965
2323.447
3475.68
3197.925
1737.898
2144.808
3051.092
3051.546
4038.905
3522.013
4298.976
3678.605
4368.056
2628.617
6086.854
3921.143
4168.483
6776.327
4163.481
3566.409
6336.104
6332.626
3671.115
5063.686
4683.452
5095.687
2115.151
4806.601
4480.245
6009.768
3837.05
3292
3298.191
4944.23
4966.224
5626.854
3277.729
4345.554
4420.313
5963.023
4453.475
1851.262
1355.641
4730.55
3324.254
4366.701
5024.463
4757.899
3959.997
3881.94
3131.005
4785.703
6789.821
5762.103
4000.344
2841.572
3550.914
5119.491
2985.735
5012.546
4141.464
5623.681
2701.116
3923.242
2611.643
2858.488
4511.456
4777.19
6780.73
5781.687
4330.335
3445.254
2055.042
7991.245
8310.384
3501.983
4951.778
3786.891
4080.123
4720.415
4284.256
7547.962
5125.949
4207.68
3025.694
4104.579
2824.485
5471.094
4010.128
5970.869
4370.148
3304.45
5166.719
4381.889
2838.613
4147.541
6252.843
4494.512
3898.536
3985.492
3359.358
5029.388
6279.876
4739.042
6982.11
2641.315
2078.345
2416.417
3615.445
3104.595
2864.822
5824.902
2070.47
3139.384
4982.5
2261.232
3340.194
6129.956
3316.778
4757.771
9070.407
4852.207
4949.668
4160.609
5257.294
5834.937
2834.869
2608.816
1942.701
5669.3
6898.654
3234.729
2669.926
2904.482
2704.024
2789.009
3133.606
6608.001
5142.826
3725.876
8294.549
5692.131
4807.323
4650.896
3780.721
4208.788
9339.652
4725.16
3106.477
2460.464
3476.745
6072.896
3964.351
3491.854
4221.086
8881.275
4462.207
4793.93
3987.119
8229.631
2154.903
6106.183
3924.063
3194.882
3661.07
3541.192
5541.441
3903.135
6774.038
7875.735
4847.243
3679.089
5460.078
3246.182
4588.42
8468.816
5457.029
3642.548
5893.576
3927.436
5311.516
5934.696
7039.718
5162.795
3153.969
5170.627
5319.618
4511.298
6688.042
7395.336
4794.483
5119.215
2454.735
6695.869
6103.165
4352.735
7193.448
4314.656
5511.898
3997.505
2857.062
2855.93
2578.841
4893.086
6006.069
3432.773
3454.001
3578.826
7013.394
4311.881
7547.084
4712.983
4675.138
2628.464
5119.355
4658.091
2584.229
8644.985
7487.463
6031.454
2245.417
5013.391
2968.491
5615.436
3687.703
4309.378
2688.531
3133.743
3625.024
8363.862
5123.936
7930.027
3190.419
6136.294
5496.634
5552.19
4944.371
4006.854
5524.553
4682.033
6996.575
1849.302
6237.732
4520.956
4308.455
2863.815
5056.079
3860.581
6099.44
4811.62
2602.98
3754.337
5479.637
1928.814
1376.323
4407.405
4660.284
3316.523
5886.92
2973.608
2810.946
2150.979
2508.608
2584.694
4040.409
3559.28
4155.934
5701.624
2341.287
6288.354
2149.231
5203.899
2458.97
2923.87
1464.945
1788.733
4114.08
8124.265
7169.451
2507.504
2977.676
5677.747
3704.879
4405.039
7078.369
3892.663
2881.618
3965.16
3332.423
6819.98
8736.32
8251.01
4624.707
5389.992
4218.762
4414.717
3812.618
2662.215
3092.665
6670.618
4646.563
3665.608
3185.505
4716.58
4054.841
5105.72
3628.54
7499.985
5181.736
7491.26
7510.095
5834.124
4303.993
3663.869
4285.349
4947.454
3936.828
5096.967
5626.604
8355.951
7086.913
5324.93
2423
2128.149
2566.095
3884.02
4468.132
5600.056
4767.349
2205.449
3950.31
3087.82
3041.809
4433.61
2687.357
5416.449
2712.819
3912.518
2916.475
2982.291
4060.542
3828.85
1907.799
1584.338
3846.896
1967.236
3449.682
8065.787
1752.632
2905.481
3771.84
5516.014
5589.939
4135.461
5673.494
5162.897
4458.519
4652.578
4125.78
5666.812
3495.619
4266.311
4889.265
2701.488
5328.793
8286.795
3921.172
3650.121
3897.667
2037.497
2953.724
4416.567
4802.871
5025.521
2374.126
4332.056
7221.75
6231.804
2557.029
3408.123
5798.937
3780.396
3973.595
3631.119
1947.934
3185.417
4714.059
6042.151
3839.004
5517.955
5415.293
6687.119
5267.554
6406.359
4291.363
3665.437
3754.549
4730.477
4359.604
4683.707
7099.688
4078.629
4229.866
4438.921
3108.813
4898.504
6877.748
2568.296
3188.148
4383.38
4168.691
3238.957
4489.128
4759.667
3786.144
3181.881
3165.888
3624.225
5367.663
4146.059
7048.85
3855.074
7609.186
3617.983
5836.551
5272.113
5031.394
2611.13
6070.65
6827.824
3314.811
4443.278
4238.629
5072.729
10223.28
5832.721
3772.844
7644.692
3497.43
5606.466
3615.549
5621.813
6806.459
8957.744
5108.198
4484.976
1551.832
2907.479
5467.378
5364.501
3913.758
3979.03
3674.613
3000.593
6438.393
2956.077
2779.863
4380.776
2336.916
4560.538
2492.437
2493.259
3289.239
3465.646
3244.292
3115.388
2040.206
4865.611
4185.136
3250.863
4710.628
5737.196
4448.57
3343.881
2523.867
3468.755
6685.936
4335.621
7084.016
6982.6
4127.647
6381.577
3980.112
6455.852
4438.408
7898.942
5745.406
2675.058
2883.095
2415.989
3275.705
3756.994
2078.552
1935.235
4957.378
4572.533
3463.631
2661.379
3231.404
6208.112
2366.016
2949.525
3664.074
5660.781
2847.296
3842.185
6086.414
2846.478
2463.754
2541.12
4032.137
3733.115
3750.462
6186.863
9060.361
5603.178
3419.451
5431.282
3348.841
2469.395
5662.029
5426.312
5271.968
4638.721
5939.158
4558.711
5352.663
6000.278
3612.446
3448.765
6335.196
2770.251
4238.631
3823.975
5072.48
4055.553
6757.321
2984.034
4182.654
7339.295
7515.595
5786.045
3819.391
4987.483
4676.728
5272.678
3443.322
3236.759
1688.273
3829.419
4234.542
5398.748
2709.235
3301.086
4523.196
5272.65
5643.367
3658.852
5488.087
4768.293
5234.976
6211.457
4070.349
4698.169
2501.956
2700.283
2255.196
2528.379
6948.967
5746.649
3975.957
3067.631
3995.624
1752.783
6086.694
3361.748
3160.558
2440.577
4347.413
4511.424
7944.437
5117.115
6175.94
7246.746
4611.901
6719.435
5665.631
4674.839
3198.597
3045.523
3939.067
3468.838
2754.156
7037.836
5055.511
3557.744
4885.722
2425.161
2733.087
5558.082
4503.297
3915.168
2546.34
2505.787
2842.837
2548.808
7458.42
4708.034
4938.728
4866.277
3199.639
5333.707
4393.177
6286.649
3398.498
5511.805
6962.183
4626.136
3631.951
2993.299
8139.698
3464.204
3024.403
3253.849
3799.42
1848.04
2354.566
4916.169
4784.764
3813.825
3740.535
3285.274
3146.776
3693.689
3091.092
3164.515
5076.647
3094.775
6410.694
5058.301
3258.253
5020.045
5808.952
3217.624
5938.648
5891.253
7528.437
4261.36
4711.083
4387.753
3700.859
2062.741
2600.338
1832.845
3844.147
2765.738
4899.654
4887.008
6807.714
4946.027
7130.499
4379.676
3113.396
2964.096
3527.736
3842.619
5855.766
1865.638
4626.003
5767.075
4287.09
4895.208
3685.243
5383.431
4948.092
5281.235
1727.076
2483.83
4077.106
5352.527
4632.243
2835.373
2697.644
7194.841
6541.455
4372.839
4351.122
4215.489
5192.048
2350.074
5172.308
2399.901
2080.285
4269.387
4328.735
6615.72
3821.463
5133.686
3902.483
2254.528
3040.056
2730.091
11548.98
4989.463
4660.744
4183.392
5412.096
2501.679
5004.63
2968.057
5000.436
6102.483
3676.723
4182.263
2927.254
4538.931
3166.994
4761.074
4104.718
5385.652
6212.333
4858.597
3034.628
5534.772
4366.59
6402.781
3211.278
4389.726
2658.359
4803.673
6694.32
3883.624
2825.461
4112.361
3630.949
5076.671
7589.373
5670.036
4590.318
4978.221
5674.629
5818.64
6982.594
5986.316
4348.331
5237.635
2046.349
4623.7
5701.819
6694.174
5700.961
4041.473
4139.181
2618.694
4851.426
2720.661
3799.598
2586.998
5357.222
3296.472
2095.724
2878.592
2480.265
3234.87
5444.56
3848.906
3485.482
3868.743
3310.089
6147.966
4006.51
3706.256
4411.181
1947.604
1487.73
2046.741
3691.19
4109.375
3632.487
3458.512
4165.344
4247.454
6969.879
3764.259
7783.358
4362.565
3068.986
3216.879
5342.664
2697.922
5706.901
3991.386
5494.21
4505.404
3040.145
6572.765
4484.705
3198.555
1262.451
3440.725
3757.609
5970.975
8243.319
3664.971
5111.525
3903.642
3384.825
2452.187
2842.936
4375.04
6125.952
2685.352
2974.155
4289.481
4228.848
4255.179
5466.192
3068.69
3014.856
2055.397
5012.449
4591.017
3893.131
5181.607
3088.301
6839.94
4599.033
3357.277
2423.962
3341.755
6233.998
8667.075
5945.5
6051.963
4062.249
4779.271
3147.083
2526.375
4441.457
5257.088
6788.914
2975.944
6442.955
3560.672
3531.142
3496.221
3684.554
3039.013
1916.337
1418.541
4570.342
4511.647
3095.755
5520.087
3457.611
5399.829
7657.915
5505.53
2578.682
3922.042
5218.555
2865.584
3594.918
3302.329
6174.027
3535.801
2973.173
4658.689
3878.043
1748.121
3555.707
8886.096
5408.909
2667.944
4256.366
3583.711
3992.803
4165.551
6248.238
3471.114
6678.563
10511.91
6260.21
8132.696
7368.333
3862.895
5831.064
3500
4020.196
2746.22
1834.097
3502.281
2659.448
2553.014
5848.382
2049.835
2509.969
3384.258
3202.009
3739.6
5225.335
4314.872
7185.503
3356.68
5758.719
4480.67
4361.947
4801.465
3382.983
5636.042
7743.295
6636.669
5312.728
4319.84
7499.344
3880.243
3273.271
6808.107
4408.806
3573.829
3463.857
3733.917
2512.989
1367.962
2622.795
7207.344
5288.962
3233.902
3355.8
3075.67
2206.72
3212.376
3366.539
6229.206
3332.842
4864.362
8683.568
7189.39
7332.969
4251.506
4963.155
6268.833
8183.355
6661.241
4794.271
4947.734
3227.616
3034.562
3232.91
3012.307
2834.806
5402.573
2122.503
1563.639
3910.003
3489.019
4851.055
5612.88
5330.933
2218.925
3449.926
4112.537
2393.931
1973.53
3477.186
2605.541
2721.949
4677.104
4499.227
4988.686
12425.35
5603.751
3585.408
2145.047
2934.253
3389.472
5738.04
4069.701
4152.375
4007.836
5168.474
6780.968
5357.073
6022.093
2482.054
5810.927
4190.034
5628.397
5521.334
11288.69
9002.561
9610.449
6790.499
11171.03
7670.896
6272.494
5208.326
6285.19
2835.116
3577.984
3826.543
4178.824
2504.449
2800.514
5784.08
5580.587
4170.321
5398.322
2694.562
3926.944
2820.276
2167.938
3313.249
2878.391
6724.799
4337.253
6455.086
2932.18
3075.457
4329.676
2592.104
5194.474
7132.922
6855.862
5838.094
3464.919
4087.295
2396.016
3509.992
4977.491
3980.174
2915.15
7014.478
4211.724
3662.751
2783.634
5574.448
4695.327
2699.331
2820.035
4627.017
5237.586
3280.281
2101.829
3768.658
1743.125
4466.525
3532.852
2274.004
3722.012
6315.485
3882.387
4076.093
5298.67
4222.826
4139.017
3926.953
2122.097
3512.76
4942.033
5470.868
5325.571
5810.323
5028.542
3079.263
5948.221
5996.838
4740.124
8924.869
2842.844
3975.356
3417.066
2919.488
7577.37
7681.626
5257.229
4933.101
4786.65
5823.32
5053.827
7750.441
4795.689
4914.127
3862.545
2613.176
2169.045
4348.462
5739.442
2363.918
3221.216
2390.028
6534.044
3467.737
4309.7
3326.683
2702.919
6646.454
9950.201
4590.803
3323.112
3955.866
5782.522
5483.186
3578.319
3345.204
3806.109
4509.614
3717.95
8088.211
7570.091
4523.142
4439.329
4144.1
2955.728
3658.208
2882.185
5602.446
6384.281
2955.693
5432.063
4428.597
3420.87
3714.899
2358.681
1799.194
3003.986
2612.855
4967.521
7457.102
2474.717
3496.763
3974.631
5388.907
5925.31
3508.876
3961.917
6318.06
3350.406
1721.416
3384.087
3430.653
2356.497
3875.76
5284.806
5034.185
3221.672
3816.521
4289.227
3930.277
3009.465
4258.556
3205.92
4869.508
2895.03
3018.152
11807.67
4522.041
2249.629
3160.99
5340.389
8068.433
2590.318
4172.979
7025.506
4601.505
3050.804
4640.408
4876.272
2687.209
3034.784
2597.334
2085.566
3716.131
3167.904
2293.653
2954.323
4169.095
6560.194
3725.227
3587.417
3986.696
4852.374
3995.796
2759.415
3708.718
4544.762
2899.241
3686.879
4142.621
2658.725
4043.984
2375.664
5541.14
4906.358
3713.874
5002.23
2775.018
4060.017
4785.627
2894.627
1883.522
2374.786
3533.845
2650.068
3419.273
6820.741
3286.535
4607.69
8715.456
3095.479
2850.495
3861.537
3479.101
5372.678
5077.526
5355.617
6411.33
3705.156
4329.913
4351.292
5003.158
9219.181
3144.595
3716.765
4120.442
4216.642
5738.983
4154.833
4828.32
7073.031
8063.659
6178.817
5707.898
3688.577
4863.487
3125.121
3698.673
4568.267
4888.616
3734.173
4766.001
5222.14
4237.381
4321.762
3801.607
5557.504
3366.644
4526.537
2013.016
5946.814
3330.194
2803.604
4800.78
4994.741
3559.343
2705.311
6316.266
2408.519
2701.085
3220.228
3811.077
4150.181
4667.792
5330.509
4154.327
4445.295
2852.792
8270.27
8833.498
6096.076
3602.787
4500.604
9013.369
3092.483
3521.425
3508.822
4250.141
8269.458
4730.247
5715.879
2959.813
2027.884
5502.389
3390.077
7037.459
9926.07
4393.417
3365.979
2117.325
2745.387
2684.066
3446.995
3433.343
2571.195
3295.452
3454.984
3775.006
6090.624
6290.617
4405.526
5965.609
4403.663
9267.953
5437.96
2575.093
2279.981
2694.511
2890.59
5233.429
4309.556
3840.117
5996.047
4350.103
2759.691
2682.193
4008.36
8636.584
4749.75
2858.003
5184.257
2551.444
2385.488
4174.082
4580.385
5654.556
4777.647
2400.239
3423.319
4885.054
4530.712
6146.242
4838.259
5869.325
11460.44
7797.835
5246.042
8766.006
3528.458
3317.038
2727.729
3812.956
4078.564
6901.962
5031.606
4312.735
6153.053
5014.74
2608.819
2874.357
3118.977
3460.671
4194.561
4834.541
8915.407
3051.401
4850.918
2669.117
3851.082
3203.94
3780.526
2953.562
3090.097
3310.747
4184.156
2914.427
1919.77
2789.168
3776.149
3200.233
5299.826
6862.858
2998.76
2298.933
3470.829
4472.097
5902.551
6627.543
7604.111
4290.07
5663.538
4541.025
3528.531
3186.155
3782.286
5646.02
2059.738
3757.198
4585.123
2717.646
4727.61
3140.399
4029.691
7349.487
6442.328
3046.755
4702.764
7539.854
5820.897
5603.665
4385.295
3370.355
3711.579
7586.175
4417.328
4514.577
4898.985
6900.521
5459.966
9196.668
4743.15
4356.189
4107.396
4875.53
2155.401
1677.704
4155.037
3812.085
6891.098
2791.961
2446.852
4435.274
3949.813
7159.053
3599.845
3510.032
3965.511
2552.119
6023.644
5254.573
4038.408
9341.007
5478.516
4454.712
3887.699
2636.004
5877.057
4623.711
4923.396
4368.874
5305.065
4384.546
4348.67
6859.762
6391.27
4942.993
4307.272
4824.22
5860.471
6714.413
5563.757
2673.803
7330.181
6238.825
5253.817
5224.13
4255.448
7892.029
5132.687
3752.287
2553.338
6678.485
2379.842
2163.196
5018.899
3512.393
2205.047
2486.11
4583.448
2353.052
1578.827
6826.637
2840.997
4098.283
3362.06
6734.09
6619.576
7210.079
4048.113
3521.764
4491.155
1849.305
1772.265
8162.244
8974.635
5129.318
9587.972
2086.466
4423.25
2829.818
3560.352
2406.861
1744.844
4707.767
3570.795
3288.138
3795.439
4733.341
3251.664
3769.225
4826.904
3543.344
4592.445
4519.139
3489.315
2080.238
3374.848
3344.826
2841.625
7304.195
2869.065
9315.145
4717.154
2887.43
3884.699
3535.488
3715.594
4793.395
2571.935
6854.555
5525.065
3709.016
8914.262
4619.144
3793.255
3844.303
2491.168
1999.147
2380.546
3242.305
2922.445
4186.257
8043.589
7926.432
5347.41
4011.022
3053.401
6353.918
6867.312
2498.878
2764.656
3455.836
5045.987
2651.234
3914.873
3031.124
5953.011
6334.082
2574.438
2097.011
4088.551
5267.48
4491.731
5421.377
4548.986
3712.586
4585.484
3826.383
4372.452
5586.51
2303.088
5789.67
3233.977
5367.107
5784.954
5191.595
5769.183
5103.94
4546.5
7332.7
2155.233
1190.136
3038.237
5591.066
1619.975
2150.618
2302.104
4363.164
4084.191
5931.387
3550.669
4550.767
2998.066
6258.392
5707.486
4395.51
4533.622
5648.124
3883.915
4111.894
6705.969
4904.289
4364.469
9710.524
5589.851
6760.186
2543.943
2887.917
3586.957
5444.81
3920.546
5664.654
2103.686
7089.225
3757.455
5051.456
2750.66
4223.26
2744.208
4059.415
2584.589
2750.987
4091.819
4366.975
3203.732
4234.645
6023.269
8377.566
5664.944
6492.457
3954.76
3700.215
4851.453
7874.731
4813.373
2528.8
4822.509
6529.124
6010.254
3981.088
3621.615
3707.933
6096.619
3641.312
2201.279
3573.351
3517.389
3098.489
4880.269
3127.704
4661.515
3845.115
4052.656
3672.698
4165.346
4352.902
2423.078
6340.824
4405.16
3093.556
2278.631
5174.156
5462.803
7189.541
8781.095
7840.312
4005.614
4277.846
5274.682
7026.621
6784.016
3276.687
6075.07
5276.295
3646.387
3289.788
1137.134
2702.192
5060.666
3347.349
3084.014
6536.455
4056.716
3643.093
3384.645
6542.161
4118.719
3048.119
6825.428
5296.332
4320.474
4737.573
3432.562
4143.207
4812.495
5041.57
4312.056
10183.93
7112.616
4871.143
6450.626
4443.373
2952.394
4717.359
5875.497
3599.83
1845.684
4749.48
3677.653
5581.145
2913.266
3259.732
4345.634
5976.322
5075.566
9424.028
7487.992
4093.518
3429.211
3440.15
4272.215
2469.475
5121.571
3976.756
4659.592
3363.288
3751.061
3340.102
7676.879
4372.213
3699.495
2724.016
3128.191
4670.246
2530.064
2802.205
3337.702
4296.014
4657.287
4649.534
3599.811
2443.448
4589.746
3402.717
6203.07
5580.346
2209.492
1779.952
4740.85
2210.038
2130.774
3553.915
4152.893
5342.568
4507.144
6556.694
4012.83
2630.616
4756.454
4377.022
2929.831
3440.262
3569.978
2746.852
2197.333
6290.344
3133.886
9517.346
4338.554
7630.179
6437.374
3683.932
1934.586
6066.655
5023.223
3677.934
4873.724
8278.096
3128.948
3395.179
5157.777
5089.845
4481.946
9953.632
5040.081
3307.002
7439.175
4835.924
6350.783
4826.99
6368.63
6172.02
6337.274
4953.535
7259.467
4459.834
5282.422
3030.889
3599.289
3648.324
3433.487
3566.386
3632.61
3406.224
4234.021
5265.601
9414.623
8210.623
3832.302
3567.636
6566.27
2888.293
1972.609
6172.921
4485.158
8013.219
4691.261
4170.357
7376.438
3868.216
4940.812
4797.563
4566.989
4848.405
1778.616
6901.169
3055.947
5315.473
4073.138
11299.52
5328.77
5359.656
5610.187
8010.318
8401.01
6367.861
7848.82
2912.421
4649.846
4968.656
6700.288
3367.296
3231.481
4077.413
2013.96
4073.381
2636.771
4273.845
3247.4
4421.116
3014.838
3444.016
3172.239
7472.984
2492.857
5538.318
6253.655
4921.998
3957.168
6053.015
7423.042
3787.63
4361.917
4426.37
2574.004
2116.309
1731.832
3844.548
5117.21
5145.455
4019.507
3945.367
3462.379
3849.271
3348.931
5474.395
4319.006
6806.946
6596.284
3057.121
2838.451
3569.675
3565.905
5356.879
2698.27
3588.844
4486.06
8239.879
5452.849
5067.034
6175.286
6081.779
4417.443
5609.929
2948.709
4415.575
2852.42
5679.539
8325.576
4126.053
4097.809
5925.844
2989.614
3133.069
5485.403
3128.746
4122.986
4130.144
4931.205
4010.24
3424.76
3165.333
3423.975
3672.945
4595.086
4599.052
2054.641
2621.783
3583.523
1556.378
1710.224
2502.917
3145.343
4701.181
3581.213
1792.356
3061.29
6338.243
5311.193
2854.158
4513.842
3000.208
2011.963
4241.971
4248.091
3158.59
3503.434
4268.03
3806.067
5460.238
4971.79
4684.909
6295.139
2582.42
5364.439
3193.949
3565.087
4589.615
2952.359
4317.675
3940.683
4646.491
5411.401
3745.331
3890.025
4351.784
4654.865
5122.153
3593.132
3254.473
4989.323
6339.481
5114.407
2965.904
8138.982
3993.737
7308.936
6917.192
3767.571
3831.892
2673.405
4425.661
6505.518
5820.528
6443.536
3989.192
5243.651
1727.755
3332.286
3298.04
3466.02
5729.358
4662.532
6785.139
3677.769
4551.289
6207.263
2314.321
5660.065
7246.571
3640.372
3652.279
4202.179
3587.99
5568.313
7292.656
6466.193
4794.158
4205.707
4631.881
5328.511
6082.954
3027.878
2876.926
2997.992
3795.444
4020.811
4663.275
2996.299
7372.805
4633.092
5845.929
4733.005
4703.683
1669.792
4157.371
4120.087
5416.834
4776.346
16147.99
3673.373
2825.187
4818.981
4817.865
4122.721
3774.677
4462.112
3317.815
3263.075
4333.199
3846.714
4577.288
6061.724
3758.854
2237.991
3060.741
2170.251
3685.635
5993.082
4689.41
8149.205
3713.547
5157.313
5410.376
3789.601
4473.771
5322.021
4931.255
3993.33
2357.848
3531.001
4837.061
7752.157
2765.59
3141.593
3373.113
5559.247
8689.239
6009.841
6064.865
5730.069
6041.183
4162.572
1655.742
5225.11
3469.15
4176.828
3492.589
3233.974
2146.68
2054.734
5947.792
4517.881
3059.326
8050.037
4682.196
5657.969
3140.461
4395.905
4779.013
2969.178
6598.11
5339.173
5480.851
4991.047
6710.414
5803.091
4418.839
3126.596
3031.761
4529.699
3582.231
5682.644
6624.406
3424.326
3094.691
3727.899
4991.394
4385.833
4283.1
5433.282
7461.491
3352.553
2436.114
4121.419
4218.101
4257.084
3746.717
4357.667
2591.045
4225.706
2143.748
5189.32
2164.024
2905.879
5308.041
2823.712
4477.372
2568.027
3382.9
3088.784
4440.511
5281.727
5599.617
5658.17
8926.078
7014.984
6220.148
3742.195
5498.593
2346.505
2334.537
5695.448
2828.937
2478.705
4332.801
6086.187
2320.181
2949.647
3503.72
4909.642
4519.032
1903.511
3521.984
2594.027
5083.226
2153.134
6458.341
1802.043
4619.303
2527.531
2119.974
3010.476
3520.733
3756.152
2803.939
2784.906
3619.68
3772.945
4054.128
2290.637
3900.817
4923.531
7068.888
4530.029
4482.354
5019.231
4089.197
2864.944
2866.925
3883.761
4049.015
2580.786
5822.563
4183.8
5370.18
4256.523
7120.9
3033.307
3357.94
6298.556
2790.307
5127.779
6822.314
5837.627
5514.186
4147.305
6845.632
9452.278
3333.828
3325.57
4669.236
3500.45
3291.336
2140.872
2782.069
4515.375
5198.465
3960.027
5151.547
6035.642
4408.329
3263.213
4835.773
2698.669
3021.41
4494.741
3799.757
2040.647
5091.865
7466.339
4819.909
3753.53
3406.98
2549.507
4890.85
3541.495
4391.791
3684.873
7111.799
4117.361
3591.65
2972.848
6020.878
3803.251
6641.48
10451.39
4264.023
5057.172
5629.304
3182.849
5677.732
4204.895
4054.113
7693.854
6495.09
6192.697
3949.449
7506.827
4910.263
3199.943
3025.246
4777.936
2856.959
1767.413
4245.423
2955.027
2008.647
2605.218
5055.531
3139.077
5331.343
4235.022
3504.915
3039.836
6250.842
3864.937
4079.318
5730.521
6985.854
3067.084
4272.611
3592.252
4489.256
2584.223
2313.984
3596.959
3109.079
7275.193
5397.946
9732.914
4941.927
3424.381
4080.225
3890.434
3906.055
3609.315
4854.791
4198.371
5177.744
6221.235
2443.358
3260.425
4397.742
3920.834
5225.365
2537.148
3601.57
3792.586
4722.252
3387.423
5524.983
4317.552
3713.09
3570.321
5126.178
4721.881
6040.904
5843.895
7021.855
3077.331
5672.49
3415.828
5596.956
3027.485
2780.389
2913.043
3844.3
3913.469
6718.84
4635.574
3574.347
3822.386
5656.493
9148.322
5144.042
2628.284
2037.894
3003.241
3758.353
3801.388
4856.625
3542.966
6390.312
6270.305
3205.946
4852.265
3014.22
3601.769
2573.964
2763.677
3992.369
2661.573
1894.589
4036.369
4492.719
4634.675
4725.647
4008.477
3964.274
3730.855
2828.99
2541.642
3440.481
8580.344
3986.504
3665.125
5052.685
2292.166
3102.108
3021.017
3890.454
3972.169
5754.675
5616.215
6011.78
4063.35
4619.402
7212.262
4456.23
4250.452
7928.482
3931.199
6507.338
4853.513
9251.849
4530.421
5406.461
6178.658
7147.85
6234.735
6385.599
5982.881
7311.502
3364.326
4214.951
1915.392
2838.872
5760.541
4107.557
4503.69
4304.242
2230.644
3267.961
3873.54
6056.646
5395.778
3578.787
5681.391
2949.247
3105.797
6354.466
3522.923
4911.847
1602.535
4135.362
2826.761
3268.392
3012.695
5510.418
5032.76
2761.51
3457.356
3667.976
4341.978
3796.066
5383.337
3583.972
3578.098
3144.681
1293.314
2179.122
4238.925
4479.283
3880.842
2599.845
2734.587
3299.936
5002.018
5787.164
4640.083
4302.779
4223.201
4193.842
5658.567
3748.647
5200.135
3686.232
4296.863
4988.009
6570.628
4518.103
8444.326
5493.622
4329.357
4806.02
4939.923
2944.703
5290.575
8609.596
6245.674
7427.81
7744.151
5484.581
3260.919
6663.324
4702.313
6823.905
3982.853
4180.027
2639.07
2035.951
5696.263
9316.918
2657.026
2331.58
4629.807
5306.888
4840.471
4269.07
6138.501
6044.036
2717.127
3076.589
4219.633
4843.112
3785.431
2893.647
6249.17
4342.055
2237.034
5612.112
6343.609
3034.018
1978.985
2433.571
2215.543
1991.028
4526.784
2649.875
3302.694
2925.249
3549.44
5152.257
5205.379
4030.079
4545.635
3208.432
3808.049
5038.98
6816.211
3387.988
5991.862
6419.569
4895.855
2749.299
2132.693
3121.291
2530.119
2330.202
9017.487
5019.904
4132.785
6799.364
3767.11
2446.272
3079.495
2157.335
6605.023
4695.783
3002.373
4416.028
2731.817
3091.122
5595.198
6236.454
4353.23
4430.318
5025.134
2970.58
3481.121
1632.373
1638.745
3684.281
9219.764
6295.172
7562.433
5317.477
5200.982
6910.545
7882.56
8287.369
5140.131
6901.258
7622.295
4134.115
4600.767
4744.513
2472.522
3121.356
5374.181
4329.57
6077.826
4742.21
10545.65
2873.954
3665.594
2712.875
2789.417
6782.737
1991.782
7137.491
3774.692
3608.13
6372.172
6086.527
3583.439
4396.51
2741.09
2517.066
5275.682
7193.699
4572.876
4137.869
4006.785
3618.596
4176.558
5001.219
9411.206
8846.643
9013.077
3127.253
3092.624
2889.169
2674.78
6150.406
4025.195
3930.605
3844.648
3146.101
2948.96
1953.35
3222.805
5038.549
3507.41
4803.451
3267.662
3362.089
3502.192
3779.722
3535.243
6224.808
9329.384
6825.164
2242.421
3997.86
3361.036
3318.646
3403.443
4985.413
3439.221
3296.924
3322.482
3266.626
9063.897
4336.838
5678.32
8996.084
4517.85
5395.311
4908.132
4682.532
4337.112
4846.016
5706.275
3466.452
3404.602
7385.285
3591.275
5310.058
4295.683
4362.427
4421.272
4050.673
3492.563
4930.516
4812.736
5182.622
3665.344
2366.803
2365.595
3576.776
6511.219
4232.519
3212.1
1799.418
5220.296
3941.148
4175.672
2303.253
3081.273
4749.153
4142.583
2949.911
3108.093
2763.682
4400.225
5721.263
3338.293
4107.019
4105.103
4578.261
3206.798
5089.317
5525.336
5299.981
2977.895
2756.722
4507.826
3086.83
3310.308
1987.907
2881.978
7580.486
3586.936
3816.426
2841.975
3281.157
5997.811
3709.347
4171.011
6120.291
4653.333
6722.022
6033.411
7520.651
5907.132
3479.052
6255.122
9858.575
10777.69
2691.165
5272.416
8569.432
8655.761
4117.609
4556.854
4048.052
7033.868
5905.681
5425.701
4397.4
4102.439
4927.608
5960.822
5753.074
3541.182
5616.506
6804.979
8669.417
4529.188
2952.81
6910.778
3737.534
6525.575
2638.43
6455.936
4324.684
2832.905
1895.204
3886.326
6358.15
3714.894
3196.508
2968.065
5733.342
4331.291
1971.56
2289.822
3932.725
2463.299
2979.51
5077.897
4134.415
4976.512
3807.822
7260.294
6435.012
11061.04
7681.4
5428.148
4614.492
3915.755
6747.687
5587.74
6289.541
4746.566
4929.406
3598.974
4791.519
4700.48
6800.718
4792.982
4434.057
4584.527
6183.72
7645.627
4770.638
8146.814
10536.25
5261.591
5734.204
6090.303
5222.072
4579.213
3301.365
3723.432
5128.461
5200.975
2958.846
4188.346
8762.989
5792.68
4325.91
4281.467
5222.444
3466.743
6805.942
3846.305
5948.221
3979.141
7032.646
4510.457
3307.646
10441.49
2624.007
5909.706
3620.783
3245.084
5745.803
8572.593
7210.201
5948.965
5666.687
7827.919
4527.551
7369.648
7517.96
3598.355
4408.245
4821.702
3295.389
2489.179
3254.733
8030.656
2062.768
7589.94
5150.763
4456.788
3391.571
2633.203
2877.732
3761.698
5906.869
4329.449
5972.047
2385.993
6670.625
3558.252
4968.191
3177.719
5967.635
7026.952
7432.405
3652.655
3938.362
5499.444
6826.078
4368.146
5035.169
6187.773
5312.524
3557.609
6497.655
3358.978
3303.864
4274.285
2773.879
2686.718
8035.189
4561.569
5752.296
5381.242
3222.576
3575.525
2975.661
2961.271
3585.543
3628.287
5099.529
4152.544
4129.538
3183.981
5561.348
6196.03
5017.55
2827.349
4411.808
4382.285
3920.68
7247.317
6751.933
6357.792
2937.224
1920.213
4660.003
2066.251
2060.223
2105.817
4251.846
7028.56
3764.201
4111.016
6278.138
4456.322
3825.625
3408.052
3656.709
4070.796
3278.278
6205.375
5837.243
5446.43
5026.595
4566.289
2776.302
4142.66
5297.421
5352.127
4369.05
3076.973
5657.721
5576
4045.168
4077.18
3667.681
3249.42
8074.799
2647.904
2282.516
2668.44
3916.393
7840.179
2398.185
4600.884
5380.788
3293.448
3625.334
4322.528
5655.939
4090.373
1804.406
6115.201
7505.59
5638.163
4266.667
3207.245
4977.531
2816.327
2493.245
5094.77
6262.787
5257.914
5937.305
3787.429
5377.016
3854.504
6084.673
4139.15
6822.972
3770.66
3508.51
4493.781
3717.651
4696.586
4086.27
5809.473
2160.474
3571.248
2969.232
4400.999
5642.038
7698.775
5147.18
3076.097
4014.586
3242.566
3170.881
5034.317
2831.41
5800.8
3920.764
6008.191
2564.379
4173.498
3352.673
4250.254
4054.348
2914.142
4982.509
3334.024
3168.887
8284.539
3830.689
4401.514
6712.079
3445.942
5439.932
4678.926
6763.257
7363.183
3507.349
4289.165
3224.144
2086.643
2321.073
3420.919
3058.325
3820.003
4165.177
2458.467
2437.844
2721.75
4061.659
6174.813
3641.917
2793.203
7223.394
4354.997
4458.391
4919.499
7950.333
6082.51
4512.69
4961.428
4469.627
6795.736
4769.773
4472.716
9464.512
2740.386
3302.419
3764.225
5377.075
6953.113
3721.802
2311.836
4026.792
2528.637
4120.079
4372.554
3252.932
4083.602
4608.487
4665.773
2904.527
3544.602
1788.692
4565.595
8921.258
5787.231
3152.093
2871.296
6239.523
4015.308
3129.372
4437.151
3594.598
3092.497
5720.076
6591.117
5396.068
4900.601
3293.233
4689.149
1752.03
4868.223
4202.633
4759.109
3403.867
4373.447
3678.141
4224.055
7247.449
7505.133
7796.554
10080.85
3366.767
2996.504
2291.292
3331.787
4654.729
1857.822
4178.622
6439.084
1607.076
3125.986
1783.011
4251.469
4511.806
5988.393
2451.323
4383.577
3560.811
4366.47
9784.239
4162.357
5186.319
4570.538
7510.46
4091.716
5549.371
5038.446
3629.773
3409.911
6827.958
3076.655
2318.187
5824.064
5906.606
5106.814
8064.034
3673.223
3367.472
2475.849
3503.753
4003.297
3104.925
3854.283
4008.916
2142.679
4685.175
4413.391
6307.875
6880.14
7645.963
4976.588
3497.631
5204.944
2997.057
4027.213
3010.306
5078.457
4718.596
5161.338
4369.71
5174.611
4366.14
2863.183
2586.372
4215.675
4505.451
2956.737
2875.459
2760.183
2776.851
2776.249
1663.811
3681.537
3056.712
4304.375
8479.746
9409.323
6856.79
5969.418
3994.463
2808.812
3862.507
2723.352
6088.338
6513.943
4244.121
3783.932
4387.005
3812.498
4789.561
2959.897
6984.8
3440.515
5574.568
3367.981
5184.064
4738.595
2625.397
4225.584
4337.963
6791.844
3261.733
1710.69
5242.255
6529.301
3067.137
2860.92
3433.886
3461.141
4495.132
3185.169
4434.998
1714.859
4053.912
5344.791
3204.773
4496.974
4256.671
2690.345
7351.329
4482.424
5893.045
5713.036
3879.052
3979.338
3631.508
3964.732
2792.602
4898.249
2035.655
4612.117
5172.782
4758.822
5180.344
5580.148
3036.055
5116.572
5690.951
2529.367
5424.764
4078.166
4147.194
5777.141
3385.715
3281.936
4817.412
6033.575
4707.253
3313.319
5310.467
6942.794
4883.636
5847.079
3494.764
3687.314
2474.877
5358.234
9468.031
8148.971
4941.878
6242.04
6015.267
5199.569
4130.108
3738.296
6778.744
5521.458
4948.878
3683.142
3950.53
5312.077
7690.806
5014.967
7133.019
3348.145
7151.234
3921.618
5811.091
4001.798
8122.821
4362.545
5795.939
4391.929
4729.869
4241.87
7148.77
8926.945
4376.912
5192.597
7998.214
4311.379
6296.491
4745.569
3382.112
2796.014
3312.324
8004.857
4486.262
4720.323
3256.915
2259.898
4811.729
6541.894
2775.642
4173.183
3214.989
4010.779
9654.702
5631.049
3508.101
4233.731
3857.852
4210.569
3897.04
4791.558
2397.889
8269.963
9112.892
6024.39
4719.075
6342.356
2849.55
5465.031
3053.306
3952.585
2303.158
5528.53
5637.142
6932.95
8346.934
8133.861
4104.15
3571.977
2397.511
2177.519
4537.64
9129.735
10649.96
5714.733
4985.917
5479.594
2362.555
1666.808
2958.802
9989.724
1973.309
2312.507
6431.394
4295.094
2715.748
2986.098
7713.768
4370.425
6459.721
2265.053
2549.358
2496.432
4074.691
4851.013
5240.842
4061.151
9422.557
3405.306
3585.761
2997.429
5362.906
4439.01
3417.104
6466.229
2692.445
4621.966
6649.22
3312.235
2454.683
7534.329
2912.859
4577.338
3921.572
3556.116
5065.299
2920.577
3383.301
5565.682
2681.181
4621.256
5810.936
3949.318
2482.327
4285.795
7744.015
3828.698
4103.44
4533.007
5119.348
5136.97
4912.536
3780.291
5378.859
5224.915
3221.551
3815.052
3228.56
3170.447
5022.464
3769.929
3856.508
5814.355
5677.801
4645.099
5545.757
8649.644
4498.542
4574.921
5612.708
7096.319
4124.292
6832.824
7681.21
7157.486
5563.777
4173.098
5462.266
8033.177
2853.059
5350.661
9665.251
2942.681
1571.729
3083.929
1862.699
3541.591
3693.884
3129.439
3916.44
4828.788
3768.65
2940.416
5130.591
5941.817
2607.999
10740.16
4615.488
5760.563
7546.182
6274.292
5940.363
6144.916
5875.062
5109.218
3678.518
7236.414
5059.414
3395.647
3074.153
3440.827
4583.818
7089.056
5928.709
4834.449
5837.571
4085.528
3919.384
3524.008
5022.437
5007.518
3594.51
5677.68
4267.679
3055.95
2526.079
3471.209
2953.415
3642.805
2755.879
3964.527
3314.68
3470.459
4399.364
3395.777
4730.524
9214.146
6262.608
4158.384
3757.902
2368.203
4979.262
6409.95
6490.408
1989.285
2840.342
2093.283
2721.754
5561.688
3278.294
5201.139
2177.139
3182.67
3095.861
4106.869
5943.977
3622.212
7862.031
4774.892
4247.893
2896.464
5466.178
4525.36
3749.833
2075.309
3260.862
2606.059
4198.456
5692.947
3800.965
4227.384
3274.195
2736
2917.192
3539.165
3932.313
3049.495
3254.027
8386.541
7769.922
6139.445
2565.423
5168.098
2289.89
3551.015
2638.826
3395.377
3080.433
2591.809
4823.237
3273.415
3635.165
2912.347
5671.638
4582.562
4186.248
5416.202
2483.777
6236.725
6621.147
4349.696
5568.606
2285.388
2481.658
5018.5
2301.783
4137.046
5540.158
3425.644
7814.168
5155.323
11974.87
6675.822
8318.33
5686.092
4495.888
4685.525
8706.117
8044.925
9340.116
3601.717
4256.013
2523.323
3722.14
5457.033
5095.872
6505.25
5578.931
5997.651
5155.339
6930.168
2917.566
5974.119
3895.571
2458.067
1140.547
3246.465
3009.567
2018.289
3229.844
3663.067
3276.292
2776.064
3478.533
3948.876
4326.58
4826.088
3232.142
3109.773
4187.67
4253.024
5758.189
7284.054
6329.85
6591.236
5004.15
2569.77
3816.912
4459.142
4770.275
4995.53
4398.621
4160.401
4645.273
3503.417
2130.654
2617.691
3402.581
8403.416
4589.241
3335.168
4304.833
5152.259
4498.142
6261.191
4125.275
3962.109
5060.051
2655.344
3077.768
3603.411
5191.954
2707.102
2075.382
4579.545
3962.692
6567.639
5029.992
3920.389
4048.701
2705.534
5054.204
6196.533
2749.885
5647.438
4322.723
6425.27
6727.816
3245.367
4279.714
5327.494
2231.951
2691.119
5530.098
4147.415
5462.853
2566.863
6915.734
2481.298
3016.729
1579.946
3078.068
5928.428
4162.553
4160.506
3693.476
3048.034
5089.555
3987.422
5890.948
7755.688
5459.485
5515.504
2073.37
3053.602
4223.677
4244.487
6311.89
3883.394
3510.052
2365.557
2960.507
4775.544
2661.98
2042.25
2304.701
7635.082
4790.249
3985.273
5823.879
1549.874
5093.146
3433.637
8028.627
7190.254
5022.108
4210.138
3700.713
2213.692
5668.975
2772.974
2680.947
4374.515
4005.176
3415.561
5682.023
3715.157
8410.249
4229.155
5614.767
5947.999
5868.518
2779.308
3519.026
3001.51
3372.322
3160.393
4706.344
4193.43
1163.591
1699.357
2669.07
4985.292
4921.648
6465.845
4444.656
4563.37
2703.306
3607.754
4007.442
3837.143
5178.576
3094.48
5576.067
2983.213
3990.137
2321.947
2638.276
2950.403
5048.764
2874.601
4051.569
3009.098
5584.045
5779.427
3826.919
4631.96
4411.835
2766.819
2599.254
4622.913
3080.706
2783.305
2981.911
5016.983
5660.798
5717.29
6282.32
2533.141
2693.043
2990.711
2614.304
2815.019
2525.532
6732.404
3531.407
5035.802
3739.37
4211.202
7714.478
3335.356
3969.093
3185.013
6961.663
5246.341
2835.475
5242.85
6329.791
7673.744
4859.895
4841.747
4095.745
3072.042
3259.84
3335.977
2993.765
4210.963
5645.357
5594.92
6181.027
4118.642
4693.128
4004.441
5748.713
2447.876
2836.513
2729.913
2921.868
3366.286
6550.528
3365.353
5883.533
3359.772
5123.836
12706.89
6380.338
6205.058
6325.886
7401.379
8243.226
3936.574
7421.164
3756.572
7748.127
9997.957
9694.746
4852.333
3474.857
4406.452
3158.877
4641.782
6643.617
4348.87
5396.294
4781.379
8939.402
3971.922
7610.17
5427.861
5435.436
3631.554
2091.43
1781.313
3353.331
6443.396
11513.01
5078.021
7180.074
5092.383
5403.621
5473.759
6160.357
3203.64
3646.773
5364.319
2001.21
3263.329
5227.023
3485.916
5994.372
4733.229
2558.483
3016.741
4019.485
5843.931
5103.618
4753.122
3795.89
3416.125
4770.904
10721.8
4042.523
4721.176
4264.142
2411.748
6765.701
5133.123
3551.585
4322.016
2552.482
2009.052
3756.873
3430.337
3181.278
2898.285
4073.431
6068.902
3097.109
6391.809
3431.079
7044.654
2991.36
3120.62
4164.169
4745.192
7699.262
2964.172
1953.222
1776.303
2613.9
3236.483
3391.548
7694.795
3620.183
2357.483
4560.221
3211.77
5585.094
6224.849
5645.878
4098.096
3992.374
3935.358
3531.414
4873.798
2926.191
4447.977
10358.28
2839.781
3743.275
5020.527
4833.205
3157.898
5055.493
4607.863
3205.391
9982.079
2312.019
5454.765
3679.784
4648.962
4468.479
5909.071
3677.151
3475.806
2793.616
4210.071
6128.959
1986.341
5032.461
3496.765
2567.158
6329.292
3601.325
3909.677
5834.213
2185.214
4195.996
6486.466
5872.006
6955.511
8624.195
9574.469
4416.499
8350.28
5450.745
6268.303
3181.469
2780.831
7152.477
3446.458
5548.55
3463.735
3195.12
2329.097
2599.728
3839.002
4804.296
5198.039
4214.895
6973.295
2712.386
4242.201
3004.715
5084.706
4616.374
5149.152
3180.101
4883.699
1914.096
3162.832
5149.637
5554.524
3860.505
3517.577
10001.65
8697.659
6088.648
4197.615
2389.02
4635.267
2346.39
4454.287
3090.409
4381.757
5655.539
4278.647
2044.595
5722.82
5732.235
2742.988
7391.179
4068.127
5369.089
4816.771
2721.347
4872.178
5162.011
2469.314
3346.331
2773.864
2459.386
2315.013
3702.85
4516.082
2244.355
4750.25
2525.588
3972.121
2627.73
5216.477
3957.107
3737.809
3550.666
5058.935
4825.635
3417.402
3269.845
3952.624
3836.661
7212.952
9146.094
5065.167
5030.507
3921.31
2052.567
5546.33
3486.726
1803.99
3060.823
3111.752
3740.458
8632.583
2195.163
4404.618
6426.912
4705.748
2756.346
5132.126
3152.216
2843.123
4250.906
4439.005
3353.802
3498.088
2311.913
2563.936
2743.15
6024.692
4813.483
4967.258
3590.341
4289.763
5188.649
2128.074
7457.763
2822.766
3357.59
4022.637
5293.581
3583.141
5529.437
4808.739
3611.749
3379.053
2558.848
2769.837
4576.207
13742.63
4255.072
7938.194
4943.858
5794.297
4515.219
5685.339
4558.956
6389.165
5061.633
4120.55
2928.814
7350.861
4238.736
3691.194
3316.364
2845.761
4729.108
4685.616
5553.758
6257.43
5903.445
4086.349
2948.93
2918.606
6026.977
4343.465
2036.608
3626.244
4295.573
3111.457
3432.095
5113.883
4093.962
5303.297
6375.243
5428.24
5303.806
6268.772
6962.054
6385.226
5066.65
4116.431
6727.445
3484.848
3878.213
5694.642
3509.652
2976.01
4243.103
3672.657
11032.96
5336.238
4735.645
4409.318
5765.769
3495.962
3931.454
3347.526
4218.82
5417.221
2192.289
2764.616
3231.836
4524.672
3074.846
5100.621
4023.817
5443.009
2621.974
4413.705
4852.071
5983.996
3459.419
2378.215
3774.684
5996.431
4754.362
4995.221
5832.232
4090.979
2603.759
4799.058
3158.097
2813.23
3827.703
3829.785
5900.223
5591.723
4288.273
3419.295
3062.426
4835.611
4608.159
3776.941
6019.963
6514.109
5374.518
3400.506
2702.733
3007.828
3740.068
6079.093
6701.148
3288.408
3615.721
5044.303
3441.782
6574.327
3609.805
3415.283
4669.71
4096.355
6414.793
3043.227
3974.871
7591.659
3858.613
6844.304
2776.358
3185.26
5058.205
5923.743
4799.387
6982.924
4154.986
3937.266
2591.628
5365.883
3831.15
4745.67
3613.983
4403.032
3966.17
5527.535
8920.892
4954.704
4291.614
6042.256
6414.535
2605.007
2301.931
4671.925
4998.253
5348.566
5297.758
5065.95
4703.391
3318.859
4360.019
4660.821
2617.748
4641.619
3410.752
3648.166
6717.8
6473.813
6106.92
5684.355
3084.715
2663.227
3336.098
4012.049
2778.725
3882.839
6479.799
3544.204
4038.119
2406.261
2919.503
2344.224
3381.963
3283.318
2429.754
4168.424
4611.917
5541.784
6513.364
9326.508
2295.934
5822.379
4214.289
3083.461
4151.806
3374.927
4352.436
3234.282
3450.393
3276.998
2992.997
4990.009
5026.023
3876.592
4641.778
2177.121
2767.184
2189.205
3568.288
5009.645
6990.133
2179.951
3902.392
5016.495
4465.898
4391.593
2991.708
3470.431
5455.989
2186.72
3776.189
2384.447
4044.334
5617.899
9129.029
4714.164
5840.211
5101.844
3409.914
2075.156
3760.483
4235.31
4712.622
3086.983
2011.688
2998.474
3320.789
3421.589
4577.901
4016.009
3065.21
4193.681
4452.852
4382.35
7920.872
6357.649
2794.439
7408.496
6499.65
5444.022
7054.478
5376.183
4571.229
2290.953
1971.189
2164.101
4758.971
3491.45
2872.282
4242.501
2889.239
2813.505
3856.538
3508.869
6821.574
4200.025
4514.727
2830.097
5413.183
6368.362
2303.617
2448.523
5209.08
5558.9
3475.956
3208.82
2988.745
4637.822
2644.935
2842.493
3011.987
2377.661
5564.186
5266.603
3667.801
2604.412
6850.211
4062.153
3198.898
2841.469
3547.256
3243.83
3350.656
5273.513
2962.99
4332.5
4654.906
2222.929
3274.439
4755.919
7700.564
6973.538
3925.902
4723.113
3119.344
12071.13
2946.348
1673.044
3504.131
4610.517
5268.455
4943.947
3820.394
3973.896
3702.983
7170.149
2783.406
6230.296
4061.646
1332.755
5267.795
6477.914
8384.294
4083.617
2444.657
2883.035
4089.25
8784.912
8992.03
5804.721
6351.243
4962.131
6494.401
2666.947
5459.556
6459.636
5523.378
4546.437
5991.949
4073.451
5279.76
3447.564
2954.542
5602.437
2689.659
3912.124
3057.954
2857.752
3297.607
2118.882
3174.413
5548.497
3886.921
7198.091
6060.844
4635.413
5787.783
9983.439
4040.085
3787.162
2929.698
5200.495
6776.719
4294.239
7112.643
3263.346
3009.183
3209.529
6342.969
3578.867
5406.927
6208.942
11112.64
3959.941
3735.797
5602.785
3103.282
5053.44
5656.143
4547.782
5438.798
6648.37
6061.143
6056.513
6141.991
6311.651
4296.842
4145.09
3266.333
4104.675
4690.709
6506.125
5183.006
6002.118
7426.642
2780.69
4811.385
7631.931
10648.06
4377.733
3233.852
8310.925
2597.137
4217.548
6984.023
5959.077
5056.088
4818.748
8045.096
5225.505
5050.696
4646.501
4281.66
3713.61
3790.224
6536.751
3932.922
6653.973
5269.834
6880.221
5729.534
5896.003
4988.76
2092.607
4343.813
3717.329
5063.291
6398.641
3170.266
2993.79
2661.629
3076.726
4173.073
7381.345
6123.581
5230.125
3319.831
2411.272
7020.816
4213.492
3881.598
4432.345
5242.003
4120.315
3483.155
8120.827
3593.88
4970.759
2485.464
2320.497
2807.655
5098.05
5252.221
3409.033
2249.909
2644.626
5491.371
3490.787
5328.872
4494.145
6194.83
2993.713
5883.281
6085.017
4423.589
5150.439
7300.751
4826.814
3902.929
4381.032
2232.813
4836.119
3087.534
5620.141
2024.611
4850.77
9725.42
4625.553
1927.825
1715.258
2843.085
3593.089
4012.627
1543.536
3627.303
4287.504
4038.587
3095.238
4661.938
4992.113
5245.129
4911.54
4148.092
3623.769
4691.71
3198.642
3621.617
5004.281
3670.089
3350.255
3565.414
4656.407
3937.67
7128.277
7148.314
5077.696
5250.069
9950.824
7366.447
8522.488
5854.092
5811.531
3208.158
8930.364
8333.275
2579.85
3981.797
4719.957
2626.415
2455.628
4751.228
4494.227
7477.629
4482.69
3539.605
3648.863
3744.869
4165.742
2050.376
3582.775
3829.347
4598.039
4338.961
8028.005
9427.951
5332.433
5771.216
3954.141
4314.792
5342.89
3085.137
5162.65
2326.736
1948.363
1526.13
1682.233
6029.531
2640.036
2571.26
2030.799
2873.182
3243.445
3317.522
3765.088
2735.589
3106.392
5677.257
7158.267
3413.043
2716.719
4780.414
3020.213
4093.864
3617.678
7009.778
2028.972
5604.885
5578.132
3611.418
4943.745
4848.264
2313.644
1417.625
2862.659
1828.71
2281.065
2222.118
4917.824
3121.342
5211.129
4183.99
3885.506
3453.318
3441.784
5655.756
6404.809
4158.518
2037.775
2559.024
4299.398
2948.964
5001.181
6193.996
6401.455
4622.992
4305.056
3412.205
3629.591
2348.866
3443.637
3750.917
2373.067
2312.895
2842.205
3878.168
4814.926
3288.193
4582.05
4127.269
3530.391
4112.091
5628.52
4389.272
2513.37
3446.246
7001.055
5550.387
2587.907
4047.85
3514.36
5457.634
7975.23
4254.945
3729.677
3343.797
2259.287
2947.688
5710.228
3859.454
3137.628
3770.65
5812.703
4878.128
4952.775
5285.75
3052.118
4862.54
3328.854
1939.037
3169.541
3870.64
7588.724
3669.355
4168.404
2928.693
2866.976
4737.758
3063.258
3404.226
3673.964
3165.391
2334.789
4178.619
1736.694
3611.06
2830.757
5888.57
4304.102
3990.875
7250.274
3418.225
5363.781
4097.118
7353.645
6369.807
6034.924
4665.675
3258.545
4841.945
5867.122
3015.826
5147.103
5533.413
4294.633
5011.97
4213.099
4980.679
3050.794
6146.256
2878.786
5043.431
2697.475
2322.521
2516.595
4213.828
11551.49
2309.01
5365.334
4949.781
1452.044
4225.851
3617.058
3340.542
1400.676
2659.345
3420.101
2226.961
4075.261
4157.695
2674.564
2272.384
3306.795
6387.431
4479.946
5647.692
4839.175
4219.991
6452.696
4163.854
4093.909
4759.647
2931.726
5074.607
5196.107
4704.183
7244.882
3861.413
3720.315
6705.136
4335.442
3455.911
2724.402
2947.506
4189.255
6531.927
2572.347
5452.579
2199.688
3353.911
3448.36
2759.741
3050.49
2794.052
4657.229
4574.906
3192.513
2581.663
2586.033
3590.751
4294.197
2633.336
2474.078
3101.093
1892.615
2891.439
1619.447
3727.045
5693.498
2746.058
3833.935
2402.815
2867.733
3757.373
3946.932
2912.09
3067.743
2969.238
3386.591
3084.416
3696.642
4090.403
6802.312
4443.173
4522.74
6327.669
3275.573
6961.537
4937.634
4427.4
7995.761
3046.943
3526.591
3038.691
4714.148
3612.561
5162.092
4967.712
6641.82
4296.679
4612.79
6886.218
4427.742
4827.757
4174.397
4591.248
6400.147
3578.442
4641.615
5267.905
4084.879
6659.02
5259.714
5705.166
5922.426
3564.241
3506.771
4225.834
3015.914
2941.966
4513.505
4644.801
5575.231
5079.782
5673.406
3314.215
4522.952
4793.336
4519.824
6656.987
3082.896
3272.481
4214.224
4806.828
4246.961
3103.291
3614.405
4835.168
6308.531
4014.744
3894.463
3156.45
5153.827
2390.876
3410.663
4015.93
3462.984
5953.403
3196.773
4818.752
4621.129
3718.611
4774.248
6800.311
8589.363
3253.604
3635.018
1994.906
3794.271
2950.911
2989.322
7611.96
4619.846
4362.47
3234.339
3833.889
2480.97
3093.385
2278.193
2978.043
3811.232
3986.007
7523.257
4986.623
3773.027
2048.455
2999.513
6262.645
5900.513
4315.09
2440.841
3951.816
3857.511
2698.102
2099.661
3303.917
2561.592
5350.304
3350.623
5504.651
4805.786
3989.758
6547.835
4123.183
3381.504
5362.403
4601.103
2127.581
3475.466
3057.716
5771.471
3289.609
3370.995
3572.572
2542.109
3160.016
4908.531
2102.656
1863.932
3865.15
2359.078
4486.94
1874.676
4308.873
3726.395
1982.15
4337.374
5102.355
1897.379
3381.978
6816.674
5153.921
5695.817
6439.47
7354.658
6216.276
3351.135
3006.642
4485.226
4081.841
4485.704
4088.701
3129.277
4768.356
5659.784
5594.836
6449.233
5714.156
4149.785
4411.223
6638.311
2441.534
3620.879
2221.525
1721.161
2375.37
3217.922
2513.629
1919.765
4319.143
3293.783
4908.772
5128.28
5822.839
2199.238
1713.706
2748.33
2432.364
3063.178
6171.485
5973.473
3589.179
8021.437
3569.993
5191.424
2699.516
5014.576
2690.494
1645.962
4943.623
3142.903
3801.76
4003.285
6509.214
6306.675
8092.002
7305.547
3824.496
3392.495
4252.96
5904.903
5127.052
4237.168
4995.785
4040.098
3329.914
3945.874
4465.02
2963.989
4759.607
5336.229
3138.307
1908.31
3715.917
2863.12
5255.575
5100.507
5608.324
3303.304
3425.228
6622.064
1976.333
2920.64
2941.453
5066.586
6077.18
9690.958
2704.96
6016.858
7193.904
3598.742
3061.99
4291.974
5801.962
5265.952
3748.013
6658.441
5902.064
4603.249
3800.064
6678.039
5272.457
6253.536
4459.103
3040.052
4144.081
3011.546
1871.483
4671.494
2154.066
5530.274
2908.829
5176.273
4539.586
1657.319
4807.913
3313.648
3569.618
2083.169
5487.366
5789.341
3396.248
4583.983
6640.492
4568.898
5764.472
3645.211
2638.883
5884.063
3520.573
4471.319
4642.236
7093.451
4076.356
6345.762
3105.231
3523.568
1767.979
5509.885
3354.408
3083.532
5478.117
6300.211
5055.253
2629.182
11119.08
3217.588
1982.833
4537.737
3217.405
2705.518
2937.273
3607.848
1387.866
4070.512
2778.502
5681.893
3262.289
3617.291
4010.784
5125.208
2692.429
4842.158
4682.338
3613.314
3451.395
5613.901
3836.183
4102.266
3432.702
2941.683
3230.549
6789.399
6522.2
2839.236
5693.898
3184.604
4050.908
6319.062
3541.809
2452.105
4053.691
3868.667
2299.721
3026.113
3554.095
3553.509
3614.891
2516.613
3150.372
3574.5
1992.543
3336.784
4564.431
3036.319
5688.902
7438.797
2798.935
6012.706
4246.338
7577.073
6227.869
6764.535
7005.291
7116.906
5590.118
3877.345
4635.181
2616.687
3965.206
4422.213
6483.676
5556.827
6219.524
3062.887
4259.376
2796.693
4522.853
3110.632
4499.404
6563.659
6416.386
8624.504
7373.304
10328.21
7277.716
7588.604
12511.13
8518.292
6689.995
7525.058
7906.306
5852.234
5920.302
4746.435
5168.008
4422.336
4137.876
2762.583
8130.721
5566.477
4107.97
3242.628
5976.27
6191.42
4119.069
4885.53
7142.908
1997.377
7190.9
6395.431
5596.204
7894.225
9258.879
8564.747
6975.056
2791.047
4028.18
3608.436
2571.123
3656.355
3673.324
3381.925
3368.897
3225.49
4563.973
4306.147
7522.559
3880.831
7306.782
4285.708
4570.817
4202.156
2346.629
3302.266
2271.365
2083.094
3141.852
6400.237
5860.311
4139.508
3313.856
2633.517
2812.252
2473.595
4692.719
2980.268
3013.338
3536.526
11679.42
3539.081
2872.343
4038.378
4507.727
6190.899
6900.935
5078.784
4090.18
6669.079
2828.822
5540.619
4664.103
3619.795
1651.792
3968.867
3989.986
4651.591
4731.797
5376.37
8806.78
3887.841
5440.556
7556.795
6149.406
7601.143
2299.247
2610.441
4777.86
3319.388
4597.566
6152.728
3511.517
12252.79
6869.127
4727.766
3862.584
8927.511
4442.156
2434.941
5778.413
5727.52
4694.242
4883.686
5825.804
5547.773
8142.708
5888.806
5112.118
4105.722
5534.75
5776.202
5446.198
5743.495
3245.674
8395.401
4840.52
4242.168
4370.148
2704.46
2869.255
2960.639
4057.66
4198.71
3918.768
9676.172
3704.736
6160.362
3481.635
2514.364
4622.414
5853.091
4364.437
2001.886
2642.515
4359.636
4419.309
5741.81
5238.332
9964.969
6830.695
7857.046
3700.686
4342.11
4747.303
2610.584
4718.096
3325.56
4720.947
4523.396
3546.375
2166.597
2893.148
3298.818
1827.941
4881.51
3819.647
5337.462
1589.098
2588.279
2568.426
6972.904
4331.931
3221.415
3627.524
2701.586
2410.219
4708.433
5315.295
2880.19
4240.766
5102.765
5153.954
4606.99
4726.897
3510.683
4981.425
5739.372
6145.052
3794.468
3019.496
3134.147
5458.74
5214.215
4387.031
5044.074
2262.412
1924.437
3430.347
5859.515
6595.695
3229.864
4813.856
4348.791
6062.331
4988.284
3472.578
3713.207
5137.54
6362.686
5055.729
4811.798
4593.997
4565.818
2163.977
3756.953
5512.091
6155.531
3702.58
5013.217
4007.173
3633.379
4770.123
1992.177
4225.025
3260.737
2616.215
5285.582
4644.211
2426.028
4391.408
6114.083
2366.894
1512.478
2214.432
3824.796
2798.289
2043.684
3717.244
3962.909
3760.613
3032.057
4615.338
4337.219
2155.861
2544.537
2862.417
3888.842
3514.618
3239.577
6729.148
3913.949
4249.39
5393.037
4186.514
3995.569
4191.438
3266.434
2645.909
5941.649
2098.466
4933.691
2170.384
2853.808
3753.894
5860.698
4652.229
2854.094
7939.652
6736.538
3598.917
4989.907
4351.442
5005.264
4453.953
6058.953
7110.073
4993.701
3766.963
8269.138
2589.38
4650.36
6031.283
7066.304
3445.463
4920.907
1853.904
2389.07
2569.521
9288.107
3025.718
2724.551
4564.113
7112.624
8074.159
7680.201
6543.11
4778.18
8347.41
8025.618
9223.742
7824.497
9442.469
6463.64
6572.48
9184.235
6932.104
4901.322
5663.947
3728.861
5500.547
3266.808
3570.273
6894.78
4716.318
2802.807
3888.698
7391.803
3039.875
4153.172
5339.844
2874.618
9117.19
6715.217
7261.247
3191.152
4514.812
4501.519
4291.368
3336.378
3918.727
4036.874
5325.503
7044.097
3209.16
2697.817
3360.902
4637.123
5383.936
5741.17
2831.301
2489.521
5337.831
4890.134
4445.456
6290.824
3460.494
3085.175
3855.494
4742.696
4430.531
4244.576
3074.274
5902.493
3753.484
3231.869
4030.271
3324.27
6274.306
4049.73
4827.481
4063.573
3518.275
5024.062
5154.985
4049.977
3868.987
1909.818
5618.33
4518.839
2924.314
6373.801
9028.56
6727.52
4388.471
3163.444
3914.548
4154.39
5286.725
3712.278
6041.759
6503.17
5853.722
3816.254
6059.734
4484.542
6095.652
3857.209
5355.091
3470.372
4389.168
3677.046
2443.426
4323.156
3189.076
4904.752
3185.267
4515.469
4225.839
4906.129
4576.528
2876.134
4168.093
4485.875
3614.451
6093.757
5433.698
4958.395
3718.848
2727.435
4685.665
4940.724
3026.485
4245.901
2863.708
3698.316
4154.366
4919.458
3254.822
3635.777
4460.769
2501.725
3587.116
5891.9
2542.102
3996.139
3332.298
3910.938
3142.38
6096.308
3610.646
2951.245
3750.081
2958.578
6380.252
3799.015
3001.407
5363.957
3072.415
2736.511
4225.793
5634.164
3287.215
2851.279
3650.322
1863.887
3260.166
2047.456
4507.997
2067.064
2561.306
3303.559
3619.004
1931.553
2253.273
2390.665
7342.499
4242.508
3854.306
3501.88
3600.576
5163.181
3685.669
2508.976
4737.931
1965.005
2834.906
3552.717
5214.855
3085.015
3476.637
3015.679
2601
2405.116
3748.56
4495.161
5033.894
2688.787
3525.656
3809.148
5180.178
3620.253
7965.269
4061.994
3578.402
4562.882
3403.269
5453.956
2578.743
4810.643
4497.136
2456.955
4449.609
1943.769
3122.281
3435.019
3265.934
5161.897
4938.842
3722.382
5005.004
3240.797
7207.114
5842.039
6957.377
2891.928
3492.166
5080.79
4117.45
4801.989
4396.963
2548.931
4124.697
4859.222
3201.478
2826.774
3397.076
7994.868
7421.926
2716.974
2725.421
2679.723
2563.489
6979.369
2171.599
2437.081
4128.115
7009.665
7164.925
4713.129
8837.235
4839.675
5192.102
7766.321
5978.84
9709.596
10073.29
8303.058
7178.189
4913.606
4061.616
6142.676
4627.103
9936.217
3894.412
3262.91
3558.951
4585.919
4443.818
4102.008
3576.008
3009.976
4442.342
3318.542
4609.505
5269.089
3570.647
3453.287
2116.945
2540.462
3315.183
3229.354
4097.235
4236.055
3175.498
6159.575
5636.531
3783.652
6980.195
3516.84
5719.185
3127.327
4666.364
2948.698
1798.346
3124.1
2894.277
4651.947
3228.432
3876.605
4068.257
5328.701
3584.139
4781.537
4326.829
1889.054
5215.379
6749.983
4307.31
7192.587
3514.266
4969.049
3010.886
4613.978
3037.114
5207.695
5213.186
5105.103
5628.036
4838.128
2914.444
2604.963
5907.95
4006.025
6409.142
3812.199
5815.896
2563.691
4579.411
3888.655
4008.973
2783.799
2676.888
3089.877
3067.86
7834.199
4108.589
5549.123
3818.713
3052.658
3805.796
5235.327
3861.201
3137.458
5389.684
7183.432
4815.694
6442.943
4590.395
4694.269
6367.658
4824.851
4551.575
3380.196
3162.208
3464.311
3408.625
4897.721
5636.976
4674.117
4400.262
1948.629
4428.23
8569.987
10557.75
4804.309
7918.135
4097.331
4683.003
4614.808
3632.77
3621.69
4267.173
5337.646
3274.461
4723.963
4381.259
4951.348
6403.22
6653.961
4269.009
4794.795
3901.84
6130.16
4173.995
4694.037
2098.167
3199.85
1871.835
4335.99
3282.789
4571.876
4995.704
6089.792
3807.895
4406.371
6932.312
4253.81
3550.679
3683.091
3139.619
3331.218
3899.273
3480.398
4152.091
2879.4
4010.301
2926.535
7570.91
4509.793
4081.635
5291.98
4676.522
4379.384
4495.946
4176.948
2795.093
3937.673
4975.015
3967.095
4272.123
3359.881
2289.838
3134.944
3232.953
3765.533
4156.016
3875.277
3202.775
3153.281
2311.717
4635.377
5535.947
5846.74
3643.572
8015.027
9407.697
5765.549
3783.511
4159.508
4510.44
5457.466
4501.936
4532.583
3713.785
4261.189
4436.79
6228.523
3428.284
2552.077
3540.344
4906.399
3409.134
6150.533
6082.862
3647.108
4752.283
8509.306
2238.111
2875.703
5051.089
3438.105
5892.584
8146.711
6648.123
1930.911
2664.561
3414.112
4347.232
2552.645
2440.518
2353.587
3108.528
2595.4
5032.68
4412.307
3164.937
4233.081
2703.933
3970.902
3727.148
4028.783
3846.839
4542.986
4352.434
3284.52
4924.522
5069.54
5939.459
5883.75
6538.316
7414.527
4892.287
6377.613
4698.594
5592.994
6737.763
4025.113
3582.459
5322.198
6294.119
6311.389
8595.852
4144.342
3850.728
6576.784
6576.056
8588.367
6892.714
7668.987
5808.273
6406.723
6967.234
4315.9
4464.305
8521.191
4234.024
6905.594
7818.16
8843.858
4594.694
7053.792
4111.439
3358.03
6111.691
5052.818
6272.787
4299.618
5198.123
5826
4599.126
4346.918
5491.103
2408.966
4080.656
9570.89
2233.367
3460.719
