0.2899754
0.2912009
0.2878071
0.285614
0.2898704
0.2919642
0.2911206
0.2921784
0.2918349
0.2967704
0.2902075
0.2930314
0.2951464
0.2930218
0.2975124
0.2901677
0.2903267
0.298614
0.2877764
0.2895466
0.2874812
0.2916142
0.2882829
0.2927038
0.2895416
0.2935427
0.2932546
0.2973555
0.2920947
0.2912508
0.2843618
0.2914202
0.2885011
0.2951133
0.2843512
0.2891276
0.2945588
0.3002689
0.2950787
0.2968117
0.2945757
0.2906477
0.2905043
0.2968369
0.2931438
0.2947519
0.2948032
0.2923823
0.2900989
0.2879809
0.2924544
0.2954225
0.2931548
0.293102
0.2918707
0.292414
0.2925705
0.2899623
0.2929515
0.288716
0.2885379
0.2884528
0.2899481
0.292231
0.2877361
0.2950516
0.2873386
0.2889797
0.2960841
0.2916765
0.288833
0.2920973
0.2919917
0.2869526
0.2878329
0.2909667
0.2883952
0.2999634
0.2927202
0.290753
0.2902865
0.2887551
0.2945876
0.2899086
0.296459
0.2995944
0.290749
0.2973209
0.2936546
0.2915698
0.2859536
0.2856888
0.2977281
0.2887635
0.2921158
0.2972805
0.287064
0.2916223
0.2857232
0.2895271
0.2945873
0.298717
0.2936581
0.2921513
0.289278
0.2922687
0.2933501
0.2960687
0.2806816
0.2928801
0.2867033
0.2964129
0.2914006
0.2964177
0.2874556
0.2897051
0.2906887
0.2932792
0.2952225
0.2887094
0.2904028
0.2913962
0.2892616
0.2928932
0.2860074
0.2957157
0.2902533
0.2905545
0.2966252
0.2925512
0.2885503
0.2937291
0.2893058
0.2894009
0.2926654
0.297396
0.2907593
0.2889182
0.287362
0.2962824
0.2941418
0.2956133
0.29196
0.2908371
0.2937372
0.295337
0.2901921
0.289634
0.2961738
0.2934983
0.2894368
0.2912294
0.2890622
0.2886731
0.2860699
0.2969038
0.2960631
0.2856862
0.2863656
0.290102
0.292637
0.2905546
0.2961094
0.2932578
0.288095
0.2869441
0.2942545
0.2964075
0.2893951
0.2869854
0.2897727
0.2882413
0.2920233
0.2973535
0.298393
0.2942973
0.2916899
0.2916483
0.289707
0.2902309
0.2862664
0.290965
0.2962342
0.294781
0.28855
0.293184
0.2938656
0.2976414
0.2852227
0.2866035
0.2874702
0.2879412
0.2907514
0.2888136
0.2878122
0.2929399
0.2927114
0.2991787
0.2943915
0.2915521
0.2915985
0.2960362
0.2910122
0.2946122
0.2820746
0.2887984
0.2888421
0.292479
0.2963331
0.2938116
0.2937581
0.2930929
0.2894085
0.2917892
0.2892136
0.2828846
0.294983
0.2900571
0.2886178
0.2883549
0.2962689
0.2938492
0.2932122
0.2888754
0.2909639
0.30068
0.2862387
0.2863944
0.289483
0.2899111
0.2942573
0.2931702
0.2875713
0.2943746
0.292503
0.2948774
0.2861628
0.2864547
0.2891607
0.2897346
0.2908849
0.2958962
0.293043
0.2859617
0.2914092
0.2970055
0.2902928
0.2914171
0.292447
0.3006686
0.2902502
0.2930666
0.2941327
0.2923905
0.2891317
0.2898193
0.289973
0.2941766
0.2956422
0.2974099
0.2922616
0.2870458
0.2959659
0.294539
0.2929773
0.2873214
0.2879925
0.2967112
0.2918764
0.2939886
0.2867738
0.2865612
0.2893552
0.2884156
0.2904657
0.2966956
0.2879344
0.2981208
0.2924664
0.2940916
0.2861925
0.2956756
0.2928548
0.2893086
0.2894991
0.2919898
0.2914576
0.2918957
0.2894289
0.2856199
0.2808857
0.2946238
0.2882507
0.2888605
0.289172
0.2904374
0.2935051
0.2918962
0.2899973
0.2941242
0.2932681
0.291369
0.3014113
0.2891427
0.2888752
0.3001744
0.2926271
0.2931194
0.2919328
0.2898961
0.2887189
0.291786
0.2921776
0.2932692
0.2861847
0.291174
0.2895406
0.2967754
0.2965868
0.2885385
0.2953799
0.2879567
0.2919599
0.2851176
0.291985
0.2908347
0.2975827
0.2959838
0.2958095
0.2927726
0.2966501
0.3007995
0.2911258
0.2874854
0.2958729
0.2877407
0.2847825
0.3040171
0.289324
0.2926846
0.2988543
0.2885795
0.2951472
0.2937195
0.2932346
0.2979806
0.2920061
0.2860158
0.2931086
0.2918857
0.2907091
0.2934268
0.2901247
0.2955626
0.2886785
0.2966119
0.2968806
0.2828164
0.2959421
0.2873363
0.2936314
0.29043
0.2863234
0.2986287
0.2910663
0.2916414
0.2895092
0.2931088
0.2941362
0.2872817
0.2880772
0.2909912
0.2908132
0.2941828
0.2929154
0.2977141
0.2969808
0.2960954
0.2946605
0.2891856
0.2991324
0.2915592
0.2937868
0.2916007
0.2916296
0.293176
0.287254
0.2926246
0.2911813
0.286511
0.2919424
0.2910571
0.2882879
0.2864775
0.2903618
0.2945313
0.292495
0.2935742
0.288321
0.2922231
0.2882844
0.2910332
0.2906984
0.2911786
0.2956326
0.2896562
0.2912224
0.29047
0.2879244
0.2949843
0.2917253
0.2959889
0.2909574
0.2952145
0.2877733
0.3009391
0.2895496
0.2914106
0.2969016
0.2849861
0.2905624
0.2911067
0.2935191
0.2946402
0.2937373
0.2879067
0.2941176
0.2847273
0.2857159
0.2926215
0.2999365
0.2905166
0.2908466
0.2939149
0.2852047
0.2851486
0.2927343
0.296316
0.2906952
0.2935182
0.2946042
0.2914184
0.2966866
0.2942806
0.2959619
0.2994138
0.2890425
0.2861163
0.2840201
0.3004635
0.2901227
0.28826
0.2936483
0.2914618
0.2952417
0.2884256
0.2975626
0.2935073
0.2922854
0.293442
0.2905308
0.2863352
0.2901701
0.2969424
0.2963122
0.2947135
0.286814
0.2932478
0.2906412
0.2922359
0.2892931
0.2945589
0.2935222
0.2880202
0.2901521
0.2936007
0.2889076
0.2925611
0.2915508
0.2921433
0.2941765
0.2903271
0.2893885
0.289843
0.2927642
0.2927929
0.2892327
0.2878649
0.2964134
0.2959381
0.2925809
0.2895245
0.2915658
0.2928711
0.2924812
0.292002
0.2928345
0.2969462
0.2857196
0.2895502
0.2937816
0.2945824
0.2922523
0.2871836
0.2897779
0.2920262
0.288189
0.2905127
0.2919362
0.2955764
0.3018701
0.2980599
0.2956382
0.2884572
0.2805556
0.2899087
0.2903948
0.2919611
0.2903089
0.2880621
0.2914806
0.3029873
0.2952425
0.2929555
0.2959041
0.300666
0.2928231
0.295993
0.2882562
0.2923331
0.3000398
0.2877013
0.293518
0.2877877
0.2902959
0.2968648
0.2903485
0.2886961
0.2891623
0.293209
0.295537
0.2997301
0.2934238
0.2913019
0.2983102
0.297619
0.2925182
0.2918455
0.2917392
0.2856386
0.2908489
0.290527
0.2878437
0.2947118
0.2895815
0.2878504
0.2894961
0.2930827
0.2884989
0.2975617
0.2862012
0.292914
0.2871205
0.2926607
0.2964617
0.287229
0.2942579
0.295441
0.2971973
0.2928226
0.2871837
0.2964732
0.2899508
0.2941596
0.2847127
0.289718
0.2941383
0.2886103
0.2903584
0.2925439
0.2901762
0.294566
0.3008541
0.2902527
0.2930736
0.2842629
0.2944332
0.2986225
0.291168
0.2891392
0.2910212
0.2960641
0.2960704
0.2936267
0.29494
0.2885863
0.2874141
0.2942132
0.2923631
0.2942535
0.2938563
0.2958963
0.3007479
0.2914279
0.2894089
0.2900208
0.2951921
0.2932591
0.2866202
0.2944385
0.2913919
0.2915574
0.2954603
0.2896633
0.2934909
0.2911465
0.2956359
0.2949386
0.2868808
0.2911253
0.2935861
0.287726
0.2897863
0.2959166
0.2932275
0.2933281
0.2901154
0.2921056
0.2922795
0.2937974
0.2875965
0.2869988
0.2894952
0.2844336
0.2931621
0.2888406
0.2922825
0.2967881
0.2922601
0.2933072
0.2966819
0.2934624
0.2862624
0.2915435
0.2904745
0.2919326
0.2903128
0.2964263
0.2901983
0.2921025
0.2907535
0.2896048
0.2893355
0.289142
0.2919895
0.289453
0.2951615
0.2870954
0.2894298
0.2886922
0.287239
0.2930403
0.2884107
0.2894156
0.2922252
0.2926514
0.2917603
0.2854952
0.2880236
0.2945568
0.2903944
0.2952527
0.2910289
0.2829825
0.2985329
0.3047722
0.2952184
0.2887027
0.294172
0.2912312
0.2912824
0.2941761
0.2905328
0.2930709
0.2921932
0.2847387
0.2875046
0.294293
0.2914104
0.2942273
0.2955068
0.2937131
0.2886261
0.2917107
0.2947838
0.2972925
0.2980239
0.2875042
0.2916287
0.2879154
0.2857726
0.2877633
0.2926608
0.2870148
0.2861065
0.2932136
0.2871628
0.2943764
0.2979447
0.2889976
0.2905204
0.2886246
0.2907158
0.294704
0.2918414
0.2896447
0.2877611
0.2915736
0.2921072
0.2948178
0.289598
0.2896496
0.2914998
0.2956576
0.2889629
0.2925371
0.2923059
0.2989379
0.2904712
0.2895178
0.2917776
0.2860599
0.2897451
0.2929755
0.2871225
0.2904291
0.2894994
0.2913209
0.3008359
0.2867994
0.2949083
0.2916302
0.2888138
0.2927692
0.2963187
0.2926768
0.299497
0.2926167
0.2901564
0.2929117
0.2923946
0.2909307
0.2947485
0.2950953
0.291393
0.2894667
0.2909141
0.2963746
0.2876416
0.2952654
0.2947835
0.2904729
0.2891823
0.2989616
0.2915986
0.2868733
0.2890645
0.2865955
0.2842734
0.2978483
0.2899601
0.2885492
0.2933164
0.2951333
0.2895924
0.2910796
0.2910193
0.2946369
0.2915563
0.2931847
0.2899265
0.2901969
0.2933484
0.2935871
0.2934386
0.2902905
0.2904664
0.2887095
0.2952926
0.2937854
0.2927581
0.291458
0.2857836
0.2965301
0.295304
0.293303
0.2949667
0.2907561
0.2923103
0.2922915
0.2924567
0.2969207
0.2914577
0.2912209
0.2919666
0.2963646
0.2921921
0.2883262
0.2968507
0.2925156
0.3032621
0.2926454
0.2901243
0.292448
0.2823671
0.2920504
0.2929079
0.2906734
0.2905404
0.2900014
0.3000535
0.2947114
0.2947222
0.2913052
0.2945616
0.2957604
0.2929137
0.2920857
0.2901037
0.2951874
0.2932535
0.2962256
0.2935449
0.2888882
0.2939603
0.2892359
0.2921171
0.2859868
0.2869292
0.2975749
0.2885083
0.288571
0.2880438
0.2926629
0.2862407
0.2917303
0.2960591
0.2875823
0.288375
0.2931255
0.287056
0.2928771
0.2906033
0.2941903
0.2869668
0.2950583
0.2865721
0.2921868
0.2913444
0.2909737
0.2916675
0.291436
0.2907139
0.2906261
0.2942411
0.2935627
0.2969275
0.288626
0.2896091
0.2965534
0.2918189
0.2841696
0.2921591
0.2940235
0.2963506
0.2874854
0.2896062
0.2902129
0.298645
0.2937386
0.2970657
0.2891555
0.2951595
0.2920958
0.2954936
0.2891607
0.2914255
0.2913009
0.2930211
0.2960596
0.2855894
0.2928047
0.2947369
0.2929039
0.29025
0.292164
0.2876067
0.2924168
0.2938993
0.2897826
0.295694
0.2922586
0.2967475
0.2906606
0.2863319
0.2930786
0.2868291
0.2898864
0.2951575
0.2884669
0.2867489
0.2945617
0.2916973
0.2930935
0.2850122
0.2934725
0.296934
0.2951121
0.2890683
0.2925725
0.2914022
0.2904756
0.2902182
0.2906982
0.2913122
0.2977039
0.2886632
0.292191
0.2906585
0.2918461
0.2917956
0.2917759
0.2945413
0.2946192
0.2932747
0.2929925
0.2984691
0.2989284
0.2919292
0.290013
0.2916427
0.2942758
0.2953513
0.2930513
0.2902647
0.2959459
0.2916335
0.2998728
0.2944257
0.2965884
0.2932834
0.2813916
0.2811363
0.2861999
0.2915425
0.2932341
0.2960896
0.2868081
0.2843086
0.2970161
0.2940697
0.29705
0.2918867
0.2948514
0.2946065
0.2879806
0.2909173
0.2942179
0.290708
0.2935594
0.2945392
0.2862471
0.2920931
0.2933518
0.2953565
0.2980226
0.2890003
0.2920078
0.2916848
0.2984902
0.2969786
0.2943276
0.2952597
0.2938379
0.297611
0.2920119
0.2945869
0.2934879
0.2926409
0.2967443
0.280899
0.2908557
0.2867651
0.290564
0.2971211
0.2866778
0.2930618
0.284432
0.2926351
0.2889385
0.2939578
0.2953679
0.2966389
0.2891746
0.2894288
0.2900993
0.2894922
0.2921754
0.2872984
0.2959955
0.2985452
0.2884481
0.2937848
0.2851423
0.2889961
0.2985096
0.2898631
0.2941582
0.289601
0.2933513
0.2921979
0.2929396
0.2946486
0.2896541
0.287064
0.2869632
0.2941271
0.2986198
0.2889704
0.2864846
0.2844275
0.2943787
0.2891608
0.2942517
0.2907265
0.2872448
0.2879121
0.2967528
0.2812709
0.2952504
0.2999058
0.2901611
0.2878221
0.2968918
0.2919846
0.2937609
0.2946166
0.2901518
0.2957841
0.2851251
0.289063
0.2915976
0.2980737
0.2955738
0.2861879
0.2894846
0.2932895
0.2893623
0.2920354
0.2920578
0.2968385
0.2959324
0.2928399
0.292752
0.2879895
0.2863491
0.2867333
0.3022071
0.2880943
0.2891968
0.2951938
0.2947551
0.2904704
0.2868768
0.2882861
0.2898605
0.288155
0.2906349
0.2940017
0.296965
0.2900596
0.2952618
0.2918598
0.2785634
0.2907766
0.2904912
0.2936665
0.2996806
0.292229
0.2930713
0.291743
0.2879057
0.2925699
0.2863461
0.2895771
0.289802
0.2949979
0.285569
0.2969783
0.2940815
0.2958984
0.2896299
0.2929382
0.2962927
0.2981733
0.291737
0.2911518
0.2936511
0.2937559
0.2802898
0.2890929
0.2950901
0.289865
0.2944704
0.2932464
0.2901286
0.2915675
0.2924667
0.2947516
0.2875592
0.2921938
0.2955102
0.2930282
0.2918545
0.2925924
0.2904593
0.2953529
0.2825503
0.2913651
0.2889707
0.2915811
0.2964399
0.2966726
0.2889657
0.2942071
0.2881809
0.290195
0.28925
0.2881911
0.2840539
0.2904791
0.2900247
0.2962412
0.2919124
0.2864672
0.298641
0.2889469
0.2870323
0.2865896
0.2915391
0.2945215
0.2877141
0.295998
0.2903236
0.2923664
0.2938431
0.2938968
0.287336
0.2910379
0.2843979
0.2877488
0.2938451
0.2940438
0.2889399
0.2924417
0.2898654
0.2878536
0.2882758
0.2888675
0.288104
0.291953
0.2945111
0.2944623
0.2990353
0.2907364
0.2980019
0.2964731
0.2904902
0.2950018
0.2919871
0.2877627
0.2969797
0.2912916
0.2928171
0.2920606
0.2892031
0.2849548
0.2864655
0.2930962
0.2905116
0.2882217
0.2931463
0.2901914
0.2938014
0.2963165
0.2967545
0.289183
0.2954998
0.2978399
0.2885477
0.2918943
0.2937296
0.2947292
0.2898167
0.2862806
0.2929845
0.2935362
0.2906495
0.2905058
0.2913165
0.2847267
0.2993276
0.2837953
0.2927976
0.289599
0.2919893
0.2932781
0.2942454
0.2864886
0.2954886
0.2937151
0.2885654
0.2978178
0.2953875
0.2978172
0.2926087
0.2873289
0.2891351
0.2974794
0.28799
0.290681
0.2891393
0.2870961
0.2943508
0.2822196
0.2905991
0.2885863
0.2903146
0.2975399
0.2867243
0.2916959
0.2897115
0.2961873
0.2847276
0.2917422
0.2896181
0.2907096
0.2975244
0.2914982
0.290679
0.2976078
0.2882243
0.2975022
0.286106
0.2964633
0.2961714
0.2905642
0.2966448
0.2862691
0.2901953
0.2971116
0.2864325
0.2924292
0.28599
0.2946423
0.2899158
0.2968025
0.2882613
0.2930002
0.2918913
0.2881741
0.295591
0.2898042
0.2984001
0.2889703
0.2892266
0.2875948
0.2894791
0.2974633
0.2966441
0.2920649
0.2890012
0.2965302
0.29145
0.2885424
0.2964088
0.2980774
0.2923774
0.2913823
0.2972361
0.2888171
0.2897716
0.2973761
0.2966688
0.2904873
0.2967848
0.2961682
0.2904552
0.2954324
0.2962771
0.2874808
0.2926837
0.2891109
0.2934989
0.2954047
0.2969189
0.2900076
0.299795
0.2910117
0.2922732
0.2922735
0.295474
0.2886021
0.297388
0.2983561
0.2983656
0.2897038
0.2951287
0.2879402
0.2929952
0.2872874
0.2937846
0.2887578
0.2892185
0.2924681
0.292917
0.2974331
0.2967765
0.28972
0.2926886
0.293423
0.2898948
0.2914408
0.2885269
0.2903652
0.2858548
0.2916505
0.2970569
0.2960827
0.2900653
0.2962033
0.2951361
0.2906111
0.2913844
0.2958874
0.2934364
0.2875594
0.2920371
0.2920567
0.2894842
0.2943194
0.2939528
0.2910592
0.3020296
0.2949348
0.2927855
0.2907754
0.2885216
0.2894159
0.3030371
0.2914739
0.2916815
0.29122
0.2923641
0.2893833
0.2876451
0.2888355
0.2853248
0.2963212
0.2918221
0.2956814
0.2968695
0.2911474
0.293377
0.2922477
0.2880971
0.2944733
0.292459
0.2966278
0.2902005
0.2883689
0.2861105
0.2900601
0.2926364
0.2844688
0.2864452
0.2893964
0.2920541
0.282196
0.2887951
0.2927755
0.2943774
0.2924879
0.2896389
0.2940492
0.2892327
0.2935668
0.2897539
0.2911997
0.2963782
0.2871556
0.2844803
0.2960079
0.2988015
0.291904
0.2896535
0.2885874
0.2914894
0.2890819
0.2934801
0.2871808
0.2907672
0.2909059
0.2887113
0.2969197
0.2916114
0.293427
0.2891368
0.2944478
0.2874309
0.291677
0.2905892
0.2909358
0.2850036
0.293001
0.2912068
0.2962472
0.2918745
0.2985411
0.2973842
0.2949146
0.2892048
0.2910212
0.2900072
0.2838558
0.2934031
0.2923464
0.2910967
0.2875729
0.2933994
0.2873976
0.2884372
0.2909115
0.2914704
0.2905343
0.2913617
0.2914585
0.2969813
0.2956224
0.2838848
0.2942414
0.291614
0.2930342
0.2879558
0.2943931
0.2931837
0.2931613
0.2923193
0.2899498
0.2919289
0.2906575
0.2840353
0.2963876
0.2942074
0.2938451
0.2861433
0.2946074
0.2901814
0.2975728
0.2919172
0.2973577
0.2928571
0.2925281
0.287665
0.2983285
0.2925553
0.288411
0.2901915
0.2915118
0.28773
0.2961163
0.295621
0.286323
0.2920165
0.2880217
0.2922085
0.2916155
0.2904108
0.2948261
0.2888247
0.2933566
0.2967702
0.2986034
0.2867951
0.2960966
0.2905416
0.2934051
0.2964925
0.2920791
0.2959101
0.2908821
0.2947573
0.2919099
0.2940263
0.2952771
0.2978884
0.2937216
0.2934416
0.2905587
0.2949172
0.2874527
0.2888848
0.2884187
0.2937756
0.2943012
0.295939
0.2941866
0.2920567
0.2957674
0.2923331
0.295204
0.295364
0.2942836
0.2907971
0.2907603
0.2955591
0.2897422
0.2813058
0.2948752
0.3000803
0.2891733
0.2918148
0.2983322
0.2958638
0.2905887
0.2931216
0.2896919
0.2904654
0.28903
0.2917735
0.289873
0.2882459
0.2892955
0.2944336
0.2917169
0.2948193
0.291323
0.2882002
0.2899527
0.2884814
0.2935871
0.2914887
0.28851
0.2976051
0.2902782
0.2923778
0.2900016
0.2915723
0.2917368
0.2928707
0.2853768
0.2872306
0.2901978
0.2964345
0.2900959
0.2956227
0.288482
0.2917368
0.2932576
0.2918072
0.2906378
0.2889558
0.2925303
0.300289
0.2927829
0.2931595
0.2936456
0.2928156
0.2955589
0.2925943
0.2937481
0.2951883
0.2937519
0.2934438
0.2998596
0.2844392
0.2854808
0.2923776
0.2887162
0.2957558
0.2981522
0.2921737
0.2903628
0.2899848
0.2923608
0.291103
0.2877283
0.2870451
0.2879925
0.2838548
0.2942402
0.2897754
0.2886368
0.2879724
0.291168
0.2913403
0.2865019
0.2911989
0.2908226
0.2919706
0.2877252
0.2930587
0.2976415
0.2882413
0.2971178
0.2870142
0.2931323
0.2938409
0.2923532
0.2980814
0.2927324
0.2923381
0.2950895
0.2886154
0.2972617
0.2903162
0.2976512
0.2965499
0.2903087
0.2930319
0.2914595
0.2937294
0.2968845
0.2909957
0.2957589
0.2921295
0.2930897
0.2922532
0.2867314
0.2882892
0.2899872
0.2996266
0.294715
0.2927561
0.2905382
0.2908081
0.2943021
0.2940211
0.2919754
0.2915091
0.2966232
0.2892968
0.2931276
0.2963126
0.2901662
0.2836331
0.290979
0.2950511
0.2933614
0.2958329
0.2930971
0.2930626
0.2933723
0.2958342
0.2969858
0.2912508
0.2908137
0.2860016
0.2992161
0.2910484
0.2917624
0.2936329
0.2898348
0.2974062
0.2973457
0.2936377
0.2929834
0.285612
0.2926303
0.2971609
0.285091
0.2891985
0.2937495
0.2871039
0.290335
0.2856213
0.2923698
0.2881057
0.2930019
0.2878279
0.294984
0.288246
0.292603
0.2895942
0.2895183
0.2923725
0.2960819
0.2953242
0.2931553
0.2856706
0.2940805
0.292107
0.2992633
0.2951691
0.2922258
0.2957551
0.2961129
0.2963478
0.2964078
0.2999481
0.2876011
0.2918834
0.2941653
0.293036
0.2923267
0.2941781
0.2943013
0.2898297
0.2927232
0.2846623
0.293339
0.2917911
0.294757
0.2964897
0.2886912
0.2894623
0.2889091
0.2886308
0.2916202
0.2900393
0.3044893
0.2904439
0.2913293
0.2882069
0.2924104
0.2961798
0.2905749
0.2868047
0.2949387
0.2893195
0.2952251
0.2971377
0.2914205
0.2923045
0.2865726
0.2976843
0.2882252
0.2949806
0.288547
0.2958451
0.2937958
0.2896541
0.2899806
0.2929943
0.2959716
0.2969289
0.2919401
0.2921711
0.2926099
0.2935022
0.2876826
0.2959967
0.2870847
0.2992673
0.2864511
0.2924108
0.2940237
0.2878061
0.2946257
0.2895013
0.2897826
0.2974985
0.2884832
0.2855467
0.2941105
0.2840051
0.2866914
0.3006212
0.2961372
0.2924415
0.2945432
0.296918
0.2953873
0.299098
0.2939641
0.2909801
0.2904521
0.2944171
0.2976609
0.292122
0.2884736
0.2973135
0.292036
0.2880657
0.2898468
0.2894933
0.2899517
0.2880284
0.2951671
0.2964632
0.2977807
0.2919055
0.2881279
0.2890954
0.2883383
0.293107
0.2874253
0.2958274
0.2890315
0.2888587
0.2945645
0.2915922
0.2947169
0.2907322
0.2953836
0.2986338
0.2910966
0.2934206
0.2904675
0.297586
0.2956192
0.2903787
0.292554
0.2968941
0.2856174
0.2903816
0.291723
0.289213
0.2939327
0.2895445
0.2895322
0.2931631
0.2960917
0.2881943
0.2983507
0.2958795
0.2976946
0.2863185
0.2821125
0.2904661
0.2852588
0.2889438
0.2937918
0.2911933
0.2885666
0.2958122
0.2885958
0.2906719
0.2921621
0.2845711
0.2910752
0.291532
0.2973039
0.2917641
0.2891547
0.2909542
0.2898749
0.290198
0.2881238
0.2901411
0.2999125
0.2895086
0.2954057
0.2978785
0.2926102
0.2902462
0.2984225
0.2946366
0.2948824
0.2915397
0.2951357
0.2904156
0.2942331
0.2925141
0.2894879
0.2905278
0.2848722
0.2846707
0.2913105
0.2932226
0.2952947
0.2933291
0.2959361
0.2897565
0.2930694
0.2961172
0.2991821
0.2962389
0.2975241
0.2956066
0.2898916
0.2988361
0.2922207
0.2913321
0.2912411
0.2940713
0.2991372
0.2888549
0.2937647
0.2912967
0.2927535
0.2887838
0.2984081
0.2852419
0.2922212
0.2949334
0.2917944
0.2916708
0.2983627
0.2940418
0.2947123
0.2893154
0.2956493
0.2867305
0.2969253
0.2914505
0.2932132
0.2938459
0.2894674
0.2935364
0.2916752
0.2888759
0.2953619
0.295875
0.2908351
0.2920491
0.2950034
0.2847289
0.2861734
0.2880813
0.2918098
0.2931905
0.2929365
0.2878106
0.2873077
0.293451
0.2915793
0.2941548
0.2951995
0.2960896
0.2861501
0.2877295
0.2967064
0.2871926
0.2958342
0.2939162
0.2842257
0.2878092
0.2873459
0.2960036
0.2865805
0.28631
0.2944697
0.2924278
0.288957
0.2895279
0.2923042
0.2927954
0.279664
0.2941947
0.294908
0.2945675
0.2886971
0.288621
0.2914257
0.2873179
0.2903446
0.2988929
0.2881364
0.293498
0.2926922
0.2936892
0.291612
0.296016
0.2964967
0.291628
0.2918907
0.2894581
0.2911254
0.2894315
0.2909665
0.2918154
0.2907555
0.2939393
0.296735
0.2954826
0.2880025
0.2939196
0.2890405
0.2907206
0.2940331
0.2960158
0.2953779
0.2914493
0.2936711
0.2881068
0.292331
0.2957941
0.2877318
0.2902367
0.3010797
0.2976654
0.2936092
0.2890488
0.2895425
0.2912617
0.2919671
0.2892095
0.2953904
0.286722
0.2890433
0.2919981
0.2893582
0.2967385
0.2935963
0.2901801
0.2926014
0.2969131
0.2980361
0.2910404
0.2918558
0.2893888
0.3017989
0.2887914
0.2919709
0.2992782
0.2939347
0.2920189
0.2920514
0.292743
0.2938231
0.2874855
0.2865752
0.2864612
0.2871914
0.2860609
0.2903922
0.290526
0.293414
0.2936294
0.2892316
0.2842099
0.2955902
0.2946555
0.2946068
0.2924735
0.2899864
0.2905061
0.2954635
0.2925819
0.2947371
0.293268
0.2995563
0.2924426
0.2896576
0.2927606
0.2955917
0.2937479
0.288154
0.2963729
0.2888138
0.2913894
0.2925957
0.2854378
0.2881086
0.2954131
0.2899405
0.298554
0.2880199
0.2813344
0.2902358
0.2886144
0.2956029
0.2970232
0.2895329
0.2898988
0.2933874
0.293159
0.2844895
0.2941439
0.2961282
0.2937165
0.294948
0.292675
0.3003793
0.291987
0.294698
0.294251
0.2903226
0.2936095
0.2874604
0.2919444
0.2886589
0.2865633
0.2861332
0.2896226
0.2913228
0.292394
0.2949877
0.2868561
0.2941334
0.2847439
0.2954012
0.2932592
0.2915714
0.2891072
0.2944429
0.290658
0.2935046
0.298802
0.2915341
0.2904321
0.2844782
0.291647
0.2926292
0.2985417
0.287716
0.2911401
0.2867044
0.290096
0.2872296
0.2935003
0.2937405
0.2898595
0.2915409
0.2884268
0.2916145
0.2956491
0.287051
0.2931543
0.2927168
0.295366
0.2886455
0.2948579
0.288508
0.291887
0.2935477
0.292574
0.2913882
0.284461
0.2909797
0.2953734
0.2921357
0.2922704
0.2909905
0.2938109
0.2921573
0.2917126
0.2914151
0.2903145
0.2911772
0.2985044
0.29181
0.2907455
0.2888281
0.292414
0.2943745
0.2958808
0.2922929
0.2914545
0.2919668
0.2853168
0.2940964
0.2909724
0.2824774
0.2883587
0.2938025
0.2879529
0.293439
0.2875686
0.2950451
0.2957061
0.3028935
0.292658
0.2897793
0.2934553
0.2908186
0.2945431
0.2928725
0.2891476
0.293601
0.2931027
0.2868667
0.294221
0.2846527
0.2946368
0.2952346
0.2939797
0.2931803
0.2931351
0.2932732
0.2925676
0.2960419
0.2904471
0.2943287
0.2928802
0.2923022
0.2919893
0.2962035
0.2934091
0.2890063
0.2942108
0.2859961
0.2900562
0.2841187
0.297639
0.2861151
0.2854796
0.2914389
0.2866297
0.2887201
0.2878979
0.2967955
0.2911623
0.2910344
0.2879185
0.2884189
0.29147
0.2948139
0.2936257
0.2954948
0.2880439
0.2918175
0.2880528
0.2926507
0.2925583
0.2989571
0.3004102
0.2928386
0.2957463
0.2913673
0.2946732
0.2967413
0.291466
0.2837287
0.2894284
0.2916613
0.290856
0.2896389
0.2929221
0.289091
0.2968731
0.2935093
0.2978036
0.2951652
0.288402
0.2902677
0.2931459
0.2895154
0.2904967
0.2964733
0.294524
0.2845565
0.2916293
0.2910612
0.2956145
0.2899496
0.2905642
0.2876799
0.2846912
0.29089
0.2983569
0.2898596
0.2888997
0.290459
0.2901133
0.2971295
0.2867538
0.2849908
0.2910611
0.2964178
0.2907587
0.2919885
0.2892916
0.2910504
0.2964072
0.2888254
0.2866643
0.2877515
0.2929049
0.2907896
0.2917772
0.2976791
0.294311
0.3016367
0.2914673
0.2951044
0.2930277
0.293744
0.2907898
0.2899813
0.2888081
0.2887414
0.2897243
0.2980358
0.2887904
0.2897436
0.2916688
0.2902969
0.2923517
0.2924084
0.2875961
0.2869733
0.2856509
0.2951301
0.2942797
0.297985
0.2979545
0.2924559
0.2982457
0.2964621
0.2904449
0.2926891
0.295315
0.2932576
0.2896286
0.2898039
0.287825
0.2917273
0.2860985
0.29281
0.2903403
0.2938068
0.2907257
0.2933785
0.2916569
0.2893709
0.2919114
0.2912395
0.2919659
0.2925618
0.289735
0.2972414
0.2970563
0.2916744
0.2883502
0.29123
0.2968209
0.2933177
0.2905256
0.2904981
0.2888806
0.2922693
0.2924505
0.2874722
0.2937895
0.2968009
0.2885567
0.2959006
0.2973498
0.2887481
0.2924466
0.2936446
0.2906613
0.2921798
0.2868624
0.2957487
0.2943815
0.2900894
0.3065126
0.2936341
0.2934518
0.294791
0.2891028
0.2927692
0.2924146
0.289767
0.2880998
0.2872198
0.290121
0.2936666
0.2896849
0.2880448
0.2909358
0.2909506
0.2856651
0.2890921
0.2948866
0.2959924
0.29741
0.291501
0.2936548
0.2893715
0.2914983
0.292123
0.2938366
0.2948015
0.2948842
0.2910751
0.2886613
0.2941868
0.2906212
0.2908772
0.2935781
0.2858061
0.287573
0.2940389
0.2871098
0.2889202
0.2957154
0.2909372
0.2991839
0.2934065
0.2970463
0.2954953
0.2894056
0.2931863
0.2902379
0.2975371
0.2959553
0.2933239
0.2958522
0.2987573
0.2878704
0.2900192
0.2910209
0.2935993
0.2948585
0.2978148
0.2803682
0.2971615
0.2903393
0.292202
0.2920628
0.2885585
0.2897496
0.2937504
0.2903931
0.2873378
0.2972518
0.2937199
0.2948412
0.2961335
0.2833568
0.2913607
0.2903469
0.2882599
0.2915841
0.2911273
0.294902
0.297655
0.2953349
0.28795
0.2880233
0.2876675
0.2940095
0.2871328
0.2907345
0.2926402
0.2898009
0.296858
0.2895508
0.2880733
0.2929119
0.2915107
0.2953164
0.2915438
0.294573
0.2943979
0.2908777
0.2919063
0.294696
0.2902217
0.29351
0.2932907
0.290134
0.2903617
0.292148
0.2943449
0.2886471
0.2897654
0.2904948
0.2922553
0.2857189
0.2933785
0.2898992
0.2915656
0.290631
0.2935259
0.2904697
0.2972645
0.2883856
0.2962459
0.2900233
0.2929525
0.2927187
0.2899152
0.2974747
0.2937868
0.2905928
0.2844371
0.2912419
0.2919561
0.2901979
0.2873371
0.2876218
0.299023
0.2919482
0.2888326
0.28674
0.2958695
0.3011645
0.2991734
0.3009738
0.2892036
0.2899323
0.2945228
0.29624
0.2908913
0.2876526
0.2903268
0.2935021
0.2971582
0.3008238
0.2874876
0.2885447
0.2915649
0.2963406
0.3021193
0.2922136
0.2940136
0.2919467
0.2892595
0.2932607
0.2897018
0.2872306
0.2888281
0.2901039
0.29352
0.2904134
0.2982597
0.2961727
0.2942108
0.2893695
0.2957762
0.2857766
0.2926243
0.2937728
0.2901476
0.2928456
0.2938613
0.2899629
0.2892472
0.2877534
0.2999099
0.2908568
0.295241
0.292133
0.2946872
0.291773
0.2962907
0.2899759
0.2931514
0.288255
0.2922424
0.2903197
0.2935977
0.289969
0.2989233
0.2964937
0.2963432
0.2883261
0.2899664
0.2890241
0.290544
0.2917744
0.2971002
0.2928107
0.2975563
0.2918556
0.2933196
0.2938258
0.2942891
0.290299
0.2919917
0.293952
0.2927614
0.2935404
0.291695
0.2946532
0.2926268
0.2969355
0.2867162
0.2947639
0.295319
0.2904765
0.292678
0.2886109
0.2943699
0.2962054
0.2899023
0.2933118
0.2958939
0.2932573
0.290529
0.2908021
0.2928717
0.2919112
0.2935492
0.2961135
0.2929701
0.2949912
0.290548
0.297066
0.2908172
0.2927221
0.2897419
0.2875824
0.2906022
0.2928735
0.2941467
0.2882916
0.292944
0.2915156
0.2988678
0.3027414
0.2924098
0.2929127
0.287308
0.2895374
0.2868401
0.2909271
0.2887321
0.2897401
0.2925896
0.2842335
0.2905989
0.2920328
0.2962926
0.2913778
0.3002572
0.296002
0.2899361
0.2862658
0.2968234
0.2929029
0.2896598
0.2904696
0.2910994
0.2926389
0.2911206
0.2951947
0.2968828
0.2886011
0.2925698
0.2930255
0.2940255
0.2922426
0.293811
0.2905459
0.2905583
0.2957496
0.2854273
0.2930061
0.2897567
0.2862846
0.2872751
0.2933654
0.2891159
0.2987261
0.2858787
0.2847572
0.2876623
0.2942684
0.2973538
0.2829198
0.2883651
0.2917899
0.2899855
0.2937304
0.2892776
0.2962184
0.2938978
0.2974546
0.2925022
0.2898679
0.292497
0.2914425
0.2836162
0.2884048
0.2922098
0.2831024
0.2916269
0.2952119
0.2949151
0.2961492
0.2909963
0.2942636
0.2931071
0.2869824
0.2909917
0.2924882
0.294714
0.289502
0.2978976
0.2909016
0.2921372
0.2831719
0.2941214
0.2956594
0.2979546
0.291951
0.2928211
0.2922169
0.2914193
0.2943826
0.292159
0.2872965
0.2874884
0.2939131
0.2910386
0.291175
0.2941142
0.2866996
0.2930693
0.2872098
0.2966303
0.2994767
0.2917386
0.2983852
0.2909055
0.2910075
0.2901185
0.2877219
0.2883024
0.2907364
0.2953264
0.2913933
0.2937468
0.2920151
0.2932203
0.2941515
0.2941073
0.2901006
0.295189
0.2874094
0.2913678
0.2910081
0.2891798
0.293512
0.2948669
0.290649
0.2931858
0.2893495
0.291642
0.2893462
0.2909731
0.29388
0.2877578
0.2914073
0.2889278
0.2888368
0.2913336
0.2870427
0.2832278
0.2888586
0.2945704
0.2915117
0.2897416
0.2908157
0.2970544
0.2867775
0.2893132
0.2932011
0.3010279
0.2935625
0.2932149
0.2884703
0.2964648
0.298057
0.2863182
0.2934249
0.290414
0.2921835
0.2863259
0.2939669
0.2881475
0.2912095
0.2905448
0.2896523
0.2937799
0.2887236
0.2948462
0.2928267
0.2910383
0.2910751
0.2894974
0.2909177
0.2893787
0.2924935
0.290789
0.2960625
0.293642
0.2964181
0.2873941
0.2911941
0.2845992
0.2857983
0.286161
0.2914843
0.2972066
0.2909254
0.2947398
0.2926554
0.2944061
0.2915035
0.2926518
0.2864695
0.2928248
0.292231
0.2906812
0.2874701
0.297217
0.2902576
0.291649
0.2910373
0.2914153
0.2945719
0.2962246
0.2923473
0.2917392
0.2958999
0.2927365
0.2928801
0.2908698
0.2941873
0.2941961
0.289875
0.2909945
0.2936334
0.2899353
0.2929489
0.2846844
0.2907953
0.2929362
0.2917267
0.2951705
0.2919276
0.2865016
0.2867573
0.2875479
0.2931089
0.2963357
0.2883631
0.2933327
0.2911708
0.290591
0.2938014
0.2884114
0.2880537
0.2933905
0.2996324
0.291611
0.2903196
0.2895215
0.2941478
0.2918472
0.2920211
0.2921701
0.2916613
0.287138
0.288071
0.2922603
0.2982078
0.2878459
0.2910411
0.2970589
0.2950764
0.28962
0.2876695
0.2900666
0.2951387
0.2809273
0.291321
0.2929029
0.2971916
0.2900692
0.2985171
0.2879275
0.2877119
0.2992928
0.290564
0.2855709
0.2961844
0.2856605
0.2853121
0.2999816
0.2931053
0.2897847
0.2915163
0.2953789
0.284468
0.2923432
0.2897386
0.2883
0.2901945
0.2924411
0.2916831
0.2921489
0.2940462
0.2949568
0.2890171
0.2896771
0.2918552
0.2890229
0.2859734
0.2902422
0.2863668
0.2891673
0.2912947
0.2965225
0.2857065
0.2898968
0.2914524
0.2883501
0.2945091
0.2866916
0.2939932
0.2912775
0.2892898
0.2881435
0.2961441
0.2918878
0.290688
0.2854114
0.2935622
0.2988041
0.2903245
0.2922536
0.289396
0.2915373
0.2934463
0.2872104
0.2954249
0.2850938
0.2963257
0.2973502
0.2962704
0.2910618
0.293324
0.2936551
0.2966663
0.3022001
0.2908941
0.2928536
0.2954179
0.2933959
0.2894537
0.2918146
0.2936951
0.2953233
0.2957186
0.2935437
0.2885127
0.2899406
0.2987739
0.2825906
0.2884679
0.2941421
0.3015737
0.2881049
0.2947249
0.2988286
0.2897867
0.2845375
0.2879125
0.2879255
0.2934402
0.292369
0.2912438
0.2903322
0.2870495
0.2914358
0.2899845
0.2962126
0.2901416
0.293318
0.2886332
0.2958307
0.2942048
0.2907136
0.2929357
0.2941584
0.290355
0.2944318
0.2945789
0.2866678
0.2895405
0.2855229
0.2900002
0.2919423
0.2998131
0.2940088
0.2913982
0.2933395
0.2876957
0.295212
0.2877111
0.2934117
0.2895801
0.2907432
0.2892798
0.2922025
0.2919378
0.2925276
0.2971119
0.2926075
0.2883771
0.2884353
0.2916646
0.2926098
0.2931092
0.2929347
0.2909813
0.2921746
0.2938102
0.2951471
0.3024093
0.2900525
0.2907126
0.294602
0.293592
0.2918757
0.290486
0.2940384
0.2943741
0.2915008
0.2891748
0.2962585
0.2936652
0.2932821
0.2956296
0.2954676
0.2945068
0.2956922
0.2949544
0.2886379
0.2885113
0.2939992
0.2906603
0.2971073
0.2887888
0.2945788
0.2949773
0.2927647
0.2847162
0.2949514
0.2898356
0.2950123
0.2929376
0.2896543
0.2965766
0.2934599
0.2909694
0.2879889
0.2937737
0.2896421
0.2952691
0.2940524
0.2893994
0.2939451
0.296515
0.2898883
0.2940125
0.2922139
0.286735
0.2945632
0.2949702
0.2871206
0.2927535
0.2912569
0.2937542
0.295447
0.2958153
0.2891393
0.2957891
0.2980894
0.2850178
0.2873953
0.2858245
0.2908478
0.2895656
0.2915
0.2915224
0.2963221
0.2901003
0.2943182
0.2899314
0.2928638
0.2911261
0.2930143
0.2901409
0.2872791
0.289424
0.2919521
0.2915656
0.2895496
0.293955
0.2928725
0.2940259
0.2862698
0.2905545
0.2886839
0.2952511
0.2916986
0.2919809
0.2933805
0.2848415
0.300225
0.293533
0.2983922
0.2881782
0.2898856
0.2981119
0.2911359
0.2928286
0.2980079
0.287534
0.2895316
0.2929465
0.2894196
0.2910299
0.2926017
0.2944949
0.295249
0.2951022
0.290703
0.2951242
0.2896226
0.2932492
0.2927481
0.2963205
0.2883185
0.2880683
0.2853336
0.2926125
0.2916012
0.2951503
0.2882237
0.2949045
0.2965605
0.2907768
0.2929046
0.285953
0.2954644
0.2899509
0.293934
0.2831532
0.2930698
0.294247
0.2920054
0.2872227
0.2878136
0.2942819
0.2924259
0.2993536
0.2884944
0.2901963
0.2915009
0.2857021
0.2869922
0.2952503
0.2914162
0.2942606
0.2895488
0.2891752
0.2945633
0.2918818
0.2916272
0.2894112
0.2908397
0.2866655
0.296827
0.2852351
0.2859948
0.2941304
0.2841846
0.2979325
0.2925356
0.2942619
0.2941919
0.2897226
0.2886368
0.2902523
0.2885904
0.2880201
0.2943334
0.289268
0.2930818
0.2955974
0.2894847
0.2927094
0.2948968
0.2924056
0.2945568
0.2923547
0.2898692
0.289691
0.288403
0.2911932
0.2975997
0.2894252
0.2890806
0.2941564
0.2955914
0.2930178
0.2863565
0.2864644
0.2911372
0.2899561
0.2917082
0.2937772
0.2939374
0.2960451
0.2901787
0.2969078
0.2939734
0.290501
0.295507
0.288476
0.2951355
0.2942567
0.2965147
0.3004823
0.2897499
0.2881656
0.2886136
0.2887145
0.2952304
0.2908898
0.2874101
0.2933642
0.2930827
0.2929274
0.2963414
0.2925106
0.2917396
0.2919747
0.2911915
0.2926671
0.2889922
0.289625
0.2945009
0.2931369
0.2922916
0.2924772
0.2936066
0.2895391
0.2927896
0.297812
0.2966823
0.2888609
0.2985555
0.2946711
0.2864242
0.2949215
0.2953253
0.3013384
0.2893793
0.2879916
0.2884081
0.2921108
0.2931602
0.2897315
0.2864596
0.2950103
0.2940334
0.291155
0.2896924
0.2891819
0.2892174
0.2949947
0.2903378
0.2907532
0.2895764
0.295934
0.2897601
0.2911936
0.2908935
0.2941015
0.2907938
0.2862791
0.2925403
0.28448
0.2888559
0.2921737
0.2980422
0.2922318
0.2928864
0.2921412
0.2950601
0.2890123
0.2877763
0.2961975
0.2922424
0.2886297
0.2986379
0.2919516
0.2991387
0.2934185
0.2934902
0.2868574
0.2935284
0.2974357
0.296774
0.2870494
0.2898271
0.2910319
0.2945652
0.2958428
0.2908893
0.2963205
0.2908235
0.28434
0.2847511
0.2919161
0.2901238
0.2919028
0.293527
0.2915785
0.2928696
0.2914302
0.2923842
0.2930644
0.2946954
0.2936766
0.289948
0.2957178
0.2912729
0.2914243
0.2900273
0.289538
0.2877144
0.2888929
0.2935748
0.2932357
0.2902549
0.291627
0.287003
0.2936056
0.2898481
0.292874
0.2994454
0.298131
0.2935329
0.2861978
0.2916049
0.2908733
0.2890439
0.2986095
0.2944863
0.2891819
0.2955533
0.2911233
0.2891436
0.2992636
0.2907485
0.2912315
0.2960329
0.2967229
0.289937
0.2900964
0.290919
0.2954864
0.2971263
0.282326
0.2861958
0.2981043
0.28977
0.2934061
0.2878685
0.2899798
0.2893354
0.2902067
0.2897608
0.2897668
0.2876932
0.2929568
0.2922186
0.2872642
0.2892507
0.2963287
0.2920058
0.2931488
0.2989909
0.2958502
0.2947245
0.2892426
0.2874705
0.2951191
0.2915154
0.288681
0.3031388
0.2861884
0.2925443
0.2905059
0.2872963
0.2943324
0.2936223
0.2924078
0.2938574
0.2969653
0.2954967
0.291535
0.2954731
0.2936859
0.2884242
0.2892046
0.2867132
0.2904562
0.2902319
0.2958191
0.2952306
0.2942566
0.2907021
0.2893116
0.2881027
0.2906157
0.2974798
0.2925615
0.288769
0.2928401
0.2957113
0.2942485
0.2969858
0.2926179
0.2941175
0.2845631
0.2877443
0.2876302
0.2963059
0.2970922
0.292454
0.2917541
0.2880438
0.2881092
0.2931801
0.2892269
0.2911549
0.2844344
0.2940386
0.292757
0.290519
0.2939982
0.2918506
0.2898789
0.2946731
0.2958624
0.2887626
0.2965456
0.2903157
0.2938127
0.2949019
0.2866028
0.2898856
0.2978557
0.2970304
0.2975242
0.2889695
0.2915063
0.2917593
0.291311
0.2954507
0.2966768
0.2944502
0.2939424
0.2940667
0.2900777
0.2929181
0.2913702
0.293439
0.2922129
0.288128
0.2950469
0.2905167
0.2942466
0.2967206
0.2894525
0.2912545
0.2910311
0.2920017
0.2907267
0.2941827
0.2918794
0.2955469
0.2895332
0.2910572
0.2886033
0.2868987
0.2923128
0.2937886
0.2994366
0.2930278
0.2909693
0.2921837
0.2874383
0.2933417
0.2975152
0.2993178
0.2943873
0.2976306
0.2970159
0.2913363
0.2902072
0.2893399
0.2896596
0.2948885
0.2914587
0.2904808
0.2908979
0.2932979
0.2922837
0.2930104
0.2898246
0.2924802
0.292195
0.3002487
0.2852508
0.2968509
0.2863165
0.2918962
0.2975671
0.2924845
0.2892891
0.2939976
0.2965064
0.288759
0.2928162
0.2927443
0.2948512
0.2902155
0.295719
0.2904048
0.2921816
0.2943805
0.2872193
0.2901956
0.2946907
0.2862332
0.2891367
0.2886866
0.2958087
0.2916983
0.2905408
0.2936459
0.2964361
0.2942183
0.2911103
0.2885115
0.2944697
0.2945778
0.2921076
0.2932672
0.2916189
0.2894483
0.2925411
0.2965555
0.2956502
0.2859678
0.2886779
0.300194
0.297317
0.2908694
0.295214
0.296418
0.2896655
0.2876168
0.2880914
0.2942963
0.2942721
0.2908498
0.2953238
0.2889971
0.2911791
0.2916371
0.2873937
0.2951789
0.2956876
0.2920983
0.2890392
0.2927602
0.2852689
0.2933607
0.2908268
0.2939086
0.2853635
0.2965426
0.2869961
0.2943666
0.2918966
0.2922465
0.2922158
0.289953
0.2885447
0.2922883
0.2910294
0.302285
0.2978381
0.2939515
0.2949101
0.2899472
0.2936773
0.2895845
0.2857105
0.2922459
0.2927193
0.2874791
0.2958127
0.2947684
0.2934485
0.2890109
0.2942878
0.2906466
0.2933942
0.2972856
0.2923298
0.2910457
0.2926564
0.2901094
0.289751
0.3019637
0.2922802
0.2964904
0.2907671
0.2896103
0.2922076
0.2923069
0.2912328
0.2911351
0.2960284
0.2904419
0.2905514
0.2986583
0.2954949
0.28928
0.2896035
0.2956145
0.2834707
0.2895184
0.2886247
0.2934965
0.2960808
0.2867819
0.2909487
0.2878336
0.2962905
0.2922615
0.2882808
0.2878785
0.2895183
0.2878876
0.293213
0.2866639
0.2947597
0.2922811
0.2956459
0.2895865
0.294204
0.2942267
0.3007957
0.292493
0.3006829
0.2921749
0.2915052
0.3002495
0.293953
0.2971954
0.2888335
0.2988574
0.2894954
0.2892668
0.2914068
0.2926533
0.2880452
0.2957786
0.2910859
0.2921308
0.2890819
0.2914978
0.291777
0.2947796
0.297632
0.2864167
0.2921527
0.2983317
0.2872283
0.2930977
0.2946962
0.2910198
0.2949556
0.2954091
0.295719
0.2975057
0.2851685
0.2953575
0.295118
0.2905686
0.293107
0.2942852
0.2880248
0.2924703
0.2919581
0.2986295
0.2940618
0.2859463
0.2844241
0.2898892
0.29227
0.2900542
0.293493
0.294313
0.2987999
0.2850305
0.2906556
0.2928501
0.2986526
0.2875689
0.2942061
0.2881695
0.2863228
0.2934156
0.2934618
0.2925525
0.2936508
0.2890665
0.2928905
0.2935391
0.2944704
0.2870866
0.2910276
0.294323
0.291649
0.2903105
0.2915744
0.2952977
0.2892684
0.2955536
0.289635
0.2923932
0.2919465
0.2889996
0.2870848
0.2890966
0.2942732
0.2959479
0.294799
0.3013869
0.2921353
0.2940981
0.2971721
0.2862938
0.2954171
0.2958146
0.2970459
0.2908814
0.2926645
0.2897494
0.2920192
0.2871381
0.2970923
0.2890315
0.2923662
0.2973389
0.2995068
0.2887215
0.2876698
0.2977411
0.2922362
0.2856976
0.2950657
0.287999
0.2987891
0.2956002
0.2960227
0.287982
0.2945576
0.2931179
0.2958636
0.2918404
0.2954623
0.2879836
0.2995064
0.2867632
0.2889646
0.2889859
0.2894938
0.2876654
0.2908489
0.2959094
0.2910469
0.2934276
0.2875806
0.2915854
0.2894113
0.290057
0.2944048
0.2945767
0.2876377
0.2893507
0.289756
0.2888071
0.2926474
0.2972701
0.297027
0.2851947
0.2878307
0.290776
0.2898221
0.291998
0.2938488
0.2861693
0.2867509
0.2895424
0.2896305
0.2943159
0.2941347
0.2949047
0.2842558
0.2904661
0.2885372
0.2943292
0.2910585
0.2891392
0.2973953
0.2945374
0.2912816
0.2883435
0.2902406
0.2955867
0.2853538
0.2982309
0.2889422
0.2925557
0.2874092
0.2885545
0.2983379
0.2964027
0.2964708
0.2868287
0.2916886
0.2913498
0.2864879
0.2922282
0.2889788
0.2947079
0.2893162
0.2887669
0.2952244
0.284916
0.2990741
0.2915814
0.2867218
0.292684
0.2902823
0.2973865
0.2882819
0.281997
0.2889486
0.2925136
0.2903602
0.2942926
0.2819412
0.2881949
0.2950274
0.2925921
0.2997028
0.2944944
0.2849361
0.2963734
0.2941645
0.2879211
0.2899323
0.2881687
0.2925326
0.2969981
0.292802
0.2880903
0.2939882
0.2933068
0.2924704
0.2874094
0.2870667
0.2902434
0.2913861
0.2975771
0.3015185
0.2932334
0.290676
0.2959016
0.2859987
0.2900293
0.2931203
0.2901047
0.290876
0.2919652
0.2978188
0.2914529
0.2929107
0.290629
0.2908332
0.292929
0.3002423
0.2935472
0.2954278
0.2952911
0.2903041
0.2931969
0.2941627
0.2876084
0.2944559
0.2918258
0.2955732
0.2896844
0.2968819
0.2936725
0.2960579
0.2927673
0.2941421
0.2948603
0.2908716
0.294348
0.2944845
0.2952032
0.2895016
0.2899892
0.2920731
0.2923887
0.2924532
0.2989516
0.2926751
0.2874576
0.2907269
0.2958952
0.294168
0.2927492
0.2944671
0.2902431
0.2920348
0.2944307
0.2949971
0.2827968
0.2826684
0.2915373
0.2955855
0.2883109
0.2861108
0.2924846
0.2937823
0.2964356
0.2902501
0.2873521
0.2937204
0.2989199
0.2975165
0.2933838
0.2903978
0.2918368
0.2953387
0.2999376
0.2952025
0.2900148
0.2905536
0.2910341
0.2901362
0.3006349
0.2879106
0.2891739
0.3002543
0.2972684
0.2845234
0.2969345
0.2907005
0.2953618
0.292141
0.287037
0.2940231
0.2966921
0.2983668
0.2915538
0.2899035
0.2840143
0.2947363
0.2876423
0.2955326
0.2962292
0.2928925
0.2934946
0.2977067
0.2904693
0.2910413
0.2937149
0.2920237
0.2840047
0.29163
0.2896011
0.2910929
0.2890471
0.2882505
0.295728
0.2951026
0.2929192
0.2920483
0.29156
0.2909582
0.2927031
0.2941172
0.2966118
0.2975499
0.2842128
0.2906735
0.2972417
0.2938323
0.2897848
0.2887661
0.2943783
0.2885117
0.2905086
0.2894505
0.2878533
0.2894984
0.2919077
0.2903194
0.2925463
0.2944238
0.2932256
0.290659
0.2880641
0.2966073
0.299714
0.2948556
0.295943
0.2965175
0.2932185
0.2913024
0.2897565
0.2872273
0.2912103
0.2915294
0.2866168
0.2911165
0.2873432
0.2902794
0.2935245
0.2949817
0.2881946
0.2904604
0.2937738
0.2939709
0.2921955
0.2914103
0.2891306
0.2932196
0.2900047
0.2939751
0.2929801
0.2928533
0.2973552
0.2915196
0.2910179
0.2868825
0.2918321
0.2909233
0.2918271
0.2957447
0.2908927
0.288068
0.2955601
0.2964585
0.2953573
0.296143
0.295508
0.2882207
0.2907054
0.2863535
0.297443
0.2899429
0.2871825
0.2950734
0.2956594
0.2881472
0.2931872
0.2933164
0.2920302
0.2927149
0.2920219
0.2934195
0.29191
0.2946846
0.289342
0.2933898
0.2940936
0.2972414
0.2923385
0.2868675
0.2989404
0.2954381
0.2972162
0.2840983
0.2864093
0.2890419
0.293365
0.2931165
0.2894401
0.2905183
0.2892195
0.2861135
0.2896131
0.2976626
0.288729
0.2933558
0.2880022
0.286988
0.294793
0.297307
0.2981871
0.2930368
0.2881309
0.2925154
0.2870626
0.2841751
0.2973692
0.2949107
0.2939891
0.2910179
0.2986379
0.2931198
0.2909808
0.2935377
0.2899631
0.2927769
0.2955837
0.2898721
0.2863047
0.2940153
0.2869488
0.2882029
0.2861782
0.2962952
0.2903791
0.2861364
0.2902074
0.2895928
0.2976232
0.2889694
0.2918885
0.2927537
0.2879769
0.2897004
0.2874187
0.290681
0.291283
0.2855805
0.2934835
0.2893432
0.2902431
0.283901
0.2923721
0.2917578
0.2946218
0.298208
0.2985633
0.2925771
0.288199
0.2947334
0.2911792
0.2881324
0.2931765
0.2897743
0.2893643
0.288394
0.2959206
0.2919438
0.2897919
0.2918927
0.2970145
0.2963212
0.2929512
0.2906444
0.29035
0.2958449
0.2928979
0.2949069
0.2903675
0.2892128
0.2956737
0.2903548
0.2966696
0.2963574
0.2911913
0.2885619
0.2916464
0.285411
0.2889566
0.2887909
0.2890687
0.2967618
0.2924846
0.298901
0.2975759
0.2959873
0.2891165
0.2978563
0.2990391
0.2928811
0.2894617
0.2986321
0.2936898
0.2930238
0.2944172
0.2908038
0.2952265
0.2954468
0.2948388
0.2963588
0.2872383
0.2940068
0.2957267
0.2917974
0.289893
0.2929017
0.2932806
0.3014594
0.28841
0.2855497
0.2935868
0.2904081
0.2905885
0.2862144
0.2995061
0.2911573
0.2935528
0.2877318
0.2883685
0.2871109
0.2877552
0.288206
0.2926676
0.2930051
0.2943605
0.2850751
0.2977653
0.2885321
0.293423
0.2930316
0.2955583
0.2902203
0.2923098
0.30168
0.2908655
0.2905319
0.287305
0.2928688
0.2933017
0.2861586
0.2913958
0.2921815
0.2816529
0.2945247
0.2970518
0.2867088
0.2931756
0.2891263
0.2944217
0.2874369
0.2921403
0.2905209
0.2935152
0.2949823
0.2851024
0.2957341
0.2925711
0.2873559
0.2898272
0.2949327
0.2942882
0.2916231
0.2942138
0.2958346
0.2957182
0.2956231
0.2843766
0.2907102
0.2940874
0.294669
0.292474
0.2915679
0.2946919
0.2895238
0.2949715
0.2859179
0.2936507
0.2869579
0.2900018
0.2928497
0.2927514
0.2860799
0.2904086
0.2959179
0.2881979
0.291684
0.2905159
0.2910638
0.2946798
0.288197
0.2898968
0.2904642
0.2931906
0.2906792
0.2955588
0.2989639
0.2924664
0.299345
0.2936798
0.2893846
0.2865821
0.2986927
0.2890886
0.2887439
0.2954967
0.2954891
0.2859175
0.2945489
0.2925815
0.2897752
0.2900378
0.2928582
0.2939448
0.2896323
0.2912686
0.2935486
0.2929928
0.2883877
0.2973636
0.2926027
0.2862872
0.2903794
0.2870581
0.2912576
0.2906515
0.2891156
0.2894868
0.2901849
0.2878279
0.2934472
0.2977921
0.2969876
0.2949729
0.2864906
0.291536
0.2976941
0.2925198
0.2917797
0.2921401
0.2937013
0.2939508
0.2943798
0.2972241
0.2895731
0.2946165
0.2876232
0.3015643
0.2964893
0.2910445
0.2951838
0.2839795
0.2895674
0.282836
0.291667
0.2981806
0.2864246
0.2899607
0.2849399
0.2932884
0.2942276
0.2952842
0.2940465
0.2954209
0.2930077
0.2928955
0.2940294
0.2845017
0.2913563
0.2917545
0.2885433
0.2936711
0.2932648
0.2884887
0.2913566
0.2990328
0.2913043
0.2924364
0.2935823
0.3006212
0.2922261
0.2890426
0.2925325
0.2861987
0.2907569
0.2997638
0.2872982
0.2841437
0.291874
0.2884583
0.2937923
0.2959647
0.2871816
0.2921456
0.2978041
0.3006363
0.2928723
0.2937636
0.2948487
0.2859599
0.2938987
0.2868171
0.2943151
0.2953574
0.2878651
0.295373
0.2886559
0.293788
0.2913432
0.2873557
0.2865675
0.2900143
0.2930915
0.2937068
0.2874649
0.2921947
0.2887281
0.2919141
0.2936225
0.2921895
0.2907882
0.2916467
0.2886131
0.2935189
0.2978963
0.2910747
0.2941939
0.293234
0.2956323
0.2896109
0.2950462
0.292893
0.2933192
0.2939517
0.2894299
0.2882757
0.2921629
0.2881355
0.3004087
0.2925197
0.2932722
0.2926841
0.288806
0.2903014
0.2922631
0.2931884
0.2931716
0.2826768
0.2882428
0.2889274
0.2936065
0.2944774
0.2847937
0.2913518
0.2961694
0.2975747
0.2907413
0.2934567
0.2914893
0.2885228
0.2905831
0.2907548
0.2957215
0.3002106
0.2934266
0.2925576
0.281066
0.2967038
0.2922697
0.295175
0.2907048
0.295178
0.2826416
0.2922135
0.2992234
0.2909929
0.2889163
0.2910682
0.2941543
0.2932954
0.2906089
0.2914248
0.2940104
0.2984798
0.2965167
0.2908567
0.2965065
0.2899918
0.2923319
0.2895584
0.2864206
0.2904485
0.2839359
0.2894805
0.2950728
0.2914489
0.2886533
0.2947562
0.2850898
0.2882702
0.2948371
0.2949907
0.2928177
0.2924439
0.2924579
0.2926763
0.2942458
0.2968708
0.29473
0.2919476
0.2910049
0.2866913
0.2919297
0.2970418
0.2961972
0.2926847
0.2920517
0.2957219
0.2862873
0.2938133
0.2955561
0.2852226
0.2956994
0.2838899
0.293491
0.2899271
0.2938772
0.2900282
0.2892362
0.2929521
0.2905566
0.2936845
0.2911819
0.2896604
0.285201
0.2882346
0.295878
0.2821034
0.3000741
0.2917633
0.2902988
0.2957334
0.2892736
0.2979383
0.2887557
0.2894083
0.2922176
0.2887149
0.2915007
0.2930419
0.2893044
0.2900923
0.2928215
0.2967474
0.2902462
0.2856079
0.2878407
0.2911677
0.2927254
0.2886538
0.2956346
0.2878043
0.2881193
0.2956494
0.2933073
0.2916703
0.2959468
0.2930264
0.2900288
0.291433
0.2919245
0.2953097
0.2915357
0.290033
0.288195
0.2967616
0.2837885
0.2921172
0.2842699
0.2885664
0.2881084
0.2935135
0.28674
0.2941897
0.2937205
0.2894681
0.2953318
0.292508
0.2897487
0.2907158
0.2885048
0.2912693
0.2944211
0.2945764
0.2875095
0.2875951
0.2944759
0.2902108
0.2920778
0.2948355
0.2988358
0.2965494
0.2845905
0.2904055
0.287047
0.2906753
0.2885428
0.2909271
0.2859519
0.2938669
0.2928835
0.2912002
0.2931876
0.2986082
0.2976083
0.2933056
0.2916227
0.2859215
0.2858663
0.2938906
0.2916912
0.29386
0.2919063
0.2879527
0.2918512
0.2869779
0.2918912
0.300895
0.2973284
0.2942748
0.294385
0.2907597
0.2851212
0.2906723
0.2943339
0.2976613
0.2938128
0.2924817
0.2895804
0.2943722
0.2931924
0.2954136
0.2859198
0.2852319
0.2890191
0.2932854
0.2892858
0.2937064
0.2932579
0.2956593
0.2888239
0.2926023
0.2932761
0.2865075
0.2926483
0.291892
0.2901902
0.292566
0.2927317
0.2929638
0.2894169
0.2947677
0.2941498
0.2909242
0.2897643
0.2926631
0.2929169
0.2949243
0.294805
0.2829322
0.2875281
0.2966616
0.2980819
0.2917771
0.2870004
0.297299
0.291086
0.2930413
0.2956235
0.2916545
0.290782
0.2955938
0.2937764
0.2973083
0.2930655
0.2937287
0.2918016
0.2941438
0.290272
0.2945529
0.2946122
0.2957088
0.2836213
0.2972396
0.2887344
0.2877882
0.2919636
0.2942838
0.2929101
0.2903543
0.2907078
0.2953968
0.2907784
0.2945534
0.2871843
0.2872423
0.2941673
0.2907335
0.2941493
0.2927426
0.2929002
0.2959623
0.2899626
0.2994142
0.2952277
0.2922363
0.29343
0.2974126
0.2968999
0.2974358
0.2961361
0.2919682
0.2940107
0.2911915
0.2896643
0.2977863
0.2948551
0.2952708
0.2953319
0.2985798
0.2916337
0.2912873
0.2891388
0.288676
0.2934844
0.2910437
0.2951553
0.2987038
0.2931974
0.2855462
0.2939699
0.2888366
0.2919429
0.2918751
0.2989885
0.2980912
0.2962909
0.2917196
0.290054
0.2878695
0.2883547
0.284786
0.2886594
0.2896856
0.2899598
0.2884444
0.2980426
0.28836
0.2916396
0.2918989
0.2922305
0.2952343
0.2914725
0.2912547
0.2969665
0.2844217
0.2848501
0.289586
0.2896733
0.2945966
0.2865433
0.2928297
0.2881826
0.2969817
0.2955757
0.2911596
0.2895158
0.291636
0.2888516
0.2911587
0.2956311
0.29758
0.2866481
0.2921959
0.2939309
0.2910486
0.286813
0.295533
0.2906742
0.2979549
0.2966704
0.2926342
0.2935522
0.3000582
0.2957617
0.2902362
0.2986469
0.3038995
0.2946177
0.2990902
0.2928167
0.2873812
0.2906852
0.2893072
0.297091
0.2929665
0.2887284
0.2893989
0.2928471
0.2899609
0.2909649
0.2929872
0.2900299
0.2935287
0.2893507
0.2972272
0.2913365
0.2922559
0.3000051
0.2907786
0.2898778
0.2886405
0.2887479
0.3008494
0.2940662
0.2910699
0.2907514
0.2931913
0.2877233
0.2921009
0.2889194
0.2865514
0.294102
0.2907981
0.2960724
0.294885
0.2867437
0.2892699
0.2902731
0.2915722
0.2940053
0.2868373
0.2927024
0.298241
0.2900279
0.2900154
0.2926475
0.287013
0.2883661
0.2897299
0.2893134
0.2931862
0.2914251
0.2910918
0.2893904
0.2951026
0.2861703
0.2901063
0.2844344
0.2918099
0.2895929
0.2843258
0.292409
0.294527
0.2884792
0.2891371
0.2922965
0.2913639
0.2917709
0.295729
0.2958181
0.2873416
0.2821218
0.2879988
0.2952049
0.2905129
0.2950191
0.2881789
0.2920522
0.2941085
0.2939938
0.2871344
0.3006359
0.2920245
0.2881074
0.2943026
0.2864557
0.2917632
0.2938979
0.2932789
0.2926149
0.28503
0.288788
0.2917828
0.2931329
0.295595
0.2928966
0.2908395
0.288619
0.2910553
0.2918044
0.2942615
0.29108
0.292504
0.2901297
0.2889416
0.2899067
0.2969852
0.2900867
0.2920632
0.2933853
0.2955559
0.2910053
0.2948592
0.2892312
0.2909196
0.290157
0.2953703
0.2898165
0.288247
0.2931971
0.2928757
0.2941251
0.2938659
0.2900832
0.2907946
0.2913831
0.2872993
0.2946265
0.2947878
0.2974562
0.29451
0.2930704
0.2891068
0.2882143
0.2904385
0.2978608
0.2873258
0.2895689
0.2890689
0.2953073
0.2905992
0.293669
0.2985859
0.2917955
0.293607
0.2908227
0.2887983
0.2908359
0.2898865
0.2909978
0.2927513
0.2870988
0.2947836
0.294427
0.2972636
0.2877643
0.2942671
0.2872428
0.2933191
0.2924583
0.2908847
0.2906489
0.2887395
0.2868325
0.288782
0.2913204
0.2944707
0.297155
0.2926988
0.2884179
0.2926645
0.3004338
0.29065
0.2906553
0.2914244
0.2909592
0.2909514
0.287888
0.3054605
0.2928484
0.2893953
0.2899
0.2922514
0.2962575
0.2958326
0.2882192
0.2955099
0.2948226
0.2984225
0.2860679
0.2904592
0.2912078
0.2917984
0.2933754
0.2866916
0.2916274
0.2971349
0.302247
0.2866612
0.2916587
0.2916531
0.2896954
0.296261
0.2966307
0.2894118
0.2937461
0.2890805
0.2915821
0.2857969
0.2871196
0.3002373
0.2916
0.2907384
0.2818797
0.2944375
0.296027
0.2982985
0.2856573
0.2987399
0.2914412
0.2955438
0.2951885
0.2885928
0.293359
0.2931106
0.2924398
0.2912472
0.2926005
0.2880338
0.2870045
0.2963501
0.2913801
0.2952677
0.2905894
0.2906747
0.29769
0.298874
0.2926468
0.2939583
0.2883236
0.2906561
0.2907896
0.2912403
0.2923504
0.291814
0.2916863
0.292172
0.2961366
0.2923508
0.297771
0.2934993
0.2904425
0.2902786
0.2942381
0.2919599
0.3000486
0.2971354
0.295064
0.2928861
0.2991163
0.2921852
0.2992289
0.2954805
0.2981956
0.294098
0.2857472
0.289719
0.2895511
0.2967817
0.2905199
0.2874367
0.2963694
0.2857578
0.2970382
0.2875828
0.2890323
0.2882802
0.2893851
0.2961161
0.2936734
0.2900252
0.297765
0.2952643
0.2895706
0.2904846
0.2909377
0.2970133
0.2953968
0.2913527
0.293124
0.2921271
0.2915406
0.2886046
0.2940608
0.2892822
0.2854768
0.2871361
0.2878207
0.294912
0.2975868
0.2922635
0.2877869
0.2922171
0.2914984
0.2845292
0.2955442
0.2940157
0.2954558
0.2927437
0.2936039
0.2942453
0.2910425
0.2929483
0.2874558
0.2841392
0.3011031
0.2881261
0.2913878
0.2917865
0.2944415
0.2967518
0.2959257
0.2989638
0.2867818
0.2934298
0.2918608
0.2890907
0.3001612
0.2900139
0.2889331
0.2923296
0.2961699
0.2898893
0.2966956
0.2910976
0.29136
0.2889999
0.2958371
0.2965741
0.2950525
0.290665
0.2859702
0.2945146
0.2915447
0.2917979
0.2943817
0.2921325
0.2913432
0.2881031
0.2958946
0.2907786
0.284824
0.2932066
0.2910857
0.2889912
0.2878015
0.2923137
0.2937847
0.2933719
0.3028043
0.2910002
0.2939483
0.295385
0.2889472
0.2946181
0.2942184
0.2930084
0.2926142
0.2885244
0.2917237
0.2891932
0.2919603
0.2873405
0.2926117
0.2855253
0.2973982
0.2909333
0.2995548
0.2981654
0.2958711
0.2941698
0.2922575
0.2786298
0.2936676
0.28983
0.2879354
0.2944412
0.2887541
0.2884543
0.2898456
0.2976783
0.2903889
0.3030299
0.2904405
0.2908131
0.286608
0.2904448
0.2866501
0.292571
0.2876722
0.2918676
0.2914647
0.2924704
0.2888472
0.2936167
0.2879478
0.2898013
0.2886987
0.2917702
0.2957849
0.294486
0.2898959
0.2882125
0.2938707
0.2929714
0.2945255
0.2982617
0.2958516
0.2931076
0.2821621
0.2932166
0.2949743
0.2934033
0.2931458
0.287106
0.2991295
0.2890523
0.2878052
0.2952187
0.2903039
0.2945103
0.2921798
0.2924115
0.2869225
0.2921931
0.2917676
0.2880389
0.2940533
0.2982263
0.2885428
0.2874927
0.2899937
0.2933993
0.2942796
0.2990909
0.2882215
0.2916803
0.2934892
0.2887505
0.2914658
0.2932697
0.284643
0.290752
0.2954929
0.2928893
0.2933422
0.2953461
0.2974817
0.2933843
0.2918278
0.2902427
0.2884663
0.2902864
0.2913575
0.2980745
0.2932143
0.291306
0.2931622
0.2903723
0.29276
0.2950012
0.2878508
0.2903847
0.2926303
0.2926022
0.2929572
0.2972293
0.2892368
0.2934937
0.2981867
0.292763
0.2939945
0.288249
0.2951173
0.2816377
0.2901034
0.2959877
0.2874936
0.2897098
0.2933151
0.2927107
0.2922733
0.2897787
0.2896817
0.2921522
0.2868092
0.2975727
0.2918394
0.2913667
0.2978455
0.2937501
0.2920233
0.2957533
0.2914483
0.2947902
0.2914665
0.2941426
0.2966973
0.2977133
0.2890719
0.2886173
0.2926044
0.2966365
0.2951668
0.2929588
0.2856395
0.2916475
0.2930606
0.2892899
0.2930636
0.3006253
0.2916082
0.2971237
0.2931035
0.2939308
0.2939928
0.2915262
0.2938961
0.2862519
0.2872263
0.3013539
0.2873565
0.2988043
0.2910294
0.2920639
0.2863655
0.2910422
0.2959579
0.2885382
0.2896185
0.2879614
0.2924359
0.2900755
0.2933259
0.2903067
0.291347
0.2925598
0.2948702
0.300388
0.2949701
0.3017764
0.2878271
0.2974947
0.293157
0.2967295
0.2916863
0.2931175
0.2894946
0.2895889
0.2895906
0.2882063
0.2889698
0.2917361
0.2925878
0.2885197
0.2984742
0.28959
0.2959331
0.294513
0.2950945
0.2868529
0.2927407
0.290675
0.2956096
0.2922199
0.2943165
0.2943848
0.2898338
0.2925323
0.2908436
0.2921073
0.2947367
0.2918261
0.2934654
0.2978766
0.2930055
0.2926892
0.2886938
0.2918073
0.2943386
0.2848644
0.2894457
0.28865
0.2922888
0.2946008
0.2914573
0.2915262
0.2943584
0.2900392
0.2969854
0.2903033
0.2912374
0.2888208
0.2927776
0.295701
0.2943354
0.2913743
0.2870437
0.2936806
0.2885951
0.2893965
0.2915275
0.2908949
0.29323
0.2909318
0.286927
0.2959364
0.2911414
0.2905766
0.2912309
0.2928417
0.2979037
0.2874928
0.291981
0.2902403
0.2953801
0.2899184
0.2921096
0.2940474
0.3006074
0.2925334
0.295565
0.29092
0.2948429
0.298259
0.2959898
0.2872761
0.2919834
0.2873471
0.293015
0.2901873
0.2923331
0.293806
0.293146
0.2842785
0.2915498
0.2873544
0.2978712
0.2930967
0.2913396
0.2930577
0.2899462
0.2934537
0.2907631
0.2941581
0.2934375
0.2943433
0.2926392
0.2896349
0.2895645
0.2846919
0.2922485
0.2923168
0.2975391
0.2964186
0.2951227
0.2922142
0.2895325
0.2849552
0.2902013
0.2951278
0.2915234
0.2973767
0.3006973
0.2890473
0.2935279
0.2922975
0.2856084
0.2900451
0.2964966
0.297237
0.2931228
0.2905826
0.2958123
0.2922967
0.2840166
0.2896027
0.2888164
0.2912052
0.2885024
0.2949845
0.2933742
0.2929002
0.2919029
0.2862555
0.2935319
0.2901291
0.2932527
0.2912261
0.2946294
0.2942825
0.2940034
0.2953521
0.2968095
0.2973067
0.2907779
0.2891638
0.2976924
0.2936221
0.2892602
0.2880256
0.2907592
0.3010726
0.2952779
0.2886995
0.2901532
0.2941769
0.2901463
0.2903015
0.296542
0.2969571
0.2938462
0.2923818
0.2875331
0.2962145
0.2904706
0.2950902
0.2926555
0.2895974
0.2946585
0.2944409
0.2923354
0.2912122
0.2895595
0.2868674
0.2920541
0.2925595
0.2844363
0.2911324
0.2887362
0.2915754
0.2950576
0.2977681
0.2904603
0.2872579
0.286815
0.291562
0.2903294
0.2954862
0.2936134
0.2962803
0.2901014
0.2979246
0.2921565
0.2854517
0.2922682
0.2920688
0.2932837
0.2869507
0.296468
0.2957641
0.2915935
0.2900044
0.2913497
0.2853521
0.2992395
0.2942746
0.2882755
0.2892831
0.2905785
0.2943323
0.2904622
0.2879585
0.2859964
0.2967895
0.294908
0.2878363
0.2883939
0.2910085
0.2949904
0.2875372
0.2876512
0.2902536
0.2915112
0.289893
0.2971893
0.290859
0.2942141
0.2863
0.2881493
0.290617
0.2870261
0.2895366
0.2884435
0.2950102
0.2960983
0.291231
0.288502
0.2910133
0.2876206
0.2870179
0.2866916
0.2925973
0.292396
0.2930144
0.2883894
0.296239
0.2894546
0.29467
0.2916952
0.2931844
0.2901316
0.2916471
0.2932558
0.2911627
0.2881989
0.2960601
0.291809
0.2923626
0.2962818
0.2858865
0.2971825
0.2958722
0.295687
0.2915729
0.295319
0.2954643
0.2963732
0.2920965
0.2937312
0.2933216
0.2906387
0.2939252
0.2938007
0.2957257
0.2952308
0.289017
0.2895685
0.2913799
0.2898235
0.290831
0.2943934
0.2892799
0.2955913
0.2913665
0.2926615
0.292412
0.2866303
0.291228
0.2939897
0.2882874
0.2913625
0.2900639
0.2943135
0.2940056
0.291178
0.295293
0.29324
0.2875832
0.2948704
0.2949875
0.2930183
0.2935137
0.2943505
0.2919362
0.2895954
0.2925866
0.2955719
0.2912422
0.2885605
0.2900244
0.2934266
0.2896507
0.2997712
0.2930549
0.2981995
0.2926
0.2923739
0.2934698
0.2962244
0.2933768
0.2921021
0.2889656
0.2913302
0.2920924
0.2917371
0.2910618
0.2923932
0.2934649
0.3004139
0.2892893
0.295347
0.2950901
0.2912615
0.2915327
0.2879295
0.2914529
0.2943303
0.28523
0.2931043
0.2974636
0.2909463
0.2829767
0.2932299
0.288037
0.2900146
0.2923625
0.2915311
0.2855028
0.2890002
0.2877468
0.2872886
0.2938234
0.2901221
0.2920176
0.2923671
0.2922733
0.2918317
0.2998696
0.2911661
0.2924959
0.2918137
0.2881997
0.2948927
0.2889979
0.2911121
0.2855316
0.2970008
0.2920288
0.2930874
0.293207
0.2941211
0.2966435
0.2988363
0.29684
0.2931846
0.2976886
0.2878216
0.2958316
0.2943545
0.2907939
0.2900241
0.283734
0.2843883
0.2945101
0.2857126
0.2883591
0.2897918
0.2883669
0.2864908
0.2889911
0.2934457
0.2919876
0.2946383
0.2963805
0.2954036
0.2909524
0.2913201
0.2897592
0.2925711
0.2938443
0.2886231
0.2942976
0.2961356
0.2907763
0.2885886
0.2944611
0.2932032
0.2973703
0.2883831
0.2928296
0.2943762
0.2911355
0.2958204
0.290305
0.2936076
0.294639
0.2856718
0.2950551
0.2913826
0.293596
0.2910671
0.2940229
0.2930301
0.2940663
0.2899264
0.2891053
0.2940908
0.2845101
0.2863072
0.2907433
0.2921529
0.2906007
0.2912345
0.2926951
0.2846303
0.2880615
0.2874131
0.2974812
0.2928456
0.2930621
0.2985467
0.2940783
0.2926807
0.2920255
0.2910168
0.2900569
0.2930403
0.2909381
0.289994
0.2966134
0.2940527
0.2932657
0.2954075
0.2954425
0.2914196
0.2924917
0.2945911
0.2967671
0.2979219
0.2929996
0.2877234
0.2974703
0.2895294
0.2928233
0.2920482
0.2960461
0.2919305
0.2926572
0.2921704
0.2855962
0.2934195
0.2903517
0.2940818
0.2897722
0.2880966
0.2923604
0.2911199
0.2933919
0.2907918
0.2889464
0.2963381
0.2895031
0.2887141
0.2846055
0.2943206
0.2865013
0.297515
0.2942336
0.2881539
0.2898198
0.2932927
0.287023
0.290881
0.2913579
0.2979872
0.2927042
0.2867472
0.2903329
0.2890572
0.2918447
0.2927073
0.2923456
0.2942028
0.2970403
0.2992539
0.2913964
0.2884769
0.2888509
0.2898635
0.293615
0.2891201
0.2857456
0.2896765
0.2994706
0.2948895
0.2952628
0.2944491
0.2897363
0.2926466
0.2910681
0.2964985
0.2952024
0.2928699
0.2917026
0.2897368
0.2904341
0.2900436
0.2959787
0.29062
0.2866801
0.2937229
0.2969082
0.2919504
0.2840017
0.2820587
0.2995713
0.2919819
0.2901724
0.2950495
0.2984846
0.2883003
0.297508
0.2888441
0.2880739
0.2928627
0.2961524
0.2921061
0.2931096
0.2904728
0.2921004
0.2861769
0.2904828
0.293715
0.2959038
0.2908608
0.2948244
0.2902934
0.2910509
0.2974024
0.2916932
0.2952386
0.2915166
0.3018907
0.2922448
0.2959509
0.2949808
0.2856235
0.2945136
0.2932937
0.2874372
0.2982615
0.2951269
0.2959683
0.2884994
0.2923265
0.2932054
0.2888596
0.2868591
0.2899662
0.2910865
0.2917561
0.2945894
0.2923072
0.2893717
0.2918467
0.2875256
0.2883738
0.2868413
0.2918134
0.2936227
0.293065
0.2927434
0.2917138
0.2925294
0.3007563
0.2919413
0.3012493
0.2952587
0.2903444
0.291882
0.2908589
0.3013629
0.293444
0.2936194
0.288864
0.2931468
0.2910672
0.2993893
0.2927659
0.2929878
0.2865617
0.2845033
0.2907859
0.2957614
0.2976478
0.2968326
0.2935011
0.2916117
0.2926454
0.2973395
0.2878579
0.2942099
0.2913569
0.2958401
0.2919077
