206.8967
206.9331
216.2221
207.1514
205.1708
225.1589
206.929
208.388
204.5729
200.8264
232.4474
231.2302
223.8688
231.1687
201.4945
210.1148
202.5316
197.8336
218.614
209.5308
217.2393
217.2743
199.7244
242.3439
207.0048
210.593
203.4213
221.3543
212.6033
188.3865
196.5165
197.4662
190.9863
208.3901
224.4386
214.8659
244.9648
220.4929
235.1524
215.8105
209.9776
215.4927
181.921
210.1224
196.6644
210.1223
220.1032
210.8204
202.1284
225.443
229.0948
225.0648
225.0085
214.3743
214.1117
204.7096
199.9664
222.1556
223.5154
203.9293
196.4041
205.7756
200.4403
214.8859
235.774
219.1446
207.1167
208.4754
206.3848
214.3468
213.4437
198.2348
209.8112
222.4811
248.0363
204.1436
201.4019
198.1196
209.711
199.5392
197.0139
223.7974
203.0041
213.1768
220.4633
202.9353
210.5346
223.6136
216.5966
199.5627
222.5738
199.3747
174.6709
221.8906
194.1471
214.4349
220.3881
202.3922
211.3275
196.8406
208.1298
183.8421
239.1104
192.3792
211.1913
191.6043
195.0348
235.192
193.9827
197.797
204.8548
213.5992
197.9049
227.6853
237.1839
205.3909
212.7354
210.4656
223.1345
216.2436
202.4234
225.7382
216.1988
207.7153
231.2949
212.4195
210.675
194.7809
177.5871
217.5344
210.8268
197.31
207.8419
201.5931
210.818
205.3089
214.1911
200.3565
208.5856
200.1997
206.9695
205.5811
221.5115
205.5871
240.8516
199.389
199.1614
198.8482
207.8381
211.0774
216.2939
219.9331
201.9124
222.0537
226.6939
222.9401
230.2455
209.4842
218.7735
220.6178
200.0008
232.8529
224.3772
211.8549
192.7777
220.8583
208.0377
228.0756
198.341
198.5362
205.7862
211.2452
201.9675
219.9284
209.6922
209.7115
226.2694
203.5497
210.2763
219.6286
205.1508
212.4294
207.7548
185.3702
194.8965
198.2413
215.5243
221.0585
218.3122
215.0422
214.4166
215.4666
174.9642
216.4004
210.2131
188.748
235.9253
217.5868
199.0308
193.7825
223.2984
199.6187
188.8691
203.6839
223.6792
209.6794
219.9706
205.8174
196.0825
214.7355
181.2653
218.523
229.4603
192.8558
205.4075
196.9809
211.4684
187.8256
212.0341
216.898
225.8928
220.1416
191.7556
204.5498
208.6736
237.093
221.4874
202.6019
199.6264
203.6239
214.9348
202.843
219.9052
215.0703
197.4076
199.8277
224.4765
208.6295
214.5066
207.0198
211.7301
199.267
216.5355
189.7707
218.5703
200.3791
207.3173
205.8076
203.4102
209.3378
211.6544
198.1899
230.2562
220.574
204.1229
224.75
230.7618
197.3235
200.7669
226.334
200.9818
197.7324
216.4982
197.9652
219.8951
208.5222
218.3339
201.9556
214.8989
217.8716
205.5327
231.6483
213.4176
198.8448
192.835
202.569
214.6531
205.2125
202.5682
220.0994
189.5819
192.886
214.0058
198.9249
213.3948
198.3671
195.6427
212.9597
210.2299
207.4725
226.9959
199.8017
188.2147
229.8549
210.3673
200.9351
208.2524
222.5549
199.9759
195.6699
207.3728
214.2709
210.1562
209.7921
204.2473
203.7432
220.5795
233.1412
210.5032
201.6599
201.327
220.0468
207.8993
215.6136
219.7968
191.4504
197.5825
221.6707
205.1292
219.8517
225.1108
202.6798
231.6532
197.4711
227.3819
220.7445
226.2315
186.2289
209.3058
216.2481
203.4332
200.3627
232.6189
209.0237
227.2713
214.8863
210.3848
183.6544
193.4599
218.6582
245.6395
209.9102
199.8607
201.7553
220.6911
197.3481
215.7122
197.3414
205.6712
179.207
209.6813
193.055
213.3493
197.5038
212.802
195.0646
202.7084
219.2858
219.6731
225.6146
203.6951
208.6439
206.9089
204.7059
215.5701
213.497
230.9885
208.7565
204.8067
215.6935
216.4615
219.2426
187.9698
210.6279
191.3639
223.6538
210.8791
214.7033
187.0659
213.8795
200.8183
206.6294
197.9759
216.3668
220.0289
202.9148
232.2318
190.9693
193.3875
228.5835
187.0272
207.7903
175.4717
198.7566
191.3407
187.6697
188.7757
216.5666
213.1859
210.374
219.2782
213.4548
218.0257
202.423
232.1477
175.6675
175.4757
232.8067
204.9426
213.6094
195.8755
211.4513
194.9236
216.7031
217.1974
226.7156
211.8045
183.7844
205.4196
191.0572
205.924
209.5066
201.7241
219.9671
203.0369
197.1567
206.2232
195.4227
208.0542
195.7317
215.2057
184.1198
198.5551
192.024
200.4033
217.0088
208.4406
203.5329
165.7723
232.1057
188.6573
212.3027
207.1789
211.7764
189.6231
193.4097
212.0348
208.7019
202.0013
215.4445
215.9885
240.6055
203.7836
198.2805
210.8998
207.9669
221.8724
200.9125
206.2808
204.8271
186.9659
192.8827
219.6601
214.0121
194.8691
209.8566
187.021
203.3768
201.0405
202.0323
198.5983
202.8665
188.0334
214.6592
189.344
217.7248
208.314
213.2601
217.1072
202.7889
224.8293
215.065
211.1145
188.4261
205.4134
200.3142
195.7161
232.2066
199.9828
199.5839
205.1834
191.7861
218.6453
198.3571
214.1367
197.2786
227.3049
208.0358
190.0396
218.3321
205.9243
217.3479
226.4613
209.6898
203.2836
213.6583
192.9418
220.4194
209.0737
193.6139
215.5579
189.7501
226.1253
208.633
192.4497
193.4934
194.3968
198.1849
197.4313
202.4472
230.578
207.0661
203.1391
180.6023
202.241
202.7266
228.7698
193.0392
199.6336
182.1672
227.4387
212.7321
211.898
219.7933
206.7302
203.857
200.944
239.1219
198.7589
200.3569
192.5335
203.405
184.4333
224.6774
203.9478
209.2002
193.7395
200.6598
217.0254
215.6066
226.161
192.5354
191.0145
202.0531
226.1559
187.1911
221.2823
221.8976
208.9514
208.0239
218.447
211.7554
200.6715
204.7639
206.1161
214.202
206.7461
222.1818
217.1664
197.7399
203.9538
211.4526
237.5692
211.6775
216.3451
210.0895
213.9697
211.1089
212.9119
197.0358
226.5698
217.6619
200.0375
199.6712
233.5462
207.0296
195.9173
209.0029
202.2676
209.0268
202.9309
203.6381
221.6731
199.0152
213.5996
208.9209
215.5527
218.7932
238.1662
193.5741
213.5885
207.022
214.3254
214.9123
236.022
220.3043
221.8712
181.5074
208.6818
218.2246
208.1634
229.0736
225.6483
223.0077
218.0722
206.6403
216.801
193.9518
219.9892
219.2934
207.1921
213.1861
221.9144
224.6806
211.2391
202.2802
215.1568
225.0825
229.166
195.155
209.582
201.1069
224.171
206.6633
192.428
206.6833
215.6185
212.6883
192.0025
205.8352
224.5517
224.7914
192.0904
217.0098
209.9572
210.6622
213.7403
203.5942
214.2107
209.9875
186.558
226.3715
221.7202
205.5502
192.6388
200.3472
220.3649
213.5261
209.172
207.9478
206.2339
213.3559
218.7272
245.0092
191.6067
202.6933
201.7058
238.6448
194.3523
201.3691
213.7133
208.5483
222.9119
211.3628
216.9937
207.9799
218.0215
214.0073
207.5909
202.1699
180.4808
214.5881
205.6366
215.4804
221.1795
242.043
202.8986
214.5106
217.0928
211.5627
213.2181
218.8256
215.6976
213.85
201.2232
203.872
221.1509
205.5273
209.2988
225.6095
210.115
220.8783
219.6294
204.3427
194.9389
189.173
227.7107
214.114
202.3928
226.3985
224.6312
205.8562
217.6859
206.5025
198.2856
219.2609
213.9849
181.5348
222.0006
215.8994
204.9923
208.477
201.1515
194.621
220.8508
194.2127
224.4952
224.8042
192.8446
199.1215
211.5605
195.3875
203.8249
201.3315
214.6781
214.5506
214.2241
218.3903
217.3119
197.7231
197.2779
230.0736
205.4092
217.0473
202.8205
230.9289
222.0665
213.5465
210.8016
215.4968
222.9195
169.8002
204.9344
198.7255
197.0317
211.5482
195.5415
219.4886
208.1484
202.6937
207.4528
212.0163
189.7248
212.0514
197.7541
203.2084
211.1517
206.694
213.5138
209.6882
214.2424
203.9451
195.4611
211.5954
216.4092
196.7561
212.0219
222.211
193.1005
199.1028
202.055
205.6609
239.5767
228.8329
219.8137
215.7575
191.8442
215.5978
213.9014
224.9425
210.3438
217.3682
205.346
189.6867
207.288
187.3031
206.1479
181.5569
211.9994
219.7228
206.9203
220.2769
203.681
204.9958
203.5145
211.1826
201.3875
199.084
198.0722
228.9267
199.1762
216.5563
206.8781
202.3597
224.3046
215.3236
210.8297
215.3222
195.6473
211.6229
192.4933
198.5272
213.8073
194.322
205.1695
207.0809
201.3592
225.8103
220.4506
226.944
210.4519
203.7233
210.4879
237.4123
219.3735
217.3508
210.9909
221.3712
198.45
217.6483
215.2903
209.1092
215.2609
195.5307
205.4032
238.7013
208.1815
190.2099
229.847
209.2201
210.4857
215.9294
191.5642
212.3492
188.6337
205.8467
194.181
194.4676
191.0481
192.4154
220.4248
220.4977
228.3702
201.8159
208.5098
209.5088
211.0555
224.2255
195.1115
206.81
200.645
207.7653
219.567
226.8288
192.6141
215.3104
170.7016
180.5002
221.5256
191.7423
216.5778
203.6779
202.5483
210.4004
210.6786
220.2976
222.4116
214.8477
215.2541
222.8416
203.8976
213.3399
222.1942
217.142
222.3823
209.6106
215.2089
230.2827
222.8176
192.735
195.9869
224.4154
232.2374
187.1271
220.6839
213.4454
209.006
220.6339
196.5829
201.62
212.3623
220.4681
174.2733
203.5148
220.6372
202.3282
212.2574
213.1213
202.7607
223.3454
182.242
213.2796
203.2322
202.6924
211.9614
211.5404
203.7231
203.1068
204.4956
201.1035
205.7542
223.7293
203.6268
207.1604
222.7602
206.0823
209.8983
215.2763
212.5976
235.4216
171.7625
201.0019
232.011
212.2074
215.6357
191.5693
226.1419
207.298
223.5868
208.7504
206.3619
214.5818
193.1469
226.9289
196.0299
228.6768
216.4818
189.4094
232.3093
211.0741
196.5577
227.8926
205.1474
195.9638
213.244
214.5953
219.4658
218.4468
218.7197
200.1428
185.0329
213.1908
222.091
213.4275
196.7223
217.1285
206.0919
208.1188
224.6112
212.5039
230.4219
218.2837
205.4162
206.5419
221.8776
221.6145
199.7709
197.7089
204.8004
211.2198
231.2917
202.4195
216.1593
218.2852
189.137
187.2623
218.4802
229.7215
209.2861
201.2421
215.4032
200.578
203.9261
211.0132
226.9076
233.9998
198.3157
207.5418
189.8946
199.433
199.4464
224.5135
202.8901
213.9692
202.301
213.2694
213.3422
201.6067
226.5937
190.5823
192.041
209.3465
200.2032
206.8065
203.8012
207.0691
232.6124
197.976
205.4249
219.7232
196.4882
216.4109
213.4297
213.8407
201.7895
220.5367
212.1109
212.93
218.2062
194.1381
203.3694
209.7155
220.1105
194.255
196.3998
224.0362
219.3362
196.7975
202.4587
213.5502
216.4965
204.2735
200.8075
211.261
226.9623
229.83
198.0854
194.0048
228.5632
199.8246
204.0999
207.9115
223.6357
222.3637
193.583
198.2362
220.1234
227.9051
216.1323
190.0758
212.7242
207.8361
204.5279
213.4063
211.1903
208.0256
223.4748
198.1487
184.8957
210.4639
230.6886
196.038
205.0376
212.7463
208.0197
222.174
237.2569
201.4627
216.7383
204.9394
214.5773
211.0694
206.6986
212.3633
204.5388
192.4229
232.4548
224.551
219.5122
218.1881
220.9169
237.9633
209.2828
230.8954
222.2336
188.7677
205.6933
207.0838
222.8728
208.1467
208.9114
206.6399
201.5194
231.7438
208.8349
190.7733
223.7171
206.3795
199.6523
200.2983
196.6422
186.546
224.7209
204.5972
208.0918
222.9504
209.4578
208.0598
203.6865
208.6153
183.446
209.0041
222.5085
211.7639
195.9368
206.8277
222.8742
204.8822
195.6744
202.0757
199.9251
211.6673
198.3012
211.0558
208.8992
223.3877
237.5477
211.9138
207.9503
213.6067
191.6804
202.2004
189.0247
205.9145
221.753
199.9705
197.0557
209.4029
198.2865
223.5832
202.8762
209.1838
217.9695
211.2209
220.0639
194.7377
215.5025
177.4443
208.8042
206.6423
232.5196
195.9994
193.5259
211.0851
205.725
221.1169
212.1768
199.115
226.0987
215.863
214.1598
212.1773
193.3721
219.8005
210.1945
212.4064
211.1831
215.6946
207.6179
190.5534
206.6285
201.3594
214.327
230.0107
209.9729
210.5511
208.0601
205.8515
224.3691
211.1115
231.0297
204.4929
213.3153
232.4735
198.1723
221.4026
211.8606
220.1559
217.4166
202.3959
204.9777
222.8597
191.7134
192.4955
190.8329
197.9337
201.6853
223.5951
220.5134
207.7428
198.2566
202.551
211.1672
195.4029
192.9332
191.9812
227.0335
218.735
213.8553
217.8918
219.1854
195.212
223.9214
207.3964
223.0543
201.3203
239.8626
229.4747
209.2821
199.991
213.444
208.4977
211.1713
207.912
200.9054
194.6734
207.735
208.8582
194.3443
202.1794
211.3091
216.3971
205.0741
210.6175
201.8398
219.599
207.2825
229.0321
200.1301
215.019
209.013
197.3119
224.3104
210.3932
211.589
215.0645
224.0913
235.8611
214.0632
216.3382
221.8007
190.73
213.0064
216.0383
204.767
206.5633
191.7096
216.1819
234.6798
205.0875
212.597
209.0276
222.9083
241.6474
202.9207
203.643
210.1299
203.4851
199.9881
216.6331
188.5182
194.9888
228.7352
218.0775
217.4386
214.6687
211.7897
207.4088
225.7045
207.3979
208.8078
209.0788
211.2154
210.0955
207.6705
227.9832
197.5671
182.185
228.1301
197.1128
216.4203
213.0005
224.5062
184.5813
204.0065
201.7837
215.5444
236.6373
204.1876
200.1753
220.1711
216.0582
201.1603
213.2892
195.8653
216.2574
207.9408
216.2598
216.2147
215.4607
218.3712
189.659
194.3003
230.0322
207.7929
207.1737
210.0673
193.2444
211.3677
208.3161
211.2582
212.9183
205.3907
188.6191
211.3448
199.3106
196.7724
228.5167
206.5677
225.8118
198.0468
201.2681
202.7918
222.3284
212.2017
198.5236
207.9574
218.2908
207.7639
200.6927
220.2994
219.6615
216.1456
238.781
197.519
234.5964
205.8248
211.8811
206.2811
209.6874
193.7028
203.767
206.7279
220.857
216.9997
214.1332
208.5269
205.7527
185.7138
198.14
219.4974
218.7674
226.4124
231.1677
218.8758
217.1207
236.61
200.8876
195.6162
208.8798
217.0535
225.2411
200.6249
224.9148
222.8156
190.0087
215.6471
218.3839
201.1664
228.51
211.9825
214.2477
200.492
206.4897
199.376
199.2454
212.7804
179.4574
213.7209
206.0682
201.0333
208.9482
188.0226
200.3392
204.935
208.0029
205.1224
211.5754
201.7562
229.1787
194.5397
208.7414
223.7805
221.414
204.3206
208.1923
225.1273
198.9541
197.1591
194.1557
214.1834
214.4511
232.1694
209.061
226.368
203.4786
221.5934
206.2925
195.853
203.7111
213.3711
199.2152
206.8583
222.4238
198.0581
202.7618
203.0882
229.1473
206.9992
199.3884
208.5227
208.3162
215.1378
220.4402
211.8048
207.5198
201.9854
215.1075
190.6258
202.4301
204.2767
229.0347
203.4359
200.9678
246.4282
216.6707
211.1672
194.1201
203.0665
193.021
205.9651
211.1748
191.3999
196.6541
217.4311
191.2649
181.8785
186.4163
192.6882
209.6519
211.8248
219.9995
216.6921
196.8754
212.8646
224.553
229.7425
218.0745
243.5622
228.7294
212.4508
213.176
220.041
224.4878
232.9409
200.6179
192.1579
200.6839
210.5938
199.8996
195.0223
210.6524
230.0154
216.7469
204.7021
220.6793
211.8786
209.207
200.1355
235.3513
188.9413
220.7947
210.3346
212.5246
186.501
228.546
199.5828
202.1811
212.8572
202.2425
213.6647
219.8845
199.742
218.7885
239.0296
176.7108
198.2158
198.8407
205.6364
213.9795
206.4275
211.6545
221.0184
226.6507
210.0527
216.2445
193.9546
196.2566
212.168
220.4128
203.9715
201.7014
212.093
201.9061
183.4402
218.1337
216.8659
207.2642
204.6185
223.7222
200.1744
232.7931
186.027
203.4362
207.2536
225.9136
214.7516
219.2959
219.4766
210.0556
212.1774
230.227
212.4256
218.7954
219.5874
217.9201
232.6078
196.274
221.6138
205.1207
215.2229
226.9148
194.2877
218.7753
197.6721
171.807
211.763
207.9977
210.0977
214.8165
211.4099
229.2231
212.5954
211.2357
199.2174
229.595
214.402
193.1732
200.2706
207.7787
181.5648
213.8119
220.714
202.6072
222.9169
190.8291
203.6327
214.4614
208.9371
207.9466
200.7299
208.1567
211.7182
210.3304
215.4117
211.2234
219.9135
184.2966
215.5563
212.9462
208.6747
219.0702
207.3857
214.3865
189.623
219.3533
204.6679
213.2153
207.7679
227.3296
220.5735
206.2438
219.4005
216.6226
226.9848
231.7423
221.8438
207.2188
199.7612
221.3618
206.1634
209.4434
201.6888
208.4629
195.8459
199.6489
232.9257
214.2857
211.3896
211.8832
249.9203
220.4473
214.3167
226.3595
221.7435
195.6521
212.2743
203.2063
219.8533
224.7137
222.4586
222.6549
219.9431
215.737
195.4027
215.913
195.3811
210.248
222.2129
211.7055
225.9855
208.2703
225.8382
213.1039
226.7748
216.3076
208.3856
203.5821
212.0342
202.8008
200.6902
208.7135
212.1735
210.9569
218.8532
229.8753
221.7139
197.3606
196.974
220.7243
209.8609
210.6325
208.1548
192.2946
225.0464
220.4869
197.5318
193.0848
190.2651
229.9901
206.5348
239.8648
226.9181
222.1931
252.3446
218.829
231.7473
194.8256
219.7681
245.0093
224.1561
197.0432
188.7365
226.4375
223.8342
211.5806
231.3576
206.0225
223.2013
196.8585
215.6814
201.2453
216.6649
190.9549
207.7766
214.9172
199.0911
198.9386
200.5555
226.3121
216.2994
217.2689
212.8547
203.231
212.0513
202.7394
222.2313
197.3577
215.1045
200.9878
202.4135
207.3332
240.9864
200.0843
211.6899
220.4428
223.4382
198.7647
197.932
234.7728
212.6448
213.1295
226.7111
200.7999
211.7088
205.348
225.3009
233.4882
209.3842
200.5273
239.4123
176.9636
231.0601
229.6966
196.1473
199.0472
195.0623
196.6415
184.1074
208.3993
216.5714
206.7455
208.2151
213.5259
217.0307
210.0841
225.8215
215.7945
219.3717
204.3799
214.9428
190.076
211.6986
219.1385
207.7311
218.1493
201.6845
218.7266
223.1501
201.5652
203.587
220.7131
207.437
202.2812
208.6633
224.4453
212.3474
210.3399
197.3442
224.4604
224.4882
221.6566
221.4587
204.2844
206.3288
194.0288
223.0583
226.1272
204.1352
212.5938
217.1819
214.5079
192.999
205.8225
198.3531
216.7242
206.7428
198.2627
209.2233
216.382
223.1546
213.6619
208.367
228.5219
213.8444
192.499
198.9345
205.3481
211.7454
227.9823
175.2778
200.9362
201.6291
201.9262
198.2273
225.4409
227.7575
214.1257
207.3893
217.6948
187.3357
223.1774
200.0978
216.1082
204.4981
220.9002
202.3379
221.7635
214.5929
215.3762
208.451
217.6124
207.8312
208.8144
206.4529
207.2874
204.221
198.5179
210.7144
189.661
213.9407
227.1139
226.3626
198.038
214.6083
211.1503
208.5781
186.4661
188.9111
225.316
204.3067
229.2037
236.3422
196.5969
180.3277
226.6121
197.8036
210.3086
220.5761
203.2288
200.4467
211.7143
233.6154
201.4285
215.795
220.7056
235.1422
222.7628
184.3214
183.8155
212.2861
223.7854
211.0245
212.2993
215.7307
218.0409
212.834
203.7143
200.5176
213.5552
203.6698
215.0436
207.6058
196.3909
199.6614
208.5471
205.0605
206.4585
182.5573
208.0233
222.8407
226.9593
198.4909
214.4574
208.4258
216.5699
194.1511
216.7321
203.2427
210.3846
203.7843
218.8926
224.0917
211.6398
225.102
201.3626
217.3746
212.4596
203.0026
207.7023
191.7248
189.0856
214.4019
208.4371
209.1913
206.0532
234.3953
220.7328
208.9535
199.4642
199.7935
198.6276
208.2879
198.9391
212.5714
237.2066
204.2141
215.0589
216.2321
207.2956
189.7179
198.1214
214.8183
220.7104
220.7426
241.1974
201.6679
214.6122
218.5774
195.6307
223.5733
213.1599
214.9983
197.9543
216.0363
208.0902
221.4475
208.7758
214.7845
193.3466
215.1214
208.3769
199.4391
204.726
219.9488
235.8297
222.7594
215.5465
226.4489
220.7853
198.6636
189.344
214.9639
193.6547
198.5567
215.8504
203.9699
206.8458
193.5783
211.5841
206.8017
191.2788
194.359
202.5208
219.0405
218.344
198.3008
202.3623
214.3717
204.8951
213.2384
207.8196
202.2026
212.9114
191.0705
188.2936
194.8765
197.3388
203.3925
207.7044
211.2333
178.8245
192.3232
195.102
202.9651
217.6905
218.8068
220.0409
196.0604
186.15
217.0209
210.2772
222.945
211.8551
189.8199
204.3091
196.8446
200.3157
199.9091
225.5853
198.6301
217.3596
207.9995
209.17
200.6675
206.1791
196.1293
210.0745
208.3742
212.3933
240.2736
210.2699
212.5197
212.9306
212.8262
206.7368
200.7251
207.7593
199.2891
208.8372
206.9524
213.9382
222.4195
210.2333
220.4941
189.3487
225.0769
223.6955
213.0841
215.7376
206.539
210.65
193.3945
210.3117
212.1428
215.6208
197.4893
198.9857
193.4691
227.716
198.5432
209.2417
211.1778
213.6354
211.1074
221.77
204.4956
195.8499
209.9885
217.1633
223.4127
231.1079
207.1961
225.9945
211.3065
205.5113
196.4395
225.4021
220.6211
190.6571
198.0047
217.2491
204.8408
210.6047
218.0868
206.3971
209.8911
213.7001
221.3044
209.1432
222.6655
207.5563
213.5324
204.1643
223.9688
206.4188
209.1489
217.8252
201.5765
197.3575
207.2139
212.7968
186.5612
213.5692
200.1051
220.9771
226.3314
183.781
193.1884
195.7922
221.9153
204.2429
210.5754
199.6117
220.635
204.5227
204.0768
185.3123
207.5788
196.442
209.0747
209.5242
199.9132
222.4686
184.1661
214.8465
184.9833
215.8376
211.8515
224.5692
194.0983
189.4439
210.7646
219.7798
225.8445
191.9915
228.494
183.1797
201.8919
198.9386
209.4956
206.3389
212.646
215.8945
231.4387
211.0422
192.5463
201.0543
205.7648
205.5741
210.8471
196.9756
198.1298
215.5873
207.2459
218.0664
217.9645
221.7047
213.8745
213.3219
231.0482
213.7428
208.739
209.0357
205.937
221.9021
213.7688
198.3522
227.4063
241.4144
236.6283
208.8833
204.5038
203.4039
199.1839
217.37
201.974
206.8726
215.4062
203.6868
214.5362
200.4503
212.0533
187.4478
198.1282
206.7552
216.151
211.7761
206.858
198.7405
201.6357
215.9096
190.4004
198.3861
217.8278
201.2866
195.6123
184.7633
194.7899
198.7468
224.352
227.406
193.2053
210.7255
228.9538
208.8932
206.0894
201.5896
200.7647
185.6344
201.5419
212.0256
209.33
212.7095
220.2117
222.936
205.1897
204.5843
214.3811
232.0957
244.9161
222.625
229.472
208.0696
245.9122
218.3367
218.7944
191.7452
206.0261
237.4078
217.1155
208.3678
214.6524
229.8643
208.328
225.4607
206.7609
228.9374
189.6051
211.8201
213.2931
212.7798
220.8896
205.3019
205.5882
225.4053
217.6756
222.9857
212.0796
191.2605
224.7719
195.1346
196.7187
189.9613
191.7247
207.7575
208.9611
191.4349
198.6497
219.0596
239.2951
221.0975
212.8202
191.8001
203.64
212.6614
222.9689
205.5857
193.3417
217.9825
223.3012
239.9087
199.8237
206.4397
189.0794
224.8807
207.1724
220.7233
195.8759
208.8461
193.3559
206.9081
210.4095
200.7174
213.2181
205.4807
199.5941
217.832
201.1337
202.8973
211.844
209.0393
193.5983
185.8299
223.4306
215.5353
211.6084
212.2882
196.5743
218.99
221.4144
183.8646
209.5361
218.8735
203.5563
194.9242
203.8082
209.8141
215.3012
219.4985
220.1792
218.4231
180.2161
215.4677
208.7666
216.4821
196.3649
221.248
211.1443
216.2473
205.9186
224.2232
223.2351
209.4596
223.2987
236.5352
210.1912
218.1171
212.1473
205.1055
211.7917
202.1194
194.3252
204.8111
225.2935
226.5838
210.3731
219.3737
212.9184
202.441
212.2337
223.9971
204.5787
230.8133
207.972
211.6024
217.209
235.835
198.4712
225.1893
214.7106
204.6811
210.1094
207.1454
210.3118
212.4562
216.5047
223.9237
199.6826
198.8654
210.3673
223.1958
199.2673
197.4808
209.674
204.9874
194.1508
213.6742
188.9956
221.8834
213.0653
222.1124
203.7661
193.5519
215.8254
214.4074
203.9843
199.3107
214.9985
214.791
208.8132
211.5677
216.1582
219.6251
219.4682
210.4762
211.721
217.3778
217.5087
204.2714
216.2249
203.185
224.6885
187.2844
197.9979
213.4303
209.8972
201.3701
210.7525
208.5204
207.2525
206.5351
203.0567
226.5112
221.5438
200.3485
250.0119
204.5816
200.8323
210.2341
204.2527
205.0501
216.9981
221.6814
220.3544
236.4026
208.0922
206.7758
204.2383
226.0024
206.3768
210.4202
204.7223
208.7085
214.3135
212.6458
196.4734
200.3443
207.552
198.5601
204.7203
204.2749
222.2455
219.3477
188.3743
224.8804
202.8274
203.6456
218.4509
201.0695
221.9799
215.6264
227.3096
203.2643
193.5214
177.9699
213.6821
191.6656
194.4166
208.5033
207.9134
201.4344
236.4317
197.8884
234.0899
215.1889
193.9166
200.4742
215.3066
213.2749
192.7346
206.9396
225.8526
200.2406
193.2923
201.3482
231.4032
208.7333
234.085
212.4682
195.8057
216.9217
210.4259
242.923
209.105
214.9757
191.954
208.774
235.5395
203.9491
212.0209
198.0041
212.1151
212.3674
231.2756
214.2209
220.3872
217.2058
198.1899
209.7463
213.1952
229.8837
197.0993
190.8069
196.2567
217.8384
208.5137
221.6447
206.1446
215.7092
222.5378
191.6319
224.1986
237.5832
188.5528
202.9024
207.4925
234.9054
206.9948
196.2924
199.1417
202.2281
203.9479
205.8837
210.5652
223.1658
193.0758
205.0459
191.8141
200.3842
196.1324
221.6895
222.5363
205.2302
207.6813
214.3856
213.6678
176.6674
219.1659
208.022
192.7045
211.6256
216.7481
183.6095
226.3654
203.5287
211.6005
208.3143
204.3671
208.4515
201.9463
222.9028
194.1151
207.9701
181.25
215.5376
190.2058
227.6128
212.8386
199.4144
196.9829
206.7331
199.6722
207.76
206.8779
211.3864
194.9119
215.9396
214.3249
202.3463
212.9838
198.2373
213.0056
210.7922
205.1533
175.352
220.1169
204.2077
211.5865
227.141
221.8479
199.7112
217.2786
240.4108
221.391
204.8142
201.4377
209.6816
246.0324
209.7476
211.2821
208.56
205.6144
207.2322
219.6419
196.9009
210.2459
215.7705
213.6026
201.7291
196.9871
203.2602
198.9955
216.3941
207.9235
198.3639
205.8196
204.6731
211.8984
206.7758
211.1567
209.605
196.2929
217.7983
221.3188
188.4167
215.4741
221.4964
211.1746
208.5414
199.7471
227.4547
212.7672
199.6534
222.3805
216.1104
213.2158
192.3944
210.8669
194.1459
204.7037
222.7009
215.3783
178.5231
161.2772
201.941
196.8846
198.9748
227.8293
219.912
191.8084
209.0343
226.4459
209.3572
208.8052
209.4381
227.5507
184.9227
200.6827
207.2389
232.0424
214.6441
188.7965
213.084
222.1125
206.8136
198.5686
199.0118
219.4759
204.5048
188.9436
207.2746
198.037
217.9422
216.6364
203.5736
206.3952
207.4885
196.1117
206.3326
224.0039
223.6539
191.4099
203.2805
211.1413
204.2959
201.8732
185.5378
205.507
210.0675
222.4769
187.4411
216.1211
210.9816
212.3453
207.2994
208.118
207.8927
223.6388
216.8043
195.5781
199.8104
214.3665
191.6258
186.699
199.3908
209.5724
215.2589
224.4458
198.2138
202.7064
226.3067
202.7827
210.6321
213.3411
206.4132
203.9119
222.5821
234.6643
215.3922
202.8552
216.7164
199.6266
205.0517
213.2399
210.3801
215.0998
215.4047
226.2146
189.7361
205.9642
212.2431
228.7943
230.6775
211.9016
207.7978
214.0611
202.3332
208.5187
209.4657
195.7529
197.2693
210.9986
201.8713
217.3276
200.1699
220.042
206.0714
203.2936
194.7169
218.9687
192.7582
214.7075
209.3994
191.7365
204.4169
208.2681
208.6393
205.9513
214.1496
211.9393
188.2315
219.1752
225.5276
205.2568
211.1289
208.7876
207.1661
220.3778
219.4803
214.0104
223.1528
210.9332
219.4759
185.8279
198.3335
232.5863
215.4412
205.5148
203.8083
217.5702
230.7805
214.5764
211.575
215.7382
232.6028
200.3269
223.5372
195.0029
213.593
210.4049
204.5484
219.2547
215.0599
209.3373
226.0791
211.6063
215.9858
202.2531
201.1138
208.5464
199.5393
192.9638
204.3136
197.6007
191.1056
214.1681
180.2767
221.1999
230.1825
245.6539
217.2998
200.669
202.0944
222.3997
202.3058
215.9837
211.0301
218.7626
219.8369
212.0244
210.4742
210.8629
227.0095
208.058
199.0982
201.7062
224.0387
189.735
221.5973
184.0137
218.6209
222.3326
224.5308
208.3431
217.2556
209.171
204.9546
212.6513
209.1969
200.7714
233.284
200.3948
216.5414
215.9982
191.8563
222.5932
211.4163
220.7138
178.6474
192.1625
191.4534
214.0395
217.7898
204.9092
198.3948
205.9816
195.1941
223.1862
191.6253
181.1563
197.0069
215.995
212.5311
192.3798
221.7336
209.3295
207.5387
199.6457
202.1164
206.2455
205.8022
214.8931
208.3121
230.5668
222.1253
227.8725
193.2706
199.2321
200.2771
192.6979
179.3866
208.6059
217.2692
199.6198
216.5436
197.7333
203.9664
212.0188
221.8751
246.8858
247.0959
210.7747
212.7771
209.0793
210.1091
201.0035
206.3788
206.9652
213.4211
239.3276
227.0473
198.4401
184.4162
217.9042
228.4029
211.4901
223.0696
206.3797
207.8699
211.4873
216.2741
218.4522
187.9222
188.4706
216.4689
198.2285
227.7525
194.0794
204.4841
188.5895
215.2135
220.3936
219.1392
218.9035
220.8964
206.0814
207.6375
200.941
213.9977
210.8007
185.7304
223.8727
199.3131
212.3051
192.9263
220.4186
190.2249
228.3977
216.0562
201.0942
189.7772
204.1689
198.0172
196.7386
210.1943
210.1033
216.7298
188.7725
213.9337
205.6298
180.5008
214.2302
194.0127
210.447
184.8086
213.201
207.6843
203.4231
200.7713
205.5551
224.5458
220.8493
216.8671
211.3934
215.1741
224.535
197.4675
217.3944
215.5782
207.4806
196.3749
199.8397
232.9528
206.0002
197.9341
217.4312
216.6911
218.4906
203.1736
189.1135
217.854
205.3789
205.4154
190.4867
220.481
212.0259
214.0864
204.8558
212.7005
227.4612
225.0964
191.2236
213.8748
211.1456
201.8244
211.6476
202.4177
209.1236
235.1623
223.1896
207.0404
219.3393
198.9575
189.6713
223.7329
213.2042
191.8878
231.8197
217.1029
190.0624
208.8451
206.6059
215.3934
208.834
202.9994
205.1844
201.0743
205.1265
202.7463
201.3149
216.1358
205.4285
220.0265
198.3632
198.1209
190.7307
222.7944
222.4629
220.1771
204.2701
213.9831
210.1457
190.3294
204.5105
215.8354
188.4675
206.5193
196.8719
216.182
196.2853
222.1891
222.6474
201.1269
220.4883
221.1154
211.1656
217.6464
222.6581
205.3328
227.5656
217.8243
199.5078
207.9515
208.1938
201.7893
219.3181
226.0997
214.4144
196.5065
215.9216
219.2161
216.0897
199.043
208.199
198.809
213.1471
199.1312
231.3327
187.2582
215.3027
210.0644
205.6143
219.4397
208.9212
204.1482
204.7096
206.267
192.6688
230.0944
217.2595
205.7705
205.834
220.6249
211.856
219.8184
222.4862
212.6695
217.4704
199.5753
204.6547
223.2412
199.741
216.9385
203.4955
219.3145
212.2266
218.9117
218.6124
221.13
202.2236
208.6871
223.3309
191.059
229.151
210.2651
207.5074
219.1408
196.5279
221.3195
216.3596
187.7875
208.7765
215.3698
207.8853
214.3082
225.5893
202.6177
217.2055
207.0343
231.8826
221.3566
188.1147
200.6256
222.4465
196.6168
212.9867
191.9418
196.8721
200.0255
221.9376
205.456
213.3848
231.1906
205.9687
223.2196
203.2998
196.386
218.7786
210.2531
216.1668
202.3041
210.3183
210.8277
204.2236
222.5851
198.5224
201.4772
200.1408
193.1615
203.6026
218.0356
212.4613
215.4561
231.4325
217.1396
203.5926
207.5935
228.4234
209.8004
204.6284
229.4314
226.827
234.3259
209.7604
217.1476
215.057
211.7137
206.3378
196.1142
208.7266
216.2434
218.4077
197.1567
208.9062
231.5106
200.9482
224.7331
212.7413
197.8439
189.7042
241.6678
208.2841
210.634
209.0091
207.9298
218.5214
224.9359
202.5544
204.3639
189.1047
222.6915
240.95
210.3926
223.8011
201.4365
207.7092
226.0375
218.1373
228.4217
208.4005
216.1326
209.0478
213.6011
200.918
220.5394
208.9672
211.3445
202.8143
194.5911
223.4863
217.7989
215.685
204.1062
196.555
220.8488
214.0133
202.6526
206.3563
214.5298
197.2901
220.5699
191.8982
224.5252
220.4398
202.1786
194.2325
220.6414
195.5745
202.3234
211.6249
206.3576
189.7602
192.7582
182.762
200.7227
198.1718
199.6838
207.2491
192.7977
248.4451
195.742
223.2433
219.569
190.9112
209.1006
209.0146
221.4966
209.4286
208.8811
206.0747
200.8621
203.821
213.3927
221.0038
206.4662
212.8148
218.6024
198.7265
190.5147
203.9989
228.889
207.8485
206.8537
210.2449
192.1018
191.5451
221.0235
200.8546
197.096
195.3321
204.7897
206.2212
201.8123
194.0874
227.1135
206.8797
207.196
217.5106
207.2911
207.7194
214.9992
226.9265
209.4746
222.3133
214.0278
225.6758
202.4567
211.6337
217.1481
202.217
194.6932
209.7821
222.5356
220.1166
196.0757
205.5127
213.4635
222.1104
189.9949
226.9241
185.84
207.4168
193.9569
205.5581
216.5546
212.7138
220.4446
215.532
238.3864
183.9342
197.2308
226.6507
187.2093
214.2979
228.3887
189.8885
206.1714
215.2856
226.752
205.7603
215.4766
191.0635
247.1054
218.4861
200.0297
208.1531
210.1401
206.5158
220.7101
191.6312
197.0945
194.0226
212.2501
207.0371
206.0794
231.252
220.6749
210.3031
238.7077
187.797
212.6055
196.6094
231.8261
223.2035
203.0032
213.7353
216.9154
196.4657
220.3885
198.8267
195.3489
197.4212
191.5065
207.9689
214.5895
216.5142
204.6648
222.8252
201.909
213.4748
222.624
202.5607
204.7234
218.7316
200.2676
220.5108
222.4095
203.2025
202.5858
205.5015
197.4236
209.9221
217.528
216.4288
196.3018
193.0862
225.5871
216.7524
211.3006
208.4475
196.272
201.6091
182.4611
206.8777
202.991
191.8359
196.7828
221.7712
202.3872
214.1829
206.7776
218.7667
214.1921
220.8815
232.8996
203.2047
208.7422
196.1705
211.9074
201.7737
208.4048
196.2398
225.9287
206.8127
193.4237
211.3524
211.296
232.3908
202.2284
228.0045
210.1045
225.8221
190.815
205.7899
209.7048
215.8665
223.2417
186.5943
228.0491
200.3421
224.3048
190.2806
220.6913
203.3097
198.3416
214.3027
226.5267
209.4474
226.826
213.8027
210.6534
203.5723
210.2858
204.2037
208.2018
218.255
200.7055
205.387
202.6264
214.3076
228.9015
206.576
212.6554
203.0637
230.2313
220.9631
211.8104
202.6068
214.884
199.819
217.4212
219.1521
191.5264
227.6183
207.3667
217.6253
191.828
195.943
212.5421
204.8414
206.7522
207.8412
209.2552
185.119
204.7505
209.7514
220.9363
223.0803
211.6728
201.7903
200.1522
223.8711
214.1628
205.6797
224.6969
206.2571
209.6149
203.8787
212.5947
210.6861
202.9359
209.0507
217.5532
212.0756
198.8677
196.4917
208.1952
221.3459
213.0244
200.876
205.3396
217.7244
229.4487
220.5551
176.4692
209.4118
216.7622
206.2866
199.4894
224.9177
214.9349
228.0698
190.2435
191.6468
208.7613
182.9837
202.5045
216.2898
209.444
210.051
206.9657
227.7718
197.1369
222.0359
227.8304
213.7064
233.0275
225.9346
211.2315
188.9813
182.5676
200.7902
202.9784
178.2907
215.2179
209.1579
227.0184
206.6528
231.3847
226.9943
203.8633
201.2602
201.8974
195.033
202.6552
189.0907
208.4709
187.9288
213.354
187.0999
222.3785
214.535
222.6343
192.182
211.5798
223.2208
185.0536
218.328
222.8066
222.1259
226.786
206.4852
222.9537
198.3709
199.6864
215.8543
217.2478
187.2001
180.3958
230.9047
205.5822
200.7976
216.8832
223.3555
227.5989
213.2784
210.2428
202.6145
219.4823
206.643
191.3703
213.08
215.1362
209.1422
215.2476
220.2333
208.9309
189.0243
193.822
208.4863
201.2268
222.7837
230.7453
198.8441
216.8679
200.2423
228.7568
205.0585
222.0736
219.2251
212.4762
227.6465
193.1847
212.6718
211.5448
208.8517
193.9849
209.3659
221.9463
220.5469
225.3728
205.1874
221.2217
193.4018
213.528
205.62
234.12
213.8136
205.3515
211.6883
219.1111
203.7401
201.016
218.1084
212.7876
217.2453
179.1631
217.9908
218.5626
185.044
210.087
225.7581
205.957
189.1485
217.0432
217.0677
212.5997
182.1966
214.5417
209.0119
209.3166
219.0287
216.198
234.972
199.3515
209.7686
224.124
197.7322
211.4412
216.2479
193.9871
226.8904
217.1254
233.2714
187.6993
215.9061
224.0563
225.1869
207.2176
192.8121
217.0389
223.2566
198.882
200.3314
214.2882
200.8928
218.1854
213.9749
207.0633
224.5753
207.911
228.0073
189.7098
207.1231
202.9108
203.9875
183.0004
186.7181
217.1032
230.3743
227.7605
227.4839
190.2336
214.5239
217.4295
217.0245
218.6592
217.1988
220.4847
220.4952
233.7174
221.7574
212.939
224.3436
209.716
190.3616
212.7886
228.8093
204.5512
201.9958
215.506
219.9699
199.9945
183.7067
216.1152
222.9585
191.7757
210.422
200.4086
219.7656
201.8034
193.0311
216.658
203.0648
229.5586
204.7144
221.8069
224.389
211.5567
175.0366
206.5732
221.6273
211.648
222.2049
209.7686
192.1731
219.3322
212.4107
224.0746
209.581
216.7915
205.8752
207.5407
209.304
211.0602
201.7765
213.3012
216.178
184.983
200.7314
223.2588
205.0458
208.6326
204.4682
216.9379
215.8397
201.1164
185.9552
202.0242
213.4673
221.4212
205.4316
207.6163
228.2272
199.3627
196.0787
206.0217
217.5895
223.0317
212.3388
216.6831
223.7316
218.1686
206.8622
204.9698
212.269
209.5837
212.609
190.4423
209.8099
214.1662
204.5996
228.1046
213.0709
201.0372
204.5078
211.2543
214.2561
213.4097
201.9952
223.4501
204.8016
200.5742
195.5498
207.7865
205.7313
223.1788
206.1519
187.7944
209.5968
227.8871
192.5138
219.5369
202.9224
209.7167
210.7341
217.3399
230.873
211.8175
209.8153
223.4339
199.6179
215.1328
207.0079
219.586
204.2007
192.8348
210.9129
200.6758
193.6247
230.8158
228.8255
207.1437
213.3857
232.4274
223.6314
200.0514
227.3012
228.7954
196.969
217.5854
200.434
207.7819
221.1967
219.3069
231.7295
219.7785
193.7464
208.3207
198.6205
229.6683
185.7945
219.9829
205.6454
216.1005
210.971
193.6917
212.5799
216.6065
227.163
220.8786
212.9101
201.5726
213.7341
200.973
215.8839
196.2302
210.0028
205.5425
219.5155
209.1823
232.9227
211.9929
227.1271
208.5413
215.9176
208.0841
178.3207
206.9904
206.1132
198.7314
241.3331
205.5591
200.244
212.553
190.5444
202.0307
200.1825
226.1562
216.0866
220.554
213.8758
219.9314
235.6076
202.062
220.819
214.8524
222.0308
218.8475
202.4918
213.4672
232.8023
214.9258
185.4197
221.0182
216.4332
203.1908
216.5666
211.455
217.2383
199.7859
211.241
202.6532
199.8703
206.3783
237.0283
218.5516
237.0685
230.9631
203.3922
207.5824
210.2067
217.5762
213.7805
222.5983
220.4285
225.3268
235.9452
216.7072
196.888
217.9757
223.0775
213.7695
207.7101
223.6804
183.1182
208.4772
221.0337
222.7672
186.6441
219.3313
200.9851
220.2247
208.2925
199.6098
212.1971
208.2461
222.3942
215.944
222.4359
200.9719
196.7246
209.3876
231.7809
197.0181
232.1752
189.4595
193.1905
185.6299
179.1293
206.1904
207.7705
201.0402
215.4478
182.1363
204.1777
211.4736
202.4571
191.2945
224.4877
218.4981
219.6005
180.6866
220.2354
193.5954
193.3346
195.8202
207.3287
207.9347
218.9086
207.742
207.9187
202.5663
200.8138
208.3012
205.6698
212.8021
206.6694
203.1013
215.5579
201.2081
192.6755
220.7598
207.8908
218.4413
188.6301
220.699
211.9496
228.7559
217.3656
215.4386
209.4221
203.3403
219.086
204.7362
221.377
213.0496
211.5553
206.3581
233.0755
205.2238
222.6347
221.1871
218.724
222.3041
224.9071
212.5035
213.3272
185.5519
192.5499
190.27
226.7621
211.0543
216.6053
216.8567
202.5514
205.398
210.0431
204.081
206.0843
224.9468
208.7044
214.243
212.2057
202.796
212.5372
222.9217
205.294
219.1917
202.4238
202.7906
201.5703
194.1132
204.8857
218.8405
211.9397
204.3176
205.3078
216.6664
209.0178
218.6949
196.7541
211.1145
203.1559
195.0762
178.9975
210.8147
208.7741
237.7726
217.8685
223.7071
199.3311
217.3276
213.125
205.6076
176.7235
207.5555
222.6378
206.04
203.0103
224.2084
219.285
196.2252
216.5187
221.7529
219.6725
213.9353
204.8126
189.5871
233.7337
193.3348
217.9318
202.0792
222.7252
223.6553
213.2018
211.6852
219.9711
193.7979
212.5583
212.0326
230.3132
189.2687
214.6415
193.2696
196.8142
219.7642
224.0932
223.7105
220.0305
220.8497
203.2366
230.0349
205.2866
225.5093
218.9691
204.3287
213.9844
200.6714
207.4285
220.2195
196.3998
211.6583
197.2852
197.8846
200.4149
201.6793
197.2708
208.8538
202.5636
234.938
206.9109
223.3359
186.3122
206.3278
217.6417
207.415
210.7105
244.9865
213.6625
223.0358
214.8036
221.4961
221.0117
180.6405
192.9344
191.5044
227.1372
226.5789
195.0721
207.675
212.7325
219.0321
226.0614
218.3885
210.0634
224.9872
193.3182
211.9298
201.3133
217.9543
199.2676
195.8547
216.7942
201.3348
221.0634
203.9603
187.4875
219.4049
203.6344
191.7715
208.7884
185.6137
214.7042
221.6343
213.3771
187.3337
222.1929
206.3712
211.7968
213.5076
210.0622
212.8775
234.0611
201.1218
184.4925
192.1827
210.6485
226.329
191.8909
197.4293
212.8429
217.104
220.7714
204.4957
215.4562
192.0617
214.5613
197.8712
213.9472
215.43
210.6499
226.3154
216.034
221.0293
212.5097
210.3927
198.8203
212.9153
232.4418
189.6313
210.0955
206.7477
192.4416
202.6508
204.5897
214.1531
207.5201
188.6686
232.9791
211.4295
230.1019
228.6963
225.8152
208.6386
200.3617
222.4903
221.1967
182.2249
214.2716
193.6054
199.7993
195.3968
212.9764
216.7182
195.1003
206.7774
208.8769
204.7954
218.47
219.0721
211.6169
231.9716
200.5722
214.5139
214.7759
221.2259
190.8502
227.9332
218.4145
234.7808
218.199
202.6924
201.5247
210.7253
214.3538
219.8551
208.5817
189.8734
195.431
203.9374
221.3836
206.9762
205.962
231.3774
211.7798
197.0961
219.4132
188.242
215.5987
189.7768
206.6795
181.094
219.2001
212.1728
189.2869
224.3819
185.4303
210.8249
195.3275
191.6792
218.3936
201.9883
192.2261
185.4218
212.9612
191.0729
209.8619
201.459
197.8734
209.9623
207.5134
228.289
227.5427
191.2606
200.4183
209.9369
202.2995
215.6575
203.0176
210.8822
214.8058
199.0779
212.7453
209.7873
201.5788
229.1768
208.797
214.4389
217.1379
207.4193
214.1577
201.1842
210.7263
215.8233
199.1233
219.9532
205.9823
212.7277
222.4187
201.7911
204.3308
219.1295
211.6635
198.6141
200.403
212.7025
215.6396
228.8505
195.9704
203.7946
212.4478
207.4838
210.9097
230.5213
207.1556
209.2204
212.3387
198.0092
210.839
213.1496
201.9671
240.9615
225.4002
217.7931
192.9819
205.9847
208.6707
215.286
199.0773
206.9792
205.3907
197.8758
195.2866
210.4619
226.7656
204.8923
236.079
200.6125
219.1694
211.5967
191.7713
200.3371
180.2577
209.3851
220.9182
214.8293
223.9653
209.235
210.9507
217.1638
213.1392
199.6747
197.22
212.1728
226.5279
206.6874
215.4653
213.5988
197.4486
214.6594
193.3189
223.2706
215.7102
218.1656
219.6424
205.3703
193.2131
199.7448
206.9844
208.1911
234.6353
205.6
231.4335
211.2539
191.009
185.7411
208.5975
214.4966
205.8304
204.9267
222.9955
195.6617
218.1984
212.1396
207.4989
219.2083
221.5051
226.0483
197.0575
214.6862
197.3779
213.5641
244.3121
220.3077
231.24
222.9056
223.8191
218.1773
223.6663
192.6075
226.8963
214.0188
213.1547
204.0976
212.0997
195.7743
205.0924
212.6068
210.7673
215.9185
229.0567
198.4908
199.577
212.5329
214.1057
191.9586
218.6281
201.0825
217.33
221.2662
221.6695
223.1407
204.098
211.4233
215.4818
202.8209
214.8041
189.5368
188.4766
202.8031
206.8534
192.5879
235.7746
204.8562
200.5994
183.3748
170.314
214.0518
202.0498
229.3919
222.6092
214.3694
197.5525
208.8653
239.6825
237.8915
221.9997
201.8914
206.765
224.4743
200.7165
204.8915
219.4172
204.7443
216.3754
200.4564
210.3275
226.4345
219.112
211.5261
210.7037
216.9093
201.0344
193.8995
221.17
225.1939
230.3914
207.0087
195.289
215.4012
203.7026
209.94
213.5525
225.4248
218.1015
203.1745
193.3184
237.311
214.1737
206.3446
205.7257
216.3276
197.6298
219.7057
225.147
218.1621
197.3797
210.6402
204.949
213.3424
194.3099
229.4
203.9355
191.898
219.0808
231.1418
211.1384
201.7825
201.9213
230.541
203.0081
198.005
215.8027
209.7718
214.4171
204.5086
199.4338
214.1342
214.9975
205.9245
192.1533
232.9897
200.8485
205.7394
219.6094
213.4716
205.0796
212.7789
222.6902
204.6586
184.3584
201.3443
207.8253
190.267
207.4068
240.7727
195.0261
190.7018
218.1182
213.6788
220.329
196.2814
210.6078
203.492
201.5549
183.1675
211.1545
206.6703
211.2312
210.8913
205.9515
227.5679
221.027
186.1172
222.9294
221.2162
204.1694
189.3902
199.8572
237.4764
221.7878
225.0811
219.2174
191.1849
224.1881
208.2571
206.2358
223.1967
208.7179
215.9357
222.8495
207.399
204.454
229.0995
212.3894
223.2519
218.169
199.2276
204.6716
192.7222
196.7932
229.2705
229.3208
198.7596
192.7832
247.4988
219.2398
193.066
213.8408
215.8822
218.7109
205.6552
208.544
221.7044
236.4612
218.1162
201.8129
196.0154
205.3777
192.0397
194.3103
188.7531
213.4078
212.011
217.3817
191.8008
204.3858
220.6376
194.1101
218.5408
246.8061
200.3075
222.5629
211.9999
209.4951
188.3075
218.5367
200.6496
216.1631
212.0055
199.7978
227.057
174.4785
218.5203
231.4317
192.7867
180.5638
218.7981
220.4799
203.9368
204.1745
223.5228
231.7854
207.9435
182.5308
212.8738
205.8766
191.5798
214.407
205.8884
226.9391
209.3891
200.3526
192.7833
203.971
215.8948
210.9182
207.9278
225.2999
208.6903
201.3244
210.5473
186.9335
234.4044
184.2074
208.963
194.8458
232.6422
206.725
193.2419
205.9157
211.5182
206.2599
218.372
209.2176
207.536
195.9089
206.4881
174.1642
200.2053
208.2511
206.4648
208.8295
186.6366
218.7235
214.6469
214.6165
203.0555
223.5717
208.9999
197.5444
210.6962
221.8719
220.0969
199.0349
199.096
207.4861
200.5529
213.2139
208.7264
211.1816
227.014
189.6677
194.4018
210.0145
199.0844
193.6296
221.9649
235.3656
217.9834
206.0407
201.8395
229.5537
223.8773
228.4419
218.0065
204.9682
196.0122
217.4707
211.3692
222.7673
216.1983
185.5505
205.5712
208.3316
201.6506
200.3641
222.9371
223.5401
204.4826
219.6177
214.21
213.6204
209.0936
215.4935
207.0992
194.2721
206.5496
181.9503
222.5019
215.406
186.3523
196.8197
211.2029
201.1575
207.1013
215.5932
216.8181
221.4407
221.4064
208.626
226.0235
215.6364
186.5624
194.9559
226.2786
207.7111
197.0497
226.7555
204.3609
223.0193
219.2315
195.3119
219.1301
182.3947
214.8841
219.5934
209.7438
213.1848
216.7485
210.6806
198.0922
234.5993
208.9677
220.4681
220.9667
215.8127
229.5405
204.5844
209.3993
228.5041
207.9108
199.2387
204.0361
181.6808
198.2839
209.6184
216.1192
222.2006
221.1605
223.6321
204.1174
230.0361
204.2909
195.1916
212.4798
196.7331
197.82
206.2523
196.3863
210.0478
210.1262
202.3148
204.4413
200.9034
197.7537
223.9265
199.4154
210.783
208.7324
219.7275
195.3416
206.0139
227.6564
203.6457
201.209
194.4891
227.1019
218.4539
209.2773
196.5642
206.2873
205.1802
216.6535
210.9663
202.9358
214.6573
207.5192
220.1894
187.7863
207.618
187.2601
205.8488
224.7191
206.2667
187.1681
201.5536
217.1112
209.3741
202.5436
203.8803
220.4225
207.0675
192.2445
198.0331
185.2363
186.0615
205.8353
208.5585
210.5067
222.524
206.0321
218.3076
218.0685
187.6262
220.4103
215.7835
184.4673
225.022
234.5976
211.0914
213.2289
202.6412
211.5059
181.0447
216.1662
191.1687
196.8957
217.9765
205.0997
221.3134
202.9076
208.3619
192.5315
205.2957
206.9314
208.8377
213.9884
207.7683
204.7774
198.2938
219.5812
192.6881
238.5952
199.6923
214.8252
210.382
213.4907
237.8985
208.4858
213.1319
207.2443
197.2703
205.3222
218.7949
202.3913
208.757
183.4177
230.1082
211.7635
253.0727
221.8163
198.2322
212.6411
224.2818
196.828
218.2773
224.185
212.872
203.9137
217.772
214.2461
183.2306
199.5831
232.2573
201.7121
205.6164
200.8202
212.8523
208.1817
200.7081
208.0638
217.7525
213.2561
205.1237
204.2657
195.7167
188.9422
217.7813
198.184
214.5781
204.912
217.3743
205.5536
181.5842
210.2604
216.8576
224.8222
208.014
195.0511
214.2797
212.1373
195.8886
220.7059
225.1257
221.8719
204.399
190.0491
215.7596
222.3314
208.3569
217.0284
199.6814
222.4181
211.0975
229.8118
241.8313
202.0151
215.0086
222.9755
223.5325
216.7253
202.4019
218.8946
223.2346
225.9802
213.2419
205.1566
208.0706
210.5739
204.1672
205.4995
221.1033
214.0554
222.9664
193.3691
217.6309
187.661
213.8286
207.6832
215.6594
211.7223
224.3755
211.6421
186.036
209.2567
200.2085
200.1074
198.49
204.092
242.7648
200.5715
222.3228
235.3743
223.7178
190.5901
205.7634
200.8122
225.5603
211.1115
206.9705
200.8108
201.9865
213.3125
206.4082
197.0992
230.8076
212.7893
211.2692
205.0671
196.0019
210.3889
218.6746
213.6476
204.1147
198.6737
222.2931
200.265
224.1624
228.1125
217.1735
218.7177
241.1728
186.7501
196.961
195.9275
205.5891
211.4269
199.4313
202.2136
221.8418
191.6955
208.568
222.6855
229.675
204.8577
195.4685
204.4353
205.9135
201.6316
199.0607
218.1485
219.4067
193.4744
223.3913
208.7625
220.9209
200.7646
213.5809
194.7008
210.2372
202.003
210.2082
211.8547
192.5507
223.8348
203.6427
207.4104
211.6194
209.016
188.3188
218.8646
216.4534
193.5018
200.0606
213.0744
210.9122
198.5605
203.4107
201.4711
225.1131
225.595
184.7074
206.5255
237.2692
201.8852
187.7058
206.8063
212.223
216.5102
207.0808
227.1447
203.6937
236.9516
211.8562
183.2781
192.811
197.6795
199.5557
214.179
212.0045
187.2661
204.8033
197.1279
199.4237
221.0936
205.5638
217.1943
200.6068
224.1688
224.0331
210.5416
220.0198
212.2825
179.4371
210.8674
219.7304
207.7596
220.0028
222.5028
185.989
208.2531
187.7967
235.9475
210.9408
189.7778
213.9389
208.149
210.3849
228.7741
199.7554
202.1333
205.0024
216.4657
214.3983
201.2817
214.8688
202.2846
221.6113
193.917
208.9727
227.919
212.823
226.9653
198.681
216.7637
220.786
194.163
180.7746
208.8436
221.3937
217.165
210.7287
191.7409
209.9745
223.2961
199.6441
219.0401
216.7392
202.7015
221.6058
220.7873
183.2433
229.286
219.5413
224.1938
212.2813
209.2925
213.2377
216.3084
203.1326
218.5009
197.9106
211.0889
211.5407
203.6815
209.9401
203.8912
217.6233
198.938
199.5646
222.5996
183.9073
217.5751
216.2312
217.4512
206.6886
198.654
193.0329
210.1832
197.6077
211.7601
205.9337
220.7519
194.7868
212.1979
212.9019
197.8158
215.8911
193.1582
206.7755
224.3262
211.2311
209.0994
184.9117
195.7132
206.9344
207.6354
190.8341
206.0677
211.4772
194.3758
205.8569
223.8639
181.7855
201.9214
172.3603
208.3147
214.8228
209.0602
189.5951
219.9397
210.4167
192.3699
194.2409
216.1895
203.5569
221.4436
213.4914
198.366
204.6258
189.8117
194.9129
191.0034
223.9361
197.3485
203.2315
206.1247
215.0452
194.9902
193.3895
218.1665
215.1481
204.232
212.1574
201.5699
208.8136
213.4699
217.4645
196.556
199.1179
198.6692
231.7882
180.8219
215.6925
225.6415
204.6172
217.285
202.3185
215.6069
207.3945
193.554
198.4305
192.2048
244.5967
223.4565
236.3587
200.8144
188.9919
225.4214
230.2375
219.1484
217.0927
207.3663
194.3467
223.9798
198.8483
207.8228
193.4385
218.002
210.261
201.1401
202.4918
228.5976
197.0866
212.9618
188.6339
218.2493
206.5558
226.334
201.5632
209.3476
215.8244
207.5727
226.5758
196.5525
205.616
199.9091
227.0978
210.2368
177.8571
214.3706
209.2634
193.2709
219.3513
194.1389
226.8369
212.9387
207.0049
212.5142
207.639
197.3134
206.1087
196.2802
198.1379
199.789
188.4529
203.0411
225.9208
226.8218
207.1623
208.5023
216.7767
197.4727
202.7643
198.2723
196.9091
198.6964
204.9428
188.6132
202.5497
215.2806
193.0857
232.835
212.7399
202.1955
220.6792
214.5847
197.1883
231.0986
193.8021
212.9348
222.5757
218.4447
199.5401
194.6098
216.033
220.8523
217.055
231.4925
210.4866
212.5299
184.7956
217.7685
224.6364
197.6088
211.3822
218.2282
208.9475
209.2602
213.5014
226.4201
190.3724
208.6718
222.6612
223.3686
213.9417
242.6758
235.9096
193.1154
225.7662
217.9399
214.4098
217.9248
203.0086
227.4492
210.7855
201.9365
196.6428
220.8125
183.1852
209.4193
212.2242
215.6919
222.2957
229.2054
217.22
227.3112
207.818
226.7722
209.2435
197.902
198.374
216.4256
181.5253
235.5179
229.3344
210.1204
213.6072
228.5752
200.6938
216.9611
194.8244
205.5666
201.2856
217.4496
223.2459
201.2562
207.7592
197.46
206.3863
187.3073
219.1379
221.4434
221.8007
203.2383
216.1437
224.5325
206.3218
194.7252
199.0283
225.9543
194.1228
196.1022
203.295
215.0399
183.2461
207.8342
217.7062
212.9462
202.6505
213.9233
201.8166
199.0668
211.806
213.9009
211.9706
207.9331
212.19
213.2955
229.2156
206.2096
213.3303
206.1244
225.1873
209.2434
216.9713
178.141
216.0282
220.4027
179.1756
220.143
201.3842
205.7283
243.7664
211.9808
202.1943
205.4481
204.2583
190.8974
214.2216
199.4034
204.6958
220.6434
207.6322
207.4749
218.8027
219.3996
215.1927
205.3162
209.9107
200.9103
194.4008
203.3626
211.7117
210.7666
207.5769
210.9183
205.8133
205.9231
221.1034
222.8801
226.4242
181.9656
203.7234
213.2743
203.0142
212.8857
215.8455
213.1095
209.8206
198.7498
236.7222
220.0351
203.5004
187.3008
196.0494
214.3606
221.5253
188.1078
197.7504
226.2266
190.272
201.5472
194.6976
205.8092
213.6971
186.1048
204.6763
208.06
198.6316
215.3924
200.8788
191.2519
204.3615
211.709
200.3601
223.2292
224.0421
205.1864
185.4889
229.1057
192.8393
211.3938
207.9121
215.7658
216.6644
206.3926
218.4544
200.0967
213.8624
201.9287
201.868
210.4378
220.9028
202.8304
209.6308
202.0204
210.8875
198.2877
195.2531
214.8843
210.5774
232.5539
196.0989
195.2462
215.7893
201.7261
207.6462
202.1956
202.0155
198.6094
210.8676
225.62
217.7436
202.4956
208.4975
195.3392
220.7107
206.2871
227.4353
235.7228
188.4723
213.4753
223.5137
202.7636
240.1274
211.4984
198.4317
195.8513
211.2856
172.1003
203.0329
222.3592
215.0362
206.3172
215.4568
224.5372
203.1298
211.6629
210.1594
202.7516
216.258
227.6936
204.3614
215.2591
188.4215
207.6641
172.0636
178.9339
189.1586
205.519
180.5939
196.1159
199.5278
214.8881
203.4683
213.1267
202.8672
214.9891
220.4794
202.6707
202.5782
197.6529
201.0196
192.8424
210.8733
192.2529
180.9706
203.0575
217.1928
209.6335
202.3363
190.5906
218.6004
216.1771
191.7587
205.2616
208.8363
199.5706
215.7019
206.1321
233.9669
216.9093
223.5536
209.3361
216.7813
212.0166
222.1451
211.962
206.1026
216.4246
230.147
195.9033
217.3804
199.6596
210.9292
189.2253
204.5434
230.6779
208.9102
220.7055
201.1714
199.5816
225.6867
235.2208
208.5218
223.4191
240.3392
208.7469
184.4201
201.2963
199.5925
222.795
196.8723
200.7311
196.6755
200.5137
213.2228
218.772
202.1812
219.9953
211.4155
205.9609
202.5325
223.9316
205.4644
221.7216
196.4036
210.8841
211.7741
218.391
218.7908
207.1393
230.9491
212.213
215.251
206.8035
213.7295
204.7128
223.4222
221.9815
210.1738
203.0545
202.1017
228.7202
202.9561
220.541
214.4946
216.6421
223.2079
214.5639
210.277
187.08
182.0858
212.362
212
236.6937
214.4351
209.6661
211.267
217.1439
207.2853
212.2871
206.5111
207.3622
226.2567
222.7722
210.1742
229.2828
224.5498
230.5007
224.4104
200.3613
200.785
194.0299
215.2426
214.1551
186.5423
205.894
214.8384
236.6082
193.5432
208.9725
206.7985
198.7283
204.7459
214.2341
221.3397
213.9774
213.8722
201.4889
215.961
223.9488
220.538
201.5863
216.8315
200.7827
203.5411
231.4431
186.8118
225.9981
195.6622
199.9468
196.2663
209.7674
198.4997
207.4624
227.9047
202.206
220.1477
214.8992
198.8793
215.4926
215.1257
220.6768
169.5034
181.6494
197.8808
215.4783
203.8499
234.3215
222.4991
224.0515
205.3884
223.0036
217.1935
198.8266
199.172
204.7078
215.1707
219.2653
238.9445
216.1683
219.3751
235.4685
230.9271
209.8359
216.8843
206.0299
201.3117
208.3178
220.4662
192.0695
196.2488
208.8303
216.4541
215.7821
212.5286
220.9801
214.8094
207.1646
196.5886
203.5508
235.2787
212.3157
205.7765
223.5996
203.0364
200.3274
192.5172
204.5561
205.2963
214.1785
201.5653
215.6438
187.2801
225.8329
222.9251
220.0187
221.7382
195.4317
213.6477
206.6037
221.7354
207.6424
211.2232
192.0019
202.3384
210.6752
213.9525
209.3261
215.8336
198.2693
220.7581
211.876
217.9041
197.138
203.8963
213.3393
202.5873
200.1835
198.1488
214.6325
233.1358
203.5815
219.0628
214.642
200.371
222.3407
210.3105
202.78
206.4935
216.9747
200.0026
215.5778
200.458
217.9636
209.9467
194.2662
219.0106
211.661
205.9733
192.2578
225.3545
222.7043
208.9736
207.0502
213.7134
192.9838
223.1702
248.6769
210.2524
210.4277
202.9526
202.454
219.662
203.6417
228.054
221.9474
216.3119
214.2285
219.1916
186.1211
226.5921
213.0495
208.141
200.4645
213.2106
215.8321
217.5932
243.4896
197.0458
211.296
196.3005
204.6236
209.1641
216.1359
196.7469
219.8746
185.8084
231.6781
205.2755
195.4922
207.7091
202.2233
193.5801
199.4542
200.8995
202.372
192.2977
229.0589
208.8765
230.0473
218.9672
192.5153
215.0211
213.9286
192.9805
188.3594
229.1831
183.7408
211.2133
221.3774
194.6128
219.3277
219.0991
203.0096
203.1545
209.9612
210.2688
215.7003
203.6877
214.033
185.7164
220.9821
209.7604
192.0672
202.3306
217.4286
200.7679
203.1334
195.1371
201.5621
215.3079
214.0472
204.0391
200.0794
204.281
218.1405
210.3535
204.1929
203.6416
195.6013
188.2408
229.7029
204.7144
222.7716
180.1374
205.8485
203.0263
205.7732
222.1359
196.548
206.9291
214.9951
210.8648
207.0835
221.1913
229.6892
235.1797
219.8829
201.0515
222.2931
209.2775
184.6073
202.127
207.3606
229.5001
185.7184
201.1432
214.4931
218.7001
189.6119
203.1159
231.6522
222.7729
222.3116
183.5805
232.2948
221.8323
200.4092
222.0499
238.4637
208.934
207.2996
193.73
221.4161
208.3965
209.081
223.5024
193.1055
209.8538
197.5247
213.2008
225.5727
204.2195
214.1192
192.4527
198.4985
232.5069
226.506
197.0194
204.5193
209.253
213.2512
192.7748
211.6309
199.4289
212.2579
224.6811
202.0222
187.9386
196.1906
215.5485
210.8446
211.5381
203.2875
201.5503
220.5636
229.987
205.3508
214.8415
207.3823
210.5467
206.3124
189.4655
213.0207
197.3012
205.5063
221.8935
222.5118
222.3915
213.2577
221.166
206.2893
215.9684
224.8185
205.6047
216.1549
214.1104
221.2901
215.4915
211.0802
208.3853
207.7513
204.4673
197.4621
214.9323
226.6584
222.4879
212.0188
220.4023
201.1397
215.9526
215.299
188.4608
202.5349
212.1604
206.0931
216.5578
212.5762
224.6664
215.9208
210.1641
222.24
218.996
210.084
