0.07167437
0.09527471
0.04271917
0.1029456
0.1029046
0.06947615
0.08663892
0.08150054
0.04866402
0.07414285
0.08781687
0.06740504
0.04110522
0.06562874
0.08444588
0.06876096
0.07321662
0.1056967
0.1258176
0.1230694
0.1235225
0.1015082
0.1036578
0.09059607
0.1030038
0.07992102
0.1067551
0.08419959
0.1228316
0.08246141
0.1072533
0.1123644
0.08041571
0.1025261
0.08865466
0.1003044
0.1203496
0.1071391
0.05947696
0.0913045
0.06653136
0.116641
0.1000869
0.08172411
0.0891433
0.09901297
0.1327437
0.119301
0.1030858
0.1399001
0.09678698
0.07249013
0.07463619
0.07962088
0.08008152
0.08094958
0.08189652
0.08447006
0.08680303
0.08359733
0.0616681
0.08155414
0.04947264
0.07072533
0.08432965
0.07650289
0.1094125
0.1117575
0.08787797
0.1012039
0.09351654
0.08550854
0.1198737
0.0956548
0.09850946
0.1120556
0.09663221
0.09780353
0.07353383
0.09736958
0.07142972
0.07105115
0.1047034
0.07990321
0.09582597
0.07921821
0.109013
0.07924854
0.09701876
0.0567636
0.09963869
0.09230539
0.08049343
0.07479127
0.04929158
0.1211475
0.07367247
0.08963434
0.1008336
0.1026184
0.07462151
0.07963524
0.1155952
0.08734127
0.08895177
0.09738398
0.09753008
0.1027722
0.09812873
0.08673627
0.06891835
0.1044728
0.1032666
0.08981915
0.1057424
0.08362664
0.07149534
0.0944841
0.08273325
0.08664572
0.1025576
0.08320874
0.08464295
0.08356096
0.06893249
0.04948504
0.08242715
0.06408588
0.078804
0.06897734
0.08621476
0.065122
0.07907913
0.07179213
0.07574187
0.1180053
0.073984
0.08981341
0.08176679
0.09028577
0.07818054
0.06119338
0.08102008
0.07332174
0.07236179
0.0747295
0.07530119
0.1180925
0.06894959
0.1021617
0.1058969
0.06566324
0.05860194
0.07008512
0.04972449
0.06297253
0.05861814
0.09113675
0.07065216
0.09211716
0.07550108
0.05433596
0.07735648
0.07052618
0.06221322
0.08817501
0.06044284
0.05497015
0.04343903
0.0770032
0.09226887
0.07841505
0.1009283
0.05672446
0.09376476
0.05674304
0.06409744
0.08236876
0.06461535
0.07992925
0.0811533
0.04469204
0.06992302
0.08804029
0.06709032
0.06718634
0.07547532
0.096027
0.07067205
0.09709534
0.1103051
0.08944189
0.07588802
0.07383624
0.1380284
0.09943826
0.09888166
0.09668386
0.09776321
0.07949455
0.07486098
0.08564707
0.09249671
0.09550712
0.06490205
0.10915
0.1094407
0.08337588
0.09070697
0.06883108
0.1060448
0.1160625
0.08636777
0.1071736
0.1078046
0.112854
0.08037132
0.09870036
0.1115516
0.06935618
0.07843295
0.0858852
0.0672287
0.0821366
0.0938097
0.06963028
0.09164766
0.08392994
0.09269388
0.1146088
0.08592376
0.1179886
0.07787723
0.08797977
0.107796
0.09177765
0.06397567
0.09726356
0.09130129
0.1079795
0.1083634
0.1355156
0.1029257
0.1230694
0.1132628
0.0788141
0.09466838
0.1058934
0.1043073
0.08761319
0.08180202
0.08003545
0.09206454
0.07302393
0.08509621
0.09892622
0.07561931
0.08770739
0.08016905
0.07737549
0.1044499
0.09560967
0.1019548
0.1689788
0.1292981
0.09701906
0.1276201
0.1112716
0.1191493
0.1119075
0.0873432
0.1044917
0.07590928
0.08213161
0.07844134
0.109445
0.08931569
0.08594759
0.09948277
0.08894331
0.07768112
0.09521525
0.1249621
0.1003897
0.09007043
0.07931218
0.1211068
0.09954149
0.07955767
0.1001583
0.08519251
0.07547627
0.08397718
0.1231216
0.09196096
0.08632806
0.07629698
0.1114172
0.08865581
0.1207877
0.1087671
0.09673087
0.1027724
0.1077677
0.09848795
0.09649424
0.09051826
0.0763151
0.08936617
0.08522932
0.0887483
0.07663602
0.1066363
0.1164194
0.07405033
0.1104782
0.08282999
0.08133123
0.05839792
0.06185502
0.0913663
0.1170575
0.06707195
0.09647105
0.1275316
0.09511572
0.1027724
0.1128849
0.1233894
0.09832258
0.08585431
0.08707552
0.111889
0.12605
0.1152145
0.1291329
0.1049973
0.1240112
0.1135619
0.08298643
0.09444381
0.09425356
0.09098077
0.09389936
0.1097835
0.08587188
0.1104886
0.1156055
0.08338418
0.09992095
0.1001201
0.09101722
0.07790598
0.07606529
0.09062787
0.08210623
0.1137534
0.07616999
0.07578757
0.1068674
0.1267585
0.06223857
0.0579675
0.09924756
0.1235934
0.1024439
0.1845289
0.08573842
0.08866676
0.1292213
0.1014879
0.09347525
0.09489009
0.1087699
0.1369372
0.1166089
0.1082075
0.07041582
0.1046264
0.1039016
0.0921693
0.1057692
0.1063198
0.09292937
0.09091807
0.1041684
0.1216153
0.1211268
0.1056491
0.0965825
0.1079218
0.08052337
0.07344597
0.08817156
0.05900628
0.04851548
0.09037409
0.09552643
0.07675722
0.09687427
0.1012134
0.07777557
0.06102009
0.1151443
0.09121347
0.07372988
0.09304329
0.1303638
0.0944939
0.090758
0.08243092
0.118107
0.1153576
0.1217567
0.1389731
0.08223509
0.1066009
0.1278805
0.1148527
0.07707594
0.1388326
0.09770286
0.06890142
0.0937935
0.1042889
0.07563816
0.08290329
0.08976733
0.08228247
0.06667084
0.06159907
0.08165571
0.07613401
0.0786
0.06338269
0.09754982
0.07771166
0.0545476
0.05476742
0.07013737
0.07298102
0.07139703
0.07647556
0.07625058
0.09636405
0.1195434
0.0816309
0.08792853
0.05738525
0.06204754
0.08050361
0.06836482
0.09698519
0.1083743
0.0847723
0.06396648
0.06140596
0.06593596
0.05551921
0.0591992
0.09321587
0.05137054
0.08032396
0.04558648
0.08935998
0.06115785
0.05503451
0.08841228
0.07637709
0.09118628
0.07623486
0.07884594
0.07543629
0.06238871
0.05531904
0.06040926
0.08549748
0.07701298
0.08248908
0.07058756
0.08658918
0.05073169
0.08364251
0.07639127
0.07169319
0.09786683
0.05955337
0.07305184
0.09367258
0.05234268
0.09740852
0.05666321
0.06565669
0.05520737
0.07567352
0.0581666
0.08096616
0.09411221
0.1008982
0.08626081
0.08331962
0.08405826
0.1252699
0.0983024
0.1077385
0.1176349
0.1410825
0.1068307
0.08816721
0.07424792
0.09680463
0.1048028
0.09978199
0.1097543
0.08661073
0.09327723
0.1054236
0.09114823
0.08087653
0.08166265
0.08246581
0.06888836
0.06335467
0.1096337
0.06036831
0.08270725
0.07507241
0.09110624
0.103477
0.09469366
0.1656354
0.08701483
0.1259456
0.07262807
0.09803747
0.08392079
0.0744815
0.07844299
0.05985003
0.07585094
0.08284577
0.07338652
0.07223886
0.0675094
0.08346334
0.05235979
0.06668128
0.05564629
0.073925
0.0776241
0.08924915
0.1126562
0.07832792
0.1064218
0.1053025
0.08622125
0.08666805
0.1253418
0.07793776
0.09027455
0.08849076
0.0996385
0.07867099
0.1100066
0.07782056
0.08228412
0.04854348
0.09527947
0.07883533
0.07642981
0.07856466
0.06805769
0.08862702
0.05446455
0.0776679
0.07957254
0.09204551
0.0936747
0.07854732
0.08196041
0.0829867
0.09646276
0.08706508
0.08071295
0.05878952
0.07215555
0.07428676
0.06640265
0.09250185
0.09016205
0.06451072
0.0630303
0.06469438
0.07501149
0.1137025
0.07706125
0.06896634
0.07196038
0.1042171
0.07789454
0.08361433
0.1540333
0.1374926
0.08202524
0.1055365
0.1284733
0.08053957
0.1006191
0.1156439
0.08016104
0.06260922
0.06751334
0.08675501
0.1311219
0.06592792
0.09113646
0.09624461
0.09620728
0.1194767
0.132786
0.07773479
0.05839192
0.08068876
0.1138985
0.0699866
0.08963509
0.09663816
0.1340607
0.07746629
0.07467436
0.04502365
0.0732258
0.06922005
0.05814426
0.05562003
0.102293
0.06703353
0.08222518
0.05011842
0.08870867
0.06867852
0.07486222
0.09342137
0.08235352
0.07226938
0.05655905
0.06070416
0.0869862
0.0619609
0.1101338
0.08086868
0.1255157
0.08165238
0.07219712
0.08534108
0.08236892
0.09737818
0.09449386
0.09573123
0.08390152
0.08928303
0.07096855
0.08345055
0.1099227
0.1328694
0.09380832
0.07349862
0.08501444
0.07657968
0.0839356
0.08250031
0.09327282
0.114282
0.1690862
0.08571789
0.09357784
0.0843913
0.1210167
0.07302009
0.08652134
0.1099201
0.08858143
0.09101576
0.109123
0.08868469
0.06826436
0.09808145
0.07335176
0.06257751
0.09465112
0.0770845
0.08748508
0.08707544
0.06796901
0.09342824
0.07801377
0.08969242
0.1101904
0.06132636
0.08366374
0.0970216
0.08267973
0.07952694
0.05878722
0.09478561
0.08123279
0.09468629
0.1200684
0.1030983
0.1216608
0.08018088
0.1163441
0.1221013
0.1134279
0.0835942
0.09045609
0.08315096
0.0676772
0.07183543
0.1262211
0.07245783
0.07613087
0.09056577
0.07193145
0.1181119
0.09040408
0.07809504
0.06510417
0.07780386
0.06317574
0.07388569
0.08310979
0.05286404
0.05678905
0.07500497
0.09528511
0.06011655
0.06505705
0.07477846
0.0622852
0.10661
0.08614952
0.09399825
0.07749388
0.08570908
0.07751117
0.09859883
0.1027149
0.08762979
0.08902447
0.09321363
0.1043751
0.1151918
0.0891691
0.0868339
0.07553617
0.1000854
0.07426537
0.07142818
0.08351606
0.07200465
0.09902879
0.07278386
0.06393031
0.1020329
0.07710463
0.08470767
0.1045817
0.07155493
0.057111
0.06243481
0.07713276
0.07670082
0.1116416
0.07401074
0.09704041
0.1523035
0.102599
0.1148214
0.1006652
0.08491575
0.09768749
0.1197667
0.08527736
0.07199699
0.1146239
0.1030566
0.0748227
0.09122966
0.1262687
0.106385
0.1172047
0.08307344
0.07920468
0.1088762
0.09625493
0.09133496
0.09064511
0.1051995
0.07570856
0.1098065
0.1002031
0.0992597
0.06187539
0.08614041
0.07573344
0.07093464
0.07005479
0.05580189
0.08294442
0.07181046
0.08288349
0.07036454
0.05458558
0.08086151
0.07285406
0.06369836
0.08576348
0.06482752
0.07555065
0.07345768
0.08607243
0.07453128
0.07339394
0.09470476
0.06695712
0.05867687
0.05695518
0.08020887
0.0809163
0.1107964
0.09241892
0.08455052
0.09601199
0.09759909
0.08539768
0.077948
0.1032262
0.09938801
0.123797
0.1029603
0.09728756
0.07880453
0.06969783
0.07282388
0.09376315
0.08466412
0.09053673
0.06831433
0.09673712
0.08214642
0.0901066
0.06682855
0.07282081
0.07411883
0.08659288
0.09025762
0.05715885
0.06462273
0.08803162
0.1054159
0.06242011
0.08625637
0.07569733
0.06818045
0.08166806
0.07299799
0.0992832
0.09011439
0.06930789
0.08070684
0.0956097
0.0781862
0.09411007
0.105509
0.09276769
0.08604122
0.1309991
0.1012413
0.108212
0.06450001
0.08916891
0.1101702
0.07640231
0.1162324
0.08667383
0.1121442
0.08193878
0.08926863
0.1134367
0.1002208
0.09191584
0.1013502
0.08319598
0.06297524
0.0616108
0.1008922
0.1198522
0.08688124
0.06501161
0.08646598
0.08512697
0.07836909
0.06915005
0.1066067
0.08245424
0.0683964
0.06146217
0.07558271
0.07185937
0.06317733
0.1185715
0.09332023
0.08069394
0.08853327
0.08420201
0.0696785
0.1021159
0.08206026
0.1178569
0.1244307
0.09730544
0.1285341
0.06595849
0.05496745
0.07465257
0.08780728
0.08226341
0.08539362
0.08355254
0.07084189
0.07092454
0.09291023
0.08616158
0.07958601
0.09589477
0.08343408
0.1030025
0.06572102
0.0589647
0.09929826
0.1210019
0.08006316
0.1109476
0.1023135
0.06205747
0.1205327
0.08785885
0.06232918
0.09298293
0.08203359
0.07988054
0.09411465
0.1081752
0.1073825
0.09674618
0.1064233
0.1141485
0.1045048
0.09690526
0.107287
0.06240273
0.1107619
0.08168849
0.1042525
0.1005977
0.08475972
0.07109003
0.05652879
0.1443399
0.0955236
0.08869689
0.1063869
0.08852267
0.117948
0.1088659
0.1223639
0.06892081
0.06285783
0.08126391
0.08119985
0.09963872
0.06960883
0.08547499
0.08553065
0.05845709
0.07084027
0.05882905
0.06391078
0.05532569
0.07214237
0.09370528
0.0593366
0.05441875
0.09049838
0.07137244
0.07305602
0.06906532
0.07873803
0.06110409
0.09879161
0.05984768
0.07873642
0.07465574
0.05557774
0.06832719
0.09225506
0.08297385
0.04151258
0.05434849
0.06518793
0.1108763
0.096226
0.09410584
0.07457516
0.08911734
0.06079244
0.05406536
0.1053815
0.09648078
0.06297638
0.06268548
0.06969008
0.09956649
0.1143512
0.09305696
0.06230485
0.115541
0.1090245
0.04406847
0.0568549
0.0453737
0.08560925
0.06196014
0.0645309
0.07697399
0.05845979
0.06042186
0.07734257
0.08131665
0.08032324
0.0728065
0.09663473
0.07641933
0.0634972
0.1104766
0.122939
0.06844662
0.1002728
0.1214473
0.1222215
0.07066634
0.09779142
0.09717829
0.07124217
0.09101014
0.08996211
0.09640138
0.09918753
0.07162968
0.07971899
0.06224146
0.06887889
0.06598446
0.08117067
0.06805867
0.04079018
0.08057003
0.09759857
0.07277796
0.08783516
0.0988279
0.07170602
0.07062973
0.07456731
0.1395994
0.08835874
0.0939301
0.1002265
0.06652306
0.08248154
0.07391593
0.08647569
0.1125018
0.1071916
0.09404892
0.1231112
0.1017119
0.112312
0.09630101
0.1051077
0.08387152
0.03615689
0.04829294
0.05224763
0.03588346
0.07097838
0.065495
0.06298722
0.1226367
0.04821319
0.08335541
0.08547447
0.07037766
0.07429427
0.05183099
0.05403508
0.0535916
0.06412414
0.05227233
0.05639412
0.07439543
0.06217735
0.06419606
0.06433188
0.09620711
0.07182781
0.06568605
0.07508921
0.09046696
0.125924
0.10758
0.09526993
0.07146394
0.07100495
0.07511825
0.09018276
0.1119254
0.07532869
0.1277353
0.08619592
0.06761701
0.04836787
0.05979317
0.08831709
0.07139633
0.06819833
0.07984307
0.06419515
0.07623281
0.08720535
0.06975416
0.1079954
0.08096478
0.05984174
0.06548531
0.05194219
0.088074
0.08524575
0.07337106
0.07616996
0.08453498
0.08648357
0.07991093
0.09211365
0.07339066
0.08264694
0.1026046
0.1085738
0.08766187
0.09461735
0.08288007
0.07537519
0.09123712
0.04943561
0.106952
0.08951057
0.07621047
0.06914405
0.1046278
0.07081598
0.09211524
0.1219479
0.1187075
0.09316792
0.107561
0.0643675
0.07906168
0.08696231
0.06696909
0.08490057
0.07290505
0.09519615
0.1514536
0.06865565
0.1182109
0.06930814
0.08131307
0.08176884
0.06588073
0.09762769
0.1086985
0.1189253
0.1132634
0.1274767
0.1027537
0.1002324
0.08420242
0.06978619
0.07861414
0.1142642
0.07456907
0.08787197
0.07019027
0.08207776
0.1062704
0.1316041
0.09131794
0.09670568
0.09156246
0.1061168
0.1170908
0.1314307
0.11988
0.107971
0.06207783
0.1216661
0.1041843
0.06545571
0.1018172
0.1157728
0.1166572
0.09697114
0.1130671
0.09154822
0.09024421
0.074364
0.08346736
0.06512659
0.08157783
0.05264462
0.05420547
0.05534869
0.08125514
0.09214701
0.1011831
0.09694876
0.1181408
0.08130267
0.1272773
0.0654628
0.1114062
0.08165252
0.1145618
0.1031226
0.1313688
0.08851617
0.06383273
0.09869667
0.06433074
0.1001534
0.06457293
0.13026
0.08421556
0.1071703
0.09948321
0.09001437
0.1265417
0.07939327
0.113121
0.1112747
0.06091846
0.06627578
0.05740024
0.04945163
0.06421722
0.09641921
0.06503114
0.07779159
0.06895392
0.1051709
0.08317172
0.08894988
0.08317154
0.1097248
0.06683781
0.06390667
0.06657724
0.1201768
0.1019219
0.1190172
0.09413801
0.09477905
0.09183434
0.1034088
0.08997663
0.1012255
0.05618078
0.0979895
0.1025365
0.06722008
0.09055335
0.07828402
0.1099067
0.09351825
0.06338287
0.05265825
0.05186545
0.0570023
0.06035533
0.05444115
0.09341243
0.08695475
0.1010458
0.06809672
0.08364289
0.09047766
0.06521403
0.05977946
0.0775063
0.06495795
0.05867104
0.05847014
0.05818394
0.06540139
0.07864766
0.09830046
0.07810356
0.09904656
0.1113666
0.0836644
0.08637205
0.1254392
0.1017907
0.05007744
0.06920678
0.0944497
0.1375691
0.09115834
0.09273201
0.08253887
0.0982272
0.1187985
0.06995623
0.09213387
0.1173203
0.126626
0.1250829
0.09973873
0.1027898
0.1086141
0.1091615
0.1012558
0.0965667
0.1029403
0.1005648
0.06815015
0.04856698
0.04723084
0.06030859
0.07882113
0.05621158
0.06168437
0.09232863
0.1004528
0.08205124
0.06940036
0.06109619
0.08748731
0.07035217
0.07679517
0.08727874
0.06742229
0.0853769
0.1011613
0.05664027
0.08841913
0.08640731
0.08971986
0.08283126
0.07519545
0.1194789
0.07839696
0.1041436
0.09468569
0.1117401
0.09606052
0.1083744
0.1065382
0.09992324
0.06688877
0.07916536
0.07793027
0.07555321
0.08948747
0.08408862
0.115666
0.1090614
0.09276472
0.09935496
0.1062289
0.1191121
0.09919513
0.0979912
0.1175361
0.08732161
0.09351678
0.07990976
0.104242
0.08730275
0.1114231
0.07379359
0.1036586
0.09070876
0.0773939
0.07844607
0.1118726
0.08233432
0.1108075
0.06251572
0.09294521
0.1332356
0.1295176
0.08607685
0.09678387
0.08291454
0.06670221
0.05936275
0.09369406
0.06398095
0.05340043
0.0826139
0.05862603
0.0624872
0.1120157
0.1285713
0.08401964
0.1026681
0.08081025
0.08431308
0.1140473
0.07064116
0.1168495
0.1065326
0.07972987
0.08740992
0.1050205
0.1110067
0.1025507
0.1039212
0.1173633
0.1031851
0.1151648
0.07067386
0.09019039
0.0837254
0.1128246
0.1032126
0.1072981
0.0604881
0.07612458
0.07367066
0.07024687
0.0842818
0.09137842
0.08810429
0.07757118
0.1065291
0.103928
0.09862464
0.1430079
0.1267795
0.1157422
0.09468496
0.08500302
0.08571349
0.08318981
0.1122556
0.07242292
0.1030343
0.1263045
0.09385468
0.07666528
0.09713528
0.07083896
0.08169423
0.08586455
0.07427245
0.07532959
0.09049489
0.07915204
0.06668088
0.09204403
0.06814944
0.08991354
0.08190874
0.07848806
0.06208873
0.08489489
0.0915
0.1173876
0.08761985
0.09635002
0.07079268
0.08762881
0.07966
0.1137052
0.07936518
0.08689378
0.1130415
0.09944681
0.07606198
0.06572126
0.08708214
0.0632723
0.07022283
0.06925779
0.07513378
0.09476756
0.07104565
0.06071267
0.08031258
0.08446209
0.07804515
0.04998211
0.07647876
0.0873522
0.07504791
0.07196387
0.08849371
0.09974186
0.09421659
0.0868631
0.1660553
0.1037643
0.1047322
0.1072646
0.09231775
0.1142636
0.1414042
0.1362914
0.09274636
0.09513975
0.09978044
0.1334278
0.115641
0.07730721
0.09709631
0.09258237
0.0986975
0.07853795
0.086237
0.1386684
0.09382946
0.08507924
0.1293113
0.079747
0.08946018
0.1065882
0.1272414
0.1137275
0.09261163
0.08629745
0.07952388
0.07086713
0.1169174
0.09085419
0.08144826
0.06338921
0.08688779
0.07430174
0.1170621
0.07978251
0.08518276
0.0578955
0.08624444
0.08218756
0.07636387
0.05918746
0.1521773
0.08606498
0.07365752
0.08044944
0.0822055
0.09961391
0.07521296
0.07093169
0.08815286
0.1058866
0.10545
0.1091861
0.1319974
0.1057664
0.08487166
0.1127714
0.1155068
0.1347017
0.1228663
0.1064215
0.07438651
0.07953638
0.06857214
0.07646664
0.05048334
0.10603
0.06882363
0.06233066
0.0611602
0.06540332
0.08404794
0.1126833
0.08762991
0.1165814
0.1059489
0.09970331
0.08381927
0.07428617
0.05085348
0.08017192
0.1062247
0.1155484
0.07781931
0.07902766
0.06913234
0.1093008
0.08127178
0.09401369
0.08819724
0.07935863
0.09909433
0.0788899
0.1202209
0.06797267
0.07172511
0.08447295
0.08458493
0.1123008
0.1024038
0.072682
0.1103222
0.08428911
0.06883288
0.04999167
0.05501483
0.08992735
0.1170799
0.09345593
0.117643
0.1169752
0.1077716
0.1070594
0.1012115
0.1094012
0.1002387
0.08348229
0.05738437
0.08489168
0.092193
0.07676869
0.06723432
0.06067283
0.06683909
0.08732898
0.1411434
0.1214497
0.1005148
0.1163849
0.10191
0.1359101
0.08321572
0.1069541
0.1312062
0.101026
0.1187353
0.1261573
0.0899218
0.06120579
0.1086807
0.08443942
0.0669144
0.08055965
0.09312057
0.07287157
0.0750245
0.08408844
0.09961082
0.1048632
0.1000764
0.0976903
0.0818529
0.1154735
0.1406698
0.08909893
0.08342907
0.08798973
0.07534519
0.08851209
0.06303111
0.07996413
0.08023867
0.1006053
0.1036036
0.07460585
0.09312352
0.1016896
0.09049398
0.09961345
0.08097695
0.07330639
0.04033994
0.06756541
0.04815055
0.05103923
0.04479273
0.06659334
0.1378933
0.1235343
0.1078831
0.08755611
0.1037611
0.1073779
0.09775016
0.07368225
0.08620278
0.1145775
0.0879233
0.08925435
0.09774888
0.08388177
0.08275067
0.1201192
0.1157121
0.07306099
0.09182158
0.06662008
0.05819314
0.09569099
0.0863477
0.09531624
0.08867626
0.08578256
0.07049544
0.1048083
0.06121011
0.06049885
0.07873309
0.07861411
0.1157449
0.08083209
0.07548271
0.04886728
0.05709947
0.08800543
0.09370347
0.0799217
0.06869875
0.08404145
0.06140522
0.09489614
0.05533583
0.06958792
0.06173747
0.1000984
0.08397679
0.07887439
0.1178998
0.116741
0.07088234
0.07827557
0.1098578
0.05179836
0.07329735
0.07851935
0.0712609
0.1031185
0.06536386
0.07859454
0.1126743
0.09918122
0.1033982
0.1062159
0.07015905
0.0737739
0.07810956
0.07306439
0.07959121
0.09141649
0.08882633
0.08090123
0.1000954
0.07898257
0.06802634
0.1027723
0.1232899
0.1150109
0.07165974
0.1257651
0.09355462
0.1164679
0.1185866
0.1065389
0.08905992
0.1135765
0.08707839
0.09040918
0.06510766
0.08190696
0.1189241
0.08311628
0.07884312
0.08644819
0.107694
0.08549729
0.0910481
0.1440808
0.07308172
0.1218051
0.06425269
0.08716889
0.09396352
0.1045482
0.07844343
0.1218746
0.09582722
0.08486259
0.1015882
0.09824579
0.0995698
0.07745725
0.09399504
0.1262814
0.09837667
0.114681
0.08944277
0.09752665
0.09113992
0.1074113
0.07629075
0.0979251
0.09050513
0.08210953
0.08306727
0.06483876
0.09325155
0.09136583
0.06857223
0.109652
0.1012391
0.07804647
0.106268
0.08804241
0.0923529
0.107681
0.08489497
0.1143289
0.1034044
0.08119567
0.111343
0.09470649
0.075848
0.08135606
0.06639124
0.1193802
0.07388297
0.0734175
0.08914794
0.09360497
0.09925874
0.109749
0.1177415
0.09703955
0.09054892
0.09507091
0.1067318
0.09404006
0.1003056
0.09338032
0.09230964
0.1094601
0.099938
0.1143417
0.07183674
0.07227521
0.1098512
0.08495443
0.088697
0.08627028
0.087469
0.09601261
0.1039587
0.1096713
0.06191118
0.09658849
0.06500589
0.06007014
0.06892075
0.08104257
0.05920774
0.08294794
0.07807916
0.07612352
0.1209948
0.0945409
0.107076
0.07600177
0.1196759
0.08507391
0.1154012
0.06162972
0.08360349
0.1286123
0.08493464
0.09824377
0.1257737
0.08703123
0.09560932
0.09531701
0.07425121
0.07793602
0.08228781
0.1044086
0.07308035
0.1044021
0.07011594
0.09574874
0.0610091
0.1083669
0.07800405
0.06625954
0.1006533
0.07826722
0.07850332
0.08140268
0.06599123
0.09297213
0.06808595
0.09006033
0.08191083
0.1008466
0.1009427
0.1262633
0.1106757
0.1001947
0.07297569
0.08898559
0.1067619
0.1048668
0.07683897
0.08048986
0.1041729
0.09471483
0.1491742
0.08881194
0.1058553
0.1130989
0.1204379
0.08829599
0.1136738
0.1083844
0.1122748
0.07297244
0.0546905
0.07777714
0.08217903
0.08839267
0.109702
0.09260703
0.07950366
0.09491111
0.07880979
0.1211865
0.07947352
0.1140797
0.1004592
0.1037369
0.1270668
0.09413385
0.06665178
0.08226079
0.06836083
0.08176993
0.06749906
0.05760157
0.06164618
0.06897685
0.09028399
0.118492
0.08328577
0.06581695
0.06537603
0.05726405
0.06867971
0.06489878
0.05206985
0.07352107
0.07806682
0.04692526
0.09914367
0.1017767
0.1057544
0.06902775
0.07853345
0.1358734
0.09537812
0.06990894
0.09500824
0.06495436
0.08217339
0.07082667
0.08118574
0.1001668
0.06913588
0.04973566
0.05797491
0.05423044
0.1026743
0.1078825
0.1011073
0.09875895
0.1413665
0.0928597
0.09828576
0.08972433
0.1046651
0.05718713
0.03946076
0.04567729
0.07136684
0.06064555
0.06443483
0.0684234
0.06682815
0.0785889
0.06988764
0.0537961
0.06749352
0.07438326
0.08783632
0.08296924
0.1165683
0.06929133
0.08482137
0.07087045
0.1038144
0.1232315
0.1415135
0.1231751
0.0932095
0.07332711
0.09405971
0.08050609
0.09540333
0.09614384
0.1158719
0.06679587
0.08165186
0.09399069
0.04536551
0.06036646
0.06572555
0.07187566
0.1053769
0.06573661
0.09294827
0.07327973
0.09204319
0.0889435
0.06321967
0.08821997
0.07798985
0.09859429
0.1094655
0.08492569
0.0951409
0.1151062
0.1069856
0.1057604
0.08266165
0.1004556
0.1082694
0.07539443
0.06277643
0.05252147
0.05062866
0.07812144
0.0759164
0.06430355
0.09424751
0.08197765
0.0869044
0.09940775
0.0968943
0.0816031
0.07884864
0.08856795
0.08228633
0.07846141
0.0577595
0.09825273
0.07974604
0.1185282
0.06526605
0.07901571
0.0958023
0.08279794
0.08826033
0.06514321
0.06176601
0.07517716
0.08153996
0.07667046
0.06462852
0.1085851
0.106781
0.08726245
0.0916842
0.1012941
0.1236323
0.1228971
0.1048498
0.1113821
0.107036
0.04405365
0.05375216
0.1129924
0.1027452
0.07740607
0.07058467
0.1193818
0.1317082
0.1139128
0.09379241
0.09216373
0.06787377
0.06169387
0.05074879
0.0621736
0.07690859
0.06741023
0.07985101
0.09819683
0.0688498
0.06907519
0.07339584
0.06585888
0.05809972
0.06388621
0.0641859
0.08435551
0.1126632
0.09755983
0.07496639
0.09375323
0.06861459
0.08286517
0.08853543
0.09626348
0.08803804
0.1031118
0.1023099
0.09505074
0.07696536
0.06577211
0.0779662
0.09380405
0.06884914
0.05856192
0.06560525
0.1077268
0.09721543
0.07766854
0.07970047
0.08381475
0.0814753
0.0814124
0.05535598
0.08179017
0.07424168
0.08417988
0.1100786
0.1060011
0.1289222
0.1006533
0.09848821
0.09748312
0.08721113
0.1316419
0.0806618
0.07955546
0.08211891
0.08734006
0.05328072
0.05082462
0.09004376
0.07571712
0.07758737
0.110376
0.09875696
0.07234281
0.09688095
0.09902812
0.08806101
0.104073
0.1003747
0.1285708
0.09445318
0.09811229
0.07395295
0.1004167
0.1082021
0.08467329
0.1075845
0.1197998
0.0800533
0.09522143
0.09035264
0.09049738
0.07343655
0.06671
0.1022054
0.08782368
0.07523208
0.05876882
0.07348012
0.06858472
0.1188034
0.09944458
0.13567
0.08153404
0.1049565
0.0842821
0.109147
0.09059169
0.1017227
0.07298741
0.1227023
0.1133595
0.1008544
0.06911374
0.1274929
0.09662575
0.09063761
0.071322
0.09138917
0.09697495
0.08369426
0.05523525
0.06099733
0.0798751
0.1032656
0.1244431
0.0718993
0.1217417
0.07894782
0.1023442
0.09146891
0.07688438
0.1124103
0.09895253
0.09978502
0.06010675
0.08176087
0.09311487
0.08069619
0.08274961
0.09567461
0.0871007
0.07799705
0.1058578
0.1164884
0.07290053
0.08161252
0.08041182
0.05364969
0.05069653
0.04383361
0.0614043
0.07412866
0.07416966
0.06378538
0.07556157
0.07793215
0.1151102
0.06734849
0.07589502
0.06851124
0.07732884
0.09987334
0.08347934
0.1202158
0.08666275
0.05956091
0.09383711
0.07094542
0.06421953
0.0858886
0.07588952
0.07719612
0.09952965
0.06937427
0.06691112
0.08881965
0.06338397
0.07501439
0.1029393
0.08742479
0.1127313
0.08573188
0.07020084
0.08784223
0.1185626
0.09238413
0.1066649
0.06946326
0.1145582
0.08516399
0.07887161
0.09798392
0.1159518
0.08491527
0.1059286
0.08346839
0.06262186
0.09589531
0.0713616
0.08303114
0.1349646
0.08896124
0.09812545
0.09613571
0.08821139
0.108713
0.08730111
0.0704985
0.06678179
0.08603629
0.1015277
0.1098979
0.08718624
0.08210046
0.105445
0.1221679
0.09393148
0.0847337
0.1058118
0.09723063
0.09296982
0.07547707
0.08158741
0.04176843
0.07720887
0.07879735
0.04617502
0.06160161
0.131804
0.09503833
0.1003515
0.09895567
0.1018184
0.06839185
0.08909127
0.07112428
0.1044451
0.09034922
0.08075842
0.113795
0.07576403
0.08756037
0.09145897
0.08164569
0.09708801
0.09584929
0.1013019
0.09560619
0.07819136
0.08818992
0.0644063
0.06459462
0.08205283
0.08765654
0.06530893
0.06159518
0.09055977
0.0752554
0.1065491
0.1151592
0.09560345
0.0927905
0.06439689
0.0739609
0.07795238
0.06743411
0.06622993
0.05368595
0.1161864
0.08518845
0.06814597
0.07035678
0.07578252
0.07970297
0.1089932
0.107163
0.1215223
0.0592373
0.06469553
0.1069812
0.06469401
0.0929802
0.1137932
0.1379078
0.1118328
0.08948723
0.1044682
0.105829
0.09023077
0.07489875
0.09972173
0.08383333
0.08139771
0.09523357
0.06035626
0.06684427
0.06969448
0.1051905
0.08101148
0.07914234
0.05901311
0.1033686
0.09892959
0.08553118
0.1073305
0.04955748
0.08127605
0.09296443
0.1088489
0.08310713
0.08678916
0.07331011
0.07807852
0.08635667
0.09203803
0.1000615
0.1092819
0.1272733
0.1001011
0.07765261
0.09150648
0.07745325
0.06882142
0.06470221
0.07863671
0.1012605
0.09050282
0.09896825
0.1000891
0.0918207
0.09868743
0.07735773
0.09869046
0.1056365
0.08085878
0.1085232
0.1192508
0.06921752
0.07507546
0.06768139
0.07280194
0.07868736
0.1017518
0.08406375
0.09971104
0.09845313
0.09804727
0.09505147
0.1259662
0.1113971
0.09080108
0.1178885
0.1067145
0.1044675
0.1552159
0.1061715
0.08730578
0.1034297
0.1070718
0.0779405
0.09725317
0.1092787
0.1041122
0.09231058
0.08488676
0.07148151
0.09765681
0.08995919
0.09569205
0.06752251
0.08508306
0.08077794
0.08110495
0.05838277
0.1046248
0.109657
0.08919839
0.08912639
0.0881654
0.07088476
0.114636
0.0903969
0.09405789
0.1018977
0.08855133
0.08137447
0.07226281
0.09405161
0.1054476
0.05824594
0.07728762
0.06770316
0.08251587
0.09151195
0.1116095
0.07738092
0.09131884
0.09095124
0.09180566
0.09127839
0.08425421
0.06101083
0.06782151
0.06984369
0.07701509
0.1489725
0.0657268
0.1099519
0.1000986
0.1136863
0.09592253
0.08448502
0.1056363
0.1030224
0.08932489
0.08199479
0.0899162
0.09136341
0.1131644
0.0825963
0.1071749
0.07854795
0.08068693
0.06319809
0.0760394
0.1077368
0.1068152
0.08747618
0.07836457
0.06641239
0.09146763
0.1325157
0.1216236
0.08580384
0.08939491
0.109225
0.1201421
0.1061153
0.08211675
0.05037803
0.08608914
0.07645189
0.08954723
0.09425886
0.08277787
0.09396041
0.1004658
0.1131472
0.08427303
0.07685134
0.1172465
0.09043638
0.07136528
0.05114302
0.070883
0.07115089
0.07837601
0.07551079
0.06928976
0.1112682
0.1112248
0.08800478
0.1053071
0.1283163
0.1013824
0.08462431
0.07689741
0.1039532
0.09666542
0.09157832
0.1139453
0.1106183
0.111893
0.101635
0.09572647
0.09537916
0.1024945
0.08896384
0.08912747
0.1269267
0.1002044
0.08845788
0.1012182
0.1163621
0.08909785
0.126804
0.08557774
0.08660311
0.09903721
0.1064592
0.0871524
0.08904571
0.08897272
0.06625329
0.07731499
0.0800815
0.08487893
0.07792036
0.07904301
0.05658644
0.1115105
0.07747024
0.06129931
0.0734205
0.1240078
0.07955412
0.1147647
0.07304447
0.08674255
0.09899498
0.07505605
0.09787152
0.1192518
0.08814512
0.06005827
0.1397086
0.09246988
0.08329088
0.1255325
0.09132481
0.1031433
0.07941852
0.09201055
0.07160981
0.09835362
0.08738249
0.08911353
0.09731645
0.1167303
0.09069162
0.1231695
0.07717123
0.09876298
0.1019902
0.08658286
0.102663
0.07234444
0.09346082
0.07928358
0.08530645
0.07253402
0.079231
0.0683661
0.09269215
0.07609819
0.08726822
0.09227431
0.07762442
0.06303844
0.09908469
0.1168525
0.06537198
0.077136
0.08917185
0.1140305
0.09860592
0.07268233
0.07553335
0.1198209
0.102916
0.07266594
0.07277906
0.1132568
0.08742539
0.08496557
0.07541392
0.09470021
0.1137531
0.07468205
0.1299937
0.08750245
0.07626553
0.09097265
0.106191
0.1130041
0.1152438
0.1116889
0.09450693
0.09354333
0.103308
0.08487487
0.09714256
0.08765538
0.0907136
0.09132406
0.1066176
0.1174806
0.1121351
0.1415918
0.09298047
0.1280931
0.09929306
0.09782968
0.1182193
0.1191277
0.1068695
0.09560235
0.08480705
0.08069702
0.102339
0.0870541
0.1228505
0.07433666
0.09460681
0.1105847
0.1033061
0.1044415
0.100863
0.08136275
0.07459142
0.07640312
0.0633977
0.05221436
0.06659255
0.09804826
0.08464105
0.07347098
0.06750207
0.06838038
0.09541849
0.07800955
0.07250245
0.05908914
0.08858481
0.08376113
0.09640114
0.06971616
0.0473108
0.05012648
0.03356156
0.07357758
0.0797441
0.07237482
0.08398875
0.1198987
0.08161603
0.08809394
0.1005307
0.09715529
0.09612819
0.1133888
0.09627729
0.09596339
0.1177458
0.08719077
0.1088084
0.07085111
0.1119378
0.07835949
0.1089038
0.1008082
0.07716215
0.1080563
0.1005865
0.09358342
0.09572402
0.07454066
0.09415848
0.1304738
0.1046871
0.08617135
0.09088689
0.1087908
0.09582766
0.1223473
0.1084901
0.07293233
0.09350251
0.07193204
0.08225704
0.09939868
0.09175606
0.1060416
0.1157843
0.1222401
0.0912347
0.09183196
0.1086906
0.06978474
0.08692175
0.07692545
0.1221096
0.1033797
0.07133066
0.08206779
0.08611487
0.05498723
0.09370819
0.07973275
0.09318868
0.08834987
0.08902596
0.07948683
0.08016129
0.1022091
0.08714438
0.06270403
0.05879785
0.04855771
0.08539337
0.09569234
0.1025936
0.08509889
0.08558781
0.100351
0.05287372
0.04982139
0.06957586
0.07670028
0.07239024
0.06855413
0.09913919
0.09214772
0.07294291
0.07865508
0.07241117
0.05866443
0.04498974
0.05596081
0.05676389
0.09708881
0.08645256
0.08109739
0.08169014
0.06322954
0.06565058
0.05825301
0.0609473
0.03343545
0.05201012
0.08573294
0.07596199
0.0719578
0.07899983
0.09332893
0.1089625
0.100573
0.07524931
0.08946407
0.05146257
0.08029312
0.04349459
0.06060866
0.07606596
0.08224903
0.07168986
0.1023316
0.1201964
0.08708564
0.05912693
0.1095575
0.05238561
0.09589898
0.06311033
0.07810796
0.0708961
0.06995037
0.09569897
0.07833794
0.09695375
0.09507433
0.1073825
0.07258219
0.1061372
0.09839058
0.05617228
0.08288128
0.08114238
0.09825576
0.0683233
0.07899582
0.07506753
0.09453225
0.1313268
0.09359005
0.1758911
0.1313719
0.09241922
0.1017409
0.08798364
0.09806727
0.1033687
0.08121959
0.07766349
0.09591604
0.07700966
0.1211321
0.07287154
0.07215388
0.09157599
0.08445788
0.06621091
0.05611537
0.1001343
0.1059426
0.108072
0.1110098
0.08523734
0.07475502
0.07976894
0.0677944
0.08551124
0.07267631
0.08232111
0.07847998
0.06892336
0.05539178
0.04557284
0.0545153
0.0478281
0.05660438
0.05578756
0.1149103
0.1003963
0.09965117
0.08399419
0.09360569
0.1290296
0.07649745
0.08500985
0.07044846
0.05488404
0.06114518
0.08204339
0.07964629
0.119688
0.08024294
0.09686979
0.09524138
0.07197461
0.09690834
0.09191881
0.06792864
0.06337754
0.07560411
0.08360961
0.08293245
0.08646021
0.1291251
0.07825627
0.09365725
0.09843112
0.07775464
0.06911525
0.05567105
0.07018128
0.05278383
0.06884566
0.09265646
0.07111454
0.0635565
0.07108489
0.08197876
0.09278332
0.08448473
0.0956337
0.07220981
0.06507171
0.1099145
0.07561502
0.09798581
0.0901066
0.1233586
0.1101706
0.08220422
0.09812665
0.08468689
0.07343536
0.102344
0.1111756
0.120267
0.1134634
0.0922336
0.07162564
0.08158278
0.1119409
0.06265884
0.1250062
0.1235021
0.1164184
0.07944615
0.09358818
0.08159973
0.07480827
0.1069565
0.1010382
0.0929325
0.111436
0.1450081
0.1084616
0.125398
0.1299932
0.09386154
0.07995977
0.08252428
0.1111519
0.09364995
0.08063174
0.08904601
0.06053204
0.08035851
0.06105656
0.06522378
0.08016053
0.0535534
0.09204499
0.1078935
0.07557595
0.08716701
0.1090651
0.08482543
0.08002265
0.1058732
0.0964841
0.1112015
0.09519186
0.116593
0.08319466
0.09943625
0.08925188
0.0798175
0.05892718
0.07821481
0.09444675
0.08827064
0.0841097
0.1068839
0.1588674
0.09510268
0.102767
0.1149372
0.1074301
0.08767302
0.09509163
0.08912585
0.07601509
0.08209979
0.04649076
0.08733813
0.08325844
0.06351803
0.1219107
0.08351163
0.09773624
0.08476271
0.09595021
0.1176523
0.1319573
0.05655275
0.08675923
0.06197703
0.07578958
0.06649962
0.0823941
0.0887336
0.1204031
0.1005243
0.0891465
0.08266209
0.07806906
0.0856644
0.09475489
0.1251717
0.08931034
0.08872553
0.09538071
0.1082214
0.110561
0.1020302
0.08352196
0.08737211
0.1066832
0.1414547
0.07341957
0.06170093
0.06902579
0.1207177
0.1214503
0.07994432
0.1000437
0.09020762
0.1027522
0.1013847
0.1056797
0.1025128
0.07898958
0.07042547
0.136595
0.07982576
0.1034674
0.0798189
0.08279426
0.1005235
0.07115085
0.07282139
0.1013144
0.05913685
0.09307382
0.1058192
0.08649673
0.1362443
0.102892
0.1116049
0.08381711
0.04658394
0.04593351
0.09814837
0.06584346
0.07213466
0.1034283
0.07091566
0.1156788
0.08068662
0.09123258
0.08302356
0.1111953
0.08020028
0.07565249
0.07598505
0.07094785
0.05011212
0.04549687
0.05227225
0.08904996
0.09272363
0.0706549
0.08622079
0.08909255
0.08395395
0.09106159
0.113876
0.1540645
0.09614176
0.09229743
0.1030885
0.1132911
0.08954541
0.1090305
0.1093969
0.09291362
0.07151289
0.125269
0.09469304
0.08864442
0.1065782
0.0871069
0.0952611
0.09465648
0.07934687
0.07389488
0.07279132
0.07044806
0.07921884
0.08958952
0.1039808
0.1034091
0.0931137
0.1017904
0.09932732
0.09665862
0.09101141
0.1029046
0.07290995
0.09503674
0.09652595
0.1032601
0.1356846
0.09379286
0.09182338
0.07590605
0.08510379
0.09017165
0.1224038
0.1069017
0.1118257
0.1475203
0.1406723
0.1137795
0.09545255
0.1397164
0.105278
0.0969618
0.1152473
0.09826325
0.07965495
0.1205832
0.1060933
0.1238263
0.1014273
0.1013282
0.108254
0.0942572
0.04898842
0.09349751
0.1068133
0.1201074
0.09267331
0.1045381
0.08654358
0.1358617
0.06383456
0.06898482
0.09463315
0.1132046
0.1179514
0.07296531
0.08116906
0.06991561
0.09336145
0.118318
0.1320593
0.08010346
0.08855937
0.1229459
0.06243496
0.1105289
0.0632483
0.07548104
0.08338531
0.06601116
0.1053078
0.07838598
0.08989281
0.07335828
0.07860036
0.1090065
0.06602101
0.1220509
0.04590555
0.09760672
0.05576791
0.06681507
0.0512024
0.08519144
0.06673485
0.0654609
0.1205548
0.05714466
0.076936
0.07845962
0.07520455
0.09285008
0.09836741
0.115592
0.08738472
0.08798353
0.1186142
0.07052512
0.07149861
0.09011614
0.0855686
0.07576366
0.1205179
0.08148081
0.0937328
0.07966662
0.08131369
0.069822
0.08903213
0.09562936
0.08880722
0.085414
0.100505
0.09561879
0.1166405
0.07716607
0.1352139
0.1112243
0.1137697
0.09954241
0.07236711
0.07780411
0.1167679
0.08352978
0.09393586
0.08647255
0.07790493
0.08000703
0.05964982
0.08050529
0.06681835
0.06963895
0.1089061
0.1077897
0.1024997
0.05600531
0.08444317
0.06681415
0.07438944
0.08035675
0.06471428
0.07730755
0.08203242
0.06695251
0.06489738
0.05886196
0.06691137
0.1004634
0.05307168
0.0481619
0.07666936
0.064851
0.1003405
0.07186267
0.06318203
0.1043847
0.1443774
0.0984549
0.0841876
0.06567973
0.09532017
0.06581685
0.07733726
0.08122712
0.09042611
0.0975085
0.07497989
0.09132144
0.1137536
0.09045741
0.105277
0.1441734
0.08819884
0.1030395
0.0868205
0.1015123
0.09370475
0.09593466
0.09754404
0.1241434
0.08086073
0.1291558
0.1128582
0.1095167
0.09650316
0.1166483
0.08750829
0.1029165
0.08988108
0.07099038
0.1294501
0.08032141
0.1071636
0.1030733
0.09839279
0.1024052
0.1094279
0.1064402
0.07161604
0.1049585
0.06842505
0.07924396
0.1150699
0.09769174
0.09012242
0.0957377
0.1133058
0.1010506
0.08638372
0.0904377
0.09932894
0.1029862
0.09286664
0.07026564
0.1049689
0.1137359
0.09135687
0.05673658
0.06500557
0.07676126
0.06434849
0.07128432
0.0620674
0.06899507
0.06397912
0.08310016
0.07298108
0.08602262
0.08782777
0.1015666
0.09331339
0.1029852
0.06762363
0.09073673
0.08380341
0.07980957
0.1016539
0.1010795
0.117384
0.1209091
0.09094685
0.0736321
0.1060768
0.1032998
0.1136323
0.0980602
0.07622313
0.1065952
0.06340036
0.1098095
0.1209119
0.08251843
0.07877981
0.06873374
0.08898232
0.1258028
0.07499047
0.1097381
0.1088025
0.07631699
0.08811967
0.07367247
0.1241702
0.08292845
0.07571758
0.0980415
0.05738099
0.08040123
0.08536136
0.07882079
0.06786728
0.09855307
0.06559772
0.06093428
0.09452804
0.0703485
0.07252687
0.07497517
0.07859244
0.08811648
0.07719361
0.07072332
0.05885059
0.09930481
0.08498614
0.07161874
0.08738228
0.09773264
0.08792955
0.08165809
0.09730658
0.0682691
0.1012219
0.09474324
0.09674746
0.1056401
0.07549231
0.1055003
0.09117409
0.09956098
0.1167693
0.1186704
0.09284649
0.09220331
0.1172969
0.102393
0.1311162
0.1073089
0.09913191
0.07994398
0.0960402
0.09561407
0.08500755
0.1128818
0.1377236
0.09081823
0.0849517
0.1121883
0.1143851
0.1147774
0.1073592
0.09933687
0.09580585
0.1052211
0.1101554
0.1160754
0.09443721
0.08539254
0.143621
0.1216978
0.1061486
0.08999212
0.09694863
0.1000736
0.1091264
0.123986
0.1206728
0.1300474
0.1038221
0.1235399
0.08209158
0.09135588
0.1003907
0.1012098
0.1114337
0.1181879
0.1422236
0.1110632
0.09885652
0.1102803
0.1381039
0.1000462
0.1154527
0.1044204
0.1118928
0.1197511
0.1328026
0.1428395
0.0832798
0.1057981
0.1132037
0.1165456
0.1174976
0.09202797
0.1219171
0.1020843
0.1256376
0.09721044
0.1054053
0.1324403
0.1597107
0.09545293
0.1008666
0.08846488
0.07381149
0.1087594
0.1210669
0.1094367
0.09927475
0.1104847
0.1375616
0.1144
0.1224456
0.1286522
0.1170678
0.1182342
0.09071901
0.1029059
0.1067244
0.1306939
0.1083037
0.1513999
0.1210984
0.09494062
0.1151481
0.09112578
0.1231439
0.1119067
0.09588301
0.1280102
0.07778124
0.1048988
0.1051715
0.08028852
0.105179
0.1276623
0.1234947
0.07741719
0.09600045
0.06396645
0.09323761
0.08104068
0.08193541
0.08215034
0.1208249
0.1125408
0.08967583
0.1110151
0.08755699
0.098285
0.1149261
0.1079248
0.1064544
0.1124976
0.1023413
0.11614
0.1018395
0.1258967
0.1097412
0.123823
0.1008321
0.1106532
0.1135607
0.08580689
0.08898479
0.1032469
0.07616538
0.1064741
0.09391412
0.1558688
0.08844437
0.1020095
0.09126596
0.122492
0.1048817
0.1118225
0.09535091
0.1033097
0.1040704
0.1049396
0.1176138
0.1028983
0.1325733
0.1019807
0.1115434
0.1115022
0.1399749
0.1126509
0.08589824
0.0782447
0.1219911
0.1506737
0.1008944
0.1224983
0.1378284
0.1066795
0.1045869
0.1049807
0.09923686
0.1125744
0.1007659
0.1021574
0.124142
0.1030122
0.09095227
0.1264511
0.1213597
0.1055081
0.1027172
0.1207279
0.1073549
0.1060942
0.1098406
0.1058459
0.1013656
0.08833512
0.09877435
0.0861644
0.09968201
0.09848278
0.1127074
0.09660808
0.09574763
0.1072901
0.1021617
0.08405632
0.09188734
0.0737961
0.1261936
0.07068009
0.07624068
0.1006475
0.08754302
0.08389041
0.1015704
0.09561923
0.09195966
0.07568104
0.09865449
0.09113406
0.1014723
0.07874857
0.09442522
0.0983552
0.08877118
0.09513218
0.1253107
0.1088958
0.112513
0.08401905
0.1188908
0.09822927
0.09026601
0.1049151
0.1001529
0.08259782
0.08601131
0.1052568
0.0820629
0.1119495
0.08064156
0.110309
0.1446188
0.1059514
0.09976548
0.1142971
0.09629006
0.09849089
0.1094919
0.1012878
0.1125122
0.09617904
0.07162917
0.07918041
0.06899795
0.08116482
0.1113486
0.06779357
0.09545252
0.09905543
0.1017117
0.08078649
0.07802729
0.08237359
0.06388814
0.1385277
0.08329746
0.09263494
0.1074242
0.1439395
0.07047386
0.09003024
0.08175926
0.1051862
0.08383713
0.06776165
0.08334161
0.08226799
0.08393141
0.09814419
0.08306358
0.05949227
0.1198079
0.07728077
0.08684599
0.08905079
0.1348488
0.1108408
0.09683576
0.07184681
0.09707005
0.1302474
0.08664651
0.07625064
0.1201581
0.0809948
0.07852773
0.09608514
0.08582364
0.1069232
0.1048938
0.112588
0.1000064
0.09840796
0.1024508
0.07791895
0.13843
0.07452376
0.1526764
0.1256151
0.09373493
0.1113779
0.1105168
0.1020254
0.09237003
0.1274143
0.1002583
0.1446551
0.09608868
0.09688511
0.123763
0.09143459
0.1202756
0.09519895
0.09537382
0.09948205
0.1476643
0.1003889
0.1556424
0.09387568
0.08583074
0.08069754
0.1001302
0.148278
0.116734
0.1352591
0.1335121
0.09701295
0.09701241
0.1007744
0.09858218
0.1220355
0.09309978
0.1046324
0.100526
0.1240274
0.1287047
0.1248333
0.1198408
0.1086757
0.1021166
0.1141819
0.1234834
0.127019
0.104737
0.08885562
0.114225
0.127271
0.1057661
0.09911794
0.1311853
0.1099966
0.1293843
0.1211903
0.09168674
0.08794455
0.1086321
0.09344715
0.1277895
0.1058564
0.1171087
0.133362
0.08019296
0.1106887
0.1262479
0.1067717
0.09981911
0.08737632
0.104622
0.07833851
0.1101768
0.1023461
0.1038994
0.1200762
0.08549863
0.09494455
0.09372902
0.07167025
0.09218806
0.09150275
0.07757126
0.07516817
0.102149
0.07956174
0.0974259
0.06586822
0.09368504
0.08781943
0.09548847
0.08300506
0.09994131
0.1074261
0.1143152
0.0829062
0.1100149
0.09037997
0.1159896
0.09426737
0.06157722
0.09715696
0.07101101
0.09210895
0.09068135
0.09849687
0.08536605
0.08941362
0.08656851
0.08272867
0.07262164
0.09900953
0.08387577
0.1108054
0.1164565
0.1197753
0.1028993
0.08614885
0.1001216
0.07912214
0.09412468
0.08737619
0.08137853
0.08988031
0.07943624
0.08534349
0.1327887
0.0944676
0.1280294
0.09338628
0.09173025
0.07762878
0.06978163
0.0738659
0.0938249
0.09139996
0.1612835
0.09954045
0.1173155
0.1479759
0.1143693
0.1071899
0.1030883
0.1174292
0.09416286
0.1172152
0.09170643
0.1335721
0.0868897
0.09145966
0.1109799
0.106133
0.08681472
0.126815
0.1144297
0.1149808
0.08723952
0.1098097
0.09269216
0.1145748
0.1206588
0.08428315
0.1010009
0.1199191
0.1330714
0.08077247
0.1247112
0.1182692
0.1119172
0.1033429
0.09710688
0.09114875
0.1029706
0.1260299
0.1158362
0.1001499
0.1279709
0.1028733
0.1144249
0.1146647
0.1065063
0.1244741
0.1233565
0.1268324
0.1030587
0.1385954
0.1215094
0.1315473
0.1029565
0.1206629
0.1074733
0.1127676
0.09963291
0.09937084
0.08970407
0.1147543
0.1248858
0.1218588
0.11944
0.1141873
0.09074913
0.1223197
0.1041447
0.09039167
0.1440733
0.1013812
0.08584227
0.0981107
0.1209044
0.1209143
0.1066528
0.0888821
0.1163778
0.09357165
0.09599657
0.1126603
0.1031383
0.09933585
0.1054989
0.1155589
0.1104476
0.09486503
0.1181231
0.1206575
0.1303628
0.1020377
0.1069705
0.1357647
0.1172624
0.1190742
0.1166873
0.09235455
0.1046046
0.1149954
0.1221176
0.09675584
0.09138817
0.1050316
0.10429
0.1172644
0.1244247
0.08905106
0.09181182
0.09870278
0.09385751
0.1138397
0.1285708
0.09630639
0.1134294
0.1121031
0.121418
0.1024181
0.1163231
0.114473
0.1268655
0.0993163
0.08488431
0.1009219
0.1272486
0.1049288
0.1294866
0.1163283
0.07873865
0.09376874
0.1267854
0.1219809
0.1135422
0.1244699
0.1323884
0.1118022
0.1364081
0.1182026
0.1190352
0.09586587
0.1253505
0.1357157
0.1149609
0.08664722
0.107928
0.1114453
0.1122744
0.14148
0.1193447
0.1119036
0.1343603
0.101559
0.09439975
0.1021454
0.1122335
0.1026221
0.0914893
0.1363377
0.1172798
0.1443811
0.1195686
0.1235336
0.1192666
0.09705952
0.09711957
0.1029597
0.1233252
0.08744111
0.1137056
0.1030221
0.1045576
0.09463353
0.09228575
0.08849108
0.1377258
0.09078196
0.1245646
0.1184624
0.1013722
0.07272491
0.1051693
0.09083153
0.112347
0.09542564
0.1014778
0.08626437
0.08175771
0.1423986
0.09784977
0.09399322
0.116614
0.09611521
0.09936515
0.07812866
0.07494274
0.0897708
0.1023282
0.08878623
0.09604373
0.1192306
0.09473829
0.09991094
0.09404607
0.1094722
0.1142779
0.0968014
0.1215142
0.1052072
0.1027546
0.1318491
0.1236769
0.1187118
0.08435492
0.09642843
0.12484
0.104926
0.1361406
0.1108536
0.1337488
0.1101623
0.09887706
0.1033516
0.08316757
0.1061137
0.065257
0.1153133
0.1183921
0.1173469
0.08200666
0.1158127
0.0909462
0.09370926
0.1217786
0.08760152
0.08352883
0.07809769
0.0995444
0.09141292
0.1115477
0.1156542
0.08610584
0.1084805
0.10014
0.1072639
0.09105574
0.09631496
0.08049605
0.0926243
0.08107954
0.104852
0.1057233
0.09321
0.1233607
0.1001185
0.08051228
0.07921005
0.1066495
0.1086375
0.09591231
0.09017899
0.08584857
0.1180245
0.09057914
0.08045322
0.08447011
0.1036885
0.08151139
0.1518027
0.1340112
0.09212912
0.08599132
0.1170809
0.08293752
0.07606714
0.1124787
0.1219019
0.1337193
0.1149513
0.1253069
0.08643593
0.09129866
0.129226
0.1222895
0.1202185
0.11175
0.1128597
0.1082591
0.09388848
0.0927007
0.08793183
0.08925379
0.08827107
0.1081269
0.0943549
0.09827659
0.08874808
0.08425176
0.08195081
0.09080605
0.09139748
0.1079492
0.08757716
0.1008646
0.1008068
0.07178001
0.07941536
0.07308256
0.09441604
0.08813492
0.1233862
0.0883986
0.1095906
0.07028243
0.09006265
0.06050777
0.08600256
0.06538838
0.06162968
0.07714884
0.1056385
0.08504543
0.09238779
0.07546663
0.09703685
0.09744778
0.07358108
0.08853698
0.07753312
0.09482575
0.08267988
0.09466634
0.07613496
0.1114528
0.1089184
0.08246503
0.09398972
0.08554208
0.0586494
0.0991181
0.1261827
0.1124843
0.08957568
0.08806291
0.08063585
0.07064466
0.07022535
0.08540846
0.0969652
0.08236274
0.1245259
0.1139178
0.07655287
0.1013418
0.08598487
0.07018627
0.1180886
0.08980948
0.08570134
0.1170848
0.1095629
0.1123882
0.1066433
0.0733889
0.08331933
0.08581109
0.06846261
0.115578
0.08994426
0.07963703
0.09571947
0.08772333
0.07908321
0.1142991
0.08190054
0.09355297
0.119885
0.09176805
0.09983667
0.1017234
0.0846862
0.07848145
0.10728
0.06995082
0.1071457
0.117433
0.07810551
0.08298043
0.1348866
0.0779821
0.07230145
0.09109742
0.07603937
0.08055995
0.07433928
0.08604777
0.1213943
0.100197
0.1147696
0.06633114
0.07711478
0.1084855
0.1000554
0.06217099
0.07384426
0.08249519
0.09504202
0.0901614
0.101597
0.09248528
0.08860523
0.08641642
0.08625028
0.08828622
0.07915139
0.116995
0.08889176
0.09332758
0.09587301
0.1003807
0.0829646
0.07961554
0.09484086
0.08773532
0.115675
0.07097827
0.1044839
0.06725619
0.08926904
0.07091466
0.1342113
0.1380833
0.07611149
0.100615
0.07023451
0.07434108
0.09472135
0.06660928
0.09739077
0.08732552
0.1058522
0.07764372
0.09277037
0.07849245
0.09148879
0.08789777
0.09393793
0.08386263
0.1192691
0.08918122
0.1113299
0.125849
0.1112871
0.101069
0.1290317
0.1321152
0.09056755
0.08434545
0.1032888
0.1286534
0.1035851
0.1035539
0.1005758
0.08227276
0.1080513
0.1247816
0.1111683
0.1108401
0.08793032
0.1067568
0.1013106
0.09576547
0.06605099
0.0969289
0.09507012
0.07840075
0.06783523
0.06703316
0.1105039
0.0779233
0.07038664
0.1051257
0.05777087
0.06152241
0.08409365
0.07884095
0.09598776
0.0800413
0.06093287
0.07257232
0.09129383
0.04839654
0.0800382
0.09250548
0.07614415
0.09813581
0.09304717
0.05848379
0.0839126
0.0821737
0.08516919
0.09748981
0.06109952
0.08009933
0.07551192
0.05957729
0.0643708
0.08590315
0.08124084
0.09601685
0.1022203
0.1044743
0.09732131
0.09635512
0.07325513
0.1260307
0.08777678
0.06982504
0.07817003
0.08047011
0.07315016
0.08671634
0.07880855
0.08434723
0.08343955
0.1132539
0.09589739
0.07638811
0.1120319
0.07051053
0.07595104
0.07494157
0.1200454
0.0796548
0.07634449
0.09084753
0.09117412
0.1055148
0.1305439
0.08827527
0.08496489
0.1331158
0.1123404
0.1093863
0.08607393
0.08785147
0.09660827
0.1017793
0.09770099
0.1266104
0.1235408
0.08695995
0.08994599
0.09694711
0.1240478
0.1332767
0.08730455
0.07377969
0.1146134
0.09962721
0.1012966
0.1024964
0.07338653
0.09965545
0.1247599
0.1363853
0.09300435
0.1138095
0.1391204
0.1373868
0.08216815
0.08936731
0.1143893
0.09528292
0.1019543
0.1499894
0.1295895
0.1129537
0.1054904
0.1113463
0.1027671
0.08561588
0.1035931
0.1080336
0.1259153
0.09825783
0.1104258
0.1214393
0.108389
0.0931329
0.1111639
0.1018652
0.10083
0.120928
0.1096302
0.09254679
0.1209243
0.08220994
0.09668856
0.08256661
0.1108244
0.1128452
0.1221662
0.08567592
0.08917007
0.1020081
0.09977282
0.1326953
0.0984438
0.1032207
0.07910306
0.105591
0.1163649
0.09047469
0.08592352
0.09258716
0.08337585
0.1163975
0.0743874
0.1256869
0.09815767
0.09908876
0.1004229
0.1015571
0.1179636
0.1130743
0.07766266
0.11319
0.109824
0.1192244
0.106522
0.0982233
0.1631496
0.08711405
0.1011093
0.121971
0.1118482
0.1133725
0.07855141
0.1304143
0.09725804
0.08651402
0.1063607
0.1188933
0.08805068
0.1003865
0.1341185
0.09467105
0.1137911
0.117152
0.122069
0.1067552
0.07410314
0.09623866
0.08427187
0.1044855
0.1072108
0.09469562
0.1067643
0.1036414
0.1026102
0.07194923
0.1113951
0.1063726
0.1028637
0.1198942
0.07456956
0.1308166
0.08617574
0.0726232
0.09994838
0.09498199
0.1122712
0.07188095
0.1059606
0.08939724
0.1066644
0.09431489
0.1075095
0.08535246
0.1050716
0.1058868
0.1168428
0.1102923
0.09925345
0.08761242
0.1001586
0.09726224
0.09945866
0.09754441
0.09851387
0.1106905
0.1024668
0.07132712
0.08608219
0.07331552
0.08527139
0.06400752
0.1062602
0.09315867
0.1072509
0.1415803
0.1002971
0.07960098
0.07845828
0.07973487
0.126893
0.08675442
0.1002183
0.08667681
0.0670374
0.09079766
0.108475
0.0902118
0.09113683
0.07239515
0.09202907
0.09231813
0.07324869
0.08098155
0.07834021
0.1038005
0.08362565
0.09291179
0.09841635
0.111211
0.09894986
0.0941322
0.0949402
0.1300534
0.07560158
0.1167627
0.09544869
0.08220572
0.09583463
0.08551804
0.1038143
0.0952031
0.07766463
0.1047391
0.09809904
0.07804556
0.06853007
0.079038
0.09389441
0.09030271
0.1239866
0.06655318
0.09975054
0.08741675
0.09393957
0.08570359
0.1021261
0.1036891
0.09303059
0.09852722
0.07875634
0.1003851
0.09450614
0.08872665
0.08941682
0.08025812
0.0876718
0.1104242
0.113953
0.09011375
0.1227422
0.08053142
0.1180422
0.08833998
0.09897595
0.09704892
0.07439845
0.07062157
0.1225574
0.06191941
0.1157375
0.05893218
0.1030199
0.07851541
0.09182306
0.1315541
0.09496709
0.09276005
0.07264234
0.1143042
0.1547955
0.08812894
0.1036385
0.1050633
0.1096273
0.08869407
0.08929917
0.09113685
0.07718865
0.1154424
0.09493013
0.1069627
0.0554165
0.132976
0.09970585
0.1212921
0.08689404
0.1067753
0.0869248
0.0767811
0.1211633
0.1263242
0.08936687
0.1061015
0.1066458
0.1205989
0.1265868
0.08862999
0.09518385
0.09493158
0.1027194
0.1297992
0.1147135
0.09374422
0.09618238
0.08524827
0.1193205
0.1010172
0.09406941
0.09980477
0.06873087
0.1228428
0.1059359
0.09740706
0.1130885
0.08363171
0.1062711
0.106036
0.08106084
0.09833354
0.1088096
0.08582549
0.1244588
0.1204222
0.106505
0.1282454
0.1380645
0.1092925
0.08683081
0.1174375
0.1066262
0.1019562
0.1173708
0.08644922
0.09534655
0.1091537
0.1092186
0.1140191
0.119258
0.1067512
0.1034871
0.08842916
0.1171382
0.07604065
0.0826715
0.1246036
0.1313599
0.1072604
0.1078418
0.1136074
0.08387527
0.1091121
0.1091955
0.1388429
0.1262696
0.08782243
0.09602936
0.101259
0.1203753
0.09501793
0.113252
0.1076844
0.1022451
0.1230667
0.1143066
0.1000539
0.09599278
0.08876892
0.1261189
0.1079217
0.1299762
0.07351847
0.1188748
0.1096117
0.1077943
0.1224626
0.1243746
0.1234997
0.1509912
0.124708
0.09789178
0.1401412
0.08588036
0.09637685
0.1092312
0.07680446
0.07605907
0.1251421
0.09740751
0.08117785
0.08610649
0.0806491
0.09924446
0.08849385
0.08017075
0.1004211
0.09757652
0.1094154
0.09448877
0.08615466
0.1045806
0.1184223
0.08606484
0.07628121
0.07307774
0.07478705
0.07884918
0.1008617
0.1085863
0.1078593
0.1358603
0.1137337
0.102024
0.1166931
0.1069742
0.08606891
0.1385724
0.08895944
0.127847
0.1055172
0.1150484
0.09750088
0.1354604
0.1260688
0.09900056
0.0959767
0.1462903
0.1071512
0.1283794
0.1199284
0.1043021
0.1176026
0.1144514
0.1241908
0.1233909
0.0918161
0.09545719
0.09681889
0.09554844
0.1130706
0.1033636
0.1231163
0.116749
0.1412235
0.09862714
0.1311247
0.1182373
0.1075908
0.1142943
0.1012411
0.08854101
0.1188898
0.09250782
0.1148971
0.147668
0.09408966
0.1306925
0.1381318
0.09753707
0.08226833
0.1177972
0.1089811
0.1220451
0.09776159
0.1055082
0.1094915
0.09670795
0.09780635
0.1012842
0.1194124
0.09049507
0.1094458
0.1095162
0.09844145
0.120382
0.1127718
0.1159307
0.1074086
0.13504
0.108602
0.1233106
0.124146
0.1172052
0.1018168
0.1065263
0.1081871
0.1424755
0.1181392
0.1565089
0.1024809
0.1158199
0.08705252
0.1120023
0.09508313
0.1157487
0.09262934
0.1168095
0.1258014
0.1025768
0.1348557
0.1306434
0.09838257
0.08864583
0.1091458
0.09707053
0.1042989
0.1227773
0.1140601
0.09778194
0.1020807
0.1078492
0.09598136
0.1150627
0.1465795
0.1408292
0.130527
0.1257411
0.1094128
0.1019657
0.09167981
0.1222475
0.09407229
0.1096156
0.1053957
0.1119424
0.1095963
0.09157218
0.1348347
0.1160085
0.1269749
0.1036854
0.1060458
0.1377567
0.1013751
0.1048341
0.1040131
0.08935269
0.09863865
0.1184126
0.09530649
0.1216074
0.08077939
0.09319921
0.1003721
0.1075719
0.09409726
0.1056585
0.1645724
0.1166399
0.1185363
0.07938877
0.09464664
0.09690006
0.1240458
0.1034545
0.0979169
0.1018625
0.08025471
0.06968962
0.099592
0.09034602
0.1055051
0.09173667
0.1193648
0.1415109
0.1096968
0.1216229
0.1074314
0.1129287
0.1240767
0.1261616
0.1072282
0.0783174
0.1271838
0.08116548
0.1144747
0.1275749
0.1401122
0.1258312
0.09585094
0.09914368
0.106053
0.119772
0.1105261
0.1303878
0.1066246
0.1124725
0.1066278
0.1057768
0.1060557
0.1007089
0.1001152
0.08615843
0.1440887
0.1048933
0.1186914
0.1415223
0.09770385
0.16618
0.1342984
0.1047843
0.08958118
0.1354752
0.1092776
0.09831281
0.1281342
0.1093955
0.1033125
0.1213252
0.09616414
0.09621301
0.1062097
0.06667767
0.07074446
0.126367
0.09683877
0.1069809
0.09106416
0.094849
0.08499457
0.09219865
0.08886123
0.08646846
0.08052051
0.08422327
0.1038672
0.08840088
0.07189926
0.06214729
0.107797
0.07678236
0.08099588
0.09660701
0.1012941
0.161752
0.1294834
0.1140585
0.1291767
0.09190798
0.09921262
0.1210732
0.1233996
0.1011132
0.1307664
0.06880988
0.08954516
0.09355708
0.1037176
0.08364471
0.1241092
0.09237168
0.1131749
0.071906
0.09359517
0.09615556
0.07817242
0.07935481
0.09443536
0.08959965
0.10892
0.1132888
0.1113672
0.1005938
0.108275
0.1085433
0.1117686
0.1222507
0.1169805
0.08324168
0.1023328
0.097573
0.1088341
0.1154847
0.1012196
0.119801
0.1083606
0.09818941
0.1312757
0.08491605
0.09396425
0.1118128
0.1349836
0.112764
0.1274768
0.1123368
0.1024826
0.1053241
0.1154473
0.1059645
0.07998609
0.1046846
0.1164971
0.1371051
0.1014266
0.1139903
0.1134403
0.1196246
0.1046116
0.09715033
0.1044816
0.08527462
0.08440568
0.102747
0.08921761
0.09266085
0.08905533
0.1332679
0.1265559
0.1241192
0.1224221
0.09123867
0.1051615
0.1293247
0.1475475
0.1271376
0.1142419
0.08837484
0.1367381
0.09904336
0.1096014
0.133933
0.09315737
0.08330316
0.1233118
0.1286848
0.09905199
0.1139342
0.1001841
0.1143507
0.1029544
0.1069645
0.1362853
0.09906264
0.1043361
0.1004753
0.09874424
0.09864136
0.0867642
0.09031925
0.09819498
0.06583856
0.1073169
0.105837
0.1081252
0.0869975
0.09192756
0.1388676
0.08916826
0.06695032
0.1250868
0.1088456
0.106585
0.09296693
0.08107632
0.09415973
0.07965659
0.09459461
0.1011749
0.09103203
0.1245639
0.09450661
0.1034761
0.08417715
0.1061978
0.09751091
0.09836941
0.1092546
0.08594825
0.07270134
0.09523521
0.1035404
0.1030023
0.06811907
0.05927914
0.07908513
0.1192009
0.1081127
0.0775801
0.08437137
0.1057448
0.1099074
0.05470544
0.06438934
0.06606186
0.07404537
0.08645445
0.08839253
0.08638961
0.08415553
0.084396
0.08211784
0.08630525
0.1207177
0.07488283
0.09867667
0.1053791
0.08796092
0.09239079
0.08900138
0.0796987
0.09942512
0.08473447
0.06952231
0.08869528
0.09986677
0.1005721
0.09881557
0.1325531
0.1066135
0.1107834
0.1069335
0.1055769
0.1186096
0.1240917
0.1043673
0.09995591
0.1197636
0.1055823
0.09153053
0.1226422
0.0811606
0.1207772
0.08755177
0.09493542
0.07235065
0.09718745
0.08397119
0.08321581
0.07262604
0.1042423
0.07856873
0.0983034
0.07205044
0.08461423
0.1129741
0.0833429
0.1653459
0.1196439
0.1225871
0.1296389
0.09062693
0.1054953
0.1252375
0.1074658
0.1129284
0.08871859
0.08502557
0.1014241
0.09752204
0.06116987
0.0833672
0.09805749
0.1143394
0.109049
0.1086853
0.1180026
0.1132391
0.1417633
0.09000503
0.1014931
0.08522266
0.08202473
0.09115538
0.07326309
0.08303823
0.09756376
0.07391197
0.09305982
0.1040425
0.1224862
0.08465681
0.1040611
0.1212489
0.1059238
0.09752454
0.07454298
0.09324798
0.080899
0.1309621
0.07280564
0.09465936
0.09095075
0.08126402
0.0862364
0.07305433
0.1026598
0.09720219
0.07258038
0.1194578
0.07463484
0.0545352
0.06351624
0.09649984
0.07474514
0.06675174
0.07947072
0.07578477
0.09177896
0.08755658
0.06644207
0.09808283
0.0913038
0.08915632
0.1067387
0.106301
0.105934
0.05998096
0.0906951
0.1269821
0.08703196
0.06479181
0.06759291
0.119258
0.08548109
0.09676825
0.1048897
0.09696588
0.1230307
0.09299127
0.1212788
0.1220828
0.08825347
0.1186952
0.09931107
0.08246647
0.1243908
0.1189812
0.1130393
0.1022274
0.09367141
0.09980567
0.1002973
0.1408441
0.08942046
0.09775495
0.09231518
0.09601371
0.07807429
0.1116263
0.06927213
0.08277992
0.1283324
0.07859444
0.1138952
0.07250715
0.08303757
0.1115196
0.1112446
0.1022421
0.06565367
0.1070341
0.05031326
0.09238351
0.05869692
0.08297482
0.1053246
0.1027879
0.07664479
0.0818664
0.07307986
0.09064429
0.1015984
0.06720631
0.07479489
0.07007472
0.08362148
0.07450542
0.1015819
0.0663267
0.07982144
0.08001347
0.06165796
0.09080646
0.08318251
0.09032654
0.07470473
0.07769042
0.121405
0.07002362
0.07846704
0.09462037
0.06354333
0.06746708
0.1078564
0.09559101
0.06712952
0.06888677
0.08188164
0.08555675
0.09901306
0.1210738
0.08001176
0.0748894
0.0789283
0.08624552
0.08977309
0.1036753
0.08840553
0.09170626
0.07361392
0.0687891
0.07069582
0.09468827
0.1008051
0.1064526
0.1405938
0.09243647
0.1151348
0.1050104
0.08725428
0.05910105
0.07672512
0.1326756
0.1376379
0.09358312
0.06524981
0.1240717
0.09311233
0.07918706
0.07066946
0.1002355
0.09137694
0.09468048
0.08804941
0.07620657
0.08339675
0.1009165
0.08189194
0.1281022
0.08902841
0.08984569
0.08140246
0.1206719
0.07163522
0.0924077
0.09541469
0.1023663
0.06902041
0.1114689
0.09246558
0.09046796
0.0829362
0.104087
0.08371493
0.08647107
0.1186108
0.09580017
0.090861
0.08326869
0.1184923
0.07488784
0.07175535
0.0784187
0.09070033
0.08974334
0.1136062
0.09841762
0.1038422
0.0944512
0.1093579
0.1008816
0.1082623
0.1123098
0.09484922
0.08744025
0.09407261
0.08729029
0.1144444
0.08615266
0.1093669
0.09383403
0.09581505
0.1159734
0.1004101
0.1195389
0.0838514
0.1258791
0.09528789
0.1016741
0.0910362
0.1397775
0.1073296
0.1021862
0.0852782
0.076426
0.1041989
0.1125941
0.08649361
0.1182775
0.0924654
0.1032004
0.1213697
0.08225452
0.1163382
0.08750993
0.1246781
0.120098
0.1006369
0.08713125
0.1012193
0.1182171
0.1425642
0.1035434
0.122897
0.104577
0.1466831
0.09954424
0.1134679
0.1236728
0.1105246
0.1143735
0.09053237
0.1017145
0.1149048
0.08960126
0.120281
0.1259875
0.117099
0.1094178
0.1034184
0.1151369
0.1036292
0.09917911
0.09922531
0.08187446
0.1170684
0.123446
0.135283
0.1182082
0.1097467
0.1329519
0.08216338
0.1219706
0.09393109
0.1087478
0.07486533
0.08819063
0.1049295
0.1086934
0.08691
0.08581004
0.09644222
0.08741964
0.1021529
0.09229385
0.1249283
0.09757058
0.07618836
0.1285633
0.08429826
0.09258931
0.07961037
0.137494
0.08909838
0.1099193
0.09599531
0.09275701
0.1318515
0.1143016
0.1087541
0.1083632
0.1025494
0.09107854
0.1054086
0.1180064
0.1019557
0.1031634
0.1138822
0.1303023
0.07970831
0.1049591
0.08803735
0.08804926
0.091048
0.1050322
0.0972406
0.102511
0.1100816
0.1154425
0.1057027
0.1034103
0.09168608
0.1195185
0.1149107
0.09381142
0.09362553
0.1056334
0.111318
0.09423283
0.101006
0.1215662
0.08400937
0.1065977
0.1092424
0.1060357
0.08656935
0.1106823
0.1317334
0.1002835
0.1092567
0.141858
0.1129688
0.0890266
0.08943756
0.1249895
0.1091166
0.119232
0.1063789
0.1180368
0.09345342
0.1530302
0.1572031
0.1154779
0.09338497
0.1031109
0.09387455
0.1252915
0.08068224
0.09549966
0.09714136
0.1270654
0.1164733
0.1037404
0.1085742
0.1087938
0.09379343
0.1035506
0.142465
0.138197
0.1238525
0.1282311
0.09861941
0.1028452
0.09815853
0.1389799
0.1260512
0.09822999
0.1142008
0.1200496
0.08544051
0.1074017
0.1421918
0.1345847
0.08899382
0.1349142
0.1126176
0.09379157
0.09797698
0.1677387
0.1046585
0.1073532
0.1233118
0.117245
0.1106479
0.1374217
0.1113599
0.08983378
0.1162384
0.1048084
0.1098476
0.1335835
0.1256348
0.1060896
0.1066038
0.1211825
0.1255051
0.110812
0.1025654
0.09014335
0.09986484
0.09501427
0.07984453
0.1127866
0.1137755
0.08374928
0.09984207
0.07564963
0.09935136
0.1198959
0.1122265
0.1283661
0.1012371
0.1015961
0.1182859
0.1376253
0.1315136
0.09864674
0.1309665
0.1311459
0.09532688
0.1051281
0.1229752
0.1310997
0.1113584
0.1215909
0.1086726
0.1206806
0.1033728
0.1248217
0.1389147
0.1247896
0.09026548
0.09656305
0.09851434
0.1200234
0.1318468
0.08485973
0.1147299
0.1052933
0.09716878
0.1247952
0.09588153
0.1160978
0.1066441
0.1404273
0.1062221
0.143347
0.06942676
0.1221498
0.1300841
0.1022279
0.08824716
0.07461362
0.1194138
0.1183255
0.1048358
0.118735
0.1130217
0.1118776
0.09695691
0.0968126
0.08478698
0.1117027
0.1534948
0.09552045
0.1075251
0.1229523
0.1179411
0.1200011
0.1225185
0.1059634
0.095017
0.08691483
0.1226648
0.0857268
0.1450538
0.1058256
0.1074282
0.09752647
0.1057804
0.1072964
0.0918366
0.1226531
0.115301
0.09696489
0.1000399
0.08190523
0.1557537
0.1136673
0.1069163
0.09978618
0.1129138
0.07152319
0.1170972
0.1051646
0.09622189
0.09337841
0.1035544
0.09911924
0.1277752
0.09493208
0.1210651
0.09559853
0.1075137
0.1015962
0.1077894
0.1285054
0.08630953
0.08972224
0.08303076
0.09463224
0.1102541
0.1022543
0.08616248
0.09351436
0.09126919
0.08267377
0.0928548
0.1479585
0.1315834
0.1187276
0.1068851
0.1223233
0.103785
0.1099239
0.08408366
0.08439649
0.1200989
0.1255401
0.101244
0.1346862
0.1255293
0.09406596
0.102713
0.1019273
0.09731061
0.1109448
0.0956562
0.1206464
0.09476429
0.08188516
0.09162033
0.07856446
0.07129449
0.1110899
0.1322053
0.09983547
0.1174136
0.1323484
0.09535814
0.1091494
0.09429729
0.1139148
0.115244
0.09366562
0.09439599
0.07811742
0.09434783
0.1358192
0.1046523
0.1221956
0.1189589
0.1400973
0.08921734
0.1165453
0.09558802
0.07789498
0.1163259
0.09577327
0.111503
0.09121257
0.1213421
0.1220804
0.1212536
0.108857
0.09687631
0.1332114
0.1283464
0.09666886
0.10245
0.120093
0.09521587
0.09463465
0.09594118
0.1193128
0.1002163
0.0945339
0.1089626
0.1095196
0.1401112
0.1355574
0.1170061
0.1023045
0.1827839
0.1451138
0.09272418
0.1163934
0.1107848
0.1050065
0.1239267
0.1136972
0.1086636
0.1181497
0.09021734
0.1002333
0.1201385
0.1017901
0.1473237
0.09729306
0.1217575
0.1351147
0.1242674
0.1104177
0.1279384
0.1079816
0.1225323
0.1320401
0.1161567
0.1593196
0.1137176
0.1495744
0.1062507
0.1236122
0.1081852
0.1146888
0.1105292
0.07193708
0.09738732
0.1130955
0.1102552
0.1083458
0.130025
0.1236905
0.1171992
0.0916091
0.1106362
0.1136536
0.1251537
0.1124208
0.11413
0.1067658
0.09711664
0.1013036
0.1311691
0.108041
0.09788561
0.1128491
0.09148564
0.1155315
0.1331273
0.08507793
0.09425311
0.1378671
0.1114083
0.09022099
0.1117526
0.1061095
0.136158
0.1061783
0.0936001
0.09509649
0.1565015
0.1072035
0.1102281
0.1180645
0.1016565
0.1394887
0.1032623
0.1182435
0.09890257
0.07537733
0.1319364
0.1050121
0.11898
0.1556214
0.08659445
0.08743197
0.113458
0.1046544
0.1168686
0.1363655
0.108169
0.1342043
0.112337
0.1027297
0.08913325
0.1181729
0.0982305
0.1147707
0.1234646
0.1282118
0.1099596
0.1236293
0.1059034
0.09459001
0.1235122
0.09296616
0.1044547
0.07327058
0.1335633
0.1037764
0.1293264
0.123714
0.1027424
0.1279643
0.1028792
0.1071935
0.1082092
0.1068652
0.1152813
0.1059339
0.09608575
0.1035594
0.09805953
0.1100632
0.132253
0.1127473
