16.30237
19.40008
27.08793
16.82562
11.89844
11.01243
15.63695
26.46497
19.63571
18.08055
20.90697
25.21586
25.27376
24.07868
22.2785
20.0818
19.40523
12.82956
19.60768
16.64458
31.37059
16.68597
12.8798
17.88343
12.10812
19.72661
22.72127
20.70861
14.72721
17.25412
18.62402
16.6115
20.64097
31.52006
27.71428
16.36639
15.81618
15.86113
14.83432
12.93118
20.7139
15.47881
23.3317
13.98325
13.90629
11.26086
14.42699
29.04675
21.32654
25.66126
31.68484
31.89958
17.74364
19.99163
19.1621
17.16994
18.70254
26.19488
27.22057
35.10553
19.44343
25.77192
23.61237
24.66378
20.95939
30.71882
14.46038
27.66974
28.96991
23.86955
33.53637
27.82307
28.68601
22.01974
22.35066
22.93201
23.97565
18.93674
19.4414
17.58134
22.73141
19.09426
21.24187
22.99715
15.18513
18.15434
13.39208
13.3197
24.08521
16.01718
20.52818
13.82397
15.00036
20.11914
22.154
21.87165
21.09733
29.81468
29.72352
25.63882
23.19656
21.9534
21.28101
18.1532
26.57913
27.20762
22.62545
21.45942
24.35634
21.31665
10.54819
14.43105
10.8829
18.46293
11.32259
21.24544
22.10556
24.07303
15.75975
14.66181
19.76099
18.45189
33.86046
23.65019
17.19895
16.83855
16.02342
17.7568
15.55915
9.991753
10.531
15.83934
9.947838
14.60659
21.4736
14.6446
11.04746
20.52402
22.65499
27.67101
18.18502
22.06657
22.62334
25.28645
24.46882
23.40422
18.67754
19.01387
22.90238
30.15054
29.16537
15.72262
14.07382
12.03963
17.86564
22.68369
18.05885
16.10457
23.46913
28.30394
20.62962
19.74976
20.61083
22.12049
19.9104
12.8403
14.76494
26.76294
15.19447
22.0068
23.30616
27.74723
19.79959
17.12771
13.34144
17.09259
22.61827
17.84146
16.13932
13.25828
13.51698
14.49884
28.52782
22.17184
25.89788
24.12739
23.35129
23.59978
14.47909
21.22842
12.35351
22.13278
27.06493
17.27113
14.01162
12.82403
12.22359
14.67957
10.71023
8.618828
12.38325
7.117413
10.05956
8.9908
11.09617
11.03452
12.6141
20.88568
19.21675
24.38896
19.46448
21.09744
23.05797
18.94352
21.65533
24.1329
20.48821
19.29952
19.98283
14.10826
25.48834
22.54293
17.85152
11.59306
17.77476
15.13541
15.55924
16.52043
29.72078
16.07534
13.63612
23.54936
13.06391
14.75086
19.00803
26.79654
18.1483
16.8777
18.58378
17.65381
19.3722
24.27023
22.14821
15.98201
20.09654
8.001709
13.43063
13.39774
17.88326
16.19717
22.66294
26.39568
21.14932
23.11816
28.37709
14.61097
25.37946
26.41288
23.91971
23.52799
23.21734
22.37436
24.9042
26.56241
22.52231
23.27218
24.79708
18.37906
20.37441
15.71385
13.60655
21.53025
15.40613
19.87338
11.50761
14.32687
14.10839
22.69884
20.97494
31.7659
22.81483
19.58542
19.23356
17.16364
21.95144
16.3084
21.48531
19.82602
25.47053
21.06453
20.38419
24.9605
23.51851
16.27272
21.0992
13.14878
11.21017
11.62159
12.51257
12.27194
13.55811
15.3643
9.121328
13.28254
18.11412
11.4528
10.66096
9.798839
11.98694
15.64383
22.20207
21.187
15.06411
19.04511
21.01075
20.80066
21.72345
20.41329
28.04191
22.35944
23.8205
24.79363
23.83749
17.52923
17.12308
23.21049
21.39885
16.91736
20.3814
20.73569
19.04036
15.50971
15.25686
14.60109
17.69329
23.19268
16.85471
16.92096
19.56661
19.53977
21.36723
19.61899
17.92184
17.32561
18.74752
20.37124
18.03972
24.92521
26.80678
20.32357
19.41473
16.406
29.75016
17.7931
21.43654
22.63265
21.87208
26.30378
23.57071
17.26137
24.75559
24.25755
24.21456
20.54938
16.64838
17.32287
12.49971
15.79371
21.75028
22.71519
16.37041
20.00806
19.96799
14.84637
25.30435
22.42213
19.28026
15.70136
16.06183
20.63925
18.64124
18.99967
13.86796
16.87586
23.04917
13.69572
11.30927
20.07744
12.4884
18.63345
18.52176
18.21925
20.76522
22.44233
22.80622
22.18374
25.19961
19.04817
13.90495
24.9687
16.18798
23.79822
19.09116
12.54497
22.00634
12.61909
17.97227
19.61145
23.81497
23.60946
27.68593
15.6145
17.98922
25.29294
18.52518
24.63553
19.15622
23.44156
17.14663
16.55143
19.99582
10.6473
7.876587
6.545691
4.907636
10.73021
12.54054
29.58757
22.40284
21.74868
31.37542
19.72815
24.98262
18.02588
21.1956
23.76629
18.51343
21.89515
17.46267
21.05526
17.45397
22.99892
19.13276
19.47235
28.93432
20.51393
22.87291
18.0332
19.47044
18.54761
22.52348
20.00686
17.52196
14.90983
22.56208
12.86757
14.0165
14.97941
19.99472
33.43191
14.07848
18.40741
15.52565
17.8245
14.66816
17.55718
14.44878
14.65339
20.25889
14.20277
14.47986
16.35156
17.98821
23.66461
17.9681
16.58638
18.40542
19.76038
16.65099
16.48619
21.17249
22.19465
21.99186
21.57028
25.47001
27.75864
20.04134
21.73563
24.26536
26.29836
23.82655
35.72936
22.06529
23.66194
24.07412
23.79952
20.13737
25.23912
13.97249
22.36054
25.80479
30.14261
20.10816
26.12886
23.44646
25.6922
30.85486
21.96534
27.96942
25.775
20.90048
28.49034
23.62643
27.18143
22.50191
20.24209
21.22442
22.84853
18.04968
17.6067
12.10801
23.69614
19.92595
21.09574
17.10037
28.03734
16.3349
17.32683
21.15799
18.13966
17.50639
19.41094
16.76542
19.83106
18.16398
19.39434
26.67584
16.66696
19.473
22.49515
20.39951
17.70022
21.51477
17.37457
14.65099
15.3974
15.36761
17.96347
11.59456
10.43423
11.6079
13.37501
11.86721
10.80397
10.38588
13.31539
18.68312
32.45937
25.79297
14.99237
10.97871
10.03123
15.04191
21.60689
14.72684
16.54913
16.61956
18.01759
10.92376
24.14347
13.01533
10.83328
17.15751
11.5532
16.70492
28.64989
20.79208
13.6414
17.53074
18.54308
24.6117
19.10802
21.70713
22.03998
19.08327
13.47212
24.9908
25.08647
18.6527
26.16951
17.23157
15.62906
15.67738
23.31575
11.64844
15.86981
22.4896
17.36291
15.98815
15.45098
25.84894
12.89356
20.81763
17.21779
23.95851
25.41676
24.33296
15.23792
21.61475
21.73125
19.97407
27.16554
35.6905
22.66873
34.27358
27.68785
21.01789
22.61655
26.43918
18.44328
13.89872
15.80138
22.35778
17.38648
15.14845
13.67771
22.82033
19.71509
11.34622
7.079387
16.48234
15.41906
20.78151
29.98068
28.70104
20.39913
24.70123
17.42194
24.70508
18.62652
24.21493
17.45577
18.50496
22.43397
18.02189
21.84921
15.15017
14.10874
17.1436
19.90953
12.75181
16.70456
13.1983
12.697
23.2016
21.31486
18.57073
23.78497
14.86305
23.58276
14.49168
17.2971
16.42945
14.6502
15.92207
16.28468
11.27576
8.04065
13.21337
11.73428
12.37857
19.16612
19.36816
19.89458
24.20274
18.83343
19.94261
18.49432
21.7283
20.40224
16.92925
14.27062
13.51134
14.18284
12.14646
15.62444
22.46882
27.32081
15.36984
23.6278
27.96172
22.15821
25.37715
23.66462
12.02654
13.46151
20.38647
18.25596
16.13634
17.60493
21.0993
20.2907
22.30619
22.23489
22.80646
19.19597
19.35154
22.39085
20.0871
22.60706
26.02581
18.11986
23.53365
23.60577
20.96763
26.06569
20.20465
22.40793
19.86462
21.92387
23.20077
15.92591
24.7449
20.95464
34.0422
20.46559
22.54323
21.04856
21.45974
21.51283
26.43789
14.48081
25.95416
17.62921
17.41687
15.98144
17.14679
14.74662
19.92212
18.94407
18.35851
28.6639
26.86314
16.4855
18.97212
17.76319
17.19933
11.72757
19.96684
19.66999
13.94854
18.08426
21.65622
18.98215
14.91104
20.35474
18.43907
18.94647
21.93228
17.86755
19.54303
17.70511
13.50765
26.97168
19.37344
14.9485
17.33046
23.23747
21.13658
17.61544
24.4161
14.40305
24.91412
19.22996
13.87828
16.08571
12.69972
15.67403
16.70292
19.72413
18.88049
16.65825
14.17283
17.93181
14.08689
16.01435
24.28193
14.00745
17.5243
17.18305
19.89564
19.26727
26.1422
21.97756
26.88517
14.68926
21.19145
18.31207
21.02158
27.70767
23.04787
18.69318
11.61669
10.07805
13.57839
20.21856
17.28849
17.16051
11.68551
16.48512
25.33275
16.81105
13.76321
23.79422
14.61256
19.44839
15.6586
24.89648
20.42358
16.8523
16.45689
17.66338
8.839759
20.04793
15.25985
17.00967
14.92069
15.57192
21.09915
11.19128
10.01773
10.52232
10.28189
16.33004
19.53581
13.39853
13.82079
9.350106
16.62692
23.38542
19.98301
23.27214
19.02096
20.22486
17.18173
15.81358
15.63244
15.91659
19.04188
17.52413
16.64003
18.57178
20.01783
18.72774
26.20481
22.23848
26.06852
22.80491
24.06262
30.06281
20.14773
23.63305
19.92159
12.64251
19.3751
12.04591
18.20812
22.36586
22.21445
23.61661
22.67966
16.44737
15.79065
11.59391
9.83103
11.81273
14.47053
28.54104
16.38727
14.09283
14.92289
15.46589
16.29709
11.45669
14.64924
23.32124
27.76596
17.2131
22.14972
28.17018
18.3753
22.71191
18.08116
25.81651
19.90968
22.90682
25.43717
19.1419
35.64047
24.30359
13.44425
10.2737
10.17382
8.751097
21.43283
17.11679
17.24283
13.48499
10.01453
13.14472
15.0081
13.08856
26.69561
15.85976
18.7321
20.8426
35.36363
24.741
21.87721
23.2621
23.92083
21.07994
20.13447
15.79491
18.11765
16.22976
15.42815
23.32814
20.44457
21.30478
19.19862
21.09774
13.07918
23.70909
39.27347
24.33401
22.98999
24.19924
19.69064
30.1117
21.64336
20.21666
21.12455
26.89714
30.93985
26.12087
22.90308
28.14366
21.72555
25.36205
19.76462
23.89116
23.9515
15.63521
15.36547
18.23554
15.11464
18.50284
15.02918
13.43165
22.74378
19.30186
19.67247
11.99131
16.19735
18.8609
14.20377
19.88639
19.41589
14.89372
12.69929
12.42881
15.83917
15.74827
25.18277
19.59451
19.68716
19.21444
20.0219
20.91192
21.35045
15.98958
15.95835
11.90529
18.72149
18.32985
17.88861
27.9688
21.29908
18.92482
17.25551
14.95195
16.77038
21.71575
15.1523
15.0822
11.91373
12.57022
14.06086
24.55794
22.10795
21.34144
19.14492
18.38172
23.50861
17.41763
17.56102
17.22304
17.09661
21.82655
23.01992
21.39796
9.770222
22.39633
20.24696
17.88667
22.89132
14.13336
14.74043
11.16775
15.56209
14.69891
22.30275
18.94013
16.98044
15.38422
10.72355
16.27635
16.17141
24.45097
23.41979
14.50726
14.48264
22.18376
20.04702
23.1786
26.09336
22.36494
29.21356
19.48238
17.30344
17.91648
16.74568
26.65682
20.45103
18.30088
17.49341
27.11749
23.75464
22.96733
20.27192
21.07783
31.21104
22.32623
18.09905
27.16432
31.25658
16.53442
19.23555
16.20103
21.98309
13.01241
17.74272
14.49453
14.27537
18.76733
20.30363
17.92363
18.20084
20.99338
34.05397
29.46829
22.85175
19.97296
13.59526
10.79125
18.93085
18.10122
17.14685
19.84314
13.25018
14.33501
17.42325
14.48509
15.83095
19.6014
19.62599
18.65668
17.46737
23.56305
20.10154
14.47454
15.98937
13.44981
20.81151
17.40708
10.80548
10.97027
26.09551
25.66851
16.49213
17.63826
13.03997
15.02092
15.94927
18.80805
26.00496
21.87542
23.54659
19.58144
30.72148
18.60934
27.85052
14.36682
15.96411
17.71216
26.64318
22.50156
11.08228
18.54308
18.35217
18.14658
25.90825
19.22391
32.35309
28.86472
26.05724
18.14741
25.43358
31.3699
27.09639
17.6618
19.7104
18.97988
25.05717
16.52089
15.37694
17.88031
20.03407
21.82272
14.88851
14.4082
14.92276
26.71325
15.59051
19.01709
19.34862
26.07996
13.01775
21.582
13.18536
21.04486
22.01159
19.49755
22.97743
24.1789
18.31263
18.61068
22.21833
26.66006
20.75317
32.47294
21.5385
27.28197
24.66117
25.64849
24.52161
22.31534
22.46038
20.12286
31.90982
26.64379
29.42104
18.02258
18.89054
15.16194
13.68119
25.50894
24.24505
15.11448
22.04346
23.20546
30.19799
20.98374
20.73741
18.87989
19.84681
16.72632
18.15956
27.9046
21.95037
14.40526
18.26732
21.44517
21.42134
22.22975
29.51628
23.22514
23.32155
16.71885
22.17466
19.54871
19.47941
19.08849
25.42391
21.00353
16.17469
24.46778
24.63995
22.81491
36.47833
16.80935
22.84092
14.33226
17.84848
20.81606
24.02293
19.08731
21.02218
19.22462
17.84794
18.92462
17.12564
22.41824
17.97917
19.26621
23.52006
28.36951
19.33902
25.78057
22.28368
18.79219
19.65702
24.18031
21.89758
20.23728
17.18828
23.04069
24.23008
10.34606
18.38276
15.33487
15.55455
12.11105
18.12664
21.51236
22.96729
28.65544
20.9797
23.12085
22.05668
27.11967
22.92497
21.67238
18.25086
15.21341
24.33572
21.29458
19.60156
19.66207
27.77905
25.16472
18.63314
21.67577
28.55739
22.21379
18.43705
15.47492
20.06611
15.78922
18.30456
24.08978
19.67164
21.82167
17.65881
24.2602
22.69396
32.67237
22.69492
23.62582
29.25226
23.1173
26.78545
22.31707
15.83259
21.2962
21.16477
21.33858
21.31741
21.43165
12.86187
17.46662
15.56953
18.77232
12.47636
19.82929
14.00512
18.01878
12.96558
19.29262
16.3197
22.14681
15.44031
10.70652
20.1076
7.920813
9.0643
12.67813
14.47136
12.00291
16.85615
21.07688
17.10058
12.75507
19.44228
13.01418
14.07404
25.41624
20.71401
22.28357
18.38326
22.01479
25.53115
17.77857
25.45033
23.85619
30.28982
20.2884
24.52263
17.25889
18.91294
26.65107
23.63278
25.63691
22.8992
19.83212
23.29756
18.00877
28.08394
20.2519
23.9574
26.52458
22.80942
15.79496
15.89559
20.51574
20.52599
14.88573
18.59758
19.75085
20.8374
18.72782
25.15827
16.29623
21.61855
15.70608
20.36666
31.04435
17.3838
18.66658
23.56263
32.0545
14.21225
10.78994
9.42891
14.56526
10.91129
10.03433
11.41925
16.98532
20.71996
17.87279
12.70665
13.49749
12.14357
7.152235
8.348133
12.1154
9.084207
16.7728
10.91294
8.769694
10.34419
12.92893
14.7148
10.98741
16.18953
19.49922
8.719174
12.29549
13.50216
12.22943
9.048139
10.31179
17.56925
22.9626
14.67298
14.56346
18.42845
26.67407
29.74446
20.97623
20.92304
21.45426
13.72034
15.09852
11.75277
14.99207
13.28322
14.45797
9.652335
12.40394
9.638393
13.20443
8.565932
11.17986
11.7434
8.547872
15.53595
7.454489
17.05415
8.895166
11.95315
15.42414
12.08252
17.23802
11.31398
14.61434
11.99865
11.56472
10.30487
10.82754
7.300355
7.511153
19.06371
18.40446
15.92822
18.07432
16.13402
12.28348
22.82392
24.76565
20.99235
14.58856
13.35801
25.09473
14.52356
17.91973
17.05831
18.27299
12.12193
16.68593
15.85272
10.06143
14.1985
12.64777
8.907387
11.76342
20.77758
18.72498
10.72869
13.8643
15.40496
12.64481
10.45508
14.88034
14.37285
14.73866
15.68596
18.3324
20.51017
18.36782
26.83059
18.8561
22.70265
28.39669
22.96782
25.16798
26.16457
18.94828
22.25504
19.6024
23.50755
18.85605
26.53751
26.59092
20.27201
19.8611
30.00978
22.60658
18.6727
14.50899
17.34024
17.66235
11.81719
12.92553
20.37592
15.25644
12.95003
15.83603
9.733723
14.78965
17.79458
26.68754
19.09241
17.8857
20.64401
29.71038
18.06405
21.29341
23.98088
33.14328
25.53345
27.03158
24.17851
22.7856
19.15241
17.86983
11.43961
27.22436
29.63387
22.8153
25.10706
20.09803
26.29451
23.23704
13.91349
21.39635
21.71547
25.0102
18.59383
27.30599
29.97521
23.98415
24.78017
13.71445
19.92073
22.14659
23.65852
15.62082
19.07855
18.10518
15.51951
17.71262
10.82963
16.6847
18.81051
20.86878
21.72698
31.91881
17.46732
26.05731
19.81068
34.34395
17.55599
17.61668
18.24073
27.66834
11.25168
16.54416
17.33147
17.69407
18.69611
19.40261
26.49389
32.7132
23.1542
22.62177
26.813
22.32935
17.06358
21.78746
22.46095
23.74659
23.98183
20.58446
15.94527
20.71066
20.82212
37.15319
23.80515
18.0941
17.27535
16.57757
20.13928
13.99619
16.61352
14.84243
11.14264
15.47807
16.5012
16.5035
16.53794
8.477734
13.27938
20.27691
12.20268
17.60318
11.01175
10.97444
11.89462
5.425187
14.44451
16.15026
10.45684
21.96538
17.56878
18.59658
22.36586
17.94103
22.75884
18.01599
17.48164
17.87624
12.01612
11.97474
28.59181
24.74703
24.97871
22.67862
24.92034
28.21563
22.08661
16.13795
16.78805
20.2156
13.45986
18.33932
15.9979
20.00624
19.77953
19.34413
23.53317
21.72592
19.68073
27.74603
21.539
26.01546
23.26475
22.39333
22.88983
20.54894
23.9029
21.85257
20.9188
21.50383
20.11658
16.60361
22.87638
16.93901
11.68128
17.40983
17.06977
15.40975
29.23671
27.00296
34.25291
30.7765
20.06724
20.75379
19.20658
18.92041
17.57367
19.51835
21.98946
20.66842
19.54072
28.87606
21.43907
25.50517
22.62963
29.71287
16.83078
14.52469
11.87434
18.59504
17.07386
13.47353
27.08915
20.55072
28.57848
8.871043
26.86697
22.51445
27.59042
30.87564
21.87411
26.19767
18.18751
18.42716
20.85954
15.50679
25.88142
18.47796
18.75692
19.33554
23.19119
20.09763
38.3691
33.79267
18.03337
29.57167
19.53191
19.31208
23.54042
21.3675
20.79427
15.25869
21.19025
22.53405
13.95004
11.16965
12.69273
8.219309
13.71906
10.34354
16.57352
16.33055
13.92948
15.08586
7.571743
6.50504
14.18754
14.38421
14.07932
14.18971
16.41936
18.33524
18.8643
29.25192
15.98924
20.45714
24.87574
17.79469
18.71334
19.35803
19.44881
18.38664
18.66657
20.36769
13.59822
18.44823
24.08861
22.64647
25.49484
19.24649
23.88725
18.53727
22.73566
31.49237
28.4588
24.72265
20.15393
27.63579
25.15347
38.30412
19.80762
18.18576
26.9247
28.63452
18.14455
15.17651
25.5544
18.03417
21.97415
23.87632
30.34025
23.69319
26.4524
20.62015
18.21611
24.7272
16.23765
16.83331
18.81345
20.16793
23.0324
21.26909
12.18021
17.12236
27.15892
19.57346
18.84574
14.80365
18.86296
20.65014
16.14722
20.87102
21.18283
20.12903
18.94871
14.25477
13.94395
10.63043
26.62846
17.96954
19.85465
13.95555
14.57032
19.73571
13.87129
12.04497
7.876029
20.02906
20.27345
14.07375
13.18568
21.4831
18.37658
18.92228
20.82589
20.78112
26.28592
14.1408
20.93954
25.01988
24.34196
17.61419
27.23809
20.36694
17.4756
18.05467
24.89441
14.15185
16.1845
12.99898
9.719919
16.25074
17.4241
18.73848
12.98836
15.68858
12.05388
5.995063
9.743393
9.658988
10.69103
12.83875
19.66735
16.99824
18.61142
20.88425
17.31535
14.50742
16.00533
19.04666
24.98033
24.29275
26.37577
27.08397
39.78055
20.75458
21.50968
24.37349
28.53304
20.50162
23.45093
27.55904
16.3121
22.63045
26.93301
24.05368
27.50695
18.68619
21.39581
25.65858
20.55634
22.14392
21.79733
34.60324
19.51431
25.7099
21.85496
21.11736
18.48577
23.3992
30.94918
25.07146
23.0234
15.36169
18.81518
17.46656
26.89416
20.11539
18.62587
20.55101
13.91659
25.59336
20.6663
22.01285
26.31777
23.46712
18.57741
20.52547
16.93179
22.14416
20.57327
20.24813
24.31436
18.1772
19.6687
30.6646
23.43734
14.69302
13.4055
26.0049
15.16726
17.21781
13.42142
19.31849
19.40462
17.29263
19.31428
10.67378
19.40843
21.18574
18.71277
23.52317
14.20362
18.92527
33.77518
23.02695
18.99095
20.30059
20.12267
19.90701
15.54688
12.40408
24.05283
18.03804
14.37288
12.6085
6.041675
15.79178
22.48854
30.87785
16.34991
24.13927
23.90203
18.2637
24.76774
19.26539
22.07097
20.85832
21.59495
18.16873
17.04929
14.2701
17.37492
7.769147
7.155706
15.81177
17.67579
15.08104
14.42725
14.39383
16.49319
14.79095
22.81707
19.3914
27.28999
19.2382
18.29333
25.03971
26.89763
24.20722
22.25473
28.7937
20.81999
17.04536
43.44888
23.92263
21.37219
21.71427
15.38148
23.17165
25.0836
17.52233
18.18159
13.74699
16.73398
14.77347
9.717027
18.02639
18.17621
11.58953
18.53206
19.42461
19.35512
15.49052
19.01478
24.17627
17.40429
11.41669
20.22492
12.30347
24.34275
17.73057
23.55016
21.89408
18.3525
20.72918
19.65077
11.80271
14.01516
11.51621
15.53806
10.05643
14.1837
12.33306
12.99652
16.9534
13.6446
19.51306
12.71375
22.36468
12.76085
15.7876
22.34289
21.81222
19.15241
21.47638
22.76526
26.39886
24.95716
30.17601
15.85604
18.53664
23.18726
22.84007
24.69912
29.22448
23.22714
20.02212
27.04578
22.51106
18.43289
19.24385
21.94062
12.16608
15.31232
15.17456
20.1384
27.08188
24.94318
15.90061
9.836738
14.83357
20.10994
12.74952
18.76818
15.20544
14.93161
12.96082
16.6913
16.71705
17.69926
21.25026
32.72878
18.67157
21.56876
25.38234
17.38661
19.61022
20.32065
15.12778
14.49686
16.74587
27.68811
19.5287
19.3808
25.83841
17.78276
20.03532
23.73917
20.40175
18.34128
20.87945
22.75439
14.24769
14.29778
11.43031
14.50442
13.81297
9.16093
21.88277
13.36432
12.30704
20.44446
17.69829
21.67499
15.95513
9.875297
15.1348
11.6704
17.51148
14.74825
16.21397
14.16985
14.8623
16.91832
12.74333
10.27458
16.25471
20.5395
16.55063
14.44491
17.45966
22.46832
10.98109
9.323564
11.9869
13.35411
13.04182
16.22799
23.14801
22.46939
17.05493
17.3266
17.45786
25.04848
26.51409
19.69108
20.71312
19.40023
16.10747
15.5183
11.89861
16.58942
24.06628
23.16133
27.4845
21.44616
20.52444
27.87452
22.77287
24.91146
20.15261
22.9055
24.56748
19.90356
21.66965
15.22803
13.12287
18.43785
19.7527
21.6258
19.49644
25.12378
13.81929
17.91486
19.02382
23.72227
12.5876
21.19722
21.87944
14.92155
21.57161
18.35359
24.39202
14.54204
9.207666
9.159406
18.26036
18.9972
15.94395
28.39707
22.33665
16.0614
14.0275
14.69394
10.18484
9.059027
19.05709
14.93025
23.90918
17.5764
19.57391
9.552853
17.25245
11.54609
11.84397
15.66839
17.00343
15.65982
10.48194
18.84638
16.68902
24.76975
14.08339
26.37186
19.35795
19.06466
19.14495
20.34764
27.21313
21.10366
22.18337
16.94515
19.8776
24.01158
19.97677
11.2372
20.45453
11.80946
9.25741
12.61354
16.48738
20.69875
18.99822
17.0523
25.32376
18.76962
16.0617
14.45345
15.91962
14.35167
10.86375
12.58074
11.39828
16.35124
16.2281
20.96224
20.11715
24.93478
29.59806
26.1588
24.71659
20.29281
20.11391
20.88151
21.82571
12.59058
11.33902
18.61038
12.6497
13.66523
12.21178
18.45389
14.71633
13.18732
18.38913
20.17603
22.25352
20.89733
19.9229
18.19903
19.44663
23.15489
11.77789
14.71865
13.67911
11.54965
17.00515
20.92692
20.64788
19.96267
14.21275
12.59723
14.05955
9.263588
16.76258
12.4472
10.47292
12.79068
15.26528
16.32259
17.68368
23.34012
13.95774
20.54279
16.21019
18.25294
17.82238
21.32052
17.79279
17.23777
20.00809
16.10338
13.78466
25.70574
23.02697
27.06686
22.15606
22.53453
19.7252
18.69102
15.94862
18.92953
19.90039
21.68579
18.86779
24.67278
22.85859
18.84664
23.01512
22.40299
24.85835
20.33188
22.32405
25.4294
20.7974
19.18618
18.80031
17.47315
17.05771
24.70596
27.4097
21.8727
15.73468
22.28747
18.1855
22.62046
15.6297
16.57233
12.47038
17.13
20.25721
19.05081
17.28874
14.81676
15.81575
17.37946
16.25049
17.94269
27.21084
29.97279
22.84194
22.22808
26.9856
20.39083
13.40287
16.19048
22.61943
17.38712
18.80774
13.49124
16.8989
16.54761
12.18316
21.57017
22.49726
22.93302
22.81625
23.28654
20.53885
20.64099
20.1957
13.53229
23.3842
15.25568
22.58903
22.02119
28.9655
33.63255
15.1642
22.78847
28.20404
24.2959
18.59514
18.80271
27.26382
34.08887
23.43971
20.03237
21.25758
22.78767
32.56711
24.77
19.05533
33.94043
22.41219
23.59067
24.1668
17.26978
12.938
11.13106
16.29568
8.461974
8.556606
14.37609
14.51989
23.41956
14.02566
14.63097
21.0437
14.00874
25.41837
21.63143
26.37633
21.44198
15.08779
9.541691
13.67914
18.31041
7.359117
15.05182
18.43585
23.98978
21.82726
21.09886
13.84507
21.23415
16.26858
16.34426
9.296014
14.17311
14.55253
14.3559
22.61202
16.45297
15.68179
13.74555
13.55219
18.45316
13.86692
14.87299
16.00072
25.09656
22.35926
22.75001
19.34945
22.33755
17.45072
18.94967
14.5566
18.60284
24.33716
20.1825
26.48463
12.49533
19.12181
19.98569
13.05579
16.10876
18.21035
16.43111
24.05067
25.52451
24.43313
12.32657
16.38171
16.42517
15.2881
14.89987
15.85892
8.985469
13.22958
15.21828
23.3183
30.66843
17.1659
16.70989
22.70956
23.24479
14.44016
19.55376
15.08866
11.85116
12.67984
19.01356
15.93045
21.47962
13.56893
19.90064
19.21523
25.55675
22.11892
19.5695
18.00983
24.57099
19.20798
23.10539
20.93948
25.74497
26.56006
31.58839
38.53562
29.63173
25.04105
19.85115
20.89426
15.29177
17.80066
16.20764
22.19163
19.09131
24.57031
19.41098
21.73935
22.91952
21.97528
18.88418
24.67897
14.87991
11.87038
14.53145
16.00285
18.35063
11.9913
18.15038
24.40321
18.99476
20.96515
23.45115
16.95139
15.23047
19.10468
20.64874
11.62557
15.21762
14.05967
20.39908
17.23998
11.82619
11.93419
15.4969
10.21503
14.30247
10.07288
12.10863
13.60336
19.69962
19.65055
19.82407
21.05891
24.00255
19.57958
27.35371
24.24698
22.75235
22.06558
25.14889
26.70387
20.81788
23.16893
13.64813
15.22517
9.139304
12.23694
15.7201
17.7017
15.061
19.01315
24.54267
19.36637
39.39139
28.7095
26.34945
20.98485
27.31907
19.33302
18.96923
15.18983
15.65668
16.56655
16.45084
15.63508
11.39787
10.36805
11.74904
18.52669
13.49864
12.88558
13.50023
21.80296
22.3597
18.03537
16.35882
21.91774
25.18825
18.34838
24.21323
21.27313
23.61906
21.26026
23.48938
21.99963
25.46007
28.7059
24.16867
20.64666
22.60853
19.99814
22.76884
20.07922
20.91956
20.69015
32.5032
31.25254
23.34437
14.70861
13.29468
21.50385
18.36134
13.89064
11.58934
12.80677
11.46927
14.43971
15.93988
12.97252
10.35444
7.645458
18.38175
14.9764
18.02308
18.4141
15.34029
21.65484
20.17921
23.51592
20.54038
18.66161
22.71107
23.48433
20.46993
14.19464
21.32444
26.3597
15.49336
27.29995
19.11904
20.54126
24.69322
23.2319
26.47188
22.68524
33.79805
26.40987
18.80723
20.82526
14.50741
26.94326
20.48197
11.3162
10.36365
16.60863
11.55679
6.742927
20.25758
11.74667
15.63643
21.46956
15.52707
21.19771
25.41297
24.35411
29
24.47955
26.59104
26.58917
24.10129
30.36229
25.89514
24.39342
27.72266
20.40613
27.54415
24.83259
23.02585
18.08937
24.60484
15.94753
19.93966
20.75019
18.23405
12.94685
14.4185
13.45467
15.97105
16.64615
14.56863
14.0805
15.96383
28.40796
20.87448
17.39268
23.72467
22.96507
34.29367
21.65501
19.87836
15.70405
13.97604
16.5398
14.20948
20.32184
17.67343
31.29244
22.01076
21.15397
21.44116
19.85895
15.74782
19.63071
20.96411
19.29037
18.99695
19.99439
18.48178
18.66361
15.44963
18.87334
17.07578
15.95183
9.843565
10.68142
15.16954
10.53195
17.85198
9.878572
14.56165
13.87634
19.90151
14.00572
12.37955
23.79896
27.23351
17.64407
23.21337
14.64605
23.1233
16.9223
13.72561
12.80014
17.26698
17.69919
18.2851
20.93741
18.41899
19.30672
21.89312
25.96076
25.80238
26.40559
24.50007
22.5377
22.77888
24.05953
16.66187
20.1624
13.81504
17.99075
18.69522
21.41996
24.0246
25.10474
18.15063
19.66995
29.63681
24.69784
24.23622
24.81679
24.97077
19.99854
18.31412
19.4493
18.11235
22.66971
21.20615
23.52762
19.37223
27.07602
12.28876
14.64603
29.17782
15.29676
16.10362
22.67477
16.54765
20.3565
18.85908
21.82052
16.40979
25.90857
26.23978
23.77213
25.50953
23.98802
22.8621
23.0789
14.5905
25.32427
23.73867
24.93424
27.38676
22.28941
23.98824
25.66684
24.96685
20.4697
25.25546
21.88904
25.27152
19.08192
17.77045
22.17202
21.41466
22.77103
19.1575
19.49063
18.65692
17.23837
25.58625
25.08592
29.57354
31.5803
19.41656
24.93941
24.04004
31.03387
26.62464
29.36934
27.38839
18.30305
18.27487
21.23718
15.2573
11.26297
18.61277
22.04192
23.93532
12.60808
18.88966
22.27434
12.85887
17.54892
13.21694
10.12776
16.28755
14.90679
15.6833
13.2447
19.97343
14.63184
12.34884
17.75301
14.92225
6.494765
6.59109
8.493671
8.651017
12.02774
16.72942
18.93115
14.2204
13.94587
16.26281
19.50569
15.18421
21.546
17.91863
11.3508
16.51427
20.34244
21.84133
14.49537
21.32765
25.33562
26.69066
22.0118
17.41788
20.62195
22.57607
27.65792
27.2705
20.30334
20.65104
20.33084
19.15147
18.8757
18.00898
12.48092
15.34784
12.26927
16.21987
17.176
11.98257
28.32985
12.53675
20.7079
20.2608
19.98692
17.25807
22.46124
27.66797
21.7082
22.29792
23.02757
15.41091
9.145391
9.003686
14.3335
12.07334
22.27194
17.34712
17.51433
14.86259
15.60767
19.95236
18.15781
24.00348
15.3924
17.21076
19.2967
23.46825
22.89892
19.11415
19.04384
23.91369
25.11058
21.75042
24.2664
17.20449
21.8989
24.03786
15.52145
11.53375
11.33072
10.16142
18.38616
17.81464
16.02496
19.14501
14.79862
12.13595
14.18851
18.18646
16.73336
17.9064
20.31652
12.63618
16.91066
19.0879
25.65211
17.43354
16.54291
21.52655
12.81166
19.86316
12.57586
22.23253
26.11798
21.30728
30.2651
16.82525
16.83175
19.69014
21.63073
22.79879
18.06228
31.03461
31.51931
18.69159
14.84202
16.04889
19.70897
30.33475
25.83874
24.72508
17.99558
28.66717
17.30871
25.41853
15.09354
14.009
25.57454
20.86697
23.49279
22.48371
23.19118
20.46738
25.06749
25.9418
28.03167
22.44998
15.71898
21.79513
21.75789
31.13434
22.34945
21.35815
20.33524
17.9075
23.38483
20.2913
20.05929
21.20838
18.05327
20.72641
22.43801
19.61044
17.01287
24.29562
15.21262
17.63727
26.93297
15.09717
13.35433
30.38497
11.93345
11.03669
9.527659
20.88391
13.15804
15.78866
14.57244
19.02295
18.72079
17.4341
17.47276
19.97891
17.84679
13.80625
23.55871
15.82796
13.83287
18.50054
17.53282
19.25539
17.37351
30.53427
19.38528
22.05942
25.53142
26.05507
19.94901
23.84617
23.58965
27.24517
24.36082
27.20511
28.27025
31.83655
22.02276
20.05897
20.09543
18.13789
28.49972
18.37266
17.71857
18.81392
15.42419
20.18808
12.71341
15.09441
12.37896
23.39233
21.13187
12.99187
15.58363
11.60893
18.75801
13.20724
13.59354
17.8609
14.93784
20.8613
20.37929
19.18181
17.12405
23.40901
21.01953
22.60778
24.78336
19.10392
26.98028
19.5756
19.91245
31.25106
22.94536
27.58297
23.9801
22.3497
19.41353
24.03388
24.5658
27.92785
20.31055
27.69704
26.03554
27.44558
24.02584
20.89141
19.21875
11.01702
14.27346
13.5865
9.553919
20.85681
11.22651
17.16105
18.51687
17.60117
16.37584
21.60647
21.59871
15.38439
13.38225
16.1938
13.12914
17.36206
20.19144
25.20474
18.7058
18.52866
16.15192
12.12352
17.8665
18.52839
23.66714
25.68108
22.18322
22.70676
20.44014
36.57105
24.69624
17.708
18.92766
14.05889
11.94495
12.37755
19.81779
23.25777
16.05517
29.10968
20.79388
21.09111
21.45468
12.27452
13.58697
15.60848
18.82161
18.19243
12.30931
17.15856
29.94311
21.23692
26.35014
12.3055
21.46147
23.00295
16.01436
17.94532
12.215
8.230367
7.887989
8.886632
11.20375
10.91117
13.88711
13.48656
17.33377
11.91278
13.78807
8.486475
18.49295
16.27439
12.88176
16.51748
17.90036
21.21521
21.4725
16.32477
18.55474
23.37791
21.49039
16.41128
18.54293
13.14543
13.70885
13.7695
16.36613
11.4695
13.65382
14.26501
16.79629
11.77214
17.91868
17.92083
24.57052
18.27128
12.9749
21.26294
14.85066
23.69538
20.43232
21.75617
26.06684
16.11964
17.39201
19.93049
20.32839
26.21164
23.21706
23.54571
20.23324
23.98397
26.06498
26.68384
30.48856
20.28547
23.01392
21.64176
21.62018
18.83079
30.83774
25.52693
20.97425
29.42403
22.82291
32.35007
21.71162
21.95887
24.24549
20.47167
17.80997
25.26023
25.84127
20.48695
19.95579
17.54737
17.42042
16.67914
12.19855
10.125
15.40409
13.61231
14.27257
11.64964
21.40174
15.25665
9.405295
10.92261
15.0186
17.62354
17.49421
17.04452
21.17629
23.35834
29.08993
23.94156
22.02303
22.50603
22.1711
18.62458
19.07293
24.35409
26.40585
20.87658
18.91825
27.72281
21.63266
17.23434
27.07389
29.57307
19.83872
20.00407
19.21927
20.71377
20.45182
18.92952
18.89101
17.91471
16.65864
22.27345
11.50147
21.12743
13.95902
16.33477
22.27154
16.9239
29.61658
21.87142
23.92515
19.18082
26.78658
25.36151
22.92749
20.8332
14.40054
18.36962
23.12929
18.74673
21.65044
30.64118
13.9659
9.99914
11.5973
16.32201
18.27102
13.27617
25.07792
12.39051
31.10085
19.55954
22.75808
15.37958
18.72945
18.9512
20.9155
23.13772
18.65151
21.4951
17.5505
15.897
18.13818
22.68869
16.93057
19.50909
19.68905
22.32926
27.50937
29.1848
23.93978
26.41956
24.09359
25.29895
22.36332
21.66463
23.26737
29.11556
28.65838
29.46782
29.08664
25.91258
23.11549
22.12283
26.54979
17.34642
14.22705
13.51047
25.93967
18.80643
13.69237
16.06621
16.68352
19.32751
14.52343
26.19008
21.16153
27.62049
25.01544
20.01912
19.64921
26.36601
20.42259
17.45288
20.25123
18.79352
28.35805
31.71751
20.76125
19.54706
31.72452
22.13011
17.6552
26.56543
20.49418
19.02969
17.59746
17.64666
27.31361
17.02917
24.38476
19.90621
29.73144
14.81454
20.95609
25.21762
23.38036
20.29978
19.22668
20.57853
16.42421
25.81571
20.59867
27.83932
18.22681
20.43468
22.98081
21.55108
20.89676
27.94939
14.91698
15.17322
23.72085
28.74636
18.83362
27.64779
19.33717
17.45913
29.72283
19.12467
17.64758
22.75272
19.9856
20.65443
21.05241
13.26512
20.74147
16.72369
17.78459
17.41215
17.3355
27.8332
24.21797
19.47946
16.09969
14.71587
16.84081
17.6178
15.92145
20.41004
15.31458
14.94063
18.38702
16.28292
17.27663
20.62961
11.96111
13.06076
15.47322
13.34115
19.03571
11.63135
9.689663
13.20442
26.72418
26.01475
25.94336
19.94545
15.32212
11.85525
11.88393
13.39492
14.97187
18.38657
23.33098
23.3159
22.34513
9.577647
10.1932
14.75468
11.28727
17.74297
17.53146
19.71289
22.26866
18.4171
18.8184
26.86157
12.35353
18.44083
10.53981
15.84222
22.75481
21.45407
16.39589
13.94696
23.4267
19.63445
26.67278
26.25107
24.21848
23.14901
16.07633
25.61449
20.83911
25.408
14.9729
26.77083
22.60421
19.91639
20.5114
15.60493
32.70137
21.4051
25.16303
20.41674
20.80989
27.89268
21.78809
24.38969
26.97282
23.8527
22.7875
22.52836
19.57666
17.25841
20.3354
23.26938
18.91753
27.97356
24.85698
21.49008
17.38307
19.35191
19.72958
19.34125
21.59084
17.64745
21.93864
16.45671
17.43811
17.34124
23.1277
23.56786
13.17575
10.49783
10.54285
23.25258
13.20245
14.54189
14.04091
17.38758
9.061287
10.5059
14.36328
13.57747
16.06755
12.0115
17.0903
11.70769
14.4103
19.16978
16.12596
16.58863
20.20198
11.3108
20.94925
12.40332
17.32261
18.35449
25.54694
25.41216
19.94227
16.14614
29.15835
27.15484
13.09623
13.69334
17.47236
12.99657
21.43055
14.218
17.83629
14.89661
22.28906
16.03814
19.71546
13.94473
22.90461
17.15762
24.36654
26.31382
29.05628
36.81286
23.49942
31.27792
19.62114
22.14857
27.85692
16.68818
20.65518
22.61927
28.81838
22.08104
21.90642
25.02948
13.54511
17.64438
16.41436
18.60859
18.03777
20.58205
22.85051
21.99459
21.4859
22.30907
23.2136
27.54343
25.04671
21.9167
25.93833
18.8362
25.59644
25.93171
28.43688
20.79115
17.80065
17.41565
20.47791
12.75553
10.93737
12.95075
12.08013
24.51652
14.80672
18.47647
19.38679
19.94402
23.87558
19.29021
25.50589
12.78338
11.63376
11.87629
13.54696
15.18172
18.06652
22.44233
22.08192
28.20299
24.20425
23.25822
18.80673
12.94693
14.50149
17.8316
18.507
16.73843
20.54071
11.77248
21.9948
11.07631
16.23375
14.62088
26.24077
19.49166
17.10444
22.40966
22.49518
21.72197
18.41087
18.01455
24.37383
17.72222
17.314
31.37033
15.14545
19.98723
24.27686
21.40446
25.14111
27.68565
26.42236
24.61619
23.20036
28.89657
24.80541
30.08675
28.5124
22.92562
27.24454
18.07515
23.58563
22.16359
16.65177
22.15156
20.28008
18.28699
29.05577
25.75901
37.55261
26.32693
18.70431
21.69856
17.76029
19.2738
13.75917
13.44354
11.58728
17.35665
17.1382
20.54346
20.77564
18.43845
17.52641
16.15322
15.15312
20.24138
25.51243
25.77531
23.70039
12.934
20.93556
28.66772
28.60234
14.27186
24.55957
15.91445
16.55991
24.71772
19.14324
12.4261
18.06217
17.05524
17.62501
9.547894
10.25815
25.69364
22.24144
22.52007
22.95715
24.03975
21.24574
25.19146
23.17849
19.55312
28.03213
20.95501
17.71897
20.76733
23.56352
20.97812
25.11396
22.60126
23.9811
19.90362
21.56912
29.15903
20.53901
19.50295
14.4721
20.36045
28.12682
20.76342
27.22787
22.8958
21.31507
18.0312
21.22466
25.61336
18.5574
24.00069
21.18536
11.50212
11.93399
17.68367
24.74036
14.32798
13.25175
14.65265
14.24777
20.54524
18.80587
13.71572
10.4573
15.30066
23.56754
23.772
14.94714
23.72695
16.38325
28.26174
18.80062
17.21798
22.71903
19.07931
18.58963
20.38472
19.71801
19.66227
13.53543
9.016393
6.169734
11.51732
12.9842
19.86482
26.0028
16.47363
11.51487
13.26835
10.45469
19.38535
14.53918
16.58846
12.01262
19.60566
17.24946
29.98207
18.52968
23.31023
23.86563
21.50896
25.1736
22.61909
18.81343
18.44918
19.43587
25.09517
23.5378
18.50322
23.7215
24.86666
24.25228
20.81417
21.26747
20.24248
27.65982
18.52048
17.99581
26.50081
15.38631
16.88776
17.30194
22.88767
13.37008
11.07151
9.911531
17.60174
22.63074
14.5088
23.94097
16.98814
19.48279
17.23226
16.20682
20.60062
13.38525
14.24181
19.36588
14.99667
18.38664
26.81396
23.52602
15.91182
20.00785
23.60849
21.56942
22.93164
24.40862
25.68281
18.1974
12.95411
15.85637
17.50734
18.82461
19.90008
15.82914
18.87273
18.61083
15.26405
20.26861
21.26082
18.37321
18.69905
16.36118
17.8657
17.23228
19.64248
19.21703
20.32319
15.99076
18.35204
17.36103
20.11377
21.73134
20.64025
19.19297
19.47654
22.96354
20.02939
17.98756
22.15214
22.63692
20.33159
20.4056
17.97714
13.38593
20.95676
18.82125
20.32976
22.66691
22.13486
17.98931
24.35826
22.83553
19.85454
16.35035
19.58386
17.61917
22.29422
23.9496
21.02366
15.25256
22.66451
17.78095
15.98226
19.70632
19.35646
20.81043
24.15167
25.1401
16.31223
17.15397
11.81242
17.7806
15.74823
12.51734
28.60932
22.89411
22.26114
19.61821
19.78881
16.49349
17.45555
23.18777
21.00349
26.42041
17.01888
20.86774
19.40743
18.51376
19.29002
26.4893
29.16234
11.52633
17.01667
17.58744
20.39439
26.30523
21.77186
23.52404
17.59713
21.12845
19.90576
22.32334
21.82202
16.74052
14.6199
20.21732
25.32501
20.20946
23.8297
20.35205
20.26645
15.71067
19.97243
17.49073
24.20513
24.12245
15.53133
18.68179
19.02766
22.14427
21.08814
24.03972
12.28005
17.71158
17.88738
13.56729
27.77492
27.5387
13.73193
20.17516
24.4526
29.861
31.39901
24.96853
18.50451
29.39219
21.37532
21.10596
24.99934
19.97653
22.08288
23.74315
17.21895
22.89071
26.35929
27.36122
24.21982
26.71839
25.48873
25.51179
25.15814
25.46133
26.75468
25.77332
19.0653
24.71678
24.37821
21.86262
30.30111
25.38327
19.93519
20.40747
19.78991
21.24986
27.30616
23.76743
14.9955
15.03884
19.42748
15.52741
22.67287
9.928859
10.14168
12.98945
11.22687
13.68047
21.71573
23.34347
21.24168
19.13039
17.94345
18.72827
24.32185
16.8886
22.28739
24.06593
16.73657
21.18925
24.62261
25.73332
26.98102
20.71813
22.58525
31.54016
34.30846
28.57077
23.92726
26.37403
24.47514
27.38554
30.56439
29.07253
27.52299
32.14416
26.95537
36.80594
19.66082
19.15984
18.99714
22.13623
21.86934
18.64983
21.13079
18.24322
24.12754
22.81743
21.2654
29.06018
26.06448
27.0278
23.84055
30.11376
18.98684
21.35444
16.99006
19.93121
16.8953
14.74998
17.9069
24.58689
26.08321
16.47073
11.10748
30.68904
15.23327
23.49958
21.21518
26.8203
21.52143
18.28095
20.98582
28.88462
33.33781
18.24309
21.61828
13.22738
18.88657
18.6341
13.85554
12.83993
13.90628
13.24039
17.95547
19.13683
20.56457
21.45333
22.40231
12.29968
17.37191
25.8542
13.6308
24.26689
22.46833
22.35003
19.24646
22.39152
22.87572
31.21865
22.04552
14.05453
20.00287
16.08557
16.82787
16.54563
18.40199
32.3466
16.7182
21.20575
17.41573
25.04684
21.32899
23.76517
20.28911
21.27771
23.00782
20.88529
23.60455
23.7022
18.30803
19.60581
31.17018
19.61113
19.06001
23.42613
23.39298
27.8982
21.81404
33.72627
23.68015
22.99785
33.66895
29.60451
17.91355
17.96361
27.93952
33.39997
23.68354
22.14602
24.17247
15.44974
20.20989
21.36567
14.55785
27.21991
18.76596
23.61005
22.46476
25.20015
17.47661
14.20581
10.90872
7.919473
13.06044
14.58948
16.1772
12.52998
14.35569
16.58039
18.08727
16.2576
18.66762
10.58465
13.21335
15.82354
12.2902
17.33711
10.56593
18.20746
17.88914
13.62575
18.58472
18.93939
15.56502
18.58569
12.44197
7.976024
24.0262
10.77962
14.04419
23.56139
14.55903
16.59291
14.62938
14.46631
17.52398
17.49196
20.52645
10.69517
12.96849
22.92372
16.63897
17.982
16.57154
22.61297
26.32431
21.77168
13.39497
21.77044
17.5596
18.8739
21.07704
21.99921
25.27529
23.05611
20.73835
27.16947
19.29872
23.04743
28.49689
21.04803
26.57585
17.78643
24.22096
30.78081
28.95607
19.00302
25.92828
30.89165
21.5116
18.28249
25.75827
21.06386
17.07575
25.6727
24.97503
28.72599
22.61538
22.68217
19.74681
18.40505
14.68337
13.60645
9.809625
11.0413
14.42903
12.41092
14.5598
19.82944
19.95786
26.94426
20.61849
32.00966
20.85442
23.5485
27.50518
22.49046
27.8934
28.11652
23.21975
23.39502
32.48017
20.72794
16.62771
24.88197
23.00946
21.53831
24.1799
19.19753
19.08926
20.12915
26.02539
22.24039
19.0173
24.99695
17.63229
19.3366
23.04989
16.92382
16.27523
22.98458
14.49519
20.16374
16.83239
14.01954
11.65767
14.69982
17.88461
18.93117
22.41312
17.84794
21.86662
15.87744
16.62917
19.7125
21.96053
6.295703
11.39927
17.69418
18.55831
17.0282
15.45548
18.04752
12.96258
12.27162
19.82262
15.4711
17.03327
13.06705
20.79577
21.9768
20.40814
15.13051
17.90035
24.15683
18.32453
19.14637
22.41428
24.11306
21.21931
16.3812
20.28216
18.52429
18.10134
14.20435
22.56354
21.11107
19.66246
22.77011
22.21689
22.41106
11.24868
23.40704
13.78907
16.17536
15.71321
13.94122
26.43273
16.46819
19.5428
19.02748
15.68228
25.51828
20.78504
17.44711
26.48601
28.85377
24.38096
22.20489
26.8008
24.99412
19.37406
13.06267
15.71614
18.33195
24.79576
17.03256
20.72858
16.4292
19.57713
20.63846
13.80024
14.43697
16.04805
13.19835
14.80549
22.71803
21.35724
27.12574
18.71632
24.99146
21.30602
35.04936
14.94521
18.72348
24.97724
28.17302
25.04138
18.71286
32.59958
18.83797
24.33372
23.05157
13.32913
21.65726
14.82283
11.48213
11.93253
9.897994
9.824854
14.30081
18.52327
19.49862
21.4509
22.00165
22.19143
15.26235
15.53955
22.02925
19.6415
23.0894
13.77655
16.82578
19.92196
21.01684
20.49067
16.74952
16.76352
14.68375
17.83573
12.97148
31.56036
15.57043
15.53724
9.222683
19.02205
14.27387
17.48096
23.9642
12.13826
20.30832
24.4597
22.56284
24.5166
27.41409
21.74716
29.52896
21.54385
19.86834
20.94822
26.31896
26.96202
17.31077
12.53576
24.7484
13.8434
14.90208
20.59213
22.04199
13.7679
17.13111
13.85994
16.40643
9.423715
16.73292
10.23919
17.01703
15.04733
13.2449
19.8021
14.26376
11.15759
18.14607
18.30044
16.99323
17.7532
19.72493
17.72016
16.29997
13.4379
12.96322
14.75577
13.04584
14.76708
12.49138
18.56054
12.64165
12.67422
14.45053
15.30821
16.40918
10.42174
11.27812
14.04474
13.0519
13.93323
22.04273
31.20302
15.23245
25.1523
19.70488
19.10362
15.89485
17.20572
13.37168
17.23675
22.58551
16.63528
15.68665
17.37825
12.15337
11.80759
9.2459
4.639392
9.939088
10.45846
17.00231
15.39256
12.31059
14.67856
16.28088
20.41758
15.29563
11.59373
13.17804
10.0945
11.1435
11.9116
18.73167
20.09082
23.55231
19.95455
21.10342
18.78754
22.72035
24.52612
16.13343
22.00743
26.15982
15.79524
15.45168
10.66509
18.78122
17.64221
14.39539
13.93566
17.48043
16.78873
17.53106
31.05864
12.0917
8.313676
11.41647
17.62012
18.59794
11.03058
13.4115
12.77487
17.7147
9.606335
16.07014
13.61397
15.6873
18.47842
13.3537
19.56205
18.39246
21.98455
21.56593
21.64153
27.19868
23.32614
17.05185
23.52439
25.49181
23.29615
18.28737
22.50966
11.0101
11.03062
14.0337
9.508134
7.726475
11.55934
15.85929
12.70483
11.89026
17.26656
14.25617
22.17006
12.32915
18.77659
16.25292
16.49263
16.37421
21.60447
20.32563
23.17764
29.27021
19.61632
19.5056
22.78076
18.43829
19.59377
25.44763
21.73423
26.63534
26.19078
22.44332
18.58879
23.72062
15.94631
13.40425
20.65664
16.30451
16.36992
18.02394
23.82163
23.97123
17.17736
22.12575
18.87666
12.9049
13.78846
13.53684
23.78342
24.64641
15.7234
19.85363
24.0628
26.71571
21.79559
23.36008
25.40363
17.0834
25.36015
13.09144
17.83363
14.51146
14.22396
14.01569
18.1097
13.90748
19.62551
14.01205
15.84399
12.6451
15.70095
22.5154
20.55252
27.8358
22.06336
9.878005
19.10384
23.13157
26.7974
21.45811
16.85317
14.08928
16.52995
20.53037
27.53423
20.22918
19.28101
19.60165
17.85254
23.14608
28.85448
16.60875
18.22236
27.32707
19.56292
23.90997
20.59238
22.03724
21.92013
20.12341
14.83542
17.81772
14.73829
14.79471
14.84093
17.98117
17.12925
17.35361
19.15884
21.92657
10.46311
14.59797
25.54098
23.37497
13.33546
21.58608
14.39514
11.68582
14.87854
15.1188
15.78712
13.4584
19.19726
25.42885
26.84048
17.68275
12.86095
18.01975
20.50157
23.73918
13.81785
19.17202
11.86938
14.31221
18.42156
18.54997
20.12306
12.59865
17.46879
13.54835
14.79141
10.61224
14.36481
15.14376
11.31699
11.19036
13.73367
8.689534
21.52734
14.8431
12.00159
17.00039
20.10131
20.04151
18.67938
15.79393
13.47897
14.38922
15.24056
19.91788
19.82938
20.63616
26.18701
21.81538
10.6862
8.750017
12.067
19.84594
13.46097
16.83943
12.60508
15.06191
14.86545
10.50392
10.48642
17.07195
17.28598
17.76248
18.47951
19.54222
14.28682
15.59076
19.10478
14.52757
19.16166
24.70004
19.94966
15.25804
15.11389
12.44822
7.713655
11.24424
10.95751
12.16514
13.92506
12.65488
7.749335
9.185322
8.613999
7.678359
10.91752
20.90129
12.01033
11.86566
8.604176
13.59351
17.71355
15.90348
11.82508
16.91689
25.19941
17.0631
17.88534
16.08669
20.31716
22.14847
13.97758
19.17063
19.62684
19.15307
22.38151
21.45265
27.11022
27.91993
22.0417
26.31969
21.93478
21.09122
21.27229
26.56965
22.59347
27.77126
20.42927
25.10339
16.73503
25.32613
23.01479
20.86361
24.81209
22.65152
19.934
20.38625
9.335036
15.15889
12.60924
9.536198
10.34364
9.527741
18.12848
14.64829
13.98689
14.23944
17.48502
15.56061
10.68556
16.70899
15.14807
14.44764
29.55772
23.40345
21.9476
15.30253
12.50517
12.89734
22.41248
16.17266
15.71823
13.59978
15.09745
14.10353
17.06928
14.21113
18.88609
6.285185
21.53347
11.69529
9.656512
14.45998
19.44982
19.61986
14.28228
8.536877
20.32872
16.32555
20.7782
18.52295
19.58631
18.32557
13.74949
16.56131
24.69213
19.88464
16.83131
18.08852
21.64824
14.46441
20.28523
17.29642
27.57548
23.24017
14.70611
25.63113
13.24566
16.3142
14.93544
17.04476
18.68853
20.25166
18.55254
14.42668
20.4309
28.19819
25.36679
32.1932
22.90091
20.60623
18.42995
16.32334
20.5564
20.18299
23.69401
20.5834
32.55961
25.39378
23.69309
19.28147
27.93447
24.4451
18.82826
27.82994
25.18002
24.76309
26.29799
18.76747
21.7292
27.50596
16.30447
19.12015
12.72275
20.01493
15.79605
13.85841
17.0812
25.3195
21.5514
20.40701
24.38334
22.96902
20.13779
22.54877
14.27897
19.01907
13.48675
27.59949
21.82364
26.36179
18.14135
29.86949
18.47661
27.28893
17.81245
15.56241
27.29877
21.75776
17.0981
24.58046
22.36419
24.18935
15.54358
21.76437
19.76362
27.28236
19.72264
28.73705
26.30187
28.11673
19.6706
17.53678
20.59254
29.80359
27.18283
29.13892
15.66729
14.02922
18.21907
9.335504
12.85038
26.60974
16.88534
18.69222
13.65935
18.44569
11.68002
13.02278
16.29058
12.88691
16.13331
14.2105
14.85532
15.61781
12.40548
14.17285
12.86187
12.68726
13.52163
11.10986
16.83364
19.96516
11.12277
22.32994
17.23332
20.17292
20.41544
22.06648
24.49077
18.69598
13.91262
20.95429
16.86615
21.09648
20.29755
19.87236
25.66359
26.21817
18.98381
16.93178
21.97687
17.09005
15.2894
10.00354
20.96011
22.41458
14.28061
21.52541
20.97483
20.62271
11.03631
10.36915
8.528074
13.05906
12.18151
23.86465
20.50359
14.91796
9.963987
14.40096
13.41594
19.91151
22.56513
18.60411
14.56369
14.51106
14.19498
19.451
17.67967
7.133962
9.339796
14.63399
15.29203
23.93238
22.28536
19.86063
14.6079
15.91675
16.06359
19.06224
20.70431
21.87255
13.40736
16.82299
18.15628
21.13337
21.16463
18.2855
22.01986
20.87555
22.22395
25.18475
19.77243
29.80433
26.06472
19.69557
23.86864
27.42853
30.52892
23.8468
20.25432
22.66793
19.66945
16.95659
24.2691
15.37727
17.53246
20.00416
24.94575
17.74141
18.99002
22.64101
15.22488
20.2112
24.33624
19.27816
18.03984
19.23813
16.9533
17.71613
9.072568
11.26327
15.78671
17.06492
15.67742
14.95398
19.3168
21.6186
11.17626
8.841557
14.94157
16.5881
15.04779
19.46352
17.13698
18.37527
25.68166
15.01412
22.04471
20.27098
28.15357
21.53449
19.40724
21.75193
22.48914
17.59461
18.60627
22.62425
14.35669
18.53652
16.39286
15.1009
20.65544
25.15715
16.87114
16.21771
18.50576
18.31513
22.02506
29.69948
20.41519
16.55165
13.24926
22.78745
28.99027
28.54664
22.53971
20.19249
19.82792
18.07797
17.36106
16.05157
15.81567
15.76483
16.40882
17.13515
20.98163
18.30488
25.52908
25.74348
21.54145
17.53356
24.3176
22.11699
24.28335
18.19814
21.56047
14.85507
17.19309
20.72795
35.08912
19.49811
14.66227
14.13139
20.71492
24.51055
16.80757
16.05939
13.8399
16.98809
22.61005
27.14796
21.82053
19.96434
20.2678
22.47348
26.71439
23.99761
15.59214
14.03027
22.02246
22.07895
19.86803
16.46189
12.54751
16.45862
26.25455
30.3803
24.3132
22.64875
23.50027
17.55896
18.50169
12.44981
11.7046
17.10328
22.86982
16.20687
12.97791
16.87009
23.17955
16.99966
16.25638
17.57907
17.8197
15.58288
25.284
21.94002
18.80548
17.75689
17.02316
21.30589
13.95047
20.48152
12.28343
11.3525
14.94069
16.88762
15.41548
13.00346
17.33118
17.15218
15.98864
16.52286
15.90524
22.28369
22.41792
11.77083
15.7093
14.09278
18.94093
16.50338
19.89494
12.65657
18.21619
17.60807
16.64891
31.47423
24.30263
29.22042
14.60427
13.90703
17.55984
18.45688
17.06674
16.5542
20.92557
19.13132
24.20071
24.49777
15.41289
19.82529
14.32631
15.7063
22.05344
15.96232
15.59054
22.53016
24.99201
20.57943
23.41231
22.95828
16.06678
14.1492
14.88861
15.33579
10.26273
12.92495
12.44275
14.6239
16.38221
13.357
16.02539
24.19041
17.27656
25.191
20.41011
19.99068
22.8313
27.58598
21.52395
19.8284
19.34474
17.21398
16.18572
15.47927
19.89445
13.93649
13.51658
9.853899
14.82783
15.85648
23.15982
13.48862
19.37109
17.82681
19.84236
17.94483
24.50595
25.00561
16.45703
19.30896
13.4441
20.72166
13.40978
20.84264
19.91973
27.0097
22.47775
19.4807
21.00114
16.12895
22.4417
29.04281
30.01502
20.21557
27.44335
14.21346
23.80595
14.48614
20.48586
15.66021
18.36491
23.163
15.46866
21.10397
22.17933
21.27081
17.33431
12.92789
13.04373
18.63668
15.98351
14.17538
11.26123
10.52579
14.82909
20.50645
22.94972
22.24352
16.18922
16.6393
12.81367
15.37352
17.9139
18.20078
17.93195
18.47783
22.04145
20.45433
18.26514
13.89891
16.62005
17.10667
21.8059
16.59014
22.09247
24.43737
18.83845
25.78239
12.46594
23.40839
21.97645
17.17767
24.98973
25.5461
18.04314
26.23255
16.72103
19.03183
18.34213
14.2556
10.88762
15.23267
16.58792
13.09823
13.20366
12.75099
15.57456
8.284718
14.68859
21.47406
14.08427
10.5905
15.50811
12.39924
21.20643
25.79975
19.77312
21.48978
22.64361
20.13127
22.52389
16.12326
17.63201
15.23021
21.04014
18.70455
22.04597
20.00223
18.98599
17.23784
11.34517
7.111059
11.08061
13.05975
11.48264
6.945785
9.639552
11.48015
9.266014
14.09724
13.04981
11.14743
11.57715
7.416452
13.94605
16.0605
15.73126
14.38348
13.56273
20.59813
14.14658
8.509657
6.343402
12.41117
18.64797
19.1337
15.46106
16.32829
18.01149
19.0763
12.84384
20.40663
15.86084
14.2715
22.40873
15.58275
20.70476
16.64973
19.42442
20.16795
12.18005
18.68738
19.75601
14.29
17.80132
16.90732
17.36558
21.01283
11.66205
15.82673
24.70234
17.16101
17.75759
17.03
31.08992
21.30542
15.13784
16.95417
23.88185
21.4476
17.49231
24.61608
19.50831
19.77238
28.88794
22.63495
26.62758
27.25074
21.81427
28.16086
31.0891
22.25755
27.5449
20.81814
20.15497
17.01467
20.39441
14.0507
21.00986
30.23407
21.91107
16.96457
16.65133
11.17132
24.34458
11.84259
12.27244
25.3714
15.25003
12.50778
16.03658
10.24616
5.699563
9.403462
13.39615
11.15645
15.5389
11.49459
18.36231
17.66736
15.41337
17.31019
20.59973
30.06669
25.68279
22.55045
17.35818
24.14423
24.56514
32.08237
26.87128
24.63803
22.97406
22.98543
25.73735
18.11252
14.96964
32.55773
30.68456
22.71892
22.37743
24.21642
24.13519
20.88656
18.73453
21.25577
21.44462
17.81739
28.7482
19.80059
25.30552
22.80156
23.57596
22.30896
23.88201
31.70127
26.83874
19.2419
19.10394
19.57359
16.64265
13.45039
14.35401
22.33102
19.91677
14.90545
14.57386
16.81013
17.268
22.0051
21.15931
21.38559
19.67369
25.39887
21.40445
24.22366
23.77736
14.15209
20.57059
18.52105
15.87198
13.37737
11.10557
12.78066
12.16077
16.06392
13.62922
10.56929
12.91564
12.51681
11.99081
13.982
16.92
18.92316
16.46154
23.49803
29.40078
20.65571
17.71188
25.09011
20.5169
17.62652
13.25059
12.37686
14.21925
21.25615
11.96227
12.04047
11.55623
11.90049
15.14354
19.69853
20.17602
22.75725
24.669
20.66647
19.41202
17.43837
21.12696
24.50054
36.9419
20.47691
20.60259
20.51862
30.80883
13.40181
19.91305
14.7215
17.03811
13.23203
20.63786
21.40448
30.48166
19.27201
15.44062
20.69943
24.29497
25.61418
21.65575
19.88504
25.8831
27.29084
18.46575
26.74921
25.21898
26.06155
26.0053
31.0595
22.93209
22.05974
29.21664
23.92231
27.51171
28.76563
24.23381
27.83042
26.62774
20.35461
22.98366
21.20012
32.00555
26.345
21.49295
22.65979
28.02809
14.77512
16.6244
19.00962
16.87233
26.00048
23.66803
17.43349
36.0016
15.68277
17.71269
28.58053
25.83157
30.35291
25.08641
21.83644
16.05657
15.75495
15.72855
16.81571
21.1149
37.78181
27.04562
18.92083
16.8697
23.58551
19.6851
11.41715
9.776748
24.77018
26.92159
26.35193
23.63783
32.25377
10.33631
22.94419
21.6462
22.20345
17.04085
17.32127
16.37475
22.58748
16.95361
18.57167
15.40659
19.23925
18.41796
15.17084
14.82022
12.12594
17.44598
20.0503
22.54124
18.60258
24.0822
26.07769
30.34877
23.33157
25.52292
28.76056
23.54473
19.58492
31.28742
31.99932
25.32269
34.66324
21.10954
20.9281
18.49294
15.71603
11.50618
16.34628
14.96003
16.63652
13.40743
10.73083
14.6934
19.37985
11.95237
24.94618
17.05131
18.41117
12.68268
20.84085
18.54919
14.98718
24.17946
20.76314
19.63466
14.07856
19.36238
24.9811
29.11696
13.7958
23.75875
25.91987
21.5068
31.27582
23.44722
26.62976
24.3257
25.60655
20.50952
22.37354
20.5411
23.86442
21.82693
20.63289
21.20972
31.47291
27.34849
17.94781
24.80558
28.46476
22.76106
24.00101
24.95008
19.99544
21.75365
20.42192
22.32575
19.67648
17.11718
33.46872
27.36562
27.86654
20.43201
22.08384
20.05803
20.61505
23.74225
23.66108
19.0681
17.40046
13.40203
31.99642
19.00103
21.37079
22.92403
31.60293
24.01184
22.13257
20.56724
17.04945
14.58519
20.77943
17.00739
15.94006
18.80696
20.41502
20.568
22.09857
18.4044
15.55085
10.60843
13.41031
11.61297
17.94554
19.15202
15.83113
16.03102
21.57659
11.89565
8.715701
12.39874
9.748866
25.61
12.08133
6.819285
8.116395
11.52766
13.73766
12.80481
12.7464
17.93083
17.84233
19.86222
20.35127
17.24095
26.00023
23.43281
37.16628
25.13797
27.4932
26.63767
15.83522
20.19362
18.15009
18.85569
24.02567
22.13669
17.66011
21.29092
27.3898
26.06939
18.79091
15.64338
25.33949
24.85059
26.0579
27.30317
26.74491
16.39759
16.72996
17.65689
18.79375
26.43613
26.68901
23.54009
23.42725
24.25261
21.49522
24.42703
19.26595
20.05552
24.12578
14.8622
18.43735
11.98686
16.58057
22.49899
17.42983
18.13691
13.19677
20.05681
22.45618
25.14605
19.52363
18.27793
21.08899
18.88909
15.39598
17.02327
24.45152
20.42404
12.70285
13.3172
9.523427
13.53327
19.61277
14.21517
15.70996
16.14397
16.3491
18.42877
24.10085
24.10426
19.57561
23.91526
18.30547
14.33305
21.06561
18.27687
17.15379
29.25657
23.68041
18.91547
14.28762
16.42802
33.08925
23.60413
19.78231
24.34002
23.06051
25.33389
23.87455
21.30391
13.86286
24.79709
22.05756
16.68749
11.21386
11.32655
21.68387
20.87565
20.67119
18.94692
11.38928
27.11534
15.20423
21.60732
13.17027
14.94837
23.15494
15.99493
18.22694
15.68838
15.31784
22.61236
17.68423
8.904943
19.68808
21.00079
16.55292
22.9592
22.75352
17.06854
30.00189
30.37881
26.80612
24.4966
21.70481
22.59813
16.49403
20.05895
17.66849
16.74388
16.86007
17.40897
16.07658
11.78261
9.583362
16.81544
19.55501
20.01495
15.19969
13.35184
25.05684
25.85612
40.39672
23.63605
19.37969
17.35875
15.55677
16.01053
13.21651
18.52959
21.71859
11.47903
14.18962
18.58921
22.46394
28.44755
19.21975
21.99844
8.893465
17.85984
21.21934
20.4464
10.65383
14.4596
17.30195
17.81514
19.94857
17.04659
16.24429
20.18642
14.95331
27.9812
26.54125
20.56088
27.06653
22.80435
18.4828
17.79792
27.65293
17.71848
25.18485
24.94638
22.11594
17.248
20.92362
17.22445
17.84952
19.1865
13.73207
18.10088
13.40523
16.92804
14.07919
14.89774
16.49702
12.60202
15.18184
20.25386
19.11557
19.76098
19.68118
18.75452
24.54753
25.36653
26.11468
21.58705
18.39303
29.59098
21.46328
16.8491
25.39707
19.07457
17.20365
15.35233
16.93371
16.22312
22.42121
