704.2496
727.354
690.2023
749.3235
740.1095
735.511
732.1514
679.9485
816.1089
663.1166
758.0729
710.9311
716.6762
766.4204
697.6337
778.4653
669.9391
781.7281
781.7359
815.9893
732.4533
747.7964
677.7521
728.7684
698.4087
726.4778
764.9744
732.3765
783.5039
712.3742
749.5679
790.2958
734.8842
773.9749
725.3948
763.8433
751.4459
742.4941
755.6582
723.4816
694.5128
704.7085
694.7306
695.1964
726.1713
748.8151
698.4911
724.8762
755.5807
753.4514
716.6298
710.3425
748.3182
762.7125
750.3744
710.048
717.1311
721.8275
745.1383
709.0421
691.6879
744.8598
756.5373
749.6291
739.1903
761.4799
774.3109
807.2461
748.3853
727.7715
782.9836
677.611
726.8599
671.2223
705.3942
751.2963
765.5551
742.1172
696.4536
731.035
772.1552
787.1486
709.181
739.2392
746.7074
696.0805
759.5092
699.6732
653.8785
712.3956
667.6927
721.8249
694.3596
761.0952
741.2954
715.1352
733.8803
740.0758
756.1385
706.2616
718.9681
742.618
751.9179
727.1915
774.3171
740.0253
689.1243
710.3981
745.3285
759.2226
690.3751
715.0182
726.8948
711.7175
723.8744
751.4597
756.8339
709.2996
715.6533
669.4954
761.6946
692.3933
678.0685
653.712
674.9024
728.789
708.6825
746.6875
730.5664
719.3146
736.4354
778.8015
758.1505
739.1612
733.5226
714.7473
663.6461
763.5327
760.2407
739.5487
775.9817
795.9358
729.8725
747.8957
798.0862
734.3739
747.1558
706.0392
663.7631
727.6944
796.7092
737.1771
737.2039
744.7167
736.1254
746.2196
710.4395
772.4429
736.7674
717.5058
702.4236
791.6856
758.4106
733.8933
751.0493
720.4501
721.0575
728.6109
752.4946
735.198
708.4614
782.5821
786.6255
740.3217
745.6926
747.6447
760.0728
705.4143
721.3328
745.6994
756.2359
790.8182
795.4704
764.0119
755.2828
722.3599
717.4654
706.4015
751.2734
775.8536
723.0216
745.3361
766.2625
752.967
754.7886
765.7529
731.1398
720.9793
631.426
737.0336
752.2775
805.3596
721.5406
776.4512
760.7935
752.6263
742.8143
768.1913
687.986
745.9514
739.0845
714.6096
718.3822
740.2683
819.1962
757.8342
757.6445
764.5721
705.963
702.0281
729.4337
752.6537
734.24
740.1822
724.1798
694.6377
752.6529
796.4455
738.0141
686.9626
751.0743
741.5341
668.5981
698.7892
730.3946
698.6549
686.9282
704.6554
724.4443
740.9174
772.761
699.3561
717.9758
701.8502
699.9874
748.4785
709.8697
750.7251
706.1389
751.0699
742.4921
787.2932
720.9685
711.0954
721.8713
793.2604
707.3614
717.9129
762.1772
673.9935
745.4
701.4793
763.7802
721.2649
774.7949
738.4796
736.525
697.1905
725.6023
739.991
736.3996
667.9735
711.0127
735.2577
768.7319
717.6942
727.6057
757.7289
729.5136
748.3352
782.2973
742.2417
684.5737
741.1877
670.6261
751.5518
714.6531
725.4641
731.1518
662.8985
756.9767
741.8615
708.8997
724.6243
716.8299
679.2127
756.0351
754.2211
683.8923
694.7477
756.1678
725.7379
792.3512
743.8351
714.5346
738.0474
748.4518
752.4092
733.9179
770.7275
782.1581
712.4396
799.5566
714.2266
702.9212
727.5938
758.6756
759.3524
770.317
733.2996
732.5697
732.9348
656.4157
736.0595
756.069
695.1293
716.9581
754.0189
749.431
767.4172
718.4843
734.7081
787.5544
811.4246
769.8455
707.1825
707.1707
793.4214
702.9009
762.1718
714.074
739.7231
790.0371
723.0047
776.1996
719.4715
795.466
755.7579
675.0392
661.8117
753.4757
705.0263
718.4773
660.1267
775.291
741.0047
738.3477
728.0525
720.3754
700.8779
731.2673
737.6508
751.3312
763.1181
708.6637
725.1931
731.8862
757.3942
724.7169
729.0727
753.7251
722.2301
770.8107
725.8045
725.8287
697.5588
695.0934
687.586
759.1124
766.2866
727.8157
774.5729
785.9805
669.8596
717.7671
687.5612
711.2265
762.9449
751.5822
761.1476
704.0334
750.2466
687.7703
730.8681
756.0598
742.3336
744.4351
783.4213
723.0992
716.6958
669.364
724.62
719.9591
722.2978
727.245
756.097
744.249
836.4447
702.9135
728.1316
721.2454
767.2247
732.7332
738.1879
708.7989
742.094
799.3745
741.7122
812.5437
737.6809
690.9631
728.699
736.2021
736.057
743.1862
682.7058
726.592
793.389
777.112
764.7234
736.4168
737.2037
789.4918
622.4957
792.232
733.9926
668.6079
744.6938
744.1864
768.2448
787.9319
714.6678
710.94
720.4183
744.3237
824.2372
666.3565
713.4602
748.279
743.0976
737.2192
702.9482
813.8044
705.8009
775.1169
751.9217
739.8199
711.8011
784.803
717.8245
751.2069
662.1355
712.3284
660.4006
686.7755
758.1943
723.9573
746.0589
708.9714
754.9952
707.0288
736.4854
750.568
721.7032
716.748
714.7859
738.9843
754.3095
724.0167
758.6607
748.1057
683.4812
734.2339
717.3126
767.9423
723.0971
748.0533
725.0848
704.4486
719.1499
788.3079
728.2139
772.6194
705.1254
754.7168
755.5659
713.5653
732.5245
713.2342
726.6746
719.1622
681.2554
805.4162
766.2217
725.3631
740.9437
729.5697
822.3326
788.3615
787.2487
710.1937
687.064
738.8388
811.3192
753.0761
725.6612
720.2006
723.1617
744.7771
782.1765
783.0541
713.853
742.8532
759.2941
738.9327
723.5553
789.1571
702.8483
784.8163
713.2219
760.9229
777.3258
725.9232
713.2976
758.8214
756.8942
719.9032
743.8569
727.2006
709.1882
764.95
695.3287
726.1996
754.6244
745.689
740.9589
736.9763
747.2982
750.2753
716.5486
749.5352
671.433
714.609
751.605
763.3704
785.3374
785.2652
714.2385
732.2949
703.7718
712.7859
762.867
759.867
767.2483
729.9835
681.1871
749.1147
682.9449
738.1911
708.8998
722.2968
794.6611
808.5939
740.7418
767.301
729.8317
732.8364
735.5313
706.8299
754.9961
732.9167
729.3271
727.4015
735.161
697.4874
740.7985
730.1335
697.0765
707.5602
732.8142
743.4132
711.43
714.2482
727.2101
735.8205
792.4431
691.0975
747.4767
716.3846
792.3335
692.1259
741.7741
738.5607
805.6615
772.3248
732.7461
733.9629
727.1635
729.035
688.1211
696.8188
703.5659
729.5447
734.4065
695.6499
770.9008
629.5858
754.2766
700.7077
710.2461
720.7291
731.1269
734.1772
745.2649
698.1892
754.6214
726.1099
744.031
733.1539
751.4665
719.5602
718.994
707.9315
699.9492
726.048
749.2203
715.6213
746.5708
735.3901
734.8585
720.0588
730.0519
784.9842
749.4073
716.1102
665.1651
785.2882
724.7394
703.0155
752.7776
747.5271
753.3464
750.2763
726.2756
705.6812
694.6774
742.4836
739.6532
699.0129
729.1351
724.1639
707.5259
768.8158
756.8159
775.5027
718.5085
726.7157
742.1141
776.6468
712.2573
753.9386
743.0215
705.1847
761.9146
749.0859
723.7989
726.9929
714.3942
638.5392
754.9959
752.435
700.2497
722.7935
721.1282
770.0674
829.8228
705.9306
742.8485
690.8062
722.0356
745.433
654.2328
718.8949
695.5197
756.921
728.3366
764.7951
731.974
773.6686
728.3281
743.1062
723.378
702.6774
694.6912
676.0585
742.1868
746.7661
705.9186
734.8138
767.7163
754.904
753.2634
717.669
726.1746
730.0441
765.3752
719.6988
738.9385
695.3244
726.0415
781.1517
719.7412
766.9445
691.3053
742.0632
719.9703
746.221
699.7991
823.7092
665.2232
712.9547
778.094
699.8507
757.9233
706.5222
701.2866
735.4528
786.9479
662.8352
727.2201
744.8004
706.9977
728.845
726.8128
707.5312
696.9917
761.5832
766.5245
761.613
745.8336
750.2843
738.197
718.2671
770.8151
753.4176
738.639
721.1839
737.993
734.9189
731.0353
717.1913
710.5971
757.116
769.2158
726.6459
767.6775
711.9512
712.0398
741.804
744.1213
724.7959
785.7012
710.7438
743.5355
766.1892
737.9969
670.4226
711.7443
733.9858
759.0994
704.0773
785.5323
734.5013
752.0923
744.5411
750.9971
729.7418
748.4295
734.8105
692.7961
687.976
752.7256
704.6216
762.0192
781.7815
734.9081
726.1561
727.5162
757.8395
792.1383
675.2472
771.0197
755.9557
726.7172
778.8267
784.0325
705.8048
707.1102
707.488
717.2785
676.4179
688.563
731.9055
741.2672
711.2463
690.4291
722.6667
788.1804
782.9372
781.5178
736.9152
734.1359
746.7035
781.1177
699.375
741.2609
718.6392
787.6018
758.5777
711.402
746.7909
754.0626
701.6808
724.3102
776.896
702.7436
742.7783
746.7706
746.3326
735.7091
756.28
712.5705
768.4683
701.5846
769.0679
765.4646
714.867
773.8641
695.578
783.2759
689.2954
700.624
769.6306
756.8724
715.2292
770.7346
684.7521
732.3334
770.5238
813.3795
709.1981
705.3502
714.7177
664.1634
764.6295
749.2223
734.6474
731.8307
744.3421
707.6851
815.4132
739.8848
726.8404
737.3041
698.1519
770.8548
720.8583
699.1965
739.3579
777.8233
791.1635
791.9012
751.6694
687.3573
741.039
743.522
768.509
705.3414
799.8908
738.8089
703.0196
759.0447
705.0121
661.3447
710.7678
703.1736
729.5041
757.1369
748.5294
747.4091
703.6226
709.4714
731.1821
758.971
721.7672
721.5808
724.4378
726.4464
733.8365
696.8273
704.7231
772.6877
741.8965
783.4957
752.6994
719.446
782.9224
710.683
718.0452
672.5639
746.8655
784.0952
730.1291
781.7317
726.2926
795.9314
727.3339
737.0751
727.3384
722.4828
725.696
768.5922
736.6424
695.4224
738.7513
737.1212
740.7169
752.7205
688.7618
769.0393
741.1802
746.1812
758.5416
739.9023
739.507
704.2412
764.7143
729.4323
708.9037
715.3741
820.3693
734.9285
732.9115
701.8583
724.5154
805.8211
725.7088
730.4888
781.3862
764.9364
750.4589
751.2479
752.6863
709.4141
708.345
730.4422
712.2631
692.9963
754.9271
755.3611
718.2495
740.3548
720.6773
731.3644
754.0064
785.7681
728.4112
758.9399
752.5041
697.3879
721.7936
747.0397
732.1564
750.2521
701.3552
769.3701
792.7942
734.8482
801.9428
702.1214
757.7091
738.2609
723.3592
723.0213
682.2635
739.4358
769.3389
725.7004
754.7846
722.1783
727.7275
731.3846
683.6019
731.974
724.5768
739.421
760.7869
745.033
737.5773
793.0147
726.1556
754.9821
764.7542
707.6035
784.6272
734.0866
667.2341
727.9744
747.2002
695.843
785.976
740.6759
750.589
734.7832
758.5735
729.9539
717.1201
702.1149
723.3651
754.9466
699.8632
699.9391
750.3495
818.1826
728.073
766.7887
751.2369
741.5612
732.5932
734.1826
757.6783
702.0391
794.1705
775.2292
761.4742
667.7318
697.9775
730.4351
740.3462
687.4303
775.0706
729.5923
729.7719
746.3327
747.2101
689.5596
729.291
701.9165
731.9221
742.1434
696.7137
767.3167
750.0357
719.362
744.8879
728.1501
730.6877
737.1966
807.0594
739.8232
746.1825
718.5418
736.8718
707.4562
743.795
754.0216
728.158
730.5688
786.4486
723.9449
755.8891
749.7737
762.6212
759.442
785.8733
745.5653
789.6266
698.0663
718.8292
724.9457
686.4016
828.3977
757.8943
782.4602
754.9257
746.6139
664.8451
692.8454
693.0338
770.5508
725.5197
724.919
758.415
706.6592
721.8083
727.9859
693.5815
678.8919
727.3679
809.147
748.7284
700.1693
729.451
740.6318
795.1678
702.9066
684.4756
786.5041
719.4708
708.6469
656.6572
698.471
733.1797
692.7549
698.3697
793.4599
703.2188
738.4118
782.0569
716.4084
763.8262
734.1442
753.6119
732.2615
777.5587
690.9756
746.9574
711.8626
668.9596
676.5119
719.2
717.5845
759.3759
735.9729
739.1368
707.9051
741.2947
790.5739
720.1676
766.4077
734.0489
783.119
753.2007
717.7911
779.4268
753.7102
735.4636
710.344
710.5252
714.9075
731.7958
736.3475
734.4782
773.7262
707.5605
774.6481
718.5778
697.3096
739.3046
729.1088
726.4913
763.6912
677.82
670.3157
766.7953
688.6755
738.0143
698.3851
740.8884
759.8645
736.646
718.5654
773.406
690.1435
748.8387
708.4174
695.8056
754.5484
771.6505
736.7384
732.6982
675.8647
743.1051
698.9104
781.3465
679.6146
724.7657
723.6218
665.4983
696.0513
762.8807
710.1951
772.97
707.3817
747.1506
795.8246
756.869
749.484
707.5306
769.8381
714.4498
730.0074
692.8887
730.7373
727.4784
692.8003
773.4549
734.9654
780.3132
729.4406
787.7796
690.3234
736.8295
736.6655
678.9778
798.9256
738.6597
746.3905
733.1613
703.2479
689.8973
717.8269
759.465
710.6521
723.2852
763.9306
712.0962
742.3754
665.7776
743.8136
803.3487
715.9833
773.9639
767.8903
685.1292
715.7463
787.4453
692.7603
714.6874
793.3686
749.7493
757.3048
698.1569
724.3038
703.0989
718.115
688.048
732.7178
746.5788
723.6132
751.5839
693.4325
732.0811
724.5165
773.9227
710.9938
732.9855
773.4592
740.7913
748.7187
736.562
709.6415
766.4691
711.494
736.7451
743.7504
751.4842
776.5539
792.1684
698.9122
659.8781
756.1627
728.6436
757.831
741.6818
723.6337
809.906
746.8234
754.638
755.1666
739.0311
749.0912
717.2612
761.9545
730.677
678.1748
669.318
728.3313
718.4508
714.2557
714.515
743.025
751.5998
760.4175
735.3078
723.0913
734.854
787.3892
752.913
785.6722
699.0775
735.852
730.8824
653.961
681.9707
735.3532
751.7456
757.4964
753.0381
767.2223
759.8331
759.4608
703.1864
769.819
738.2465
673.5318
758.2203
760.0074
772.9257
711.8953
734.0593
754.5044
750.51
830.2195
785.5763
643.0706
704.4695
736.508
692.9791
753.6642
722.1577
681.4428
669.289
757.0242
685.7822
714.5619
705.9224
698.0307
701.2647
736.4464
789.5328
715.5019
685.6399
730.6749
737.1294
718.1975
662.1807
697.8021
748.2633
737.0823
700.9697
746.8281
795.943
699.4076
729.4892
717.419
728.6824
739.8209
765.7064
785.2224
728.3842
631.1876
742.9729
740.9245
741.9559
752.8289
741.4373
731.5149
757.5695
716.2253
727.535
770.6328
675.0124
734.1201
752.2118
712.3083
703.1079
699.9342
740.8017
723.3191
743.411
744.484
720.8629
728.5559
736.1053
718.8729
689.9752
716.5017
673.0585
721.0489
747.9674
734.5604
785.0089
723.2787
791.8437
706.4631
754.9102
732.3993
761.4106
677.0355
738.3119
760.6337
730.6658
729.3518
729.6976
726.8031
768.7884
715.644
752.9575
736.6639
764.3506
760.5567
669.7574
628.7262
744.9005
702.3344
735.5603
751.4067
727.4174
731.3588
752.8178
685.9857
727.4015
719.3351
725.6426
709.1523
746.5196
731.2986
723.9277
725.5589
708.1258
722.7819
772.2155
699.2781
750.9673
730.8436
699.3
712.0274
746.5515
724.441
775.2833
717.3523
747.7374
789.1851
732.9668
754.7087
775.9154
694.0852
682.1051
758.5814
657.949
741.6824
750.9757
742.2399
735.1165
700.4936
751.9522
740.2447
819.2962
740.44
738.0905
714.5728
743.3499
750.9626
759.6303
732.7871
709.2699
806.0956
726.6451
726.8839
729.5882
698.2189
761.6058
737.6833
688.526
721.9708
767.5854
764.716
760.7922
756.1669
707.1367
748.5944
736.026
684.0392
756.3058
767.099
735.7939
726.4353
743.0711
714.8808
721.1762
749.0072
707.5495
760.343
747.2566
727.7468
718.5424
778.0007
726.0985
716.9341
733.93
760.6565
756.5994
694.9274
826.7107
708.055
759.902
727.949
723.7389
750.2832
686.9315
734.9862
722.0513
746.9944
761.5325
722.6614
748.6666
676.3357
682.9681
744.195
758.8095
719.7263
750.7515
768.7541
741.4498
774.3815
756.7934
720.6872
738.9426
648.1817
745.1526
754.9077
733.2229
798.2218
699.4551
718.644
709.3228
771.871
703.3719
760.7336
757.0768
738.1376
736.2025
697.8019
744.7846
726.3144
751.4878
761.2021
724.039
762.3203
710.475
742.5741
693.0679
725.0569
717.2782
721.5777
758.8034
724.6972
718.6134
705.6666
785.3856
743.7797
718.7025
750.9846
716.1886
715.0852
709.4546
708.5628
720.3176
723.3853
749.8653
700.4643
730.7415
714.7211
719.8665
798.2029
745.0786
703.1156
746.3458
683.9306
733.2541
738.8754
775.0686
768.0225
763.8216
775.4523
696.9695
769.8596
729.9425
764.6859
738.154
704.4196
751.8138
726.283
675.1614
721.6273
714.3746
743.8652
702.0558
755.9608
764.6551
742.8193
748.4696
756.2208
716.8966
786.1354
708.5428
671.0228
684.766
709.8962
748.4381
658.1875
651.8483
765.0715
715.6149
706.7675
747.3638
743.7033
705.3634
758.3524
710.8318
752.8806
713.8985
694.9063
799.1378
678.4506
761.4323
676.08
728.1449
683.7546
694.5849
736.0825
752.2699
751.8726
771.5241
707.3943
719.8527
731.339
794.4648
724.391
748.2791
749.8786
703.1838
769.46
734.9335
743.6531
772.4999
735.1836
759.1837
735.6665
749.4733
761.028
727.2051
723.4933
722.0269
700.4946
719.6843
717.9689
723.2032
735.7926
745.5001
720.5163
738.0778
711.5571
665.4712
727.7785
766.274
779.741
698.803
725.0691
741.6945
721.7474
745.2982
722.6573
747.0591
720.5518
741.8873
725.285
749.0064
799.2239
808.1798
720.0762
757.0186
719.1572
757.3977
729.6032
686.4848
744.2351
753.2457
710.2187
719.8842
746.8501
733.5688
771.7221
758.13
718.0524
754.5912
713.3174
782.9221
729.2849
774.8948
758.5208
708.6242
693.7983
753.4651
723.117
776.0573
740.2882
802.8404
737.5846
734.4659
756.3229
679.0657
720.4174
754.0838
701.6321
731.1854
720.7922
769.2928
714.9475
761.8759
735.3845
712.7565
736.096
757.9354
695.0229
708.2085
771.3668
797.0035
675.82
669.4942
726.4424
735.281
732.469
771.389
760.8404
741.8588
766.5965
679.6478
747.233
680.9023
751.8661
749.2552
718.4928
682.9221
716.1228
764.4233
753.7035
756.2618
718.6736
738.6652
720.9515
738.5547
707.3323
696.9803
701.5661
747.7089
773.9965
719.6329
767.2122
734.1635
710.6405
731.1093
725.9322
743.1593
699.5642
714
712.4576
753.4424
692.0091
804.5704
784.6645
678.0292
760.5191
776.5506
736.5892
835.4961
708.2374
742.4449
737.7321
740.7138
776.3769
705.2564
691.7062
690.7499
730.8184
761.6075
794.4169
734.3048
711.0491
694.037
756.2002
755.9979
751.3325
771.2605
725.5978
710.3771
690.3794
765.5925
776.8202
704.6936
720.6621
732.992
786.7829
706.9908
762.7964
705.4493
751.0517
745.0967
715.7616
646.8704
704.2155
744.3239
729.2462
688.4017
771.1626
684.7963
700.5213
750.5199
739.5135
659.1643
761.1841
741.0439
766.676
757.8693
766.6282
721.6832
692.4929
688.7527
727.177
756.7485
741.0193
733.9084
732.8811
753.3818
759.6817
693.5978
698.2884
697.8914
702.5102
690.1712
681.9595
744.5856
713.1869
767.7594
752.8406
766.6619
731.0234
730.7473
705.4664
715.1973
816.0377
784.7886
712.3468
752.0181
741.7447
759.5512
725.368
741.4058
730.4572
731.1223
734.6679
740.4942
762.5569
714.1018
739.5965
752.4313
709.9178
733.3461
765.3508
712.0336
748.8536
721.9553
708.5833
734.7009
682.7232
743.7258
707.4549
758.0952
796.9687
678.1721
728.2245
765.7965
702.9747
721.1692
762.816
729.5589
764.9413
718.3378
743.5781
696.6461
747.0068
789.6776
742.8568
713.7006
708.0515
737.9907
732.7065
761.3988
682.7369
724.4473
737.3181
710.3241
684.4117
724.3812
711.6661
758.6906
749.4636
737.9733
734.4961
734.5997
737.928
700.1757
772.3946
713.0814
696.8509
745.2468
771.6904
781.1744
755.225
778.1769
756.4886
715.6874
746.9877
692.6434
747.2497
770.7384
730.5374
672.1552
680.295
753.7432
742.7508
776.0944
748.8755
751.0944
797.2646
754.8869
736.2122
699.2795
734.8402
748.7632
716.8978
708.6983
704.5755
703.9025
794.8756
759.381
743.9089
764.5819
748.7185
726.9395
724.0027
739.8654
753.5087
758.3052
690.283
726.376
790.0916
753.5033
728.8151
722.0274
713.4729
722.05
784.7588
723.2434
744.0166
731.7297
726.6406
725.0739
723.9
695.5573
835.6335
734.0001
741.5207
747.5451
805.9986
748.7567
700.1889
712.7883
744.7577
757.4411
719.5841
723.3845
795.7097
693.2791
755.1623
634.1626
731.5491
777.71
736.5081
705.6716
698.8249
706.8877
695.2072
687.1492
668.6001
790.5682
762.4382
646.6721
710.3408
736.6398
757.7281
714.1525
714.5316
727.3283
738.1787
736.4567
743.2973
691.9328
733.5619
802.5361
754.5909
737.3835
725.514
721.6765
723.0274
729.4663
716.5566
686.2493
793.0776
704.1138
728.2618
802.9541
654.4193
738.7645
699.0051
737.8686
709.3532
755.2494
731.3125
733.2217
758.1705
755.1066
731.847
737.544
756.2954
722.4625
683.411
705.6577
764.0128
783.6095
722.5004
782.8342
770.6397
753.6921
715.4479
698.2311
722.8967
766.1743
823.8702
732.9135
729.8563
726.2239
750.9602
777.4659
773.8109
750.6293
752.97
747.3291
725.6261
697.8564
727.0131
809.3294
773.7983
723.3282
737.147
725.8861
788.8235
692.0692
733.5956
739.903
762.2904
738.0938
722.0816
676.4695
709.1818
741.1625
762.396
711.4243
777.9458
735.1713
759.2985
742.4646
702.579
777.1213
691.2203
711.7396
750.0987
718.097
706.1133
772.5021
729.4535
758.4638
729.2628
693.5604
671.0517
721.6368
733.0853
692.5923
727.9124
769.8475
725.9218
776.9114
704.2264
758.1901
727.5395
669.6253
703.424
682.4999
715.0475
710.6119
735.0799
705.3442
747.1084
781.9735
721.1568
732.2881
755.4402
726.0299
760.4192
704.2255
740.7861
756.8454
709.249
731.8084
751.5815
758.278
738.0325
775.2653
677.1639
747.4492
745.6972
704.7532
788.1421
762.7016
748.2263
777.8675
745.6463
704.404
740.0627
764.0308
716.4952
708.4457
744.3606
749.8265
686.439
727.3268
717.1513
707.7549
728.6547
750.797
693.8019
698.1031
711.4504
659.0702
788.4183
732.5967
690.4354
734.5955
753.8826
736.0875
817.853
729.5275
703.1839
755.7096
768.7096
655.2337
755.3641
745.3021
711.9289
734.6197
742.6509
729.8623
758.5149
693.8892
723.0513
757.0196
698.8409
784.0684
787.4846
721.167
806.3073
774.7522
752.57
790.351
795.2453
729.1011
744.071
732.0866
685.8806
705.778
667.2772
746.9417
783.8556
768.0063
747.6598
720.1959
724.5011
729.6708
722.0428
743.2084
710.3033
719.3807
724.5541
738.0065
732.0674
702.4073
829.9959
727.4136
731.3285
737.5414
722.4081
719.3205
789.9962
709.9967
774.1269
766.084
683.2466
732.3729
731.5403
758.3979
698.5646
728.9417
777.6296
735.01
765.0182
724.6807
723.3497
727.0219
738.3738
728.2565
691.9958
747.9262
766.7354
750.1926
702.7639
685.7742
743.7202
740.2823
689.6026
790.1311
760.3657
753.7412
775.5148
753.7217
760.8894
711.8729
750.8907
669.6664
639.1498
729.6615
767.558
722.9716
741.7597
757.2838
735.7029
790.9079
704.8499
736.0413
754.9579
731.1844
752.0005
755.7358
744.8297
673.0383
744.7632
707.915
751.1796
751.1517
715.7755
731.0883
732.1233
693.279
757.7037
768.535
756.3459
698.8341
752.5771
709.2066
682.1623
754.4792
690.1192
715.6192
746.1453
723.7186
699.4304
711.4909
715.0733
795.9059
737.1615
765.9367
651.7147
730.4623
675.8387
748.1631
743.2885
775.8616
745.7072
719.9129
776.5358
739.2938
774.947
672.2982
766.3787
713.1677
756.8946
770.7645
698.1289
681.5637
752.3763
721.9962
730.1251
774.6463
751.8295
700.1354
768.1084
717.2512
766.7986
741.0562
717.6071
724.6086
726.0599
739.5506
695.9524
716.4737
738.636
715.0401
719.2147
708.2657
751.1984
743.4693
778.6627
738.8511
690.1242
718.1958
705.1666
678.8559
710.0598
826.1407
659.9457
705.3427
723.5549
763.5058
777.0827
700.8794
749.214
744.3242
741.2015
681.3125
731.2389
697.525
732.2063
763.7981
770.6064
752.9196
811.8223
725.5463
750.9758
745.4406
721.4845
772.6438
774.8659
724.8769
693.9533
715.6675
679.2209
703.2318
744.1965
736.7338
767.5236
735.4696
706.8813
717.2367
720.9537
777.7276
725.592
723.0284
759.6279
747.6249
682.8509
776.2406
719.479
727.3916
723.0701
689.8877
720.8977
709.7782
750.7302
730.3326
748.9373
740.5243
716.5391
711.7768
726.512
722.6848
739.5591
709.9752
790.8216
819.9487
759.1624
799.1622
755.8033
724.9851
726.183
759.232
724.1168
713.168
701.8603
696.2049
723.4509
762.5748
759.0827
747.463
750.7237
728.0305
736.3249
709.5208
622.9672
695.1135
729.6827
690.0729
691.6284
719.6854
759.0551
697.6688
722.6329
733.609
756.7442
738.0841
714.779
630.323
684.397
725.271
715.4339
739.9842
747.9694
745.5799
733.0247
746.9423
738.2549
743.5037
706.7831
723.3396
734.1847
722.0534
793.0869
740.5069
641.0474
776.4198
774.6601
704.7377
728.2503
758.6276
771.4861
697.9549
735.6552
744.5261
732.4993
691.6134
789.4148
782.8376
752.9835
711.0125
765.2021
749.6179
722.9368
697.7063
731.6068
781.7178
809.4731
715.3929
752.2699
715.3635
723.4881
686.7435
664.7043
719.4025
760.4003
745.1511
767.7036
760.8838
680.7001
790.8618
704.6866
716.6084
745.613
763.0762
755.8985
715.7683
704.7962
757.9626
777.117
745.471
732.3357
713.0579
680.9486
744.9007
715.7131
706.9954
764.4058
711.2547
752.6553
746.586
748.2474
756.4502
739.8285
749.0241
714.5226
767.6487
729.5766
732.9307
732.0614
671.3632
749.1883
764.8767
717.9666
702.422
768.3795
760.0758
732.946
771.6539
750.6227
709.8018
745.9533
691.8105
728.2466
699.4646
736.2304
745.8722
731.2233
753.937
764.2447
716.5469
754.1845
752.3783
705.2932
697.6113
728.9838
758.7632
742.9766
729.3917
779.9125
770.879
739.3008
766.2091
718.0886
745.1707
742.7155
778.8615
701.791
725.7053
701.9693
782.1545
725.3908
717.243
728.228
736.6677
817.3915
764.2804
760.0442
752.8804
757.6175
725.4905
735.2451
753.0598
793.2218
700.1925
807.1723
727.7679
730.1116
720.0686
712.9972
725.3843
734.7739
740.2125
738.2491
753.2569
741.6497
739.0132
770.7079
721.1995
770.6412
759.3858
750.8514
710.5838
729.0516
749.2923
677.9537
716.7054
765.9783
740.611
791.029
680.7227
649.3178
732.4588
730.5823
722.7486
740.6457
758.3177
744.5371
754.8439
694.4805
747.5081
720.8712
710.4557
743.6238
736.817
733.7503
723.5339
733.2746
737.4911
840.4855
731.4807
748.5808
712.324
724.439
758.4337
738.7077
749.7692
766.4442
683.678
740.1002
763.911
801.5826
735.9517
773.3046
702.0227
695.7168
741.3672
688.6338
688.6733
715.8633
680.487
760.7571
662.2119
768.6926
749.413
797.7777
665.7045
724.1379
708.4154
711.7373
744.9218
743.4822
754.8252
773.979
744.1094
771.1849
709.502
784.7982
717.4171
698.4142
729.6771
748.1477
745.1506
686.4648
739.1478
737.4605
771.0251
738.141
739.3864
771.3621
777.1311
724.2442
766.166
744.749
719.435
740.966
745.9184
692.9903
781.2271
744.5168
679.5584
719.3292
774.0979
746.813
702.5499
756.8786
724.955
745.114
678.0845
711.0021
748.0246
692.0099
706.0059
729.281
721.3902
731.9077
762.9651
731.1783
757.117
700.5704
714.9
723.2705
697.6913
766.4289
760.486
776.6507
737.9226
706.2621
734.0583
746.9604
737.3493
748.9204
712.8526
708.6635
712.4922
729.0488
717.5854
780.714
717.3191
727.821
724.2135
726.2428
768.0726
744.7787
717.5234
732.5489
751.1734
684.3635
712.7292
710.8353
759.9127
733.9982
639.9772
740.0184
691.6545
819.5893
757.4279
674.9438
687.6915
740.7148
734.463
716.6694
740.2304
702.4196
712.8889
739.6096
682.1972
724.9863
770.7831
725.808
709.6459
704.8558
733.9706
723.8238
762.7924
757.563
747.9021
777.7392
646.0468
724.6829
711.9187
712.6791
703.4472
736.7827
729.7664
718.1561
701.7821
727.326
707.4885
734.3749
708.8445
703.3747
698.8534
753.3859
739.2475
715.1072
757.0254
690.6471
725.7304
724.1756
797.0359
731.8381
763.6918
694.8107
720.1265
715.6719
769.5938
714.8965
717.7285
744.0906
746.7137
798.1276
711.5003
726.4721
765.8629
754.6257
716.651
713.0979
730.5609
703.3011
779.7234
707.6913
759.3069
717.2944
727.732
749.8405
718.0175
744.2148
755.1271
711.308
752.3827
789.8449
725.0593
701.2262
723.9192
711.7379
739.3346
679.96
718.8881
698.283
784.5743
727.5466
701.0515
784.7419
743.5179
708.9116
766.3232
744.5132
761.4653
744.8691
704.593
715.3644
738.6559
755.5988
747.055
795.3677
799.1302
762.4405
752.1206
697.8984
666.9129
756.0976
727.8139
743.36
714.8713
704.8644
764.5138
683.9161
701.982
697.3686
746.8773
699.4164
705.451
706.4528
695.925
731.4671
734.6863
706.168
781.1788
721.2066
681.1189
724.1585
734.7702
742.067
739.0311
704.1624
743.6136
759.9398
730.489
741.3495
716.403
712.9637
725.7878
779.2792
753.8331
762.3346
726.7512
733.7476
803.4403
689.0278
681.7336
724.9666
706.2892
732.6226
741.5744
693.6041
691.4841
737.1688
715.1925
703.8281
677.1209
744.703
731.0477
782.0345
713.3513
729.2466
697.8692
701.8265
803.2343
787.0902
704.9571
771.768
741.9353
753.2522
750.8491
751.4514
792.1299
736.7755
669.4769
740.9362
764.9973
763.1833
713.4204
787.8697
748.2953
678.2222
743.4997
719.5543
714.1448
754.7122
728.8975
715.1131
701.0787
736.0642
729.1169
672.3321
710.0246
713.1824
779.7539
733.0819
771.2263
756.9213
819.7525
723.1258
748.9989
761.2164
729.1214
736.5026
703.178
715.8559
672.6618
759.5096
731.7013
736.99
741.418
730.8047
705.6759
731.9646
731.0809
726.9024
712.1064
737.4456
758.8291
708.5749
724.1627
687.6035
719.2601
739.1156
725.9036
755.2545
697.0963
751.0849
697.2274
699.8625
719.1464
710.9431
697.4565
778.7795
710.0427
785.8836
770.702
736.3507
752.1964
686.2114
768.2998
736.985
726.907
674.9956
780.3151
743.6812
753.3514
706.196
774.533
713.4427
721.1529
730.0188
728.9451
731.1338
788.9471
767.3623
742.5315
717.6277
694.3971
712.4952
684.2238
722.3375
774.9486
732.2791
750.1749
704.9752
745.6379
754.5639
735.0433
704.5109
720.4011
680.9648
740.1613
692.4371
747.6094
674.6457
736.7055
719.8998
707.2957
707.5747
759.1484
762.2174
715.8229
716.2353
756.9441
742.9169
715.7452
761.0676
691.7403
713.4814
780.154
783.3817
790.6505
710.4546
721.0087
714.6063
766.1685
714.0382
790.131
816.1448
741.8108
706.2745
729.489
717.3496
784.2706
772.663
745.5722
707.9489
767.2172
727.4388
773.6701
727.7688
739.0904
765.5922
762.8438
729.661
691.983
730.1171
714.6769
736.3422
690.9932
752.9532
752.8682
715.8771
738.3679
704.334
678.5506
741.0638
763.5647
747.3826
691.3248
716.4385
749.7332
726.3632
683.5305
694.2985
660.8305
683.7011
733.8091
739.2524
695.1239
703.5573
762.122
711.2292
746.9339
701.7684
745.413
669.0289
751.7327
747.7022
756.1226
754.0265
762.6167
769.2292
715.0772
738.8391
690.4999
754.8196
707.247
734.6867
752.5898
742.371
735.9673
663.7652
737.0006
730.5194
763.4524
747.5979
711.9456
689.3065
802.5087
672.6312
758.695
771.9116
722.9078
716.4637
806.5925
724.2527
799.3772
694.9448
707.7359
734.2048
770.791
762.9434
794.7109
704.9293
726.1098
711.8204
688.7597
756.6828
725.4866
723.3993
735.9946
775.3174
757.967
726.1382
708.8806
726.9986
774.8067
705.2764
735.9212
710.6913
771.9162
713.7242
781.8254
735.6617
687.8893
749.303
781.6111
729.9068
697.6117
734.3253
793.5797
728.5741
717.7442
743.7447
756.2003
760.1204
733.7966
755.2384
674.1991
732.4077
741.7922
666.0341
785.2506
726.4726
702.5462
755.5362
741.5181
738.857
697.1406
733.0617
743.8221
723.4129
740.6461
749.7571
733.1424
711.5725
714.3543
733.9059
721.3983
709.4204
739.1823
692.818
686.8804
723.5976
742.017
755.5834
734.2863
714.7559
731.2356
673.6853
744.5554
671.6365
747.5601
667.1075
790.9793
752.8046
696.6223
712.0752
679.8474
749.2013
735.4162
737.7101
716.4666
744.7869
727.3128
728.805
733.1475
762.5712
710.3906
795.4738
761.4416
744.4022
704.3061
681.0433
755.2496
765.3742
794.7074
764.7139
732.4069
729.1201
734.5679
707.7158
768.8805
703.9874
824.0356
765.0106
739.1583
677.8549
766.288
727.6905
738.5885
789.138
823.4866
682.0238
641.1064
708.2678
734.524
739.7186
756.1619
741.1616
708.5632
725.8336
749.0648
709.4312
737.378
693.2672
831.0556
705.6325
705.914
737.4125
743.651
760.1419
743.37
746.1795
729.9077
760.176
765.7072
728.1909
746.3953
758.5481
822.8992
759.579
722.66
768.0315
714.0013
767.8023
767.3256
717.9219
732.019
763.7812
698.8052
712.8833
718.9046
721.0861
812.101
710.8401
731.6979
726.6026
713.4652
748.746
733.6406
716.0479
800.5931
724.9874
686.0102
742.4854
744.1332
735.2271
746.7739
705.9595
707.51
739.8032
694.0262
705.9088
671.1849
698.4949
745.3966
759.7973
683.3471
717.6534
718.5483
780.0161
751.3876
724.6101
665.423
749.7499
719.0022
743.6442
742.5768
737.8968
785.7991
715.8458
699.1532
713.5173
723.4107
750.8747
749.0691
722.5567
704.9353
739.8641
735.0254
706.9917
758.3806
787.0937
759.8509
649.3957
678.4839
750.0859
748.4132
774.3049
753.4345
777.5956
724.411
701.886
728.4278
744.0001
746.5511
764.0028
732.9103
758.5089
786.5886
735.1903
635.7741
698.0015
732.4044
715.3889
727.9639
722.4088
724.9592
756.1709
753.4077
762.7063
678.4995
749.0505
685.0224
696.3885
777.2744
764.8946
747.9522
678.8166
767.4472
705.4193
720.0091
743.3628
725.7709
739.9906
731.6819
734.8616
730.104
720.9174
638.375
744.7962
735.9228
700.548
749.777
750.2761
764.0932
765.2049
789.6982
722.2307
717.3531
688.3273
752.183
771.4228
704.4154
714.5771
781.9268
735.36
727.0639
702.6612
783.8889
756.5034
723.9498
776.6917
764.7455
818.249
775.7069
746.8381
745.1502
771.0764
749.5209
708.6646
731.8824
753.4754
770.8294
689.1645
785.2233
741.4435
728.4466
679.1731
747.8025
752.3856
717.8364
620.7398
750.6546
702.8636
707.6536
683.1286
729.3727
684.5093
781.7709
749.421
696.617
707.3667
709.8851
784.4301
749.8089
700.4246
727.3385
681.3374
748.9273
808.7586
739.7934
683.869
693.1228
801.142
761.3421
743.5066
712.6888
776.7312
756.7303
815.9609
704.418
779.9389
712.5988
755.4232
714.235
701.0773
783.2821
682.9888
728.2422
671.5582
776.7842
702.5881
753.0508
641.701
728.7332
674.6019
674.0719
778.1746
766.8383
699.235
816.8519
734.6402
744.359
660.6057
723.641
737.7497
739.586
704.0156
736.9804
692.8512
661.3725
784.9985
711.4888
696.0538
731.2644
679.1356
751.7982
702.8084
697.6347
712.7762
767.0255
745.7338
734.7009
727.8613
718.6632
724.8626
714.0873
729.9457
711.0866
729.7945
712.4371
766.1762
674.9566
774.1404
719.4753
798.5387
771.6915
699.5966
754.826
812.2536
784.8415
757.1712
742.7366
681.2723
698.5732
711.9473
777.6
720.4329
733.2593
734.6903
740.1604
786.8372
670.1451
679.7743
762.1014
700.6897
755.9478
708.1335
704.2608
752.2456
736.6191
752.7095
767.9967
714.3871
694.2961
702.7646
759.4889
732.036
725.6293
744.6527
709.1549
791.1758
775.2447
708.4109
682.078
702.9496
754.2134
687.0539
707.5849
708.3954
766.3506
714.1411
730.1023
737.9824
725.2956
759.408
744.4259
745.7886
642.9913
769.3147
733.7599
740.8543
733.0497
723.887
743.5777
762.8733
706.0363
735.5997
765.4191
752.444
759.8772
685.1904
777.2901
781.6746
732.7034
782.9513
669.962
709.2721
698.1479
672.7834
734.9734
751.7206
758.3999
721.3756
735.8033
738.7094
762.165
750.7476
724.7166
714.5142
695.3822
679.329
731.4261
746.5512
718.9718
771.6917
812.6148
725.1308
715.9118
759.7786
719.2583
732.9199
771.322
710.9888
737.163
723.4579
763.1681
769.8214
762.7744
702.7742
672.9277
711.1034
687.7813
804.0448
705.9491
728.4713
753.3432
698.7166
755.7068
722.898
745.5577
774.3068
713.5872
707.6175
750.0575
751.8505
706.0201
827.6917
701.7626
720.7066
738.2271
672.7321
745.9854
801.3302
730.8339
761.338
680.7192
705.8909
722.1231
707.6143
747.4571
676.124
728.6872
737.8662
716.6279
792.6875
790.2702
725.343
775.675
737.509
720.8821
747.4733
713.8364
728.0915
778.4416
709.8219
696.5472
723.8387
782.1629
716.7249
720.3633
715.9762
732.7737
653.2281
816.6275
816.059
737.6377
741.6716
711.1319
715.18
745.566
792.1818
722.7881
672.9214
752.4885
697.0671
787.416
710.7739
695.7947
728.1196
730.2599
718.0916
768.6007
730.6013
689.8755
727.718
743.0528
744.0704
711.3022
684.7962
716.1333
724.3832
763.1902
730.7917
728.7942
764.0208
728.6617
653.9701
718.6667
685.1704
795.0375
730.4559
677.5615
750.1174
740.1595
667.5026
735.4603
700.5434
759.0523
731.2084
714.0174
752.7002
748.2677
705.2342
731.0321
767.7342
676.1213
672.0523
761.6697
700.9573
758.7176
724.9234
712.3005
733.5731
770.7129
734.0948
733.6624
725.5876
729.7303
729.6717
713.2796
752.0052
741.2966
719.2708
804.5295
738.2091
790.409
763.0111
738.0134
761.8975
707.5804
713.3111
794.7472
749.4484
741.668
704.6631
750.6735
744.1447
743.8719
728.9815
814.1919
743.3951
717.2599
684.0629
651.5693
722.4867
757.2118
720.3403
669.6065
765.0533
743.61
688.2371
678.1541
757.0245
785.3016
771.6333
763.2473
730.5055
675.9613
719.4715
721.7901
711.439
719.8439
812.0778
730.0751
740.8194
677.0428
740.5409
704.4774
714.9622
713.557
800.8199
717.3809
692.6484
748.19
724.4885
689.2659
751.5167
723.3374
684.6782
748.8512
736.7151
763.2383
788.1627
765.4382
687.9156
751.9899
798.2064
746.9727
765.7783
700.5674
781.7528
725.0662
713.4047
652.8619
705.489
758.6922
766.8322
721.2906
721.8153
784.8389
759.6716
799.8082
719.6502
738.5611
713.0378
684.2341
691.0192
756.2328
707.7398
693.1443
734.7862
760.8224
676.0777
726.7992
683.761
772.1884
745.7204
741.4995
714.9502
745.3638
693.8886
734.4306
728.7667
700.9353
686.9648
675.1384
735.0552
753.342
726.7807
732.962
707.1333
729.7354
744.8807
745.6861
701.9035
717.0016
700.3821
783.6471
727.9676
717.9328
782.5674
735.6062
743.2984
749.8327
762.3667
710.5701
741.0997
650.1289
707.1771
758.6079
720.9871
704.0629
761.3422
730.2646
765.7275
699.8376
782.3148
693.6325
758.4454
783.1033
672.6377
735.0089
769.1776
709.8579
744.9036
757.7923
692.8516
695.5228
702.2971
755.3195
715.0896
744.6298
717.6965
654.5124
730.267
810.8017
786.2051
659.4477
754.4916
757.457
759.3045
698.7657
810.1941
637.5376
726.4231
713.6037
732.2777
690.6218
756.7788
730.6397
731.6752
743.243
761.6412
709.8561
736.3906
723.5311
676.4216
709.6964
738.4528
738.2418
694.6749
767.3438
719.5144
719.1307
651.1732
714.5397
768.0893
761.8828
770.3337
720.8525
766.095
716.619
749.0642
744.862
701.4198
698.516
731.5973
709.2325
749.0228
677.5954
731.499
752.0715
714.1749
764.0452
684.0643
725.6617
732.636
764.6114
744.4368
709.8265
750.9641
761.8064
727.3296
730.7072
705.5966
749.4751
736.857
673.5869
712.8271
774.668
769.6159
711.7706
737.1654
765.2038
762.2009
746.8804
794.1178
736.6354
770.6158
683.5994
651.449
742.2602
735.4111
714.6511
810.3712
754.1069
714.9607
799.6504
749.4662
761.0334
687.1874
710.8882
700.8496
717.5248
699.8449
714.9006
729.347
719.8274
776.4826
766.6878
708.1344
749.9595
695.3782
760.6883
776.4796
780.7679
744.2343
745.1727
692.9585
736.6579
676.5052
682.4027
668.905
695.5662
645.0236
712.7976
769.9245
740.204
724.7573
744.1082
717.611
739.52
709.9624
712.9589
745.764
737.0022
758.55
709.3588
721.1468
704.3847
704.0823
770.7842
765.7485
784.6592
740.1803
780.0196
755.4392
773.9778
735.7887
716.2074
760.8173
735.6844
735.9513
689.3635
741.2617
758.5148
757.1539
744.9482
818.3572
687.8704
741.7334
701.5384
700.6
782.4478
695.1954
745.0774
730.7105
703.8325
682.8616
704.7178
769.8274
691.9095
762.0525
812.3535
718.0836
729.3275
725.4014
704.0462
727.8964
702.9658
758.8904
705.5169
753.8046
715.1475
706.0339
726.2197
794.5528
731.4541
708.1612
744.418
735.3553
707.5766
719.4542
717.6608
734.4984
637.4906
754.8244
742.7423
748.7082
737.1002
719.5009
858.531
669.0069
752.1754
740.2964
741.8942
736.522
777.3992
791.853
748.8311
747.3549
723.5346
711.6223
720.6772
719.2439
707.8516
739.8805
742.8925
721.1579
766.8909
731.7351
715.8505
729.4577
766.4356
726.4866
737.4662
712.2746
768.2757
773.3151
763.148
767.2487
723.475
708.9508
722.8427
747.9413
678.4191
726.1933
758.6802
687.7211
753.7564
756.057
783.9555
735.024
740.8741
770.256
709.8408
744.738
740.7998
684.2952
658.3048
804.9798
712.2477
668.0822
762.9798
756.3364
801.4516
837.2789
768.0546
795.2164
748.945
716.6266
699.338
713.5942
776.0858
732.5852
795.5235
824.3647
747.8709
657.8476
823.2382
719.6331
693.8553
736.4578
746.7146
788.7134
769.8365
756.2408
757.7089
742.8005
742.0708
723.6706
753.4597
721.536
735.6261
752.1215
728.5651
707.9917
717.5434
713.208
755.2504
741.3695
738.3791
740.7581
750.3147
705.2792
800.8159
715.4406
715.5819
673.2522
657.2168
704.6549
786.5984
749.3998
729.9891
781.1819
732.0667
721.3412
706.8638
737.3355
748.7271
719.8272
743.1051
726.7602
693.0807
747.0137
720.1677
750.234
766.6206
741.0519
740.1945
702.0987
776.3543
746.4866
730.0659
736.9966
725.4719
745.6423
740.9595
726.1911
721.3233
767.063
761.6579
704.685
702.0032
664.5799
768.8072
780.9416
744.5576
743.4652
693.5721
669.7334
724.9632
705.805
731.4751
693.579
734.0274
795.1287
740.1023
794.362
697.4117
737.658
680.6883
784.4221
658.7444
754.5916
765.02
744.3108
752.153
732.4618
683.4151
739.2313
743.885
725.2355
729.3667
690.6402
735.4318
733.532
719.1457
678.7487
724.7348
736.6611
737.6172
735.2557
614.3413
769.656
746.0009
790.0161
733.6518
725.2662
727.8679
695.0984
754.3548
704.9595
731.4885
757.6363
800.6733
717.4686
682.0125
741.18
740.9611
679.0063
755.2481
732.8613
729.4138
717.0809
685.3158
761.8642
729.3402
736.6076
690.9904
684.3766
731.6401
748.6693
670.0138
798.7981
770.5965
683.5919
803.6609
693.7827
776.7522
727.7876
708.8476
790.476
722.6812
720.4192
761.4027
700
722.4288
748.2141
698.3812
741.0328
689.3691
738.585
787.5435
678.7516
729.6469
736.8343
689.5505
695.4574
739.3007
707.2237
754.5397
775.1395
732.7051
738.3331
755.6704
729.2044
780.128
773.9918
762.9494
800.3503
708.9724
723.2237
754.9441
699.1447
696.0383
690.3745
744.012
727.4876
710.0654
721.385
740.2703
714.6485
725.8413
742.8412
746.2744
758.9879
740.3043
745.1687
724.3138
746.6548
743.7844
745.7818
752.9322
738.3555
726.2397
696.3863
733.4453
703.9545
720.0727
739.7285
751.4352
712.4725
774.5713
807.3437
744.3896
810.1622
711.4858
771.1095
703.2079
743.3305
712.371
792.9909
757.6857
735.6313
779.8509
778.0179
702.6901
714.5745
766.5214
774.4089
700.6041
741.1786
686.1964
722.709
744.2646
703.7627
691.4957
769.2905
732.9218
782.1611
745.5349
737.2452
766.0991
770.5371
735.9008
765.2548
700.2211
682.3778
731.1132
738.8945
748.5241
787.3128
761.72
710.0691
769.362
758.9215
750.9418
688.9353
768.0479
723.5244
687.8261
705.9842
725.6477
776.7934
697.4399
617.162
734.5902
752.7757
746.2532
653.2497
763.7193
776.6414
697.094
701.7285
696.2796
730.9002
724.4781
740.9961
731.731
725.6708
718.726
763.0936
731.9701
756.236
839.8482
716.2581
774.1819
714.1745
731.1229
753.6535
732.483
684.3322
688.9026
715.3673
744.2047
756.8632
657.821
801.7516
757.8782
703.2166
784.9591
688.0645
749.0455
774.3199
799.6517
776.2563
749.5956
727.6155
744.8108
791.7423
736.4953
756.7232
706.5771
702.3003
769.0771
685.1598
740.9958
746.3971
678.9319
750.5077
693.4288
720.7827
772.1957
730.6749
756.6561
697.6374
716.2484
751.2609
708.3824
693.2626
753.8442
641.2879
726.1721
677.7731
724.5047
758.2127
700.0525
603.7133
745.0604
694.8731
745.0239
734.8599
699.7234
642.2288
693.7141
737.3884
736.1126
729.832
713.5422
740.5513
701.53
771.7159
777.214
757.9011
744.7339
743.586
723.7496
741.4698
742.1813
760.0574
712.9405
696.4757
727.1654
762.935
710.3373
759.8801
681.1646
700.1164
729.0355
762.9241
704.1801
729.7627
694.1869
730.459
728.9192
731.1013
730.4663
747.9261
713.3958
739.3932
727.6609
700.6356
692.1798
700.4473
722.833
683.8695
696.0517
787.8851
681.1476
715.5494
710.8933
708.3505
746.8417
720.1722
738.6593
735.9421
741.6106
834.5966
764.3378
737.0886
687.1709
760.1899
755.5414
704.6603
720.2437
689.4341
717.5187
736.4146
715.3834
724.8984
735.295
691.4097
737.6197
754.3889
645.0912
710.053
689.8903
787.0471
705.1224
775.3528
745.4862
760.2063
713.4209
801.218
746.1058
718.5667
748.301
770.2713
730.8592
771.7341
634.0438
718.3351
708.2292
747.9655
637.0399
811.5821
772.04
763.2203
769.5318
710.6527
740.2251
760.6584
723.0301
715.2989
724.8552
687.9971
759.7404
760.9888
738.0626
742.7195
674.5997
682.5788
707.6321
716.5484
731.631
731.8138
728.1202
715.3775
707.6087
726.1748
774.6735
738.5871
717.2967
701.8687
761.8431
784.8667
759.7414
686.1096
784.2897
773.0514
780.3925
743.3179
738.6366
673.1961
783.7474
712.0943
772.64
712.9045
701.2267
729.9063
716.4837
731.7324
748.7126
699.8743
746.5649
775.9133
712.9754
714.0372
717.8444
704.597
800.7407
718.4624
717.0123
725.264
731.2115
748.0035
675.6224
716.0585
690.2459
770.7307
797.6679
719.1122
635.824
772.8944
747.8201
729.6078
718.8773
728.0247
723.1324
786.4967
688.9135
729.5611
746.5837
713.0777
775.6275
730.1053
691.6107
712.2148
734.4934
765.3762
780.6674
736.1026
732.8972
721.6064
737.1238
744.9548
736.1378
760.9243
660.4213
683.6571
726.2509
672.0722
749.114
737.4209
706.7617
691.2815
756.5537
703.5676
762.7449
732.0435
736.0694
705.8666
745.4172
712.1644
727.5237
713.9868
664.1395
753.3732
740.7113
745.4417
706.9689
726.6027
788.0083
717.9948
730.4567
750.3178
746.7922
743.2805
683.8253
730.6623
669.1595
759.1586
759.874
840.9132
722.72
710.6515
700.7647
712.2047
733.9672
778.0418
696.8368
739.1048
676.3728
791.8713
718.1141
713.0679
698.4516
691.4794
750.3956
707.0452
675.3861
685.7423
693.6638
722.0375
735.798
679.33
723.2996
734.614
733.9768
775.3575
753.0189
758.4781
765.7418
684.5934
690.6942
785.0164
722.3993
750.0789
731.5689
707.5788
778.7883
702.6975
709.3156
756.09
681.8167
760.6129
730.6252
780.1122
729.8444
792.2607
723.427
825.7254
761.5208
699.4629
712.7566
717.1846
717.7593
705.0996
756.3625
646.6203
760.7583
724.2212
713.3623
777.2476
734.0974
723.3893
704.426
634.8573
713.0604
756.0016
669.8398
688.0661
770.9065
800.1705
790.3642
764.6026
736.1687
703.2326
729.9923
753.4224
681.57
688.2061
804.4433
713.9499
750.6138
753.0081
756.1143
757.1348
730.3044
769.499
708.4794
744.3065
758.218
709.4361
724.0889
730.9756
738.6101
781.2518
693.3951
684.901
778.3277
735.3355
720.9704
781.9806
744.3636
732.6519
756.4552
733.6866
720.846
770.5873
752.6841
751.3495
698.2611
721.6743
748.118
740.7634
726.122
757.1277
791.1912
769.1974
800.8199
757.2758
731.1758
676.124
759.4839
773.9405
755.8416
734.4682
723.2435
763.3361
692.039
755.1609
746.3504
722.1365
771.954
651.9785
757.6261
701.5329
739.83
679.3926
757.1657
690.7538
737.1419
695.1572
700.5396
727.9909
662.3073
739.0168
703.7109
709.1732
708.5675
791.4788
723.9355
754.5967
761.3283
762.3692
721.8571
741.8844
728.5361
703.8931
690.5929
689.0498
691.8193
688.6713
717.6128
784.7431
656.6961
699.3838
742.4431
749.3684
768.571
767.559
705.2544
740.1923
776.1787
708.956
664.1406
680.3239
695.3891
713.4885
711.521
726.8357
684.3843
723.4705
698.4254
749.0293
734.6585
755.6196
682.7636
754.0818
735.8348
760.3841
730.3074
729.1408
739.7405
779.0927
750.0554
750.1828
713.0236
746.7215
691.0882
764.431
720.9213
651.3917
745.2436
644.6759
708.0026
698.903
718.5045
769.8668
681.5271
697.6277
747.6665
744.9538
712.777
719.0274
743.9032
732.7737
726.4811
743.9488
745.2317
740.5719
798.9965
685.1723
733.7146
745.5868
739.4893
766.3297
761.4682
682.4466
672.54
685.7988
758.859
714.0088
804.3975
756.326
782.7225
752.9658
721.6436
712.3108
759.4014
699.2925
737.9416
798.3558
731.2074
724.3134
695.461
727.2025
674.8697
723.5446
689.8529
736.2288
782.2909
740.4496
729.5716
776.4202
715.0162
710.9726
745.3037
770.2345
812.827
727.3841
689.7265
710.8798
702.4665
704.0111
696.0666
743.4997
770.2437
697.4784
725.4067
748.3643
745.4378
721.0014
760.377
684.3103
696.8423
758.3695
713.6995
672.6207
737.7524
717.7286
737.1605
779.1296
766.6025
657.0102
784.3792
771.4491
757.0863
716.3015
752.6061
689.3611
747.2147
734.5617
704.454
706.6915
756.3422
724.821
728.8482
771.5494
754.3827
738.0897
675.109
703.6019
728.4777
709.3391
752.1193
795.9823
797.8133
661.8147
682.0898
752.6631
699.5279
757.3798
816.2025
753.2284
765.8439
737.1378
807.8732
716.1776
777.4247
718.5727
704.7213
684.8843
751.2427
744.8427
797.0091
695.8758
744.1042
787.2596
717.7104
812.8227
704.2481
699.934
711.421
745.0952
727.0246
672.5061
743.6812
716.9957
736.6404
694.3966
743.8193
742.0211
752.4338
714.9654
712.5434
755.7012
760.1372
781.7572
717.7337
729.826
790.8374
740.4931
777.1346
706.0379
758.4754
795.8712
775.0816
753.8048
771.8774
749.2497
829.6706
712.3881
682.2203
781.268
754.6418
721.5527
713.8083
690.2032
732.0445
712.4858
687.8593
734.0126
679.5509
751.0758
714.3696
678.3539
702.8274
770.8272
720.3792
783.0218
746.8851
722.359
723.0474
736.3508
749.1816
753.6997
762.668
712
721.5344
768.5972
704.6955
729.4382
712.7595
705.732
755.4587
721.4874
742.947
703.069
711.8092
748.2249
749.4881
790.2452
750.9636
719.0172
738.1069
673.2727
746.6174
778.8479
720.5647
741.3828
707.1984
742.4531
696.2919
768.9535
761.8227
715.0547
713.1316
774.3612
707.4785
728.9963
760.6369
754.1648
732.1058
717.1127
740.1417
744.7476
746.9051
698.4853
709.3197
721.4687
739.1256
769.7166
756.5961
687.4121
738.6562
779.5619
706.2894
741.38
742.4942
760.1014
674.2053
705.2415
727.8415
745.417
729.3127
701.8186
700.3603
659.5415
779.0698
750.0486
765.6162
762.7145
760.0422
718.3855
774.8422
672.8284
695.8766
757.4244
681.1235
696.0513
737.9401
724.2651
744.6189
715.7483
724.08
764.3219
631.8302
718.0145
697.1315
733.2966
700.5514
690.732
779.0364
690.9327
735.5009
699.2043
761.931
750.8781
673.0858
733.6749
798.5118
735.0506
780.1209
719.4395
759.8212
746.398
726.9303
697.9
698.8381
748.9788
695.2081
725.7813
731.1922
725.7892
768.9174
697.9814
724.3571
655.5663
717.729
686.4874
756.2913
780.9723
771.3122
760.355
747.2492
773.2239
780.3928
721.7451
673.2042
712.4489
822.9116
709.4654
754.1886
739.346
766.5776
690.2559
707.6281
713.2411
683.8412
772.0393
668.1046
730.3601
712.7124
750.7672
770.6341
784.7055
743.7645
781.403
749.1293
780.4419
749.7865
791.637
718.2424
729.8432
766.6413
762.8978
746.3169
728.4881
698.1553
790.5295
746.4524
694.5849
730.834
701.0164
729.0245
717.5885
719.0075
732.5671
785.1446
737.1397
734.5289
772.7
728.8823
788.4664
755.8283
726.1354
664.8138
721.1866
750.3909
704.0679
761.7044
784.9552
724.2685
784.1998
778.2344
746.2393
790.9023
749.7366
707.3505
733.1385
742.6465
784.0886
743.3226
695.9044
750.8854
724.4835
749.9494
746.0228
785.8359
775.203
759.5266
728.1584
736.6288
729.57
740.9453
714.0211
711.2942
738.7121
715.1171
702.8013
742.3064
736.1422
715.6455
724.2779
701.9131
755.6101
697.6261
768.1131
762.6816
683.3766
736.2711
831.8922
744.683
723.1617
759.9693
705.9357
685.0649
708.1774
741.7791
759.1111
683.2894
733.6302
773.075
743.0272
736.6798
747.7451
730.6368
749.3684
679.8066
724.5397
702.0349
787.7779
739.798
727.3752
731.9577
715.4182
767.9825
726.2137
677.0103
686.827
754.8907
733.8256
756.2693
707.612
728.2181
726.0552
760.7572
732.2224
743.391
772.0091
690.6187
775.9782
730.8574
739.4468
730.1163
801.7353
760.11
694.3787
726.2526
694.5173
753.6864
692.9011
703.745
746.8984
764.0442
738.1349
690.8774
746.7656
694.9683
737.2152
729.919
712.2445
707.1611
723.5074
774.4664
744.987
736.5919
776.5262
766.8388
696.8197
670.1857
710.7261
740.2129
770.2902
676.4994
735.5318
743.3079
721.4066
686.2235
677.5045
760.4131
740.1701
738.5068
773.2047
751.0666
756.0955
711.323
748.5759
711.9512
779.7311
781.0402
684.2683
728.3227
776.1835
732.8966
752.7497
708.5927
750.6698
741.788
698.8514
805.4129
700.7902
741.9692
688.9115
677.4629
709.7793
764.1542
768.6065
717.6256
709.4691
741.4271
715.4065
759.617
785.3616
761.8811
789.5063
733.1394
668.6849
759.4171
742.4457
693.5327
718.6927
685.6225
731.4163
750.4726
760.54
771.5517
692.8854
737.2716
794.7826
654.5123
731.6061
712.6811
762.7145
719.821
701.2486
738.072
738.7189
710.2498
766.0212
688.646
695.3838
686.3838
740.4318
723.1407
721.2539
726.4028
747.1697
737.8969
752.1239
733.1586
693.7493
751.2655
731.5112
710.3788
748.9894
719.2032
715.5971
764.534
727.636
778.261
747.5008
773.7111
667.4611
694.4467
684.6008
700.8813
794.4893
699.9843
738.5319
802.9634
807.1326
736.7822
775.367
791.7864
782.2521
785.5974
758.2102
742.5933
672.0748
704.5966
713.4996
792.5423
759.7991
729.5672
689.8288
776.3488
778.3053
700.3912
785.0607
740.2523
695.7268
707.8681
691.1022
745.0128
799.4165
705.286
678.3191
687.1881
708.8743
727.1246
736.8073
713.6241
743.5349
750.5521
746.4152
745.9586
771.8939
761.6745
765.1641
686.9325
797.5893
703.5972
780.6149
760.9874
758.2253
707.3627
800.3413
690.6928
698.7897
744.1434
704.7331
778.5451
797.6819
754.4368
706.562
761.6141
726.7562
761.4863
645.2517
768.9632
714.4454
718.1161
745.4283
687.6261
683.0266
702.2426
763.5427
722.2492
738.9417
706.7321
795.3677
762.3601
730.4637
727.444
756.4021
744.7314
742.3866
785.1466
752.9792
717.9403
766.4352
695.5572
742.4394
770.2171
735.6215
731.8281
655.0037
791.5315
716.9883
770.3425
742.5647
732.7384
737.3665
709.3344
728.7299
688.0642
703.8359
760.3826
732.5898
723.2466
725.8183
731.2195
721.9345
770.6062
716.4959
760.4334
753.4171
733.6033
789.9405
702.2268
733.2
689.8747
708.0253
688.7434
667.1275
742.1069
739.4675
712.3479
770.6672
690.9344
669.9005
727.7845
712.2885
706.3044
706.1871
731.6825
716.9481
707.554
718.4208
703.6843
639.6301
746.3268
845.7606
715.5767
719.6914
785.6999
768.4938
753.4078
701.6911
728.0369
772.7449
711.4713
765.7791
723.96
759.9062
690.9457
717.2839
656.3592
718.3703
760.4211
687.3555
694.9103
724.0579
729.1391
738.7251
730.9569
773.0158
739.7118
692.4711
706.445
736.3251
708.0584
754.62
723.1803
772.6166
667.8131
755.3535
723.5003
696.4795
755.8091
721.4535
740.0449
724.0616
717.9554
796.533
726.9191
722.625
726.5812
684.3683
734.8591
709.8618
792.7472
726.854
789.768
749.3458
719.6239
794.1248
728.7192
719.5926
758.8947
760.2023
760.8592
735.23
779.7645
728.3985
736.0544
676.8584
785.8399
731.3739
692.4167
717.1076
730.6813
702.4763
782.5269
712.1211
730.7897
770.9423
692.5222
714.7486
751.1266
703.444
724.8215
706.261
725.6484
793.0784
762.7081
699.9888
702.6758
794.6977
757.1477
739.3753
704.371
762.4836
729.2538
757.0236
803.7569
759.3452
771.9795
799.7924
741.999
721.7333
741.9116
720.241
748.7665
733.134
799.7891
732.1586
772.3842
799.2398
746.4944
761.3262
764.7134
737.5311
736.0445
737.1583
760.8448
660.4223
660.8801
718.6127
700.6635
800.2919
798.0552
692.5398
708.6413
772.5865
722.9069
703.8053
739.2914
660.2008
697.6024
731.2803
728.9894
713.1824
739.1729
774.0479
749.3973
702.6204
665.8189
779.1494
671.5594
695.7257
710.4053
766.5205
733.4143
680.6565
674.3431
691.5279
740.7902
727.7383
723.087
720.0463
735.8568
710.6718
742.8319
657.7828
701.1726
715.5884
780.7497
719.7488
784.7223
708.0014
777.2931
747.7523
693.8588
756.9081
705.4272
708.6317
751.5263
722.8915
742.0921
744.4419
753.8499
724.4391
797.1249
718.7584
689.7693
703.5953
736.7479
722.6679
735.994
745.0208
748.5598
758.1998
676.5701
802.4074
705.1202
722.1939
818.992
772.7066
755.2084
720.3936
745.4238
718.5005
718.6294
642.2582
698.9131
720.8697
708.5342
747.1591
725.5167
746.0215
784.0818
743.0617
742.3303
708.0447
758.2167
710.0162
703.7972
780.9866
739.0815
752.4922
795.4957
746.0817
726.0275
693.632
704.8936
715.5796
702.6311
800.0996
748.0981
787.5251
717.8761
681.2472
707.0594
760.7099
742.9561
707.7844
831.8504
744.1748
765.7893
738.9776
734.0259
734.4556
745.8252
751.377
724.4341
777.6123
692.2156
730.8035
734.2859
742.6383
739.9908
775.3444
723.2143
802.5602
767.2643
731.4651
720.1293
697.515
725.1484
728.0472
730.2949
780.8303
700.0039
815.0542
738.0662
781.0982
770.2902
768.3577
746.1489
734.5779
724.5946
781.5205
663.9668
735.498
707.2423
744.6257
753.7842
727.4759
689.9998
684.256
740.0823
717.9104
751.9669
770.6352
738.7575
727.8922
741.2632
704.1112
800.767
755.6633
778.6929
734.0057
687.538
720.0557
732.9414
741.6991
760.3827
715.2713
776.7518
735.6263
746.2102
760.802
734.8843
723.2673
728.6183
712.0447
756.7403
730.9769
762.7734
742.4266
784.5912
691.0251
746.8384
779.1165
707.1965
741.896
715.1583
694.7569
790.7636
729.8273
787.8071
712.9917
756.6508
757.3927
708.9173
730.0388
701.037
747.6761
741.0933
689.6375
697.5989
735.1635
737.0159
718.2545
724.119
748.7522
742.174
675.9467
759.8257
736.8836
761.0219
718.7
771.0277
649.2202
751.3173
719.3883
738.9429
765.6916
703.1817
761.0469
764.062
785.8271
640.1907
687.0797
727.8697
758.0998
639.3862
671.5374
771.0918
734.2985
754.1356
758.619
773.5258
683.2227
686.851
763.0965
783.5505
710.4268
715.3125
717.3914
732.6657
689.5429
722.1327
744.1194
689.3922
728.3679
713.2787
741.1044
716.8268
762.1912
739.891
738.6443
780.5003
734.5682
738.369
775.7159
758.8497
685.7936
697.2142
762.4809
713.6402
705.9976
687.6151
751.6339
723.5036
726.7583
718.6685
719.5548
741.0257
710.4553
759.5841
696.3926
725.9898
747.0469
749.1196
685.6346
715.2398
746.3578
693.5689
727.896
681.4485
740.9669
689.7658
736.5092
734.6461
772.4789
717.5388
708.4885
727.2187
730.8497
807.4357
776.5007
740.2167
690.1623
