591.1538
773.5768
821.2188
934.0242
1136.332
1212.776
1231.102
1378.039
1173.191
1161.003
1737.88
1873.52
1434.312
2146.285
1230.365
964.3974
1104.618
1110.469
932.8267
1021.467
1184.305
851.2484
1247.973
881.7463
1028.885
1689.148
1589.205
1664.383
1484.943
1291.357
1656.405
2025.762
1722.172
1583.885
1656.615
1166.373
1588.107
1947.252
1783.663
1523.643
1532.964
1405.589
1282.896
1205.96
1449.295
1690.676
1565.12
2087.317
1686.24
1061.487
1387.601
1564.669
1385.752
1246.781
1688.838
1769.571
1469.066
1463.377
1320.664
1394.884
1678.465
1637.756
1820.928
1613.563
1455.047
1656.323
1287.881
1503.222
1710.977
1235.77
1666.001
1189.285
1568.276
1615.96
1483.749
1750.9
1483.698
1015.43
1090.532
1319.93
1264.109
1734.826
1444.922
1569.873
1481.142
1612.181
1088.259
1271.076
1054.561
1624.352
1219.202
1087.395
1136.13
1067.477
1357.336
1236.741
1154.65
1245.377
1159.58
1697.457
1587.403
1452.604
1277.262
1141.122
1554.951
1467.633
1659.832
1529.541
1806.264
1230.337
1685.422
1319.386
1407.858
1524.44
1409.195
1197.768
1383.18
1128.961
1644.724
1391.037
1052.77
1833.143
1468.487
1265.669
1461.21
848.9418
1477.781
1223.169
1236.145
1017.372
1523.705
1469.611
1367.468
1559.784
1609.379
1283.861
1730.539
1334.524
1481.617
1231.008
1822.407
1090.172
1256.214
1391.069
1403.864
1123.606
1964.734
1168.528
1518.602
1407.561
1292.117
1030.425
1368.782
1998.071
1087.681
1203.511
1153.09
1252.971
1558.978
1730.408
1304.19
1652.064
1215.586
1526.62
1826.126
1093.646
1618.029
1332.005
1279.453
1163.594
1190.535
1073.94
1315.338
1414.979
1335.016
1020.763
1418.315
1318.447
1439.454
1255.094
1195.446
1213.79
1004.737
1149.698
1452.138
1635.666
1520.771
1559.441
1289.024
1050.292
1431.456
1165.407
1213.031
1066.723
1066.487
1655.201
1347.13
1446.392
1438.496
1323.213
1399.937
1223.147
1605.008
1484.803
1372.392
1493.9
1322.135
1464.789
1564.808
1395.025
1360.444
1038.966
1604.302
1161.193
1283.489
1283.815
1169.92
1166.98
1338.089
1169.906
1581.273
1435.333
1345.964
989.3206
1701.627
1924.373
1454.395
1724.232
1534.062
1602.698
1713.858
1557.827
1360.575
1367.316
1630.822
1790.356
1577.042
1982.266
1236.726
1989.396
1721.385
1747.247
2062.629
1380.18
1637.516
1694.7
1441.926
978.1531
1680.481
1361.386
1082.022
949.3001
1165.524
1550.614
1161.824
1206.937
1277.484
1165.162
1321.981
1417.477
1358.703
1922.353
1119.755
1375.464
1250.87
1440.612
884.4609
1829.689
1083.443
1763.549
1162.404
1358.201
1513.9
1281.263
1189.326
1411.341
1416.702
1753.627
1387.333
2315.477
1262.215
1621.823
1479.687
1454.105
1087.985
1657.019
1175.451
1085.927
1222.177
1153.091
1471.906
1366.174
1249.721
1509.167
1082.685
1396.209
1201.803
1389.06
1873.319
1473.246
1345.006
1420.547
1234.273
1193.189
1343.391
1202.556
1481.517
1012.699
1580.083
1369.733
1585.199
1303.224
1590.85
1748.918
1305.759
1355.892
1128.027
1157.048
1011.204
1159.662
1204.453
1651.003
1038.845
1131.61
1524.564
1271.406
1131.719
1129.197
1401.193
1879.906
1489.304
1537.049
1235.453
1672.092
1058.516
2024.71
1669.487
1700.398
1158.36
1297.963
1505.387
1308.315
1342
1160.427
1366.296
1062.159
1355.008
1244.028
1406.177
1292.385
1769.736
1647.042
1681.768
1301.066
1589.103
1548.637
1505.865
1885.224
1250.139
1251.849
1417.984
1555.485
2021.541
1163.885
1431.594
1730.25
1120.683
1242.912
1302.623
1174.894
1132.315
1420.499
1385.317
1497.096
1991.769
1217.301
1472.607
1275.217
1873.664
1127.657
1230.797
1130.306
1675.855
1420.36
1429.822
1473.511
1373.275
1556.837
1511.734
1456.528
1104.312
1627.23
1548.856
1207.18
1194.336
1294.815
1535.646
1301.443
1615.41
1272.467
1405.266
1395.645
993.8801
1291.218
1660.387
1378.03
1983.089
1113.413
1490.595
1270.494
1429.901
1582.195
1583.9
1898.344
1404.624
1936.379
1224.774
1968.334
1519.585
1468.258
988.9423
1175.372
1357.275
1762.396
1268.661
1511.302
1955.411
1828.34
1471.162
1604.817
1324.555
1788.099
1428.255
1545.344
1173.75
1608.338
1315.848
1243.648
1543.332
1584.397
1447.729
1171.02
1515.889
1127.959
1294.43
1129.595
1126.613
1471.248
1083.75
1447.194
1545.33
1493.287
1628.501
1444.024
1345.274
1298.752
1762.111
2354.105
945.6566
1034.307
1202.053
1497.704
1173.486
1426.127
1493.682
1814.316
1823.29
947.2214
1038.43
1445.753
1772.529
1605.447
1385.631
1557.207
1543.73
1182.634
1585.791
1571.917
1943.325
1323.991
1408.768
1204.297
1364.652
1241.921
1306.922
1731.267
1371.831
1238.384
1450.065
1120.358
2019.009
1567.805
1556.188
1432.785
1523.307
1132.219
1506.13
1181.75
1560.382
2481.009
1707.756
1222.102
1384.539
1369.734
1132.328
1378.324
1409.091
1366.894
1553.854
1384.954
1412.211
1253.468
1155.797
1746.435
1819.646
1457.99
1280.867
1494.089
1326.899
1220.342
1212.804
1606.766
1502.545
2542.458
1222.544
1249.637
1475.461
1573.995
1677.232
1357.975
1217.802
1540.023
1343.996
1552.277
1217.364
1535.068
1634.809
1593.385
1682.56
1809.747
1188.467
1586.531
910.8751
1486.038
1307.808
1189.803
1394.163
1152.615
1324.892
1538.081
1453.471
1299.832
1636.006
1177.006
1232.932
1184.886
1507.826
1885.392
1444.978
1595.378
1423.792
1026.789
1246.692
1137.669
1533.707
1480.066
1255.252
1277.473
2041.976
1635.799
1231.608
1329.32
1216.106
1300.321
1044.146
1331.042
1129.988
1024.663
1196.438
1239.106
1198.531
1564.552
1247.311
1363.098
1505.892
1163.663
1276.265
1105.776
1432.325
1530.282
1329.155
1192.787
1243.037
1536.772
1536.526
1342.53
1258.977
1815.311
1211.313
1623.383
1568.195
1513.306
1413.316
1334.49
1328.769
1383.414
1339.347
1128.419
1871.332
1563.618
1218.485
1176.054
1517.841
1338.806
1562.754
1450.475
1638.773
1662.973
1397.186
1087.42
1402.542
1389.34
1667.331
1342.779
1115.145
1371.869
1641.569
1697.008
1584.583
1563.217
1412.278
1187.923
1382.121
1360.878
997.9298
1618.759
1527.396
1373.155
1601.947
1518.345
1238.806
1799.936
1407.233
1589.69
1610.227
1601.802
1307.103
1382.666
1633.738
1174.395
1738.368
1476.575
1821.609
1181.598
1929.002
1160.612
1416.821
879.3494
959.3534
2136.856
1437
1465.259
1300.37
1281.665
1695.989
1968.135
768.4371
1305.66
1296.202
1161.426
1698.254
1066.136
1799.51
1167.374
1064.925
1183.164
1207.405
1302.814
1218.999
1360.844
1056.47
1143.636
1372.589
1612.811
1501.929
1402.976
1116.688
1253.556
1610.358
2029.985
1416.232
2752.036
1892.532
1036.437
1644.496
1320.964
1206.574
1417.325
1210.079
1384.423
1392.778
1707.786
1566.288
1734.108
1353.386
1456.868
1236.973
1344.204
1408.893
1123.951
1382.999
1386.491
1161.502
1597.461
1130.837
1119.768
1433.281
1357.915
1631.358
1227.024
1209.214
1444.209
1236.492
1542.001
1422.108
1881.877
1664.535
1441.142
1313.952
1270.7
1421.063
1331.648
1568.693
1435.968
1212.581
1951.99
1280.776
1402.47
1651.135
1751.082
1776.91
1574.45
1493.816
1462.467
1605.033
1138.469
1364.203
1073.518
1146.448
1222.317
1093.566
1201.385
1461.605
1363.701
1315.296
1672.934
1351.759
1974.139
1452.105
1536.471
1992.998
1442.831
2125.953
1396.029
1506.474
1323.318
1579.215
1461.353
1649.891
1577.643
1512.082
1731.18
1305.399
1141.124
1250.723
866.3481
1293.729
1628.298
1477.991
1490.814
1520.9
1245.305
1563.166
1448.501
1586.625
1562.957
1513.074
1404.067
1284.939
1714.187
1403.305
1849.502
1358.141
1723.773
1288.67
1518.121
1823.351
1331.881
1203
1220.059
1010.835
1789.156
1106.268
1235.178
1398.091
1448.065
1752.526
1621.466
1343.663
1608.516
1171.527
1730.492
954.0515
1132.44
1141.425
1042.982
857.6729
1304.687
1052.499
1532.132
1496.262
1028.004
1801.924
1291.426
1387.78
1378.596
1275.199
1621.003
1227.234
1123.489
1621.027
1591.303
1475.323
1649.278
1228.29
1924.222
1724.833
1591.705
1244.042
1174.204
1370.353
1375.202
891.8435
1062.547
1335.814
887.6181
1353.353
1353.1
1012.286
1564.666
1352.997
1685.104
1582.63
1127.41
2039.71
1343.4
1058.386
1565.521
1390.82
1793.284
1731.548
1753.522
1557.345
1745.37
1393.003
1219.521
1018.26
927.1035
1377.364
1087.826
1117.51
1720.567
1462.696
1325.266
1158.654
1589.589
1556.437
1284.488
1390.108
1389.17
1968.196
1073.682
1440.762
1444.321
1110.201
1438.442
1396.768
1708.594
1403.935
1812.771
1495.814
1384.579
1814.997
1212.362
1503.323
1716.731
1374.401
1450.118
1335.086
1523.248
1204.921
1302.683
1790.324
1048.355
1517.849
1462.957
1426.018
1023.344
1120.199
1609.422
1588.666
1372.542
1051.906
1214.025
1243.924
1180.557
1475.704
1223.121
1491.973
1570.291
1493.048
1134.615
1599.899
1381.436
1487.71
1538.592
1342.422
1148.178
1701.797
1431.313
1324.141
1287.62
1254.973
1281.371
1744.364
1391.552
1294.763
1566.346
1388.267
1930.82
1691.874
1536.614
1139.786
2114.354
1666.233
1385.079
1355.421
1077.305
1904.262
1631.728
1277.554
1905.788
1722.77
1220.549
1406.524
2522.991
1728.262
1257.384
1544.611
1520.765
1031.67
1247.637
958.4372
1203.361
1048.131
1556.006
1285.021
1444.274
1168.788
1351.442
1397.671
1486.821
1330.677
1217.44
1857.89
1419.047
1755.704
1529.771
1544.016
1300.909
1692.45
1470.494
2119.859
2007.013
1535.849
1232.657
1250.496
1226.727
977.2564
1304.794
1390.775
1211.647
1448.792
1282.769
1159.026
917.719
1184.053
1345.833
1225.332
1244.448
1242.462
1850.612
1601.585
768.5642
1284.371
1180.172
1562.905
910.5128
716.4572
1019.555
1274.642
1220.273
722.9372
1116.656
1655.573
1312.047
1503.221
1595.826
1174.84
1154.722
1294.09
1306.691
1513.33
1359.717
1302.73
1500.568
1151.503
1561.961
1290.267
1192.226
1333.056
1396.472
1237.561
1173.416
1371.366
1402.174
1498.99
1486.572
1427.596
1622.021
1657.231
1230.959
1400.108
2121.432
1124.014
1364.048
1437.854
2250.76
1363.402
1663.524
1470.17
1176.641
1203.153
1766.968
1189.094
1288.14
1369.999
1631.063
1457.851
1080.261
1346.043
1190.544
1286.861
892.2544
1640.141
1589.965
1195.032
1480.256
1064.306
1066.639
1485.148
1059.999
697.0935
1075.166
1142.504
1462.536
1043.492
1491.032
1570.18
1158.077
1229.882
1307.883
1178.427
1327.171
1690.455
1587.924
1199.77
1720.258
1051.509
1193.888
1300.122
1373.32
1810.709
1285.144
1501.747
1258.83
1778.698
1373.203
1463.546
1560.845
1465.096
1370.266
1211.811
1542.251
1393.639
1261.106
1432.411
1394.614
1566.605
1393.488
1340.212
1525.356
1165.837
1385.685
1653.924
1579.067
1464.19
1502.243
1595.007
1306.666
1072.561
1499.916
1767.229
1487.999
1277.793
1219.103
1694.713
1458.043
1450.396
1263.792
1237.913
1193.47
1370.702
1523.138
1125.921
2049.13
991.6915
1408.369
1098.344
1660.062
1454.786
1761.725
1261.019
1127.722
1315.828
1759.274
1352.222
1854.685
1072.256
1492.109
1685.778
1708.897
1570.379
1552.603
1313.969
1268.065
1486.312
1694.519
1591.662
1362.151
1241.207
1057.671
1142.54
1334.859
1051.518
1396.91
1289.316
1179.332
1059.394
1723.641
1523.782
856.0612
1411.619
1221.411
1346.971
1091.285
1594.033
1694.983
1224.384
1960.059
1402.233
1744.024
1294.465
1752.465
1765.581
1433.075
1574.321
1350.829
1625.193
1320.619
1230.33
1399.871
1403.049
1447.652
1634.35
1531.28
1250.81
1312.111
1389.915
1579.904
2250.181
1431.568
933.7365
1168.003
1530.256
1475.845
1160.768
1251.127
1645.623
1188.114
1536.298
1668.117
1342.587
1440.649
1518.838
1436.911
1636.542
1695.8
1168.604
1508.159
1402.127
1229.137
1246.072
1387.611
1804.826
1518.326
1551.988
1575.651
1389.932
1482.486
1661.045
1382.548
1150.754
1617.196
1442.548
1276.02
969.2694
1340.392
1705.616
1280.586
2081.501
1694.327
1602.151
1669.074
1187.096
1366.665
1649.326
1101.797
1384.234
1650.027
1166.286
1607.933
1339.115
1813.206
1287.839
1578.27
1271.545
1529.437
1706.796
1942.955
984.3959
1304.399
1376.204
1420.843
1159.008
1368.13
1687.223
1473.563
1638.081
1292.636
1546.925
1388.813
1683.586
1613.456
949.2578
1303.579
1277.807
1453.062
1306.473
1615.563
1081.149
1052.132
1386.406
1600.053
1623.792
1573.087
1102.4
1789.719
1420.31
1291.686
1322.312
1666.548
1333.918
1270.369
1366.603
1039.183
1419.508
1280.192
1449.299
1291.819
1187.634
1182.118
1396.742
1071.386
1257.677
1913.151
1123.355
835.5445
886.9844
1159.412
1269.75
1422.287
983.6523
1408.902
1384.854
1447.198
1223.64
1075.726
2034.761
1768.608
1799.634
1874.114
1694.68
1582.847
1313.371
1830.12
1470.311
1582.695
1594.273
1996.884
1427.321
1446.042
1246.679
2076.066
1617.912
1555.339
1368.132
1651.769
1396.663
1300.53
1786.032
1969.013
1590.328
1521.327
1608.558
1242.783
1782.12
1049.761
1237.148
1469.306
1528.16
1417.575
826.7522
1420.857
1751.519
1533.921
1576.467
1560.535
1431.664
1512.783
1447.382
1563.425
2202.929
1351.733
1165.949
1497.862
1470.358
1247.861
1385.232
1634.278
1321.226
2049.522
1034.589
1343.326
1393.638
1326.218
1106.931
1002.47
1583.525
1317.14
1385.513
903.1559
1273.83
1260.709
1829.31
1152.264
1279.493
1595.959
1589.278
1498.44
1134.684
1373.056
1340.274
1465.391
1426.469
1197.312
1222.151
1423.921
1473.657
1405.437
1469.993
1646.102
2162.496
1467.759
1526.321
1816.947
879.3452
1268.25
1141.632
1753.224
1147.618
1524.496
1055.96
1214.603
1460.827
1589.038
1301.79
1372.418
1514.682
1465.152
1250.91
1587.442
1480.588
1712.387
1627.13
1531.663
1156.999
1622.491
1426.421
1548.809
1308.003
1227.601
1413.42
1501.589
1830.26
1607.004
1381.001
1307.942
1983.315
1203.114
1502.728
1237.114
1257.039
1269.757
1164.465
1305.296
1300.591
1263.819
1479.119
1431.827
1521.624
1201.2
1426.086
1600.745
1203.124
1398.064
1110.123
1504.135
1452.651
1574.062
1765.255
1401.411
1658.074
1243.509
1388.58
2080.934
1080.599
1498.663
1584.93
1670.537
1460.822
1295.938
1395.466
1537.611
1103.7
1687.881
1428.007
1512.59
1273.217
1281.346
1556.72
1426.07
1552.184
1264.853
1490.457
1213.966
1136.465
1371.932
1419.74
1508.214
1692.501
1757.548
1620.849
1319.068
1076.272
1240.491
1761.129
1379.643
1360.384
1734.026
1650.003
1360.088
1564.14
1576.958
1113.612
1348.144
1253.801
1324.552
1397.964
1483.289
1159.525
1455.333
1300.883
1256.415
1391.757
1557.333
1894.381
1130.62
1499.708
1291.363
1190.292
1277.207
1595.483
930.5667
1259.683
1789.028
1362.069
1334.496
1346.617
1634.457
1429.989
1558.775
1114.927
1153.649
1300.645
1256.543
1575.049
966.0596
1165.281
1307.884
2135.918
2013.412
1439.054
1341.905
1284.203
2021.003
1571.521
1404.302
1367.108
1100.275
1622.724
1436.968
1621.271
1461.299
1604.659
1443.369
1349.589
1855.674
1445.335
1563.695
1231.624
1594.323
1139.886
1678.135
1445.555
1135.927
1505.023
1517.81
1144.706
1472.501
1529.584
1589.263
1355.223
1189.63
1623.201
1314.55
1236.806
1482.569
1289.249
1206.412
973.7855
901.3289
947.6838
1200.775
1048.21
1153.639
1455.575
1307.34
1701.871
1591.958
1362.731
1329.234
1755.797
1624.285
1640.114
1650.934
1544.001
1435.287
1444.875
1123.177
1207.846
1073.846
1242.019
1477.852
1179.348
1383.482
1590.793
885.7636
1791.267
1364.222
1423.337
1357.742
1419.414
1044.369
1453.764
1412.376
1759.126
1742.733
1356.279
1756.273
1491.551
1717.596
1053.373
1235.032
1423.856
1959.864
1199.454
1495.737
1695.765
1511.617
1439.816
1053.027
1766.667
1337.235
1631.235
1171.55
1550.444
1248.656
1410.147
1555.397
1348.222
1504.737
1054.773
1095.251
938.7778
1020.618
1397.433
937.937
1456.656
1375.097
1690.001
1553.679
1194.875
1288.495
1710.772
1220.037
1641.325
1615.338
1166.094
960.4164
1550.053
1696.142
1250.37
1501.037
1302.216
1367.275
1573.074
1349.721
1815.293
1687.511
1815.725
1420.558
2031.002
1333.621
1062.779
1588.425
1329.437
1074.71
1457.021
1603.171
1538.569
1517.839
1330.274
1318.993
1613.72
1455.071
2070.273
2008.454
1294.572
1086.637
1226.422
1513.931
1291.074
1981.153
1524.496
1773.619
1456.549
1466.598
1095.789
1495.729
1484.849
1308.482
1296.78
1304.82
2051.139
1514.439
1460.2
1565.181
1880.626
1362.87
1263.503
1670.983
1586.773
1566.972
1074.47
1332.319
1077.926
871.8378
1026.485
1227.887
1299.901
1376.03
1330.101
1390.641
1365.497
1364.156
1278.701
1190.081
1234.589
1516.003
1251.039
1361.833
1999.589
1572.158
1467.578
1452.458
1702.424
1344.433
1204.651
1469.163
1209.167
1395.428
1232.911
1947.251
1699.579
1178.23
1473.412
1232.765
1326.327
1700.096
1353.817
1554.337
1345.608
1536.09
1488.802
1093.997
1477.525
1416.186
1329.622
1387.619
1457.268
1244.531
1308.565
1317.164
1196.274
1623.707
1197.38
2121.139
1969.501
2147.544
1380.843
2251.592
1340.053
1231.155
1071.305
1548.35
1560.716
1478.588
1397.217
1599.355
1762.75
1422.416
1817.196
1892.601
1243.46
1725.486
1496.221
1396.491
1567.326
1691.463
1411.087
1261.364
1648.201
1393.264
2093.762
1578.452
1903.192
1667.642
1856.76
1054.343
1173.295
974.8353
1687.633
1494.077
1403.846
1315.139
1625.266
1419.054
1468.906
1777.844
927.0753
1442.518
1202.671
1570.13
1141.967
1868.617
1427.051
1437.78
1647.723
1659.377
1681.67
1249.706
1502.439
1369.412
1280.754
1269.633
1268.383
1482.906
1090.617
1267.03
966.9841
1769.828
1389.651
1330.738
1362.931
2575.854
1139.09
1283.579
1649.272
1325.055
1448.546
1611.108
1511.584
1504.315
1741.459
1568.875
1153.99
1669.267
1189.023
1192.43
1819.295
1391.41
896.6327
1125.023
1537.193
1755.843
1405.863
1448.459
1638.982
1083.978
1297.695
2176.352
1125.03
1594.975
1348.205
1553.257
1688.219
1741.864
1354.288
1328.756
1723.081
1303.097
1000.577
1396.548
1311.185
1243.02
1517.405
1274.627
1137.799
1008.582
1045.801
1210.986
1004.571
1633.655
1285.382
1720.269
861.7046
1781.706
1142.457
1359.146
1601.135
1530.186
1183.785
1330.868
1509.102
1339.081
1425.364
1215.882
1369.942
1289.237
1480.127
1067.653
1396.698
1551.107
1384.244
1309.762
1185.472
1235.094
1007.089
1184.809
1120.203
698.5577
1220.731
1380.843
1156.181
1043.853
1352.675
1516.624
1042.754
1595.919
1153.268
1492.044
1733.291
1800.882
1273.077
1254.859
1870.168
926.6187
1352.897
1521.894
1348.032
1355.004
1206.099
1272.469
1545.042
1101.595
1304.454
1290.335
1401.597
1264.734
1721.005
921.8648
831.9578
1191.108
815.2189
750.0987
1292.048
933.9497
1500.184
1463.69
1344.68
1522.592
1225.314
1276.79
1352.146
1670.871
1196.962
1480.229
1195.434
1337.605
1384.023
1282.436
1129.662
848.7003
1141.132
892.3945
1503.413
1749.144
1406.376
1518.324
1608.627
1245.636
1328.102
1352.554
2307.107
2067.321
1580.902
1515.852
1170.364
1183.536
1163.055
1447.086
1644.05
1114.65
1254.622
1303.217
1753.385
1535.725
1030.323
1376.602
1628.042
1341.049
1525.408
1754.17
2161.28
1280.397
1486.182
1265.541
1290.544
1253.836
1470.477
1746.034
2387.736
1161.419
1424.735
1255.407
1775.125
1165.908
1589.926
1501.636
1871.609
1652.073
1573.202
1740.625
2119.961
1546.605
1668.957
1534.144
1541.822
1088.636
1049.449
1628.199
1112.252
1659.268
1475.895
1100.562
1486.162
1393.837
1463.14
1817.25
1318.666
1354.196
1236.25
1561.743
1376.298
1371.879
1384.649
1415.782
1391.579
1670.486
1966.58
1779.112
1335.93
1795.816
1631.873
1307.751
1328.569
1503.17
1091.358
1086.457
1077.462
1561.595
1262.847
1155.53
1556.068
1292.303
1407.272
1068.809
1360.34
1098.754
2070.482
1050.28
1282.693
1016.069
746.8341
908.1085
986.0335
885.3795
1050.297
970.3217
1990.263
1614.187
1495.629
1250.297
1510.775
1628.51
1901.488
1563.452
993.9299
1076.146
1503.712
1220.695
884.3462
1186.092
1609.715
1137.552
1213.814
1707.663
1067.05
1519.708
1522.909
1445.593
1192.935
1020.581
1487.584
1868.592
1266.193
1306.056
1339.294
982.4822
992.2605
1667.095
1778.456
1246.096
1419.543
1293.551
1134.026
1918.698
1541.847
1371.891
1747.001
1547.408
1564.142
1297.333
1423.328
1125.581
1355.69
1131.054
1260.089
1146.247
1256.835
1753.405
1948.83
1481.111
1281.76
1760.563
1283.943
1566.102
1711.616
2175.421
1374.589
1544.461
1577.401
1237.533
915.0094
823.055
883.0449
1235.207
1275.088
875.4758
1241.433
1527.685
1193.84
1528.96
904.4437
1151.559
1029.175
1267.039
1599.571
1245.273
1534.796
1571.974
1547.429
1425.871
1370.435
1260.083
1882.338
1339.088
1327.72
1563.51
1446.956
1562.289
1392.036
1240.368
1704.276
1475.484
1700.821
1189.53
1471.26
1654.807
1431.765
1414.339
929.119
875.9162
1724.259
1166.036
1485.02
1311.874
1579.403
1473.888
1280.5
1420.889
1505.23
1572.006
1564.28
1886.414
1442.286
1372.539
1265.127
1574.853
1495.852
1343.698
1190.249
1466.573
1429.708
1272.135
1234.222
1284.079
1259.301
1841.162
1962.798
1055.403
1853.293
1518.772
1188.795
1321.518
1545.224
1303.109
1299.335
1627.296
1625.884
1385.542
1210.995
1405.192
1267.397
1475.24
1444.689
2115.529
1812.28
1409.872
1475.112
1387.682
1374.49
1556.373
1687.009
1450.106
1673.719
2108.584
1258.807
1308.193
1588.006
1298.612
1704.323
1475.762
2330.914
1334.94
1462.064
1558.867
1395.873
1490.975
1489.985
1642.864
1310.639
1476.268
1289.43
1338.5
1455.578
1122.686
1181.684
2150.92
1490.167
1529.848
1548.396
1434.371
1054.472
1514.186
1296.398
1487.347
1402.205
1420.136
1425.467
1189.128
1134.25
1252.688
1205.858
1457.085
1452.075
1863.179
1490.975
1524.689
1854.634
1313.012
1428.166
2084.359
1420.208
1264.525
1680.544
1376.803
1241.638
1105.338
1350.398
1567.362
1169.207
1492.624
1673.111
1373.467
1634.365
1571.492
1416.06
1263.872
1525.406
1469.359
1154.956
1546.652
1465.298
1211.992
1315.038
1505.607
1273.291
1618.886
1724.59
1549.353
1436.874
1492.221
1433.569
1380.989
1489.621
1268.095
1321.73
1550.835
1583.96
1312.953
1484.374
1045.859
1100.318
1543.956
1720.363
1363.97
1764.457
1759.837
1478.661
1843.052
1869.267
1389.271
1594.538
1157.066
1302.585
1600.239
1240.425
1084.978
1224.918
1329.152
1297.031
1164.788
1020.268
913.0855
1702.441
1461.296
1120.928
1479.665
1417.519
1058.113
1600.422
1515.263
1655.341
1525.873
1635.042
1870.059
1555.974
1494.591
1453.917
1834.454
1256.186
1608.426
1155.454
1314.537
1465.537
1469.7
1257.608
1488.699
1036.735
1783.957
1536.725
1524.911
1450.457
1779.103
1542.223
1096.719
1227.659
1133.086
1482.266
1226.581
1043.71
1238.643
999.4603
1267.035
1141.888
1003.954
1305.62
929.5182
995.2874
1286.113
1359.97
1522.786
1330.952
1814.141
1273.184
1348.287
1701.5
1696.199
1394.628
1222.236
1372.996
1213.438
1330.895
1205.504
1483.519
1929.928
1346.145
1203.986
1649.337
1321.289
1462.698
1348.879
1696.802
1187.169
1437.148
1468.585
1275.768
1214.654
1837.76
1624.922
1307.858
1462.731
1329.817
1206.277
1357.343
1041.667
1382.519
1272.565
1419.378
1146.197
1471.059
1098.722
1525.515
1358.919
1052.131
1593.616
1363.553
1856.415
2212.625
1434.585
1279.81
1207.302
1408.262
1507.306
1152.771
1295.821
1295.267
1152.899
1421.557
1481.456
1676.13
1034.429
1504.672
1475.737
1287.934
1038.144
1511.525
1598.129
1534.668
2076.476
1510.366
1082.942
2010.238
1595.166
999.6326
1786.38
1731.384
1089.376
1042.773
1291.188
1170.767
1526.652
1504.85
1125.386
1301.615
1699.246
1706.264
2681.542
1450.355
1689.154
1574.698
1813.932
2025.046
1370.678
1326.911
1624.138
1468.084
1159.79
1179.978
1434.224
1438.41
2014.334
1261.077
1209.432
1242.909
1465.868
1542.105
1319.213
1486.942
1589.062
1509.719
1526.75
1398.457
1471.12
1444.748
1072.075
927.6831
1417.179
1004.971
1294.109
988.7287
1330.289
1276.777
1193.344
922.7433
1184.682
1867.394
1624.52
1399.814
1328.164
1001.573
1456.065
1550.77
1478.204
1821.552
1855.42
1573.712
1161.595
1558.631
1261.53
1073.649
1827.743
1126.719
1377.565
1434.641
1666.386
1589.546
1568.501
1245.222
1533.274
1120.834
1119.918
1481.854
1485.2
1397.062
1236.06
1031.435
1105.578
1188.159
1216.24
1265.874
1498.627
1596.586
1133.094
1331.992
1258.156
1761.952
1495.669
1160.153
1351.092
1508.937
1829.645
1246.562
1781.086
1349.603
1873.727
1687.899
1203.454
1568.768
1792.601
1230.554
1385.484
1616.725
1240.35
1284.718
1728.618
1992.819
1324.437
1579.485
1582.503
1373.961
1281.642
1342.628
1661.054
1366.083
2055.215
1542.059
1143.014
1579.983
1585.743
1696.768
1516.611
968.5774
1825.208
1832.92
1986.484
1292.485
1536.6
1224.838
1750.587
1504.281
1135.954
1924.065
1315.251
1859.355
1757.545
1435.956
1504.301
1722.134
1190.038
1449.543
1757.682
1356.198
1368.212
1128.85
1583.392
1460.932
1520.832
1081.705
1831.126
1606.763
1292.306
1461.716
1174.191
1268.03
1209.029
1240.445
1190.804
1432.164
1465.473
1436.765
1119.01
1619.045
1440.332
1458.838
1759.057
1416.655
1328.417
1265.435
1210.33
1541.033
1721.332
1037.262
1256.236
1514.189
1365.36
1623.598
1413.382
1267.025
1176.205
980.0979
1197.384
1438.21
1157.841
1859.97
1302.555
1369.61
1578.616
1379.332
1796.3
1142.628
961.8566
1211.795
1302.724
981.8908
1235.959
699.6355
1243.238
1550.547
1498.216
1014.646
1167.169
1491.972
1407.483
1609.902
1505.772
1037.474
1001.065
1099.58
1991.513
1480.742
2029.748
965.7781
1189.867
1462.375
1717.076
1699.435
1279.529
1591.34
1241.369
1252.609
1671.117
1574.777
1391.969
1599.652
1096.289
1629.742
1457.591
1325.415
1356.398
1282.234
1289.714
1214.095
2190.655
1218.285
1393.242
1395.472
1537.597
1246.906
1709.153
1138.001
1652.537
1289.259
1491.623
1402.816
1550.367
1670.688
1161.424
1075.873
1308.954
1449.563
1508.835
1643.736
1369.311
1575.817
1528.289
1157.963
1375.029
1623.087
911.917
973.2171
788.246
1517.72
1310.18
1975.893
1290.663
1544.68
1585.727
1536.914
1755.766
1239.976
1406.634
1435.923
1493.111
1343.249
1813.926
1363.925
1275.72
1181.47
1582.936
1424.374
1635.743
1182.197
1399.707
1119.05
1594.454
1275.621
1662.11
1269.348
1811.323
1399.779
1654.053
1355.823
1612.767
2101.258
1488.1
1086.942
1557.981
1190.095
1171.943
1122.1
1268.75
1269.956
1260.345
1326.874
2275.852
1674.277
1397.124
1875.86
1333.175
1105.499
1160.389
1514.529
1649.828
1566.426
1560.512
1486.222
1411.061
1737.22
1103.43
1090.905
1476.936
1525.237
1392.872
959.9857
1327.968
1553.274
1457.611
2029.697
1257.522
1608.707
1164.181
1414.682
1362.095
1440.342
1226.417
1683.548
1583.565
1300.232
1624.993
1097.871
1849.809
1664.938
1461.055
1480.406
1491.689
1287.366
1705.64
1338.808
1282.442
1063.703
1567.455
1217.684
1390.214
1393.72
1452.924
1466.065
1356.194
1915.657
1604.247
1285.985
1611.115
1253.891
1458.263
1071.169
1112.284
983.6111
1602.44
1356.79
1782.572
1189.294
1032.414
1330.843
1560.554
1391.376
1016.694
1226.328
1454.633
1748.427
1868.241
1191.208
1533.262
1558.066
1389.327
1765.608
1567.819
1233.864
1337.328
1515.012
1419.971
1339.504
1267.002
1430.325
1784.587
1169.778
1181.662
1197.269
1385.817
1751.778
1694.157
1229.535
1264.091
1418.227
1503.335
1377.616
1602.472
1264.414
1938.613
1177.087
1203.451
982.8316
1725.372
1159.93
1612
1642.318
1058.038
1833.959
1448.99
1564.42
1463.339
1310.272
1276.098
1041.095
1209.986
1328.489
1799.901
1309.021
1775.671
1373.956
1501.23
1346.578
1336.399
1539.421
1799.433
1564.75
1268.288
1099.573
1328.182
1407.938
1924.329
1166.257
1184.137
1423.269
1486.013
1823.658
1550.486
1230.377
868.8714
925.2045
1386.563
1372.706
1723.44
1113.242
1378.545
1381.788
1175.26
1646.131
2328.188
1672.742
1711.832
1115.502
1349.395
1384.593
1605.951
1361.583
818.5828
1301.559
1797.15
1595.904
1249.097
1288.567
1715.701
1973.023
1807.964
1441.567
1180.358
1274.579
1812.303
1344.57
1783.164
1738.588
1490.63
1648.161
1456.209
1128.777
1808.339
1360.821
1289.993
1200.774
1476.688
1662.489
1179.126
1636.235
1345.415
1545.035
1680.157
1272.691
1202.33
1402.646
1227.053
1599.069
1056.812
1312.831
1208.993
1754.247
1777.839
1237.086
1471.067
980.1718
1565.061
1463.427
1315.933
1305.172
1447.401
1350.942
1731.067
1401.352
1413.744
1838.711
1210.828
1047.946
1551.177
1647.479
1645.998
1763.453
1918.162
1862.442
1904.604
1615.899
1344.376
1206.37
1958.833
1350.81
1498.308
1604.828
1253.046
1571.724
1801.564
1270.827
1288.868
1237.921
1214.934
939.6249
1360.356
1434.788
1272.608
1753.428
1808.348
1160.186
1974.935
1415.774
1382.636
1635.96
1110.662
1455.826
1213.048
1430.605
1639.875
1190.066
1230.856
1140.142
1552.828
1421.701
1718.658
1616.304
1580.466
1693.71
1819.392
1375.154
1187.347
1111.172
839.7685
1189.586
1275.873
1668.343
1625.027
1078.283
1555.573
1469.952
1675.961
1247.765
1563.521
1419.652
1367.169
1622.347
1234.022
1554.871
1443.188
1173.284
1326.571
1072.981
1214.288
1095.329
1423.997
1280.329
2103.791
1432.144
1489.045
1267.298
1694.315
1378.079
1057.121
1435.654
2249.871
1580.347
1545.793
1123.136
1413.749
1328.307
1852.063
1290.441
947.4834
1565.914
1279.773
1399.906
1575.124
1775.491
1136.361
1199.444
1566.661
1295.517
1465.291
1512.453
1427.343
1308.398
1098.055
1156.417
969.8593
1258.937
1487.939
1473.02
1781.153
1534.014
1182.197
962.8452
1694.371
1473.436
1770.364
1441.052
1871.228
1331.889
1445.903
1293.879
1675.242
1304.27
1128.058
1261.491
1606.625
1095.324
1173.257
1345.348
1358.435
1454.067
1392.189
1630.961
1210.567
992.9225
1367.814
1153.805
1239.91
1481.064
1353.573
1031.798
1295.998
1747.657
1657.01
757.1401
822.3504
1200.834
848.1129
1166.518
1802.672
1380.013
1527.636
1584.686
1548.664
1207.715
1408.918
1658.219
1517.208
1447.21
1293.258
1448.366
1484.952
1649.164
1571.359
1310.17
1365.03
1320.079
1777.882
1450.244
1777.905
1402.493
1971.158
1467.323
1959.052
1300.268
1192.695
1391.292
1981.226
1533.471
1422.747
1400.149
1349.563
1429.957
1670.382
1313.514
1306.483
1610.839
1544.643
1440.249
1485.953
1373.773
1834.512
1455.903
1517.025
1443.212
1649.54
1415.596
1673.334
1276.748
1166.451
1292.09
1378.051
1536.506
1322.152
1364.451
1302.86
1557.937
1118.796
1572.691
1368.568
1748.659
1137.108
1485.307
1369.39
2024.713
1620.556
1346.013
1214.775
1523.334
1247.397
1175.383
1347.005
1552.848
1375.307
1216.451
1418.191
1318.768
1033.471
1253.102
1090.146
1163.879
1316.787
1177.649
1263.105
1535.348
1496.064
1492.288
1346.442
1324.666
1314.599
1373.594
1455.343
1784.067
1743.488
1390.445
1379.172
1003.449
1315.825
1194.336
1165.944
1214.8
1234.162
1796.627
851.926
870.8906
1415.084
1400.709
1296.897
1492.912
1369.446
1072.542
1431.3
920.9526
1500.385
1255.15
1583.851
1357.914
1703.771
1284.214
1507.108
1381.51
1354.004
1672.94
1718.093
1086.944
1517.321
1132.32
1621.178
1117.545
2167.665
1190.379
1309.85
1651.591
1562.145
1351.932
1316.143
1598.148
1207.367
1809.637
1476.278
1334.299
1428.113
1466.098
1293.951
1483.501
779.372
1253.315
965.9991
1346.944
1926.944
1369.431
1471.986
1558.682
965.3298
1185.168
1233.446
1514.889
1362.806
1196.475
1238.607
1247.457
1446.817
975.9608
1255.85
1150.025
1721.592
1263.485
1243.235
1444.545
1530.845
1163.472
1352.243
1715.189
1446.219
1719.439
1415.21
1407.796
1289.914
1220.876
1416.323
1303.097
1569.046
1484.469
1454.736
1260.7
1385.659
1303.357
1492.035
1823.195
1659.67
1318.776
1475.349
1613.046
1297.898
1908.137
1516.168
2069.008
1710.241
1212.787
1342.193
1390.721
1880.525
1096.742
1976.322
1635.566
1629.028
1251.693
1562.531
1453.353
1614.618
1429.871
1246.144
1913.461
1889.777
1263.281
1102.721
1391.173
1051.16
1239.426
1244.673
1564.33
1486.828
1493.025
1281.919
1441.007
1055.099
1552.317
1326.143
1173.311
1068.937
1910.398
1282.904
1486.799
1294.148
1408.293
1473.783
924.188
1428.304
1864.449
1325.827
1323.098
1533.877
1430.634
1285.273
1429.527
1548.263
1716.193
1797.579
1439.893
1264.951
1071.565
1333.211
1379.701
1216.999
1517.962
1746.567
1622.764
1470.481
1228.043
1499.339
1004.596
1843.294
1424.116
1296.635
1555.642
1727.979
1328.989
1101.96
1040.164
1504.09
1193.744
1433.128
1413.098
1549.907
1374.76
1151.908
1396.343
1842.239
1759.2
1550.634
1025.711
919.2094
1614.518
1319.14
1297.341
1431.368
2342.573
1658.578
1451.66
1630.23
1443.691
2094.904
1332.56
1749.168
1003.246
1235.217
1449.368
1389.143
1500.195
1318.338
1907.433
1558.344
1346.644
1525.473
1491.927
1667.018
1971.111
1130.67
1122.46
1403.191
1499.762
1516.075
1515.728
1418.933
1569.72
1548.773
1955.596
1257.67
1591.676
1349.744
1687.745
1359.13
1377.854
1552.138
1505.821
1097.27
1674.492
1460.36
988.1793
1287.915
1290.385
1817.581
1125.023
773.3183
1637.302
1411.926
1343.378
1405.154
1509.726
1066.772
1426.872
1254.918
1608.503
1255.795
1836.279
1500.789
1935.499
1254.613
1187.424
1635.991
1295.897
1352.12
1648.082
1342.325
1441.881
1404.722
1629.622
1279.196
1865.866
1652.181
1560.118
1648.511
1482.305
1789.187
1838.441
1492.372
1591.623
1583.734
1331.08
1529.628
1313.678
1310.487
1581.094
1442.163
1129.469
924.8228
1360.294
1390.212
1655.504
1264.162
1193.39
1410.65
1457.595
1267.489
858.5968
834.4607
1016.759
1313.35
1629.49
1437.866
1618.761
1603.299
1340.92
1239.925
951.9777
1787.789
1498.385
1389.267
1088.61
1462.715
1443.901
1322.531
1351.538
1002.941
1132.465
1122.528
1609.271
1972.217
1166.871
1524.804
1621.695
2342.398
1596.272
1892.694
1608.247
1418.85
1513.107
1690.926
1528.124
1114.795
1657.573
1114.393
1703.626
1342.748
1341.865
1157.18
1172.307
871.2758
1603.967
1303.096
1740.53
1184.799
1336.641
2131.038
1856.016
1368.867
1353.374
1493.433
1474.147
1899.56
1252.996
1451.628
1598.422
1476.111
1382.563
1283.931
1712.302
1475.99
1322.41
1345.064
1742.719
1291.734
1578.528
1504.798
1593.64
1631.664
1896.408
1637.017
1418.806
1139.255
1158.016
1434.063
1413.821
1412.669
1276.132
1109.411
1486.63
1344.105
1115.892
1412.598
1375.403
1920.429
1776.897
1207.185
1864.909
1670.745
1643.033
1659.679
1283.495
1189.115
1523.695
1365.353
1923.093
1762.974
1393.337
1246.111
1587.497
1587.697
1138.283
1752.995
1778.627
1556.444
1194.511
1581.011
1284.196
1765.798
1782.777
2067.887
1521.106
1540.805
1425.73
1692.261
1497.74
1605.509
1369.559
1399.822
1370.889
1283.091
1433.361
1296.684
1617.006
1494.433
1609.321
1570.443
1427.899
1401.282
1573.981
1762.557
1533.807
1348.536
1292.075
1353.494
1301.634
1563.914
1272.856
1910.528
1204.859
1181.229
1463.912
1470.064
1313.043
1052.836
1150.485
1237.944
1489.438
1226.947
1147.487
1447.619
1317.043
1457.693
2248.308
1172.571
1375.513
1798.683
1374.353
1742.044
1781.464
1441.763
1898.738
1821.495
1792.895
1370.943
1288.831
1455.75
1513.013
1406.179
1573.058
1512.515
1233.253
1202.437
1523.71
1160.019
1131.896
1660.019
1337.858
1352.772
1746.866
1660.651
1679.76
1368.306
1461.116
1585.677
1248.5
1537.557
1549.564
1519.524
1285.01
1125.787
1482.347
1223.695
1689.234
950.0469
1530.031
1267.54
1337.702
1168.422
1300.379
1284.029
1372.241
1639.815
1246.791
1436.867
1413.692
1540.169
1402.875
1084.175
1006.305
1286.188
1568.186
1441.777
1009.959
1455.91
1375.097
960.2064
809.8171
1551.459
1255.651
1180.168
1222.249
1353.896
1603.374
1612.305
1432.602
1442.384
1499.879
1461.842
1166.371
1655.8
1874.174
1325.322
1657.105
1083.004
1550.617
1204.336
1351.504
1295.288
1657.656
1741.923
1393.627
1282.122
1650.099
1647.709
1646.195
1594.021
1057.108
1326.736
1452.62
1738.622
1375.899
1519.49
1467.097
1399.979
2080.664
1229.61
1646.001
1784.659
1559.512
1184.585
1509.378
954.8269
1575.847
1326.197
1444.417
1506.651
1221.759
1484.295
1113.677
1445.859
1202.756
1073.028
1370.395
1269.943
1443.307
1560.109
1403.9
1552.787
1341.085
1494.447
1449.575
1322.01
1919.399
1716.647
1307.842
1531.982
1425.61
1298.568
1136.845
1315.3
1812.419
1200.214
1562.068
1798.231
1565.38
1656.7
1484.261
1244.076
1618.708
1613.437
1497.695
1719.904
1465.509
1017.053
1326.131
1310.586
1458.139
1326.522
1464.929
1581.379
1240.194
1415.966
1605.276
1799.324
1452.924
1295.574
1270.678
1262.487
1428.602
1231.172
1739.99
1128.33
1362.476
1682.899
1547.111
1218.193
1320.17
1602.125
1701.758
1251.229
1602.818
1271.517
1597.468
1313.558
1569.037
1485.382
1225.277
847.1107
1530.982
1427.736
1634.695
1249.093
1875.205
1454.017
1434.388
1685.343
1360.439
1563.844
1490.364
1213.578
1444.51
2178.132
1381.9
1225.333
1470.042
1684.705
1279.015
1620.985
1843.644
1477.453
1750.332
1170.19
1195.005
1624.278
1835.749
1319.131
1545.692
1161.558
1302.278
1722.324
1473.372
1815.657
1339.156
1477.74
1279.915
996.6198
1546.054
1327.752
1422.636
1358.067
1198.396
1436.961
1076.662
1710.184
1445.673
1336.365
1336.162
1312.881
1155.784
1162.982
1390.458
1480.442
1549.741
1778.301
1287.768
1838.947
1430.177
1440.783
1109.814
1369.609
1250.694
1231.626
1592.218
1460.396
1643.187
1678.441
1306.321
1264.086
1492.728
1288.813
1448.857
1476.879
1205.81
1342.959
1327.606
1305.675
1585.265
1047.721
1618.973
1464.47
1246.632
1672.105
1248.455
1385.366
989.1102
1708.444
1547.767
1554.032
1530.202
1571.228
1659.145
1694.456
1383.449
1587.881
1436.231
1750.582
1340.782
1503.429
1504.818
1484.066
1646.273
1149.378
1801.515
1427.753
1143.06
1362.327
1234.528
1307.906
1177.027
1245.37
1836.712
1617.561
1687.647
1686.41
1581.099
1512.565
1243.212
1338.735
1407.349
1200.214
1285.94
1223.534
1664.652
1391.911
1344.011
1115.715
1566.225
1387.963
1310.315
1673.053
1652.031
1818.383
1368.359
1558.503
1270.659
1274.921
1177.412
1716.945
1612.709
1452.002
1399.949
1236.615
1694.912
1614.494
1075.689
1068.58
1318.475
1290.21
726.6778
1140
1141.051
1735.175
1297.021
1885.544
1425.62
1201.811
1357.408
1306.84
1616.032
2043.715
1464.035
1262.987
1124.929
1549.671
1490.052
1573.848
945.6564
1116.569
1524.891
1523.618
1251.206
1127.826
1629.878
1428.556
1444.807
1140.125
1557.802
1223.991
1038.696
1448.748
1231.272
1294.054
1309.923
1237.085
1334.67
1302.149
1710.214
1303.402
1204.261
1399.011
2074.132
1344.233
1536.217
1495.972
1362.748
1077.621
1177.876
1426.39
1599.512
1415.598
1335.515
1408.802
1447.94
1498.893
1622.149
1623.836
1463.721
1074.565
1328.322
1539.66
1574.466
1020.243
1230.954
1244.567
1600.634
1330.874
1405.353
1240.354
1252.134
1116.548
1481.142
1466.145
1410.834
1760.403
1341.496
1451.28
1572.226
1539.325
1952.42
1590.333
1670.49
1302.336
1565.854
1276.254
1413.121
1456.79
1882.281
1505.687
1731.667
1615.005
1619.426
1448.869
1415.428
1273.641
1237.325
1692.362
1224.229
1445.577
1362.532
1515.672
1409.609
1558.367
1478.324
1311.454
1474.333
1329.764
1426.742
1428.878
1458.942
1779.827
1232.833
1649.885
1510.496
1495.069
1222.556
1505.884
1526.023
1298.681
1378.306
1639.434
1780.412
1919.263
1839.876
1351.663
1906.803
1882.051
1935.672
1333.586
1445.189
1856.575
1393.761
1840.867
1599.93
1627.848
1589.736
1576.422
1390.966
1253.417
1564.31
1296.549
1492.923
1175.98
1370.325
1581.799
1249.928
1597.859
1325.692
1309.343
1344.456
1555.879
1465.313
1356.233
1252.542
1221.415
1546.924
1519.439
1728.244
1295.419
1512.127
1437.777
1396.785
1259.993
1493.569
1703.708
1526.929
1550.952
1557.021
1506.89
1824.15
1536.656
1305.733
1801.136
1255.725
1327.4
1313.404
1495.101
1423.478
1432.419
1271.821
1517.894
1380.127
1176.214
1163.546
1197.471
1128.07
1239.4
1310.546
1498.434
1499.093
1166.578
1649.184
1439.959
1346.204
1457.718
1463.61
1572.527
1784.949
1341.228
1620.762
1548.277
1359.454
1231.043
1399.6
1829.418
1588.354
1495.376
1774.498
1563.954
1300.026
1514.891
1295.72
1463.153
1231.734
1690.592
1390.577
1269.77
1703.467
1400.87
1491.891
1296.984
1361.256
1303.739
1542.272
1367.326
1501.623
1439.941
1721.898
1531.514
1501.369
1228.565
1331.506
1464.929
1235.612
1278.625
1878.758
1638.896
1200.461
1615.827
1490.184
1171.055
1459.074
1521.054
1390.493
1394.204
1870.962
1690.68
1366.638
1222.719
1699.136
1644.226
1246.562
1615.281
1321.848
1421.827
1678.103
1662.66
1034.968
1341.017
1333.398
1631.809
1230.1
1856.074
1518.092
1550.361
1579.714
1567.499
1572.215
1523.556
1509.225
1752.299
1815.496
1614.411
1591.532
1887.59
1751.678
1787.52
2174.76
1303.53
1080.119
1303.786
1477.333
1885.503
1748.632
1619.726
1569.199
1355.396
1404.017
1561.892
1447.774
1426.149
1701.88
1728.272
1315.162
2153.257
1537.486
798.9928
1819.25
1015.103
1661.796
1299.81
1604.823
1264.74
1407.178
1279.666
1876.633
1666.982
1257.882
1200.858
1352.989
1706.086
1668.047
1556.322
1197.493
1601.629
1594.487
1761.786
1826.71
1190.406
1619.253
1504.458
1703.841
1529.801
1406.56
1380.486
1571.557
1394.942
1371.19
1063.09
1614.448
1445.85
1368.756
872.1395
1664.146
1904.17
1275.188
1822.115
1519.789
1669.509
1722.404
1404.875
1107.314
1098.663
1702.57
1140.983
1975.572
1494.882
1737.694
1478.386
1583.51
2058.567
1388.835
1228.647
1216.904
1232.613
1804.84
1640.401
1298.375
1746.865
1561.634
1375.033
1766.186
1423.573
1088.091
1510.044
1466.802
1630.366
1446.231
1637.223
1627.014
1495.766
1517.207
1568.125
1342.577
1098.748
1695.835
1108.549
1579.476
1211.705
1548.041
1454.726
1482.826
1140.442
1334.882
1556.657
1882.515
1415.209
1027.995
1441.671
1594.101
1119.516
1130.832
1402.723
1608.084
1829.229
1186.928
1955.912
1371.899
1242.704
1803.284
1591.164
1390.883
1457.441
1263.978
1503.19
1588.386
1791.555
1384.141
1290.615
1638.091
1346.53
1394.395
1638.127
1606.739
1438.3
1215.907
1254.215
1181.187
1324.912
1424.676
1205.469
1677.624
1010.8
1215.25
1461.775
1633.877
1525.969
1310.954
1385.869
1492.605
1073.514
1289.215
1567.827
1864.104
1413.259
1668.682
1403.861
1863.209
1135.039
1668.992
1411.617
1707.266
1427.379
1674.763
1567.26
1534.491
1957.036
1637.964
1669.894
1519.11
1414.696
1427.73
1411.721
1770.481
1552.282
1624.187
2514.401
1068.344
1224.918
1578.581
1476.898
1408.807
1406.226
1562.598
1647.508
1356.389
1338.59
1408.742
1380.094
1720.108
1504.06
1772.737
1463.39
1774.507
1303.251
1419.516
1269.879
1367.287
1613.13
1342.292
1602.597
1401.752
1481.191
1391.074
1380.801
1072.481
1352.014
1507.94
1740.774
1811.071
1236.72
1751.191
1469.819
1108.934
1136.946
1635.999
1843.37
1422.158
1487.064
1937.453
1568.156
1424.803
1414.402
1568.395
1814.029
1428.523
1313.4
1332.688
1151.342
1236.357
1868.512
1368.239
1513.305
1715.772
1968.538
1548.552
1646.481
1364.485
1536.271
1430.88
1470.105
1766.6
1462.961
1182.752
1481.052
1560.347
1146.053
1452.67
1446.582
1490.82
1703.746
1457.292
2028.517
1632.441
1373.131
1695.596
1575.426
2002.497
1763.975
1477.525
1358.546
1699.568
1449.623
1816.395
1284.525
1681.626
1499.58
1174.826
1490.637
1196.457
1608.671
1495.305
1291.019
1535.548
1593.077
1622.057
1487.917
1397.981
2084.26
1814.529
1446.625
1444.964
950.2264
1877.058
1123.959
1908.592
1390.551
1279.461
1404.804
1397.55
1638.871
1600.039
1265.707
1050.061
1145.843
1231.054
1702.089
1245.385
1532.573
1702.272
1589.4
1336.65
1599.573
1579.92
1288.889
1903.439
1325.844
1191.731
1868.495
1603.571
1583.327
1615.281
1838.272
1516.238
1423.316
1227.491
1274.725
1877.761
1620.659
1411.054
1578.597
1285.762
1437.127
1398.247
1313.525
1477.629
1271.812
1192.94
1402.385
1496.763
1410.89
1662.177
1223.549
1221.279
1547.411
2088.15
1395.23
1723.956
1124.245
1715.804
1342.421
1463.362
1939.363
1307.226
1037.355
1840.851
1793.292
1457.684
1444.817
1535.106
1327.339
1289.776
931.1129
1783.289
1415.712
1793.592
1424.669
1341.531
1838.529
1493.512
1561.435
1429.367
1886.458
2098.808
1712.75
1016.809
1708.351
1976.583
1264.083
1255.355
1300.721
1776.567
1305.675
1347.426
1608.004
1432.068
1210.547
1323.737
1546.839
1525.818
1628.951
1822.698
1753.706
1606.314
1665.5
1904.546
1490.405
1397.802
1564.735
1350.864
1649.076
1683.909
1366.869
1550.824
1473.946
1544.701
1286.685
1385.088
1349.931
1836.382
1384.003
1867.749
1966.018
1570.355
1539.609
1608.567
1334.114
1401.207
1389.492
1481.94
1459.696
1439.98
1381.79
1419.487
1675.796
1077.15
1599.568
1279.766
1520.23
1273.584
1436.775
1294.842
1762.806
1460.602
1223.553
1624.459
1515.535
1476.844
2067.643
1869.213
1228.4
1742.434
1810.004
2082.641
1603.164
1366.966
1401.201
1574.912
1293.959
1505.028
1685.844
1518.926
1899.8
1600.295
1442.004
1451.428
1141.742
1658.199
1974.047
1651.32
1552.631
1520.159
965.4044
1458.963
1868.063
1603.426
1083.049
1210.752
1544.69
1457.083
1533.521
1562.319
1369.3
1326.263
1641.444
1813.069
1741.867
1468.814
1240.061
1806.822
1593.742
1780.431
1733.793
1349.044
1626.402
1327.321
1445.115
1493.387
1664.143
1390.573
1464.015
1364.313
1184.723
1783.08
1406.415
1358.148
1457.188
1123.394
1571.645
1096.968
1539.449
1311.993
1241.627
1183.674
1490.267
1668.381
1332.313
1465.104
1488.914
1704.371
1756.966
1402.098
1412.352
1318.439
1217.413
1762.887
1722.593
1475.741
1347.638
1798.312
1232.156
1738.947
2337.365
1656.017
1527.523
1174.994
1293.4
1470.766
1634.853
1579.607
1732.163
1194.329
1487.267
1498.614
1288.272
1923.189
1576.634
1672.119
1352.091
1682.215
1290.819
1684.898
1326.306
1777.632
2132.521
1683.903
1418.132
1334.508
1337.429
1357.459
1856.771
1532.609
1482.614
1661.911
1471.754
1431.203
1424.667
1671.822
1474.597
1608.748
1182.084
1753.711
1312.449
1381.443
1875.108
1563.408
1607.932
1990.716
1362.68
1986.095
1252.755
1456
1354.684
1302.291
1319.7
1681.966
1895.429
1503.889
1425.542
1963.149
1498.772
1367.327
1322.339
1625.822
2194.108
2494.352
1839.224
1723.318
1184.954
1208.435
1173.793
1192.11
1532.102
1211.406
1542.737
1253.898
1372.519
1351.489
1363.458
1356.135
1573.772
1484.66
1679.534
1620.063
1748.532
1085.581
1617.276
1854.657
2015.475
1193.547
1295.413
1303.837
1728.948
1511.789
1217.98
1404.792
1249.039
1693.355
1560.698
1433.865
1721.339
1672.139
1463.044
1720.052
1282.438
1565.219
1728.237
1704.771
1425.53
1395.141
1241.764
1483.578
1179.721
1578.424
1392.645
1395.198
2068.248
1375.416
1359.461
1486.614
1202.235
1395.391
1345.764
1253.144
1756.557
1431.125
1423.997
1516.653
1619.595
1850.779
1538.686
1873.289
1239.883
1273.662
1548.09
2041.915
1592.73
1394.223
1365.083
2173.761
2038.29
1384.002
1263.158
1442.478
1721.501
1707.171
1505.556
1594.992
1564.061
1176.405
1728.866
1195.467
1667.592
1146.309
1766.259
1453.938
1104.252
1666.575
1180.453
1160.91
1313.124
1392.869
1450.058
1110.09
1422.119
1715.145
1008.424
1291.114
1995.321
1732.377
1329.445
1166.864
1539.762
1606.783
1704.96
2196.572
1281.692
1583.194
1470.927
1273.328
1342.621
1618.405
1583.501
1131.753
1516.348
1283.621
1548.792
1642.32
1128.85
1678.796
1544.335
1516.368
1189.46
1376.871
1498.662
1580.04
1265.636
1580.421
1513.6
1024.987
1463.81
1377.942
1364.614
1340.656
1198.632
1198.252
1698.016
1570.112
1574.388
1681.704
2093.523
1468.126
1460.488
1478.279
1189.225
1109.899
1208.745
1983.846
1352.586
1728.553
1541.931
1577.571
1553.116
1169.831
1441.357
1243.69
1201.711
1392.726
1435.528
1223.589
1741.742
1642.431
1261.782
1296.821
1298.324
1313.47
1301.928
1181.62
1209.742
1252.889
1470.202
1466.907
1186.19
1788.029
1606.321
1580.176
1368.689
1413.099
1201.513
1397.925
1460.579
1632.108
1623.172
1616.79
1537.766
1251.573
1252.031
1448.843
1544.238
1602.212
1474.833
1747.81
1601.06
1471.245
1413.92
1949.545
1312.36
988.3347
1405.274
1495.444
1241.637
1383.747
1840.171
1296.262
1417.95
1170.591
1175.495
1678.158
1269.66
1729.995
1869.382
1847.762
1600.758
1561.032
1247.345
1293.13
1304.629
1396.443
1099.224
1381.009
1768.184
1306.53
1718.197
1740.106
1353.08
1661.627
1420.8
1194.67
1475.087
1342.048
1550.516
1692.848
1216.657
1381.478
1658.655
1610.72
1489.255
1382.055
1425.543
1541.009
1598.195
1214.099
1364.89
1464.322
1259.754
2177.891
1375.117
2208.571
1698.078
1670.289
1957.469
967.4195
1372.825
1392.949
1158.993
1598.816
1512.689
1601.601
1794.902
1856.929
1490.985
1997.245
1714.704
1292.557
1483.039
1195.442
1381.583
1407.071
1490.388
1517.772
1714.283
1271.015
1242.064
1386.077
1045.978
1431.75
1484.386
1442.239
1380.944
1412.978
1233.643
1438.481
1480.846
1466.601
1669.1
1938.902
1589.905
1600.165
1607.512
2047.15
1821.625
1519.212
1133.444
1251.88
1485.32
1315.328
1442.686
1285.988
1288.941
1417.499
1801.895
1292.388
1520.521
1732.088
1548.152
1233.486
1099.62
1545.615
1369.4
1510.504
1447.744
1542.326
1336.442
1545.624
1676.343
1516.923
1157.227
1547.185
1567.239
1144.051
2228.717
1377.904
1713.174
2159.386
1742.472
1647.187
1166.135
1274.834
1488.762
1375.554
1297.185
1473.7
2047.767
1738.73
1293.157
1508.656
1976.177
1377.795
1467.421
1637.986
1828.775
1776.12
1743.127
1523.011
1439.494
1553.141
1690.14
1286.003
1617.781
1531.193
1524.221
1349.69
1380.506
1546.089
1554.988
1103.168
1362.542
1142.058
1707.634
1280.285
1435.564
1562.721
1311.546
1489.833
1357.814
1499.045
1518.854
1605.273
1619.049
1582.5
1250.554
1137.544
1799.802
1515.081
1907.141
1775.243
1557.151
1766.203
1174.914
1436.812
1094.605
1276.397
1546.669
1728.294
1537.962
1330.112
1541.078
1244.446
1361.673
1155.044
1627.377
1778.076
1381.145
1667.937
1516.661
1569.188
1129.859
1286.823
1570.512
1751.369
1568.904
1301.736
1724.837
1339.552
1798.229
1629.737
1467.699
1650.294
1563.643
1356.993
1368.844
1348.028
1402.781
1887.187
1523.833
1266.212
1576.65
1731.195
1398.993
1566.773
1289.641
1355.264
1232.784
1226.451
2163.044
1628.561
1295.083
1478.287
1538.005
1500.036
1999.11
1467.493
1319.116
1343.652
1047.413
1643.496
1517.089
1322.473
1517.188
1784.737
1528.071
1537.229
1235.755
1770.745
1657.14
1526.334
1991.798
1517.843
1626.352
1513.037
1503.973
1997.778
1119.352
1291.166
1287.589
1740.791
1348.727
1811.31
1217.04
1537.989
1765.583
1558.617
1640.947
1342.108
1389.238
1247.63
1375.971
2055.278
1501.494
1662.575
1447.502
1600.739
1207.83
1350.769
1863.4
1803.117
1848.409
1388.319
1673.812
1717.497
1170.457
1800.26
1433.779
1559.846
1118.326
1570.311
1273.079
1479.87
1624.112
1410.989
1736.634
1633.844
1416.685
1617.669
1483.156
1493.986
1519.74
1892.243
1275.18
1689.18
1367.152
1584.402
1365.996
1715.511
1109.88
1423.741
1522.232
1515.632
1451.958
1858.979
1268.623
992.3474
1446.122
1350.069
1294.135
1616.814
1484.401
1676.808
1600.088
1627.899
1491.115
1810.556
1510.927
1589.468
1669.143
1304.911
1659.69
1282.106
1186.324
1485.113
1329.793
1885.917
1614.639
1396.885
1425.927
1821.612
1553.839
1397.79
1626.026
1422.39
1459.299
1279.921
1489.391
1868.137
1836.326
1536.029
1426.984
1716.856
1342.637
1488.886
1162.958
1482.114
1368.631
1871.598
1497.365
1299.663
1638.27
1646.087
1188.96
1196.989
1320.463
1111.292
1152.045
1510.54
1591.966
1252.84
1238.061
1362.487
1161.599
2130.388
2085.402
1725.874
1090.008
1296.933
1544.99
1400.775
1326.264
1622.49
1696.95
1779.454
1360.113
1290.884
1408.755
1365.949
1340.193
1470.539
1513.661
1429.428
1398.824
1415.986
1449.998
1299.854
1413.777
1591.623
1502.179
1653.983
1524.301
1225.999
1382.435
1652.957
1801.215
1229.219
1464.519
1392.463
1686.528
1434.065
1713.018
1632.948
1589.386
1403.129
2121.967
1582.74
1238.586
1402.197
1621.281
1224.695
1942.461
1644.291
1635.492
1244.131
1563.661
1469.362
1834.442
1286.535
1715.419
1657.045
1878.009
1534.804
1422.178
1349.724
1794.391
1883.361
1224.85
1148.858
1712.47
1580.12
1411.58
1598.795
1381.126
1607.047
1225.588
1337.193
1223.744
1663.2
1577.184
2066.251
1265.102
1677.607
1894.186
1755.663
1262.921
1591.227
1434.998
1496.949
1900.38
1509.27
2136.836
1513.715
1124.275
1255.354
1351.126
1727.819
1683.419
1518.88
1360.496
1267.178
1397.13
1678.057
1455.227
1580.898
2187.386
1722.53
1243.101
1609.181
1387.901
1377.898
1535.808
1152.826
1585.728
1910.5
1813.081
1281.333
1287.507
1237.589
1610.818
1323.536
1458.488
1621.622
1441.203
1359.843
1675.11
1756.623
1839.835
1333.859
1078.377
1650.82
1245.516
1265.551
1808.248
1103.539
1851.745
1370.894
1875.899
1516.844
946.2696
1490.955
1635.259
2177.037
1747.912
1365.05
1630.782
1729.878
1486.805
1384.58
1161.225
1593.395
1195.375
1633.586
1316.542
1521.343
1455.961
1428.446
1329.994
1936.977
1808.001
1606.477
1460.739
1360.12
1724.475
1832.114
1372.891
1653.007
1397.427
1147.379
1460.757
1388.293
1492.267
1105.924
1182.854
1628.896
1611.635
1262.534
1847.174
1736.215
1419.722
1460.797
1259.403
1515.313
2257.105
1528.182
1329.01
1081.999
1255.163
982.7461
1566.159
1391.019
1482.236
1472.004
1711.329
1252.126
1248.522
1706.429
1371.479
1439.027
1142.065
1428.471
1370.741
1455.135
1638.541
1715.487
1788.408
1339.386
1395.449
1795.998
1030.1
1434.392
1539.22
1816.57
1503.398
1447.164
1210.66
1242.122
1401.808
1885.523
1147.375
1046.212
1175.289
1351.182
1535.116
1273.157
1636.573
1465.369
1673.084
1884.012
1550.135
1624.571
1469.238
1208.066
1380.467
1725.665
1519.551
1751.477
1400.034
1321.216
1338.072
1493.397
1579.623
1373.278
1638.964
1480.884
1244.058
2205.654
1252.518
1218.092
1312.292
1503.194
2080.157
1436.872
1516.451
1640.215
1885.512
1582.489
1530.261
1584.465
1393.036
1578.112
1596.73
999.3648
1361.021
1325.902
1450.774
1343.745
1960.573
1597.927
1577.051
1852.577
1343.529
1229.307
1049.347
1286.74
1046.705
1455.754
1275.665
1675.291
2169.677
1483.426
1555.262
1725.539
1766.911
1307.956
1691.718
1696.775
1640.603
2610.431
1332.086
1478.807
1879.987
1586.682
1263.674
1441.235
1219.122
1740.314
1834.317
1442.333
1297.792
1220.517
1528.226
1674.623
1471.557
1305.415
1346.608
1516.984
1328.625
1206.504
1277.105
1773.752
1448.919
1348.355
1284.774
1525.933
1665.115
1609.087
1415.446
1509.47
1142.894
1492.794
1745.778
1575.734
1703.084
1545.693
1504.339
1891.831
1338.368
1214.014
1503.139
1095.468
1815.782
1259.572
1320.972
1910.359
1353.506
1251.088
1457.187
1548.842
1427.797
843.9419
1110.66
1218.831
1792.25
1473.083
1546.42
1517.482
742.5169
1311.471
1167.762
1793.904
1306.417
1619.6
1842.652
1329.815
1243.023
1314.562
1526.254
1432.805
1512.447
2019.277
1230.426
1359.054
1648.988
1343.865
1318.903
1548.519
1251.819
1187.689
1579.962
1508.83
1679.758
1274.274
1575.579
1752.57
2305.291
1370.902
1508.439
1499.644
1380.901
1161.874
1494.727
1837.141
1709.974
1333.597
1109.773
1397.722
933.7556
1346.292
1284.178
1396.778
1829.567
989.9215
1233.686
1477.758
1393.293
1157.601
1374.778
1508.855
1867.798
1645.656
1738.148
1217.259
1408.238
1596.579
1275.98
1485.04
1614.946
1241.631
1344.881
1098.998
1445.33
1634.492
1667.034
1253.213
1371.041
1093.015
1382.487
1396.562
1230.417
1199.898
911.8668
1228.126
1270.06
1408.486
1612.636
1331.34
1551.567
1263.327
1136.589
1586.598
1545.219
1542.92
1292.102
1441.982
1524.589
1459.559
1309.333
1067.22
1419.758
993.2745
1265.622
1323.479
1771.899
1389.897
1756.109
2018.932
1571.89
1444.954
1792.063
1282.694
1639.431
1340.151
1835.502
1216.081
1212.563
1202.683
1094.625
1079.939
1421.224
1714.003
1503.979
1662.539
1545.699
1739.769
1215.504
1521.871
1264.173
1261.747
1415.194
900.1402
1489.639
970.8472
1484.345
1176.811
1387.991
1661.396
974.4435
1289.327
1481.282
1285.019
1267.286
1285.034
1384.472
1368.997
1002.229
1120.578
1816.271
1352.646
1262.434
1177.997
1421.664
1838.49
1751.266
1327.26
1323.826
1086.406
1313.348
1363.521
1828.54
924.2777
1518.694
1319.489
1071.402
1270.081
1476.042
1456.439
1623.581
1637.264
1387.316
1660.824
1339.431
1260.692
1803.681
1539.93
1600.048
1350.475
1339.808
1310.142
1513.28
1036.64
1213.994
1129.587
1422.112
1388.666
1583.755
1215.573
981.4431
1655.614
1863.396
1022.523
1406.081
1366.712
880.2881
1615.818
1444.916
1432.08
1313.9
1316.957
880.2349
1292.168
1771.138
1327.555
1404.086
1402.72
1308.339
1169.037
1406.617
1664.234
1302.828
1103.181
1424.66
1387.305
1427.237
1087.386
1466.076
1158.945
1629.719
1322.258
1730.927
1693.91
1369.235
1437.394
1492.94
