36.52289
36.36294
35.58478
37.51487
36.58919
36.76779
35.93798
36.30378
36.12396
35.64343
35.47745
35.58778
36.16042
35.78174
35.60152
36.10898
36.24834
36.1469
36.39977
35.64929
35.76927
35.6927
35.83446
36.04822
35.61138
36.24493
35.92921
36.53713
36.23809
36.87531
36.35341
36.33088
36.03178
36.18979
36.66192
36.02479
36.77899
35.94214
36.41626
36.16711
36.07987
35.92215
36.74816
36.75101
35.92269
36.25871
36.29537
35.54303
35.94524
36.21981
36.34692
36.16458
36.23101
36.03104
35.86327
35.99484
36.01833
37.25935
36.45293
36.3348
35.72718
36.34716
36.10651
36.76402
36.35078
36.58015
35.62533
36.01763
35.8889
35.81672
36.3665
35.71395
35.88925
36.35617
36.21782
35.6765
36.33303
35.97485
36.41024
36.17686
36.22122
36.71727
36.36548
36.38551
37.08042
36.94087
36.20955
36.43486
35.75462
36.1606
35.69785
35.68124
35.53709
36.12798
35.88662
36.33253
36.47974
36.79076
36.42961
37.04085
36.29926
36.56244
36.03766
36.54567
36.61823
36.16208
35.94718
36.23345
35.87175
36.86063
35.74983
36.25829
35.71964
35.99286
36.58303
35.65065
35.94142
35.81401
36.01417
35.87486
36.26052
35.60639
36.18135
36.46851
36.79867
35.59978
36.54459
35.8916
35.61309
35.59358
36.29878
35.63395
36.31606
35.68496
36.4296
36.84916
36.67807
36.21457
36.40127
36.01243
36.35047
35.52273
36.32691
36.27209
35.67443
35.66068
37.58911
36.13901
36.47074
36.27695
36.71499
35.56464
36.39175
36.65308
36.37355
33.79763
36.01103
36.10705
35.73079
36.05686
36.93695
36.05246
36.77957
35.71269
35.56842
36.79146
36.55977
36.30304
36.56167
36.71197
36.09944
36.34764
36.78083
37.01071
36.18404
36.7626
35.94526
35.06787
36.11715
36.50244
35.93471
36.37199
34.75027
36.34223
36.27754
35.59395
36.5222
35.56612
35.67864
35.22945
36.18955
36.26083
36.18051
35.96153
35.45547
36.27101
36.20134
37.24301
35.43079
35.57322
36.61491
35.96072
35.63237
36.48911
36.46413
35.98148
35.72814
35.85431
36.9843
36.31866
35.69897
36.92269
36.56111
35.89601
36.15735
35.91302
36.22675
36.04152
37.07549
36.88004
36.24212
36.22402
36.51502
36.14534
36.19679
36.03657
36.29451
35.90143
37.27177
36.87815
36.29665
36.26459
36.05761
36.17195
36.36953
36.17852
36.13119
36.97002
36.43688
35.78305
36.06719
37.32969
35.03463
36.79771
35.5404
36.74484
35.52544
36.76311
35.75969
36.14757
35.88648
35.22756
35.84245
35.9374
35.39952
35.76736
35.52112
36.02475
36.63177
36.81275
35.99662
35.85788
35.71829
35.27866
36.90649
36.65534
35.40041
35.93539
35.50261
36.40523
35.39896
35.63022
35.96826
36.01864
36.71816
36.15773
36.57204
35.94564
35.30418
36.09357
36.49065
36.06359
37.0074
36.97935
36.81032
36.08227
35.91582
36.79812
36.00327
36.449
35.55402
36.498
36.68973
36.12067
36.95167
36.33415
35.64402
36.06262
35.29973
36.0432
36.03473
35.73037
36.02069
35.69814
36.76055
36.06897
36.53076
36.56825
36.0504
35.96807
35.9577
36.16035
36.10368
35.73868
36.38617
35.78228
35.82238
36.35047
36.35265
35.79618
35.62052
36.9842
36.08198
36.62464
35.8412
36.11427
36.06268
36.13351
36.26607
36.35784
35.94585
35.78275
35.4801
35.77191
36.2521
36.62614
37.2732
35.43408
35.19095
36.38234
35.84424
36.60852
36.04414
36.97928
35.95376
36.14828
36.14252
36.1661
36.8562
36.63845
36.74516
36.65078
36.51875
36.07351
36.37351
35.72993
35.86702
36.44818
34.52907
36.00165
35.94309
36.09914
36.28473
35.92751
36.08475
36.46548
36.07578
36.00463
36.3996
35.77111
36.50997
36.23655
35.99457
35.98505
36.21299
36.44745
36.35766
35.75647
36.32773
35.9369
35.76538
37.57333
36.44248
34.99299
35.7875
36.84592
36.45058
36.64453
36.19489
36.76482
35.86362
35.9064
36.02255
36.72857
36.36728
35.5792
35.42619
36.51772
35.96499
36.66069
35.99928
36.0682
36.43792
36.10393
36.21805
35.71382
35.83588
36.20366
36.79517
35.64933
35.35269
35.95919
36.69736
36.94807
35.9802
35.89633
36.09195
35.65379
36.00361
36.45533
35.85748
36.1834
35.8695
36.09158
36.24878
36.36381
36.98129
35.99114
35.6728
36.26275
35.53856
35.56681
36.16717
36.09155
36.04135
35.57731
35.84988
36.21222
36.39899
35.60151
36.26686
35.95762
35.65437
35.89832
36.64688
35.53172
35.93736
36.27182
36.39076
36.17995
36.47046
35.58065
35.94367
35.58775
36.27934
35.57891
36.74574
36.06917
36.76491
35.58569
35.93712
36.99429
35.0459
36.78921
36.09052
36.67755
35.88761
35.5928
36.08247
36.2624
36.74802
35.82897
35.90968
35.35588
35.80795
36.07363
36.59037
35.61013
35.47378
36.62979
36.28122
36.29884
35.81297
36.49791
36.41183
36.09032
37.10755
35.51462
36.16279
35.74054
35.97807
37.07841
35.90597
36.11515
36.83594
36.4392
36.06562
36.76489
36.01407
36.12557
36.22673
34.63465
35.9939
36.07401
36.67089
36.1646
36.9577
36.62676
36.613
36.90546
35.90477
35.99874
36.29249
36.19379
36.3921
36.35738
35.80063
36.49757
35.4636
36.24311
36.2866
35.96587
36.64687
36.06192
35.92712
36.35894
36.11894
35.6642
35.99291
36.072
35.7609
36.31472
36.27494
36.61068
36.17455
36.19083
35.9709
36.19822
36.58018
36.47049
36.09648
36.75832
36.55783
36.70823
35.9648
36.22946
35.14577
35.71608
36.57139
36.15762
36.11504
36.6646
36.16709
35.36849
35.8696
35.58855
36.99499
36.04529
36.4232
36.37696
36.57202
36.99768
35.75147
35.34201
35.59682
36.35186
35.87521
36.58317
36.03477
35.79536
37.0973
37.58572
36.62465
36.01306
36.13913
36.34514
36.17026
36.1501
37.02457
35.67036
36.95202
36.04593
36.68991
35.2929
36.07646
36.56218
36.35628
35.98301
36.65749
35.66344
36.1954
36.48962
36.83382
36.24718
35.94074
35.86937
35.57126
35.83608
36.30847
36.62134
36.295
35.93308
36.29127
36.65485
35.68425
36.15209
35.16434
36.39779
36.46689
35.70246
36.43035
36.36668
35.44219
36.54798
35.92158
35.67611
35.10123
35.73283
36.05752
36.41955
36.4832
36.12194
36.30974
36.5842
37.36042
36.07982
36.31651
36.79285
36.48197
36.60307
36.77728
36.29864
36.00228
35.74353
35.98691
36.28786
35.03553
35.95745
36.09799
36.15015
34.9388
35.21385
37.001
36.301
35.86749
36.78203
36.92967
35.96459
36.63144
35.59574
36.02354
36.6209
36.4869
36.09096
36.62227
36.2638
35.2119
36.57269
35.06358
35.59145
36.9593
36.47866
36.00747
35.60447
36.19253
35.82848
36.68817
35.61488
36.27059
36.56143
35.98637
36.30536
35.89632
36.26089
35.81834
35.55827
38.01046
36.21707
35.41151
36.25876
35.41942
35.88772
35.48914
35.65901
36.05384
36.07237
36.89256
36.07499
36.2909
37.0208
36.40212
36.29695
36.13946
36.13489
35.4921
36.15854
35.70289
36.21355
36.24851
35.60389
36.0441
36.15956
36.98211
35.42564
35.61692
36.45513
35.82916
36.37117
36.79033
36.74062
37.10505
36.7872
36.37952
36.52026
36.00205
35.57912
35.72977
36.32039
35.419
36.12965
36.21651
36.51701
36.24331
36.07355
36.4144
35.80731
36.73902
36.10853
36.61569
36.10355
35.24592
36.42004
36.0252
36.25158
36.2698
36.57521
36.24113
36.53788
36.09304
35.55087
36.22216
36.2357
36.20433
36.34164
36.37409
36.13655
36.16904
35.81328
36.57609
35.54006
37.14643
36.02076
35.93537
36.13075
35.76522
35.49324
36.19851
35.99423
36.03468
35.70843
36.74601
36.00643
36.61199
36.37702
36.2927
36.39011
36.69597
36.17176
36.03497
36.43514
35.04121
36.32788
35.56365
36.3063
36.2413
36.14329
36.58707
36.66328
36.00429
36.00787
36.35959
35.66991
36.62282
35.50982
35.82423
35.97015
35.85056
36.46267
36.33323
36.00671
36.44633
34.9352
35.95127
36.29037
35.70981
35.81557
35.98039
35.81651
37.1249
36.2959
36.19307
35.85424
35.25317
35.9978
36.17549
36.7266
35.93739
35.98504
35.03342
35.43959
35.95718
35.71176
35.88915
36.88144
35.9144
35.63228
36.77025
36.12214
35.37985
35.98515
36.16443
36.62459
35.76832
35.66867
36.29535
35.96738
35.56537
35.31393
35.86049
35.61924
36.3626
35.1819
36.7496
36.27889
36.41166
36.1255
36.25738
36.43623
35.10035
35.80567
36.39052
36.76651
36.43878
35.60129
36.90696
36.03278
36.83451
36.57682
34.93076
36.7379
36.17356
36.45908
36.84278
35.98614
36.75318
35.95273
36.97589
35.52148
35.56409
35.85515
36.25543
36.57953
36.43177
37.17106
36.16377
36.57071
36.23578
35.75371
36.56027
36.51676
37.47486
36.38038
36.19406
35.58821
35.84421
35.66433
36.72361
36.17558
35.85665
36.05924
36.45671
35.75774
35.7284
35.40155
36.59317
36.29782
35.85083
36.42592
36.10369
36.09342
36.38318
35.60312
35.63622
36.64001
36.1859
36.01735
36.08896
35.58637
36.60225
36.06425
36.07584
36.12551
35.7068
36.08909
36.62069
36.40085
36.33831
35.35188
36.18268
35.59225
35.98534
35.30962
36.21224
35.86274
36.56835
36.41132
37.36839
36.03087
36.20431
35.65953
36.34171
36.21199
37.30666
35.97305
36.12525
36.21676
37.07985
36.55146
36.66523
36.44231
35.81852
36.02154
35.4228
36.12222
36.08351
35.69464
36.37592
35.91728
35.79046
36.17745
36.46816
35.84767
36.51413
36.12203
36.0267
35.93488
36.60084
36.4978
36.37226
35.60952
35.72828
37.05263
37.26595
35.59845
35.86963
35.51464
36.94238
35.9416
36.36638
35.66132
36.00299
35.92143
35.5205
36.33731
35.33429
35.9302
36.23841
35.98739
36.48649
36.15628
35.78958
35.90557
36.24724
36.01648
36.47034
35.74655
36.22393
35.43356
36.0683
36.52269
36.13133
35.39343
36.15995
35.87057
36.55165
35.97151
36.53127
36.25284
35.81953
36.10519
36.75216
36.62445
35.79868
37.06673
36.2958
35.69272
35.61066
36.85084
36.15669
36.57551
35.88148
36.01453
36.39319
36.24981
36.25387
36.74795
36.28686
36.34475
36.1494
35.02369
36.52084
36.47583
35.85465
35.73541
36.18422
37.10221
35.61407
35.3627
36.39716
36.14869
36.57038
35.93466
36.38542
35.91571
36.25167
35.42192
36.23336
36.16996
35.79102
35.90642
36.45125
35.96028
35.73913
36.35727
36.31046
36.02418
35.98312
36.28983
36.55571
36.03634
37.32606
35.7251
36.60117
36.19197
36.32923
36.08995
36.24146
36.68532
35.4541
37.28257
36.03503
35.67237
36.14478
35.5049
35.95852
36.48102
36.39056
36.00081
35.6837
36.56824
35.64411
36.34168
36.49978
36.0838
36.46709
36.19293
36.66748
36.97163
36.66388
35.922
36.34751
35.83848
35.36461
35.60215
36.38959
36.87688
36.83963
35.72163
36.22672
37.03822
35.94392
36.82235
36.35652
35.94309
36.89966
35.59303
37.1256
36.60408
35.95037
36.50205
36.22461
35.63294
36.10598
35.83806
35.21419
35.27902
36.36239
35.28023
35.96456
36.65688
36.25285
35.47183
35.84976
36.30684
35.93639
36.2102
36.55148
36.45891
36.04861
35.84082
36.60277
36.18236
35.44129
36.38957
36.17058
37.05206
35.80812
36.84195
36.16786
36.5215
36.8524
36.30996
35.42075
36.62268
35.87646
35.31975
35.9345
36.51403
35.83903
36.71689
36.55329
36.04042
36.25565
36.34572
35.16068
36.15566
35.73848
36.27907
36.25028
36.22977
35.55138
36.22734
35.37608
36.15731
36.41173
36.60906
36.45507
36.22225
36.37523
35.72599
35.81207
36.24636
35.61282
36.33412
35.97935
35.27322
36.32233
35.25731
36.35826
36.02788
35.94582
36.95494
36.3947
35.96602
35.77072
36.65719
36.73549
36.35322
35.38423
36.52119
36.87476
35.63275
36.56165
36.66076
35.69362
36.14787
35.71238
36.15068
36.49467
35.95514
35.87984
35.60465
36.37803
35.69996
36.215
36.27074
34.96679
35.97344
36.59408
36.18092
36.65879
35.45983
36.62386
36.74158
35.9705
35.77347
35.18203
36.27029
35.79827
35.59922
36.54776
35.78794
35.73965
36.09744
35.40832
36.32445
36.17957
35.75835
36.19156
37.20895
36.4549
36.07904
35.90214
35.55627
34.58515
36.13966
35.36018
36.25309
37.10428
35.53232
36.956
37.01366
36.49549
36.03853
36.34057
35.84739
35.12538
35.63856
35.7531
36.03205
35.97939
36.1529
36.0077
35.76054
36.72092
36.11604
36.42507
36.73232
35.72817
36.58934
36.5043
36.25655
36.83293
36.89242
36.16961
35.1845
36.97539
35.62807
36.08235
35.94696
35.75055
36.13286
36.08443
36.6484
35.94481
36.00871
35.52664
36.57143
36.10549
36.56923
35.33842
36.25097
36.03663
35.77641
35.72137
35.9741
36.44832
36.13618
36.46099
36.10467
35.68859
37.01385
36.19179
35.46992
36.13514
36.43141
35.5064
36.30501
34.99626
35.88746
35.7433
36.35373
36.48315
36.15122
36.06246
36.23395
36.20917
36.02607
36.54073
36.40151
36.01923
35.60862
36.32775
35.86798
35.96262
36.07529
37.08306
36.60196
35.81238
36.16882
35.49621
35.40481
36.43944
35.49024
35.92356
36.70219
35.54887
36.71519
35.75508
35.55744
35.56987
35.4782
35.43876
35.59499
36.04111
36.85325
35.95349
35.90792
36.78157
36.10762
36.60663
35.54479
36.94449
36.76845
36.55298
36.05358
36.16183
36.21114
35.29321
36.70506
36.40502
36.29306
37.00869
36.12908
36.29707
36.14036
35.58905
35.93056
36.22482
35.32735
35.44769
36.3684
37.1369
36.14311
35.5874
36.51774
36.47811
35.89392
35.70969
35.84081
35.47796
36.2342
35.91893
36.26314
36.70797
35.699
36.15405
36.3053
36.2002
35.81272
35.54582
36.44367
36.44184
36.43119
36.27513
36.60001
35.53265
36.63133
35.79383
36.24326
35.62107
35.62537
35.56426
36.11355
36.18063
36.10942
36.05985
36.84498
36.0281
36.44525
36.83301
35.12761
35.9001
37.05199
36.2724
36.14171
35.97586
36.58479
36.18763
35.79071
36.41335
35.90603
36.03911
36.06253
36.10454
36.29869
36.56906
35.60379
35.05632
35.91166
36.07999
36.53023
35.91575
35.9253
35.70138
35.94633
36.08394
36.11933
36.03637
35.70546
36.32739
36.04627
36.51169
35.63238
36.54495
35.98349
36.68501
35.84972
37.21826
36.0775
35.84288
36.29176
35.70382
35.73041
35.90517
36.17043
37.01036
35.79707
35.5795
36.64828
35.90744
36.40337
36.46804
36.62226
36.25292
36.13373
35.89384
36.22032
36.16726
36.22081
35.87659
36.44038
36.67386
36.59023
36.25839
36.20739
35.75091
36.61452
35.76429
36.31049
36.96092
36.32517
35.88443
36.67686
35.80419
36.12592
36.32455
36.28324
36.12067
36.62964
35.94847
36.62988
36.25284
36.60398
35.80877
36.78693
35.91821
35.68677
36.11586
36.4
35.95818
35.61391
37.29511
35.57769
36.3124
36.72882
35.31315
36.3477
36.60942
36.21054
35.57216
36.31623
35.73539
36.11733
36.52852
35.37702
36.02591
36.46649
35.31838
35.80845
36.36177
36.75664
35.95854
36.65436
35.98692
36.03052
35.60668
35.6828
36.1466
36.61
36.06498
35.51099
36.00491
36.22472
35.71552
35.32913
36.40684
36.06158
37.01639
36.28722
35.50352
35.43911
36.30734
36.1717
36.45637
36.54995
36.33113
36.59173
36.52033
36.02381
35.71048
35.782
35.5016
35.87834
36.41388
36.11864
36.53805
35.53008
35.82718
36.00096
36.20741
35.74648
36.48338
37.02431
36.57129
36.35555
35.42312
36.73147
36.10527
36.32072
36.28316
36.37127
36.14679
36.16163
36.45756
36.23456
36.18387
36.0831
36.62435
36.02914
35.47469
36.35276
36.36622
36.62235
36.7398
35.65438
35.50023
36.32124
36.28241
36.03167
36.49205
35.89691
35.87039
36.02875
37.02639
36.21699
36.76847
36.39328
36.53407
35.58504
36.19867
36.75679
36.55943
35.94857
35.81
36.13651
36.54528
35.8944
36.07398
36.12501
35.73451
36.92337
35.69165
35.80839
36.10758
36.29554
35.95475
36.54263
36.46772
36.61894
36.22899
36.27429
36.56155
36.29761
35.72409
36.08666
36.62155
35.47567
36.74248
36.00721
35.85067
36.57506
35.76966
36.39296
35.89095
36.0946
35.89294
35.16548
36.15112
36.19978
36.00387
35.63466
36.65502
36.36875
36.3523
36.44886
36.25051
36.05044
36.16578
36.32626
36.68423
36.2513
35.75534
36.35589
36.18604
36.03105
35.39007
36.1585
35.67511
36.41374
36.0613
35.8887
36.29007
36.22243
35.39809
35.77333
35.68447
36.11254
35.52174
35.93867
35.97592
36.05406
35.92313
36.05416
36.1201
36.50388
35.97943
35.69925
35.85951
36.09494
35.79099
36.2531
35.66209
36.66673
36.8037
36.37832
35.99725
35.29819
36.5973
36.15569
36.18023
35.5856
36.47281
36.26957
35.31511
35.60752
36.63506
35.76443
35.80091
35.95217
35.84814
36.4972
36.17283
36.31692
36.72794
36.66286
36.01708
35.86359
36.32483
36.25634
36.06805
36.40624
36.27389
36.15044
37.27243
36.04315
36.74829
35.90433
35.71123
35.9639
36.36252
36.24095
35.58432
35.42712
35.84049
36.25477
36.21866
36.08861
35.95454
36.63271
35.78676
36.25725
35.45497
36.32008
35.69917
36.19865
36.38431
36.16134
36.2852
35.6141
35.61049
35.78011
36.61159
36.68164
36.023
36.60816
35.87638
36.36497
36.30373
36.62302
36.05787
35.82701
36.09047
36.67748
35.78601
35.63983
35.98072
36.22212
35.72498
36.17582
36.03778
36.50679
36.10721
36.01762
35.94882
36.25958
37.2104
35.9565
36.26698
36.12639
36.84569
35.56421
36.46932
36.46617
36.30044
35.89585
36.30434
35.57823
36.03006
36.677
35.7454
36.27088
36.23513
36.11981
35.93376
36.13324
35.49775
35.64913
35.81807
36.20056
36.32052
36.37843
36.02554
36.33466
36.0332
35.09357
35.86327
36.69403
36.99357
36.22401
36.08306
36.25904
36.13907
36.34597
36.63411
35.4721
36.01058
36.56411
35.96357
35.97604
36.2792
35.91087
35.14967
36.2281
36.39266
37.33632
35.60871
35.37463
36.22881
36.84708
36.18946
36.39707
36.40968
36.1236
36.19957
36.89621
35.15901
35.97723
35.78793
36.64182
35.52623
35.75611
35.83477
36.1892
36.12828
35.79488
35.67593
36.14004
35.87894
35.94529
36.24828
35.24468
36.1169
35.828
35.57155
36.54217
36.11728
36.22772
35.07367
36.22193
36.54659
35.44952
36.63025
35.39011
35.8659
35.86657
36.04969
35.70726
36.18094
36.64615
36.22265
36.52822
36.27214
36.28966
35.22133
35.48751
35.45761
36.62157
35.6639
36.68133
36.59546
36.12576
36.00175
36.42121
35.02498
35.99589
36.92581
36.2767
35.58227
35.05541
35.96401
36.4659
36.14327
36.24071
35.15887
35.86917
35.96595
37.04206
36.4717
35.61424
35.24725
36.85797
35.66438
36.1281
36.41028
35.9072
37.03933
36.19222
36.31748
36.04744
36.23733
36.64694
35.25025
36.32006
36.77775
36.94758
36.08176
36.14698
36.13223
35.65524
36.6975
36.08538
35.52955
36.94616
37.08382
35.77656
35.94137
36.47117
35.87061
36.71091
36.03309
35.74622
36.05606
36.44145
36.72753
36.01386
35.61891
36.2446
36.40629
36.57203
36.03966
37.55149
36.09186
35.85161
36.52031
36.09101
36.3006
35.74423
35.28866
36.21917
36.05034
36.31937
35.67922
36.37978
36.14146
35.37909
36.47279
35.71211
35.80028
35.17561
35.67297
35.37649
36.01207
36.51493
36.39445
35.91081
36.04964
36.50901
37.11954
35.60294
36.47908
35.771
35.8942
35.28525
35.34624
36.33043
36.12996
35.92487
35.86459
35.8526
35.64233
36.57464
36.45528
36.80648
35.66463
35.1877
36.07532
36.37765
36.58904
36.28585
35.72377
35.69139
35.60979
35.57546
36.45053
35.8803
36.28011
36.94091
36.28718
36.14826
36.2022
35.75186
36.21254
36.59377
36.75364
35.85221
35.83505
35.55885
36.32807
35.813
36.36586
36.08258
35.47451
35.96163
35.96131
36.80249
36.1385
36.04199
35.97495
36.89249
35.34354
36.41581
36.04553
35.99162
35.79138
35.53479
36.25502
35.2849
35.70025
36.05484
36.20002
36.26625
35.74808
36.21345
36.33264
36.09814
35.81435
35.99203
36.31123
36.13883
35.82582
37.59635
36.08624
36.0294
36.15763
35.70862
35.82559
35.30859
35.62864
35.90042
35.9894
35.36359
35.56145
36.25918
36.1312
36.45591
36.24594
36.33455
35.87121
35.27784
36.01934
36.2066
35.82803
36.11808
35.93354
36.23776
35.55436
35.67841
36.30057
36.23909
35.96567
35.73104
36.22665
35.69615
36.22196
36.14715
36.41072
36.75269
36.2734
36.66831
35.71138
35.78661
37.28013
35.55534
35.66645
35.64559
36.235
35.90578
35.73818
36.06081
35.9821
35.44407
35.74688
35.3532
36.18685
35.63899
35.87479
36.5515
36.53512
35.95548
36.26414
35.59165
36.06235
35.84162
36.13019
35.64926
36.02819
36.35873
35.8518
36.38367
36.04835
36.62209
35.6207
35.73003
36.5494
36.17259
36.50086
36.06289
35.55489
36.22526
35.56125
35.9563
35.12103
36.35283
36.06744
35.12188
35.83368
36.27762
35.83763
36.22149
36.06866
35.61614
35.19191
35.58444
37.47608
35.56253
37.15206
36.8707
37.04016
36.7251
35.08952
36.19832
35.72421
36.24229
36.30092
36.37895
36.47614
34.74095
36.30707
36.42668
35.75919
36.85877
35.93539
35.86723
36.88935
36.09468
36.03237
36.4803
36.1177
36.41971
35.26566
35.96394
35.85467
36.06453
36.29058
36.07462
36.08059
36.80968
36.19447
35.91997
35.90805
36.76939
36.94566
36.45316
35.79789
36.4444
36.60051
36.52219
35.64099
36.1096
35.17566
36.12158
35.5643
35.55014
35.9234
35.82447
36.02604
36.46573
36.69327
37.36824
36.3427
36.24224
36.32325
35.70973
35.90501
35.55344
35.92151
36.45602
36.3146
35.65711
35.95055
35.65255
35.75128
36.39127
35.7575
36.46398
36.31736
36.52592
35.963
36.5301
36.1283
36.26901
35.71303
36.48934
36.23578
36.18863
35.93308
35.87414
36.63316
36.96655
36.46305
35.90567
36.6559
35.06623
35.85604
36.04432
35.61459
36.11044
36.07574
36.00726
35.11634
35.95912
37.22173
35.92298
35.63048
36.32319
37.02443
35.15735
36.11145
36.30523
37.08929
36.17768
35.80533
36.44249
36.54758
35.94737
36.18822
36.27205
36.57216
35.63287
36.27107
36.12124
36.12609
36.54135
36.74781
36.05584
35.83173
36.55708
36.36933
35.49947
35.98486
36.15618
36.11229
36.17831
35.81354
35.98773
36.24956
36.57816
36.03865
35.9255
35.23174
36.07267
37.31387
36.15036
36.33134
36.37556
36.15029
36.07201
35.42192
36.09903
36.3082
35.41866
36.3349
35.75751
35.95231
36.30229
35.04826
36.55423
35.94362
36.1577
35.65189
36.23919
36.34564
36.23505
36.03981
36.79369
35.80791
36.24141
36.19572
36.36448
36.36095
34.95607
36.43806
35.63031
36.1256
36.32407
35.9816
36.14449
35.97768
36.23965
35.11421
36.22545
35.64744
36.22522
35.56134
35.6045
36.21159
37.16927
36.38435
36.68031
35.28727
36.67881
35.61481
36.44139
35.80939
36.41842
35.97167
36.58818
36.69538
36.61041
36.47084
35.46093
36.49174
37.34863
36.05471
35.23347
36.39212
37.23357
36.34907
36.50012
36.0862
35.5696
35.33212
36.22438
35.26735
36.00041
36.8565
35.52456
36.21088
36.50377
36.17124
35.78527
35.9914
36.44236
35.5794
35.47462
36.27503
36.26823
36.45981
36.27372
35.82038
36.05767
36.76195
35.88118
35.95378
36.33877
35.44945
35.73706
36.01707
35.84051
35.54203
36.61513
36.13632
35.96835
36.24542
36.22971
36.39939
36.46169
36.02163
36.46726
36.11665
35.65453
35.44394
35.45368
35.3053
36.35252
35.83996
35.71139
35.84492
35.34389
36.48852
35.23906
36.09084
35.81895
36.12658
36.50091
36.5017
36.5598
35.90614
36.21439
36.20966
36.14897
37.05876
35.99905
36.86379
36.42017
36.13953
36.60862
35.49564
36.38383
35.66703
36.24759
36.29653
36.52235
35.70912
36.605
36.2636
35.35195
35.84906
36.50436
35.68163
36.36892
35.7672
35.4382
36.71565
35.96704
36.06043
36.75659
36.26234
37.04832
36.37311
35.76205
35.77611
35.63994
36.15715
36.39427
36.49371
36.2845
35.91159
36.48421
36.15995
35.89823
36.54633
35.23427
36.03527
36.73816
36.46698
36.30717
36.48211
35.52331
36.27191
36.42374
37.35396
35.99738
35.78764
35.89622
36.70534
35.6259
35.73553
36.31426
36.0047
35.8785
36.3256
36.11546
36.90591
36.14266
36.45195
36.16519
35.73017
35.91138
35.35193
35.5614
36.59836
36.28189
36.94172
36.09887
35.70708
35.56722
36.50384
35.99457
36.41035
35.1191
36.13736
35.46596
35.85875
35.90532
36.24194
36.42985
36.64237
36.57567
36.08387
36.49409
36.46617
36.07578
36.48881
35.71774
35.87126
37.17327
37.06413
35.97178
35.88556
36.54618
36.02161
35.33599
36.64728
36.12293
35.49128
35.87893
36.43622
35.20504
35.69412
36.14477
35.95006
36.02328
36.59346
36.28858
36.37675
35.60741
35.7138
36.45091
36.07954
35.70199
36.15156
36.67701
36.24999
36.79713
35.54927
35.86245
35.65524
36.06324
35.4184
35.6123
35.88308
36.88598
36.22688
35.69911
35.17828
35.15838
36.24277
36.52266
35.70926
36.04042
36.06671
35.61687
35.75295
36.00803
35.68412
35.73064
36.47594
36.32222
36.60572
36.34642
36.16603
35.56536
35.99501
35.61902
36.09469
36.23256
35.77504
35.81691
36.49844
36.0172
35.69695
36.12845
36.00288
35.98082
36.09773
36.53075
36.37555
36.29835
36.45189
35.50238
36.2335
36.21994
36.35367
36.34949
35.29799
35.84952
35.59195
36.71591
35.97734
35.49308
36.57296
35.92639
36.49315
35.72784
36.34655
36.40237
36.56009
36.03711
35.67176
35.26188
36.70062
36.50065
36.32183
37.15872
35.41729
36.10132
36.15533
36.42878
35.54049
35.7301
36.07726
36.68192
36.5008
35.76735
35.75698
36.08959
36.07048
35.91353
36.12003
36.31337
36.75889
37.15984
35.70561
36.03075
36.16493
37.14362
36.60056
36.42237
35.7113
36.48736
35.51946
35.61487
36.79535
35.52435
35.5005
36.13815
36.37338
36.55687
35.75113
35.36547
36.17941
36.74827
36.48446
35.5698
35.9257
36.61476
36.18262
35.83194
36.77346
35.60556
36.07266
36.8168
36.41967
36.50209
35.97015
36.38147
36.07152
36.40155
36.71969
35.79185
35.7484
35.90863
36.20967
36.13567
36.26277
36.16152
36.07795
35.89891
35.88264
36.22622
36.43971
36.48603
36.23339
35.95055
36.10712
36.20447
35.89173
35.82488
37.15695
35.22636
35.705
35.13651
36.0387
35.07918
35.52983
35.75245
35.82498
36.49332
36.04821
35.3934
35.22461
36.61144
36.32541
36.11565
36.43656
35.72022
35.94448
35.9794
36.15233
35.67018
36.17904
35.93322
36.05815
35.94266
36.21728
36.06822
36.03989
36.12348
35.22938
36.53461
35.79928
36.55526
35.31475
35.90128
35.88628
35.95502
36.14101
36.63781
35.61495
36.18067
36.02639
36.02055
36.36076
36.39201
36.48703
35.16906
36.96011
35.46591
35.00551
35.74526
36.30152
35.66593
36.67861
35.98699
36.51872
35.11855
36.11589
36.47206
36.43619
35.21578
36.32596
36.87906
35.42567
36.36846
36.71346
35.35038
35.62833
36.16786
36.37157
36.30255
35.45636
36.60967
35.52013
36.83804
35.55828
36.36735
37.16497
35.81386
35.88154
36.46085
35.32487
36.02909
36.00579
35.50737
36.87467
36.05078
35.78553
36.33668
36.67024
35.84468
35.60798
36.27553
35.87211
36.40108
35.78643
36.6919
36.60983
36.74227
36.04282
35.74216
36.0175
35.65561
35.61601
36.31809
36.66087
35.07002
35.93044
35.67656
36.14337
35.65079
36.52067
36.32637
37.66819
36.22403
35.6657
35.89819
35.74954
35.7148
37.01038
36.13311
34.95967
34.86892
35.77921
35.51629
35.93127
35.45524
35.85153
34.85607
36.01138
36.7831
36.19254
35.27185
35.85039
35.58075
36.0121
36.0258
36.82596
36.06069
35.74665
36.14346
36.33205
36.72063
35.16879
35.62713
36.52044
35.77955
35.93185
35.86396
35.94093
37.27519
35.93219
35.97681
35.83646
36.15262
35.50286
35.62806
36.55783
35.91206
36.74751
36.49482
36.02364
36.36957
36.44053
36.97686
36.83898
35.89504
35.91673
36.1291
36.17168
36.08904
36.64481
36.26692
35.80967
36.52323
36.38787
35.63686
35.34076
36.27908
35.91995
36.07642
36.05439
36.67502
35.75792
36.10329
36.32981
36.36773
36.26548
36.59019
36.15748
36.315
36.95018
36.94991
35.88062
35.86498
36.23373
36.47155
35.87407
35.9227
35.73296
35.55209
35.94203
36.54173
35.69312
35.93967
35.97638
36.09525
36.19506
35.62837
36.32934
35.99057
36.21177
35.81419
36.49826
35.38369
35.4097
36.62635
36.48099
36.50007
36.83801
35.31376
36.19702
36.29749
35.73832
36.59611
36.66618
36.03894
35.9475
37.09084
35.80548
35.91749
36.6591
36.33736
36.43649
35.96177
36.72922
36.18514
36.88028
35.54127
36.55507
36.86638
35.23326
36.25815
36.33357
36.34783
36.86857
36.12184
36.73496
36.59884
35.70513
36.71548
36.357
35.88949
35.2911
36.08903
36.13754
35.53453
35.9396
36.98294
35.58242
35.649
36.28311
36.09189
35.67967
36.90739
36.89963
35.95303
36.09984
37.17968
36.9796
36.13156
36.70473
35.88627
36.58411
35.89178
36.15505
35.93904
35.98122
37.16402
35.80416
35.91426
36.35565
35.46594
36.59889
35.59776
36.41356
36.07077
36.57308
36.36355
36.76996
36.08869
36.19191
36.80608
36.00379
35.39761
37.09873
36.40765
35.49651
35.62281
36.46772
36.12191
35.64161
36.89923
36.92572
35.5365
36.76276
36.51733
36.37084
35.17119
35.25795
36.66532
36.53306
35.6953
36.74307
36.93752
35.79438
36.76193
36.07414
36.14996
36.0086
34.8859
36.41369
36.54537
37.70107
35.85864
36.4826
36.30001
36.32087
36.37582
35.99033
36.08021
36.30215
35.55386
36.28434
36.81644
35.94138
36.09842
36.88028
36.51943
36.13912
35.96344
35.90042
35.82839
36.12473
35.5443
36.64054
35.78246
36.31985
35.50753
37.0218
36.04615
36.48379
36.3411
36.00903
36.06234
35.97549
35.93217
36.06138
35.27728
36.01066
35.78574
36.59379
36.65115
36.00304
36.70015
36.17683
35.69591
36.10908
35.80255
35.85809
35.26335
35.55785
36.02298
36.47676
36.07873
35.91205
35.68144
36.08101
36.94987
36.10561
36.32963
36.34326
36.18149
35.78676
36.28463
35.291
36.40832
36.4091
36.27667
36.15798
35.18615
35.47384
35.9475
36.24299
35.96475
36.11191
36.42315
35.80842
35.03756
35.66599
35.71304
35.48929
35.56024
36.13974
36.04699
36.99166
36.57719
36.42213
36.85108
36.6119
36.54958
36.24698
35.29024
36.29652
35.98615
36.15881
36.41405
36.3922
36.82862
35.08732
35.85016
36.295
36.23899
35.64668
35.76891
36.14851
36.1788
35.59419
35.81774
35.78446
36.52085
36.92737
35.667
35.63682
36.0086
36.53194
36.5394
35.77906
37.23001
36.21482
36.55785
36.10693
36.1556
36.17591
35.99481
37.37228
35.7158
36.20036
36.66541
36.36608
35.88329
36.69824
36.02418
36.35039
35.48128
36.34535
36.63743
36.05165
36.19123
36.00142
36.88263
35.94765
36.45757
36.39033
35.46627
37.19841
35.85345
35.90001
35.73497
36.34293
36.35642
36.24693
35.93564
35.95695
36.20348
36.22048
36.42204
37.04127
36.17244
35.90325
37.16607
36.87483
36.09908
36.04837
36.63899
36.50274
36.21773
36.04606
35.91456
36.10952
36.25522
35.90563
36.29283
35.92799
36.11842
36.47538
36.00921
35.74412
35.48949
36.37234
36.3471
35.61979
36.44251
35.91632
36.22598
35.69907
36.6371
35.37092
35.99044
36.12076
35.59187
36.5222
35.55164
35.97216
35.1809
35.82559
36.16314
35.98728
35.0885
35.73978
36.27927
36.40959
36.23795
35.34399
37.0762
36.08287
36.5284
35.54619
35.92206
35.38908
36.16004
35.98
36.41948
35.43585
36.57465
36.48171
36.42624
35.50519
36.48846
35.31836
35.17068
36.08311
36.27104
35.86644
36.81708
36.46261
36.21224
36.15575
36.88526
35.09251
35.51168
37.04819
36.12525
36.25954
36.21489
36.96491
35.95818
35.81785
35.92907
36.64267
36.82508
36.04881
36.35992
36.21636
36.10752
36.55432
36.04691
35.72641
36.31065
35.88157
36.23796
36.12507
36.23263
35.95363
36.30624
35.81174
36.67948
36.14739
36.67438
36.24856
36.42847
37.73564
36.50919
36.19825
36.39198
36.1573
35.79751
36.38537
35.82707
35.65665
36.56728
36.81816
36.33933
35.70244
36.14457
36.65371
36.22623
36.0859
35.87961
36.40505
36.29355
35.38143
36.67811
36.19936
35.86599
36.04441
35.85233
36.13146
36.57414
36.73712
35.78887
35.86068
36.80615
36.27764
36.52272
34.70967
35.38479
35.64588
35.95345
36.37866
36.6484
35.19665
36.09288
35.73601
36.39105
35.49183
36.43216
36.3052
36.81818
36.08968
36.25667
37.17635
35.96896
35.92302
35.82902
35.93648
36.23085
36.85232
36.14601
36.08598
36.43742
36.28518
35.99603
36.96423
37.38113
35.75923
37.01815
36.35059
36.66343
35.30772
35.36944
36.08243
36.55458
36.61967
35.49972
35.87961
36.15964
36.18932
36.31834
35.88489
35.67905
36.65608
36.53751
35.79467
35.90259
36.70453
35.68203
36.77334
36.09802
37.12647
36.3603
35.45715
36.85311
34.8153
35.88451
35.90189
36.59493
35.73683
35.66566
35.71781
36.29339
36.86577
35.38519
36.15387
36.09734
35.9414
36.7265
36.01913
36.29023
36.15726
36.15708
36.52079
35.99194
37.00527
36.6956
36.32221
36.25486
36.25512
36.37076
36.52703
36.53353
35.78334
36.34556
35.88512
36.8114
35.62323
36.0062
36.77063
36.43344
36.12167
35.42883
35.85334
36.468
36.96146
35.98305
35.46743
36.71047
36.30673
36.59701
35.58652
35.62832
36.48004
36.42137
36.12472
36.1708
35.79174
35.74059
36.34776
36.64141
35.55204
36.24258
36.99135
36.52864
36.18914
37.50648
36.361
35.45959
36.15359
36.29963
36.28863
36.68964
35.83118
36.27449
36.59406
36.04541
35.5989
36.48014
36.17655
36.55388
36.56084
35.2999
36.68021
36.32782
36.27383
35.97951
35.58637
36.51003
35.86588
35.60602
34.9644
36.43961
36.07124
36.95525
36.08936
35.55965
36.19745
36.20997
35.26907
36.04906
35.72022
36.056
36.78482
36.43955
36.41766
35.74388
36.35917
35.10846
35.73039
35.64865
35.85384
36.77604
36.21744
36.09911
36.72098
36.23664
36.3455
35.82856
36.52754
36.09697
36.55415
37.19355
36.4551
36.18603
36.17556
35.93159
35.65526
35.82122
36.30737
36.27543
35.71678
36.83983
36.18738
35.7852
36.20894
36.35169
35.6753
36.45975
35.50996
35.30741
36.82427
35.76776
36.42738
35.3953
36.09267
36.20727
36.49338
36.99473
35.57741
35.62032
35.7642
35.79322
37.06933
36.58896
36.24061
36.24966
35.03042
35.47258
36.19927
35.66866
36.24874
36.05612
36.27291
35.96681
35.6245
36.21092
36.32109
35.29826
36.85119
36.57725
36.12999
36.09704
35.52877
35.68965
37.08089
36.01006
35.83489
36.78241
35.01512
35.94221
35.95943
36.40007
35.22022
36.05408
35.65176
36.06514
36.03852
36.3136
35.50836
36.3819
35.28658
36.31023
36.44642
37.16726
35.61791
36.02668
35.53785
35.88895
35.93151
35.94953
35.60961
36.10335
36.07766
36.19369
36.86175
36.53419
36.40632
36.11355
36.0894
34.9874
35.92025
36.64771
36.25592
35.88262
35.47648
35.83682
36.76937
35.75175
36.62036
35.75077
36.43916
36.28141
35.82608
36.67875
36.61035
35.00278
35.73078
35.19889
36.13414
35.27568
34.79522
35.60206
36.99506
36.90756
35.36045
36.77839
36.62871
36.01039
36.54359
35.8041
36.5379
36.91257
36.7262
36.22147
36.2379
35.99078
35.63747
36.2624
36.3957
36.29494
35.91911
35.87849
35.74375
35.15675
36.56932
35.08918
36.5462
35.98569
36.52219
36.48396
35.49811
34.87332
36.32014
36.49249
35.30274
36.67972
35.89758
36.21056
35.83375
37.61367
36.88016
34.73948
36.53103
37.72119
35.84066
36.19497
36.21897
35.71666
35.03013
36.05036
35.52725
35.70745
36.1894
36.46028
35.5238
36.1588
36.58167
36.76549
37.01535
36.72715
36.06898
36.77987
36.72637
35.58064
36.91132
36.38414
36.18088
36.67106
36.00083
35.68767
36.5902
36.65442
35.66704
36.03568
36.52167
35.87348
35.80742
35.66284
36.27126
35.50421
35.61161
36.59998
36.06126
36.02974
36.72933
36.2894
36.53142
36.50289
36.29168
36.24537
36.7074
36.42153
35.86175
36.56164
36.65436
36.813
35.64396
35.86278
36.75934
35.50914
36.45809
37.12702
36.22523
35.54755
36.66267
35.59103
36.89535
36.39059
36.08745
35.36386
36.32547
36.67254
36.69213
36.03016
35.55092
35.90209
36.68883
36.47229
36.11571
36.57043
35.60183
36.14452
35.70851
35.23242
36.11931
36.47035
36.61023
36.81316
36.19833
36.11845
35.57315
35.92363
35.4952
36.27139
35.46596
36.1767
35.44877
36.89032
36.27169
36.14553
36.1432
36.4847
36.31061
35.48566
36.32314
36.82861
36.65245
35.70482
36.06016
36.38358
36.20296
36.13187
36.81745
35.66241
36.8577
36.4742
35.74356
36.12044
36.12985
36.16649
36.41743
36.1824
36.66005
35.92037
36.01093
36.07022
35.65058
36.06091
35.79865
37.1386
35.66922
35.51257
35.82318
35.59196
35.53992
36.32139
36.7469
36.42541
35.87642
36.73835
36.4984
37.24593
35.97068
35.52734
35.89786
36.17523
36.31114
35.67142
35.82645
35.55569
36.27713
36.31767
36.05591
36.98515
36.8531
36.56012
36.84071
35.44404
35.92308
35.94558
35.30909
36.19217
36.40039
36.33933
37.23574
36.92134
35.57511
35.82248
36.29696
36.03757
35.95093
35.7332
35.73227
35.67444
36.81364
36.77962
35.61655
36.51189
36.66465
36.68328
36.26216
35.9631
36.59397
35.42292
37.37067
36.34504
36.8023
36.13742
36.05307
36.26244
36.0255
35.95269
36.41014
36.15826
36.21628
36.16416
35.95649
35.55193
36.08594
36.13131
36.36702
35.66328
35.91007
37.11515
35.58052
36.06293
35.88502
36.06845
36.23809
36.38009
36.52128
35.37983
36.0001
37.11416
35.41963
36.41151
36.07419
36.24463
36.03733
36.62375
35.9736
36.20489
34.90137
35.50281
35.85727
35.29686
36.3621
36.15986
36.57619
36.21149
36.10697
35.86675
36.0873
36.51607
35.34713
36.02884
35.91209
35.85207
35.7023
36.33465
36.23577
36.71278
36.07076
36.46745
35.93498
36.39541
36.29241
36.36031
35.95597
35.46994
36.49221
36.86406
36.33434
36.63039
36.15268
36.53441
37.16247
35.99025
35.50052
35.43227
36.68163
35.00457
36.40983
35.76318
35.45686
36.39161
36.15424
35.74166
36.4111
35.78492
35.93052
35.92069
36.4668
36.45479
36.51585
36.20544
36.13287
35.07103
36.84763
36.10992
36.32108
36.3118
35.90749
37.09214
36.25706
35.95233
35.94078
36.30869
36.88733
35.3601
36.37343
36.29055
35.46837
36.26975
35.56021
35.99547
35.29135
35.93951
36.72393
35.70573
36.41531
36.70484
36.06694
36.00266
35.10331
35.44707
35.88543
36.27564
36.29475
35.66027
36.80019
35.66084
35.85282
35.91183
35.98279
35.97182
36.2514
35.9124
36.47975
36.44984
35.83319
36.58106
35.46216
36.25728
35.88881
36.48007
35.91004
36.41472
36.335
36.39353
36.34419
36.27859
35.72334
36.57014
35.33489
35.60165
36.63624
36.22539
35.32096
36.26367
36.12231
35.67745
35.92007
36.11347
36.00031
36.42388
35.24507
36.32373
36.48674
36.61962
35.72901
36.09643
35.69863
35.72351
35.79165
35.74974
36.27061
36.52858
36.02555
36.00255
35.14115
35.96302
36.03923
36.40928
36.36664
36.09233
36.12687
36.39481
36.03125
35.95161
35.89999
35.96968
36.33773
35.58807
36.09574
36.36668
37.00397
37.01259
36.34055
35.79953
35.97712
35.28811
36.03787
36.22917
35.94507
36.20747
36.16282
36.59298
35.9419
36.07284
36.89852
36.81739
36.00925
35.66631
36.79081
36.53587
35.62862
35.89232
36.06451
36.12897
35.85526
36.00392
36.86941
36.09506
35.62317
36.01341
35.12718
36.19614
36.46793
36.95715
36.33647
36.70989
35.93191
36.33574
35.74957
36.01894
36.32945
36.40856
36.3983
36.59237
36.09211
35.56967
36.47928
35.66515
36.49972
35.76672
35.79816
37.01057
36.38805
35.8887
35.92839
35.83605
37.19883
36.07333
35.54288
35.9147
35.9826
37.52773
36.35435
36.4261
36.13571
35.77207
36.3179
36.24843
35.71168
36.24694
36.04159
36.41096
36.8678
35.83767
36.51036
35.45274
36.27709
35.99939
36.10683
36.31767
35.95617
35.41946
36.27676
36.03593
36.86996
35.85482
35.60259
36.27887
35.94075
36.20311
36.30841
36.30366
36.37929
36.16184
36.68466
36.45798
35.66962
36.02638
36.86088
36.46359
36.26162
35.76908
36.92597
36.72576
35.74802
35.8835
36.32542
37.36113
36.26723
36.37504
36.57026
36.07974
35.87368
35.66449
35.26047
35.69974
35.55835
35.64002
36.38918
35.54008
35.71707
35.96519
36.18402
36.83995
36.61126
36.8845
37.10473
36.18733
36.27539
36.4415
35.78709
36.18076
36.40606
36.64729
36.26301
35.52923
36.31783
36.41069
36.52959
36.57282
35.76739
35.89624
36.18549
35.8016
36.17376
35.51075
36.91277
36.394
35.66965
36.30132
36.27
35.82124
36.5525
36.38298
35.49766
35.95212
36.05098
36.18111
37.16939
36.20371
37.11062
36.24339
35.54421
35.38248
35.89029
36.11102
36.19459
35.74227
36.25844
36.03316
36.63012
35.97668
35.49911
36.02283
36.38795
36.44653
35.50376
36.15548
35.8098
36.37092
36.02228
35.26935
36.80973
35.90285
36.28013
36.65415
35.37243
35.79542
35.09161
35.88007
35.70278
36.24118
36.42943
36.22229
36.28135
36.45982
35.90074
35.68248
36.33297
36.22032
35.82387
35.81002
36.33985
36.43435
36.26256
36.41689
35.78696
35.93767
37.20715
36.21928
35.56771
36.43629
35.0431
37.14649
35.48134
35.26396
36.33735
35.651
35.99515
36.22531
36.09
35.41667
36.11167
36.03237
36.35543
35.96563
36.84275
36.86764
35.93503
36.30913
36.36543
36.02036
36.71194
36.36865
35.97322
36.98621
36.27415
36.08543
35.29413
35.77542
36.86012
35.67788
36.13023
36.33833
35.92937
35.49741
36.39757
36.27354
35.58285
36.02014
36.47909
35.93956
35.73841
36.17409
36.27618
36.25924
36.21167
35.49565
35.54942
35.96877
35.87793
36.09536
37.03987
35.99764
36.41155
36.5011
36.17421
36.56517
36.54313
35.5747
35.85754
36.25401
36.33603
35.39187
36.08141
35.94137
35.90562
35.46716
35.7858
36.02206
36.17084
35.90372
36.25226
36.40562
36.267
37.12586
36.68222
36.31895
36.30627
36.11626
35.35833
35.24152
36.03415
35.78446
36.23486
36.57815
36.19065
36.18111
36.18166
36.2218
36.30453
35.82596
36.46339
36.33458
36.24665
36.81116
35.92916
36.69869
36.12392
36.29432
36.0858
36.24105
35.54558
35.63219
36.65184
35.60565
36.25611
35.93024
36.59664
36.00695
35.33508
36.79488
35.93671
35.3147
36.241
36.2726
36.2147
37.29591
36.35083
35.94636
36.2187
36.08189
35.59606
36.05795
36.18258
35.61807
35.47542
36.15118
36.76151
37.18291
36.66396
36.34472
36.95772
35.63998
35.8083
36.49208
35.96195
36.66995
36.59969
36.2878
35.93799
35.92664
35.60023
36.64026
36.46617
35.55869
35.97456
35.61921
36.20164
36.30776
36.44533
36.75738
36.05886
36.65507
36.12445
35.83754
36.1939
36.00286
37.22034
36.16764
35.57596
35.83362
35.85028
36.94673
36.04948
37.06292
36.81761
36.165
35.91546
35.89307
36.47814
36.61084
36.83622
35.86653
35.72632
36.60922
35.83178
36.23434
36.06192
35.74291
36.51765
36.19061
35.82054
35.98807
36.89415
36.10458
36.28961
36.05855
35.09488
36.49061
35.87417
36.09133
36.33322
35.63298
36.01883
35.76917
36.07527
37.04354
35.91965
36.74895
36.99187
36.02741
36.13165
36.27753
36.60404
36.2377
35.83371
36.38396
35.60304
35.2906
35.70431
35.05507
36.19451
35.91083
35.52168
35.80319
36.18659
36.28503
36.91777
36.45349
36.64166
36.20952
35.44922
35.13175
36.73654
36.01338
35.646
35.73113
35.55316
36.04313
35.95835
35.83549
36.04567
36.58464
36.3134
36.35601
35.30446
36.74791
35.61087
35.75053
36.56195
35.8284
36.61333
35.72262
36.29486
36.47319
36.06529
35.57828
36.40885
36.47687
36.25061
35.64324
36.46502
35.6304
36.92874
35.40688
35.8624
36.00977
36.43396
36.04996
35.53345
36.16533
36.22266
35.58076
35.53968
36.22151
36.21287
36.71268
36.1851
36.13941
35.79313
35.86179
36.78832
36.56781
36.01487
35.67311
35.04333
35.10955
36.36469
35.9147
36.37328
35.81045
35.69903
37.49445
35.71663
36.35573
36.16164
36.11874
36.61159
36.29073
36.24452
36.19421
35.94634
35.73988
36.05328
35.49456
35.98365
36.04272
35.83144
36.3442
36.48633
36.91513
35.50241
36.11803
36.20151
36.79439
36.79851
36.43346
36.03437
36.04978
36.55013
35.96121
35.7475
36.02354
35.83135
36.1329
36.39945
36.22518
36.28322
35.77841
36.80062
35.81718
35.37647
35.78974
36.62616
35.45767
36.02456
36.33708
37.47068
36.00692
36.84853
36.15207
36.94475
36.84873
37.65649
35.94295
36.22826
35.16623
35.61517
36.38977
36.18365
36.48694
36.26694
35.88191
35.91466
36.60515
35.81795
36.3134
35.85379
36.29286
36.10486
36.27958
35.50917
36.2214
35.86918
35.60445
35.98775
36.11934
35.81638
36.10747
36.0375
36.6071
36.48992
36.86508
36.1061
35.75637
35.49535
36.33536
36.3711
36.41064
35.10911
35.76977
35.30541
36.10563
35.96927
35.58884
36.15739
36.46515
36.37111
35.532
36.78241
36.48252
36.83481
35.27001
36.61536
35.51612
36.10013
35.89048
36.12442
35.97913
35.7305
36.11577
36.21248
37.10428
36.14775
35.60307
36.3642
36.40419
36.42921
36.71464
35.37936
35.61121
35.89384
37.19603
35.75535
35.39847
36.537
36.7732
36.62131
36.52552
36.21917
36.6707
36.05371
35.88414
35.70732
36.32783
35.73285
36.40821
35.77114
36.55878
36.10455
35.56234
36.99994
35.44122
36.20928
36.16332
36.68366
35.38431
36.27474
36.65841
36.00738
35.79245
36.80795
36.09147
36.68937
36.22073
35.77144
35.81414
36.07841
36.64597
36.01409
36.36191
36.10939
35.98013
35.94697
35.86274
36.22816
36.38501
35.9977
35.94236
35.87981
35.91439
36.3356
36.15675
35.58513
36.67659
36.11234
35.39049
36.30109
35.92627
36.95388
36.83426
35.77377
36.10937
36.51045
36.16125
35.58152
35.58523
36.09019
37.03091
36.0959
35.88731
35.35688
35.73896
34.32829
36.19347
36.19109
36.84138
35.92732
36.75549
35.98411
36.10156
36.81996
35.95535
36.4348
36.10171
35.59267
36.21647
36.74873
35.85763
37.0406
36.03541
36.55225
36.98051
36.31281
35.36636
35.95079
35.47375
36.00526
36.641
36.09348
35.96255
36.14353
37.11388
35.89564
36.4256
36.01238
35.79485
36.17937
35.78905
36.51516
36.88148
35.98966
36.21043
34.91798
36.0109
35.97196
35.45415
36.32558
36.11226
35.6309
36.51442
35.26582
36.10511
35.87912
36.4662
36.53205
37.10001
35.8283
36.49466
36.09634
35.28369
35.7949
35.87411
36.35435
35.60405
36.10479
35.92871
36.11023
36.19911
36.33608
35.9985
35.9415
36.65913
36.67385
36.09404
35.91772
35.54485
36.72461
35.30101
35.74199
36.16231
36.85506
36.5309
36.1097
35.90694
35.97884
35.52733
35.56088
35.72999
37.58085
36.39658
37.09788
36.77203
35.20359
36.6742
36.62609
35.1783
35.99944
36.44147
35.48225
36.67397
35.71527
36.27244
36.30681
35.89052
35.16548
36.80664
35.98177
35.8565
35.83016
36.53716
36.13666
35.49207
36.08983
36.31613
36.22614
36.01989
36.25875
35.66565
36.70968
35.61249
36.25146
36.28266
36.2041
34.82967
36.90287
35.64126
35.55626
35.69102
36.44718
36.25398
35.89112
36.75821
36.11855
36.1832
36.07223
35.97487
36.49617
36.26033
36.13269
36.24476
36.37326
36.38182
35.9052
36.61995
35.65858
36.93288
36.35905
35.88673
35.63284
35.9914
35.65165
36.1742
35.61692
36.23983
35.78015
36.30171
35.42975
36.33882
36.44444
36.20221
35.67521
36.64346
36.48504
36.3164
36.56857
36.51786
36.09057
36.57576
36.49193
35.81133
35.31301
35.40159
36.24253
36.56785
35.85801
35.95652
36.51582
35.83993
36.46326
35.10814
36.41617
36.06178
35.46257
36.89548
36.08488
36.43189
36.61241
36.12598
35.9344
36.24469
36.41117
36.06463
36.41781
36.59801
36.9598
37.45199
37.61965
35.77749
35.74066
37.27531
36.17577
36.67828
36.11408
35.62723
36.00575
35.79655
36.62162
36.64432
35.5861
35.61706
36.01011
35.0649
36.29629
36.61992
35.91545
36.36181
35.81001
36.29241
36.23695
35.73397
35.77671
36.42972
36.17506
35.98985
35.84709
36.6646
36.3237
35.72825
35.76258
36.85204
35.83077
35.55943
35.79271
36.0177
35.6968
36.51872
35.9637
35.45485
36.63425
35.30679
37.2554
36.67096
36.1402
37.14327
36.81419
36.28996
35.32572
36.62269
36.62798
36.4607
36.35512
36.11544
35.5391
35.98445
36.02814
36.05442
35.6956
36.4613
35.72071
36.16969
37.14262
36.09132
36.6625
35.74189
36.87677
35.67435
37.08785
35.76138
36.45493
36.36041
36.77391
35.88187
36.21451
36.49001
36.82593
36.78402
36.03867
35.9736
37.76558
36.06043
36.09502
35.5445
36.72256
36.42297
36.02727
35.44569
36.60325
36.68299
36.09049
35.99001
36.72851
36.38912
36.17854
35.37507
35.81531
37.0874
36.23106
35.86717
36.17155
36.58207
36.24322
36.45506
36.36773
37.27986
35.53331
36.32834
36.29451
36.15687
36.38632
36.41111
35.62343
36.19682
35.99755
36.14984
35.77075
35.51428
36.46333
35.56651
36.31536
36.69479
36.20729
36.344
36.70131
35.89708
36.24635
36.82416
35.43863
35.88587
35.70098
36.33814
36.39036
36.88384
35.85932
36.14059
36.27417
35.50323
36.19717
36.91822
35.55562
36.16116
36.20933
35.69562
36.41044
36.98042
37.38392
36.92754
36.96816
36.09394
35.69135
35.32558
35.95158
36.54459
35.78503
35.57329
36.39104
35.62608
36.27782
36.50849
35.42846
35.41575
36.0999
36.30441
36.57749
36.12889
36.39541
36.31547
35.8972
36.60583
36.04394
36.15996
36.3323
36.71942
36.76131
35.32215
35.71171
36.48663
37.44094
36.30725
36.62804
35.83393
36.94309
37.27625
35.56683
36.31285
35.43535
35.82326
37.12876
35.19371
35.83411
36.43837
35.77981
36.29015
35.62833
36.5404
37.47371
35.68548
35.95258
36.01666
36.02694
37.02029
36.61734
36.31527
35.70253
35.66032
36.15373
35.77585
35.87519
36.56185
35.33796
36.5058
35.84807
36.37232
36.12198
35.57149
36.64089
36.47837
36.23431
36.53617
35.64516
35.30754
36.61653
36.35202
36.80551
36.62431
36.32501
36.19252
36.63335
36.11743
35.03887
36.05438
36.25213
37.04749
35.5908
36.04301
35.56361
36.33009
36.01331
36.41
36.70471
35.65211
35.9089
36.49693
35.92373
36.0611
35.61977
35.74358
36.26229
36.46122
36.73861
36.70802
36.45652
36.24746
36.67293
36.5538
36.29555
36.08531
35.93998
35.14088
35.52128
36.8333
35.99445
36.78786
36.23191
36.57993
35.68716
36.48873
38.03932
36.55734
35.17175
35.06731
37.79903
36.58418
36.05804
36.55402
35.8235
35.90123
36.28125
35.69446
35.62827
37.43771
36.46682
36.17235
36.56488
36.22064
36.5245
36.51772
35.8602
35.90113
35.71137
35.98116
36.59191
36.48257
36.42816
36.34804
36.86273
36.00447
36.06479
36.06788
37.15484
35.45476
35.94721
35.94696
35.55322
36.74662
35.8075
36.17582
36.22929
36.49623
36.32755
36.26904
36.90307
36.22346
36.40498
35.47408
35.65874
36.16283
36.26272
35.41199
36.01005
35.76521
36.7192
35.87413
36.49658
36.01485
35.96705
36.30192
35.94445
36.58773
35.74761
34.78377
36.2374
36.36912
35.85558
35.65599
35.6549
35.59479
35.29411
35.71929
35.72774
36.64537
36.61264
36.49792
35.88541
35.68526
36.43057
37.31738
35.58001
35.42205
36.18512
36.86912
35.66207
36.05625
36.08552
36.26723
37.42396
36.649
36.23237
35.92444
36.54719
36.56475
35.02547
36.05465
35.49541
35.1386
35.68411
36.53284
36.20362
37.20899
36.27229
34.94643
36.15709
36.64682
37.17169
36.60782
36.47948
36.37038
35.86535
35.75609
36.7781
35.61378
35.96883
35.87277
35.90675
35.53129
36.21513
36.1666
35.77722
36.31755
36.60823
36.53391
35.63721
36.59437
36.95761
35.90883
36.48028
36.81213
37.20418
35.65929
36.16896
36.73344
36.55161
35.98641
36.72552
37.46134
36.21269
35.80551
36.68239
36.80647
36.97097
35.74145
36.49808
35.79835
35.99839
35.6543
36.46778
36.33605
35.25264
36.10882
36.14422
37.01861
36.32959
35.6991
35.422
36.55028
35.2136
37.10235
36.52279
36.93677
35.28487
35.58318
35.98955
36.5434
37.24544
36.32975
36.61003
35.48396
35.76412
37.08997
35.67924
36.86783
35.67831
36.77223
36.4305
36.64423
35.84925
36.17551
36.32639
36.1386
36.21199
36.16271
36.36879
36.63978
36.01963
35.56701
36.58418
36.95565
37.25132
36.10013
36.23471
35.81855
35.6844
35.64346
35.68342
35.60685
36.38262
35.81456
35.24759
36.32156
35.7955
36.63705
36.29725
35.33639
35.57864
36.47723
35.78437
35.93852
36.28665
36.12188
35.33024
35.95779
35.4787
36.18326
35.39432
35.48788
36.86328
35.61886
35.73595
36.55451
36.10423
35.9439
36.32946
36.60857
36.37043
35.34051
35.98885
36.63431
36.5179
37.32613
36.35706
36.47979
35.81283
37.13137
36.01057
35.94921
36.03657
35.67029
35.3046
36.10069
36.28141
36.20071
35.16504
35.95862
36.17613
37.10648
35.69817
36.19535
35.16332
35.00746
36.15778
36.18622
36.23194
37.60936
37.01302
36.52908
35.81719
36.56318
36.05223
35.42772
35.29717
36.19458
35.89025
36.54376
35.28409
35.29291
35.98384
35.95139
36.45029
36.83777
35.88327
36.03427
36.85553
36.16886
35.37702
36.63925
36.52501
35.95783
35.80987
35.71215
36.71578
35.60542
36.07526
36.56981
34.64732
36.47428
35.98751
37.143
35.81167
36.50496
36.47901
36.39214
35.74665
36.84525
36.64552
34.99488
36.03949
37.26514
35.61974
36.29272
37.20293
35.67568
36.65345
35.59131
36.04864
36.48266
36.02508
36.56596
35.9616
36.91013
36.61638
35.4658
35.91698
36.67918
35.93412
36.0163
35.67495
36.4602
36.3122
36.48862
35.66313
36.46834
36.39721
36.41171
35.76634
36.65434
36.23277
36.29298
36.04854
36.43376
36.38109
35.57688
35.48636
36.29566
36.10465
35.8983
36.51066
35.99336
35.82409
36.37546
35.81913
35.9221
36.42689
36.04363
36.05
35.90705
35.02476
36.0234
35.63129
36.60955
36.51561
36.10134
36.41745
36.4299
35.82015
36.15124
36.50506
36.17321
36.34845
35.60817
36.63242
36.5306
36.22922
35.66824
36.53774
36.6223
36.24231
36.65081
36.3828
36.99996
36.26946
35.97416
36.28214
36.03974
36.46158
35.77947
36.23165
36.03131
35.94743
35.86296
36.27018
35.63558
36.76939
36.19756
36.40921
36.44824
35.91117
35.12008
35.97592
35.93938
36.24466
36.52994
36.13516
36.24993
36.74644
36.68587
36.00629
36.69801
36.56228
35.99724
35.84116
36.27853
35.82499
36.65388
35.20611
36.27014
36.29314
36.59982
36.04904
35.60173
36.04006
35.72976
35.40201
36.31657
36.18843
35.72644
35.94407
36.96088
35.95348
35.49745
36.39624
36.17013
36.85182
36.65446
35.55056
36.30576
36.15612
35.64739
35.8584
36.33312
35.67126
35.79117
36.71538
36.46096
35.43627
35.84649
36.11411
36.72464
35.52819
35.1681
35.37379
35.81337
35.95775
35.92718
35.2328
34.59125
36.19646
36.26653
35.55307
36.05997
36.47214
36.26485
35.19785
36.96675
35.69306
36.45191
35.47107
36.88991
36.27655
36.12597
35.62921
37.02659
36.52326
35.54101
36.41898
35.90876
36.43174
35.64471
35.70631
36.05755
36.60207
36.57635
36.04401
36.25575
36.41586
36.2542
35.7976
36.85363
35.82472
35.64096
36.58092
34.99838
36.73848
36.22811
35.67645
35.99366
36.7491
36.56606
35.86249
36.04626
36.43877
36.3298
35.76941
36.06129
36.25682
35.43473
36.08
35.73877
36.94858
36.31979
37.58687
35.65852
36.14847
35.97994
35.98449
36.64506
35.71815
36.34056
35.51322
35.14039
36.06369
35.19451
36.11727
36.30829
36.14256
36.21935
36.92349
36.31843
36.44531
36.11003
36.7938
36.21816
35.51031
34.92295
35.81244
36.85656
36.24165
35.67273
35.99186
35.56776
34.79113
35.03999
36.13923
36.29757
35.95836
35.8596
35.71038
36.07009
36.2159
35.63888
36.42681
36.06232
35.6244
36.70383
36.31992
36.14731
36.04544
36.63655
36.31511
35.89572
36.07653
35.78173
36.01389
36.8171
35.707
36.67256
36.14637
35.67221
36.3365
35.48138
35.22186
36.08139
35.45388
35.99392
36.26865
36.01468
36.44059
35.64148
35.55369
37.00441
36.0032
36.12355
36.08671
37.31279
36.42981
36.04384
36.73333
36.10492
37.08999
36.36
35.80061
36.17301
36.48788
36.35432
36.3319
36.10542
36.29147
36.30988
36.22901
35.85633
36.6412
35.95734
36.63673
36.09683
37.03579
36.16751
36.16483
35.16671
36.46257
36.7915
35.45707
35.46405
37.24862
36.20912
37.05052
35.87549
36.67907
36.54022
35.83085
35.64389
36.15556
36.35279
35.55583
35.2762
36.76921
36.72335
35.93599
35.96942
36.48845
36.41819
35.68522
37.25577
36.80556
36.02413
36.04454
36.23373
36.59206
36.68763
36.84793
35.75906
36.25814
35.57616
36.40556
36.2265
35.68761
36.76752
37.12515
36.49969
36.35023
35.78881
36.3655
36.17001
36.29235
35.74601
36.52765
35.58512
36.73498
36.37609
36.35285
36.03987
36.2264
35.98259
35.49779
35.85791
36.13641
35.59956
36.20977
36.15433
35.52124
35.84891
35.61171
36.25527
36.00714
36.50545
36.25951
36.21322
36.68801
36.22719
36.39682
35.67919
36.52406
37.16218
35.95506
35.56127
36.42663
35.97813
35.91052
36.05506
35.83884
36.49492
36.01773
36.39797
36.28691
36.43244
35.7332
35.61186
35.2596
37.25073
36.28145
35.82536
35.87572
36.41164
35.55169
36.52679
36.3041
36.75128
36.59616
35.47511
36.329
35.98232
35.91732
35.88575
36.26454
36.2234
35.98891
36.16931
36.09846
36.30912
35.92472
37.43457
35.99573
36.00185
35.94324
36.31247
36.82721
36.0304
35.7737
35.03949
35.63779
35.91881
36.16215
36.11159
36.3734
36.41312
36.64766
36.08202
35.78915
36.13241
35.589
36.43121
36.66877
36.17925
35.69986
36.15704
35.90498
36.14909
36.46202
36.3894
35.85366
35.56511
36.33824
36.87309
35.7332
35.72585
35.72945
36.27902
36.08433
34.91915
35.39323
36.90129
35.65256
36.80181
35.23622
36.01823
35.34329
35.45138
35.57957
36.26143
35.59705
35.75575
36.63418
36.30407
36.21551
36.79883
35.78948
36.58759
35.88314
36.62058
35.93085
36.2943
35.91421
36.25942
36.58931
36.72799
36.3641
36.58716
36.66475
36.75372
36.77157
35.94049
36.14596
35.46427
35.74729
36.15187
36.37825
37.03942
36.29156
35.79487
36.13646
37.24607
36.81576
36.48145
36.28918
35.46199
35.95551
36.49237
36.06518
35.92727
36.41043
35.39031
35.5527
35.69152
36.40121
36.34624
36.30508
36.54725
36.16163
35.30525
36.68958
36.16026
36.45704
35.11039
36.92437
36.01596
36.37034
36.01082
36.23644
35.80693
35.94222
36.27011
36.37545
36.35987
35.52819
36.0355
36.54122
35.66578
36.26906
36.20023
35.92345
36.5648
36.63875
35.75018
36.46616
36.17064
35.89919
36.67731
36.32565
36.73887
36.66909
36.92001
36.19742
36.45106
36.19366
36.90435
36.4265
36.7225
36.64227
36.75643
37.05404
36.58477
36.4756
36.23172
36.31269
36.48091
35.43379
35.80232
36.68403
35.75233
35.73612
36.04648
36.07798
36.1044
35.55104
35.93184
36.59351
35.84853
36.03415
36.23745
35.62955
35.45646
36.08151
37.05764
35.43586
35.9615
36.28358
36.56419
35.77674
37.02534
36.25055
36.29769
35.97594
36.3394
35.97567
36.29928
37.30817
36.31816
36.9378
36.17978
36.28295
35.64431
36.03884
36.11639
35.89701
35.8934
36.05586
36.24572
35.74224
36.09896
36.53328
36.47912
36.42499
35.51626
36.06561
35.43494
