215.8312
215.9626
182.7829
183.5149
189.0852
218.7784
218.0049
230.4674
212.6944
224.3908
214.9237
222.1946
214.8809
208.2991
209.3785
203.2595
193.826
204.5165
163.5183
219.7684
174.4804
205.1149
214.2174
194.1735
218.1858
218.5635
206.2071
198.4266
203.5774
204.79
198.2816
211.239
211.7081
200.1233
219.9209
222.2969
198.1652
208.9754
202.2769
216.8481
209.5669
215.2465
223.2756
207.1561
217.7912
214.0094
196.2218
199.6336
202.8484
234.8076
205.7558
199.9633
216.0265
192.1664
220.3797
180.0671
203.1849
222.086
214.7669
206.2489
194.0836
202.5517
204.6817
206.3141
202.4801
213.9674
212.4663
196.6398
223.0136
213.856
229.713
215.3361
184.3878
228.497
223.2373
220.6827
198.7938
206.7126
215.0603
220.4376
210.0421
244.2203
193.3425
225.8511
202.4301
200.3247
216.4233
194.0086
215.178
211.4325
207.9068
191.7983
195.4
239.2816
200.1409
220.382
204.3312
232.537
196.2816
210.1203
213.3167
222.1921
202.0034
187.5453
215.22
200.0809
208.9108
223.2357
205.7535
199.788
208.3095
190.0718
210.8298
203.6282
210.5261
216.2726
209.6419
210.2901
231.6438
194.7255
214.0554
215.6985
232.8827
193.5722
227.9798
205.9106
203.9186
212.1981
193.2595
199.4569
205.7516
200.7369
219.0556
229.1469
210.8089
208.2797
215.2325
215.2632
223.1561
191.8285
210.562
227.6497
189.4913
201.6115
212.5199
209.3428
218.0821
209.489
225.2908
199.5361
218.1586
214.1994
208.6694
198.682
209.5235
199.5844
209.9234
205.8213
198.2107
207.131
189.1471
209.3086
220.1693
204.3096
224.3254
204.1897
212.0363
206.1619
207.7935
215.9571
216.2393
210.8054
212.4206
209.0723
202.7097
228.8546
217.3293
223.8633
207.1475
222.6241
210.407
191.2662
206.7636
208.3895
202.5186
218.0265
193.597
234.7699
211.9989
222.3465
229.2812
199.2298
223.1855
194.3103
229.055
219.1189
223.0287
203.3359
216.2002
182.4961
217.1456
214.8814
221.9721
211.5409
192.8468
199.4254
223.1885
200.4028
206.4569
225.3784
215.2145
182.8176
189.4009
203.3828
203.1381
206.1099
232.8057
224.841
202.2711
213.4295
199.7859
221.7123
221.9199
226.9681
215.7545
215.884
189.2578
222.235
212.1353
203.1235
210.1065
202.0831
189.3177
206.0168
230.922
207.4799
221.263
207.0436
203.0188
201.2831
189.5656
213.3897
212.9875
197.8515
229.1856
185.9656
210.5505
198.1911
198.3009
208.6996
188.1542
223.9096
216.151
196.1591
196.0592
201.7679
197.3014
200.8205
210.3621
208.1785
238.9499
204.3382
244.2807
188.5311
225.1986
201.6531
211.3051
206.0961
198.8551
201.4456
227.3709
213.9004
194.1317
222.5751
204.0235
204.2634
217.1345
197.2445
216.9086
209.0269
222.497
214.2345
226.6945
220.9606
213.3488
214.4288
199.3077
202.8183
205.2576
210.969
216.0715
202.6619
197.3169
218.7645
212.4668
221.686
214.2121
211.6426
209.319
227.4292
214.2628
181.8616
204.5395
210.2175
212.1747
228.4901
216.4584
231.4839
222.5227
199.1618
212.7588
192.6017
208.8874
224.4033
194.848
222.7743
212.4572
192.1229
196.4563
199.6468
212.3725
191.7591
211.8913
210.0454
198.7893
207.7516
202.4508
218.3659
219.1123
196.1756
207.9447
209.4478
215.9942
228.2886
214.3349
193.8668
198.1324
228.8183
233.1418
196.7954
198.841
201.2077
206.138
224.855
200.5617
206.5591
201.8718
213.9581
194.8426
205.6354
210.4018
214.9066
214.3836
219.9661
230.8481
206.8035
231.602
208.4139
218.4786
193.5322
231.8609
192.4552
186.4459
223.3399
217.4984
209.9639
208.2665
191.014
216.7411
202.4186
203.0953
196.9626
199.5318
205.3911
220.7441
199.0364
206.5546
210.2435
212.5162
224.9253
216.9455
207.6533
209.1612
191.1916
211.1618
215.9391
194.6804
196.5582
202.2935
213.7955
228.5559
196.5463
216.2623
231.7905
200.2669
204.8183
204.2622
197.5774
210.342
205.0293
204.8313
247.9295
205.8929
184.6922
196.3596
224.5216
201.5404
218.2205
204.0695
210.8334
209.3671
208.5187
171.8951
222.2401
217.3691
207.774
185.9007
208.3419
209.4821
222.8984
223.5846
203.7274
198.1431
225.4086
189.7259
209.5922
232.2235
220.632
209.6159
218.8295
191.9879
210.8818
223.9111
206.6431
217.2047
206.2864
216.2591
197.6963
190.567
210.6208
212.0922
213.5504
210.6989
209.6618
214.1697
228.3605
213.2546
201.8157
209.0286
203.8915
207.5884
202.0275
210.6484
202.7728
205.2214
226.8913
219.5285
194.5134
229.4985
208.9694
232.7106
198.3873
200.5618
202.2873
199.2968
225.0733
213.8958
224.2649
224.1987
201.3127
208.7727
218.0658
210.6353
219.1756
223.283
221.9068
204.7345
229.1506
218.6859
189.5596
209.976
199.6232
214.1842
225.3942
201.6247
206.7704
213.7171
202.7904
208.1813
214.86
219.7232
217.4498
207.9712
222.1857
212.4373
216.9526
193.0206
220.1669
199.6497
220.169
190.6842
217.6693
214.7375
222.3479
193.4283
201.8361
215.3588
217.5215
208.4748
218.2002
210.9429
205.7161
208.313
215.2851
214.9259
195.5312
198.2149
210.4856
198.6984
199.068
212.0362
196.3768
210.0882
200.7832
218.4819
211.3448
207.39
199.6219
175.3319
213.308
208.5475
232.9908
218.1993
216.8188
198.3455
233.3565
214.8624
208.8881
218.0058
220.1782
200.4153
199.6839
203.3821
220.8576
226.2279
192.9085
206.6201
206.0842
227.2768
207.9017
199.5823
205.1671
198.855
194.7421
202.0947
215.4669
221.2539
230.2417
218.4192
215.7203
193.4819
197.1955
211.3498
209.2258
222.7467
206.5128
211.7238
216.6821
210.3952
188.7707
216.0067
223.5298
227.028
204.8692
196.8515
204.632
215.3334
200.1955
221.6685
208.6172
216.4242
215.7688
205.0994
217.5794
208.879
192.8984
205.1332
184.2272
186.2091
187.1296
218.9199
212.1034
209.4158
206.7989
206.7143
228.3498
203.4472
198.2765
217.3153
199.7384
202.9484
214.6719
219.1254
221.7517
212.1955
213.9004
208.7919
218.8267
205.8729
212.037
223.3835
231.9478
222.8917
205.6723
212.8499
207.0598
209.0537
204.9926
233.4146
197.7992
206.231
233.6299
204.9002
183.5272
190.2494
224.3306
208.3039
207.5133
205.4768
183.5195
203.4012
216.1002
197.7064
199.9775
210.8555
206.7376
212.8941
195.2673
226.2339
215.9297
215.8357
211.4982
195.4051
222.4679
218.0328
198.2984
204.8043
215.5389
193.2364
201.4267
192.0321
208.5986
203.3443
223.1281
197.3755
209.902
189.4583
216.7147
199.0759
224.5803
223.6093
219.5208
204.2333
224.7359
183.123
197.2319
209.336
223.6471
207.2721
228.0918
222.2276
217.224
196.5394
184.5049
186.3488
194.6468
210.248
209.4861
213.5387
203.698
216.0835
204.062
184.3277
205.066
224.9493
201.8528
193.1072
211.1468
199.2542
224.3516
216.2127
215.9421
212.9122
201.4428
202.8486
208.9345
220.6079
215.889
185.5429
189.5807
237.5175
220.2172
216.4878
190.0369
222.1983
198.3216
231.4042
222.8409
195.6342
203.8466
217.1082
205.25
224.4992
198.2866
208.1244
209.2987
210.2956
203.2358
225.5941
218.2613
216.1359
206.575
221.3132
200.0304
217.0042
210.6094
201.6389
232.1231
234.7023
200.906
205.9709
170.9327
205.7398
223.7742
202.201
196.7361
217.2357
216.7412
202.7378
233.1159
205.4276
215.4029
233.0908
207.5032
197.2003
225.3725
210.8079
207.3013
210.7794
233.8422
204.2151
202.0607
241.726
195.7709
206.7382
232.9781
213.0881
203.4212
192.943
213.0953
204.7693
196.8316
205.3193
173.8808
210.9664
217.3354
216.2379
198.8103
209.904
214.4077
223.9148
214.4381
214.176
199.38
223.0123
192.1132
223.9988
199.011
212.6835
209.0199
219.9843
197.3979
182.1563
236.1084
213.8028
195.5946
227.3819
217.045
198.807
218.6098
208.9769
215.7195
192.6186
198.6914
224.3245
240.9716
227.5954
215.028
201.1426
217.7534
201.6321
212.4091
236.3276
225.0158
208.8213
214.2423
202.9531
206.8734
183.9959
220.3738
206.8222
210.1529
197.6636
214.7334
204.018
231.8478
215.6361
208.2808
191.7726
217.4055
206.8284
209.3493
214.0559
215.7068
214.3819
219.5978
213.6043
207.9308
207.2827
205.1764
195.8969
219.0584
210.6416
213.4928
228.0408
188.0885
235.2948
218.8628
200.919
211.6081
209.8186
229.0193
216.2215
215.1417
204.9139
192.4306
202.5133
210.1186
189.9218
215.5003
192.8939
194.3086
214.9534
225.7358
223.1076
213.992
191.9191
216.2482
235.1774
240.6183
200.8708
205.8596
203.311
202.5022
224.4139
201.0571
201.0087
228.8605
216.2032
219.3566
191.3896
201.7688
184.687
185.9589
213.3356
218.2362
208.9698
225.7089
202.2078
209.5715
195.4243
206.3974
194.7753
185.5499
205.0135
188.5707
210.7759
208.4392
216.9268
212.0104
203.3936
212.0876
221.9478
187.0874
206.5419
207.9756
218.6307
214.9311
241.9774
214.8189
222.5638
212.5303
191.6548
223.2358
229.0616
210.3379
205.5047
209.5986
211.1026
211.2447
180.9068
208.7635
205.0636
201.2252
209.3617
207.9901
210.4865
198.9315
224.6145
210.0579
195.0705
231.1545
245.3072
222.8195
201.5058
202.2838
195.5169
213.6475
206.8149
184.2382
211.0288
205.7288
226.338
193.1039
197.8568
213.2665
211.3339
183.5282
211.6904
225.6878
181.8383
199.4223
206.6457
189.4318
206.6579
199.5318
207.1458
199.7054
226.4906
215.1976
204.4792
208.8367
214.371
222.6676
193.9515
205.4739
189.7966
213.2002
201.1913
225.1315
205.3803
206.3704
204.6238
199.9066
203.9783
208.1367
211.0663
206.298
214.6913
193.0563
189.8727
210.4949
216.2557
207.1114
222.111
218.6617
214.5024
202.5416
212.593
209.5509
233.8709
191.6351
208.1792
219.3059
204.2485
208.8598
198.7337
210.4464
198.0412
196.2046
210.5971
208.9022
204.0379
224.5564
206.6006
204.2358
212.1972
204.4423
195.6159
237.4293
207.3195
232.892
209.2904
222.3612
217.5735
198.0758
209.794
205.9598
210.3846
230.1748
224.8739
200.6833
226.8558
203.5347
205.4688
212.1392
194.9513
213.2441
197.7622
204.6887
185.0176
233.6346
224.4684
204.0918
245.0266
190.0235
195.8658
199.8079
236.7343
225.131
198.2537
226.0302
206.0555
206.5943
196.3457
222.5991
191.8445
204.5988
219.4893
224.8265
228.1042
241.4641
203.9303
200.3047
210.7651
203.0862
210.9371
218.517
181.7723
201.451
210.7916
217.8138
215.9519
193.8631
206.6135
213.3889
203.6421
217.1113
206.1401
193.4035
203.3716
197.4192
195.094
223.2991
224.3762
220.9001
207.6653
224.1999
184.2804
228.1967
206.1293
225.491
212.6723
233.9378
203.0608
193.439
203.5751
223.1118
222.0121
206.8769
219.6429
230.0156
195.5232
220.6218
223.7286
205.3244
219.479
223.5386
195.7963
212.4958
216.9305
181.2748
197.6139
212.4291
202.8832
188.1574
193.4803
221.8717
223.9814
201.6525
201.7931
200.8252
207.9558
188.0921
220.4236
210.0992
205.4673
207.1305
210.3482
214.9313
224.7452
202.7103
206.7989
206.6194
197.8896
192.4393
201.1835
207.2068
208.0523
206.6181
204.0702
192.3716
194.2787
206.8725
201.98
196.7822
217.9746
209.6959
203.7176
198.1769
234.0374
221.865
209.4946
216.2022
193.4067
223.0525
206.7756
218.5902
227.8978
200.537
212.8059
195.9966
220.9644
206.0665
199.7045
226.5831
207.0879
189.325
214.53
213.592
212.5605
211.8177
197.4356
188.1094
200.9786
204.8836
221.6698
189.5403
207.6234
199.8604
199.1493
194.2716
244.4707
203.08
207.7795
228.5895
218.8136
200.3442
234.4408
211.4379
224.8484
212.2713
206.582
193.6163
194.513
205.9454
204.5008
220.3152
213.3743
213.5955
231.2374
221.7987
204.3289
204.4819
200.7501
235.1051
197.8677
215.8264
203.8465
192.4116
216.2705
199.6704
222.0031
189.369
212.775
201.462
193.8504
213.292
220.7862
221.6279
220.7669
207.2788
220.5396
206.2721
211.7481
174.9729
207.4003
192.38
208.0743
209.3018
212.4006
207.0114
231.3426
237.9667
202.5532
214.4759
219.3228
231.4085
207.7186
181.5092
193.2629
203.7339
210.2849
189.3148
211.1436
219.8205
217.159
217.8708
197.9123
215.4627
188.7702
198.2049
189.6472
225.3299
212.0693
225.1833
219.229
210.2998
205.8613
202.5631
227.9896
201.2292
198.6097
208.3733
217.29
200.3289
210.5194
199.8581
209.2466
226.7802
204.3828
195.25
209.2912
216.5884
214.3188
220.5017
203.5907
216.9939
203.6441
193.9927
200.1383
222.9575
190.8416
204.5832
231.1088
201.1333
205.4653
204.251
207.6748
224.8117
211.0143
194.4465
216.155
210.5038
200.1684
195.5847
188.7527
212.8789
188.7433
184.8314
227.7114
186.5416
207.1502
166.2884
201.6979
202.7363
204.7751
213.1498
216.5036
217.6032
200.1397
189.0106
201.8727
228.8218
198.8518
197.9253
225.1648
199.4256
206.2878
188.074
221.3787
231.895
188.457
197.9772
205.8764
194.8371
202.369
214.5232
203.4321
205.4657
200.9262
208.0763
188.8759
223.6237
224.0941
227.1809
217.3441
205.8848
219.4228
201.5494
199.3653
222.7105
209.522
223.0525
230.0261
200.1694
200.0744
216.1194
210.6524
211.0866
193.1587
220.4415
191.653
191.3062
222.3837
203.4052
175.0867
202.1232
209.4162
218.5895
226.4291
210.4634
196.9291
211.0813
227.8254
211.7235
206.1952
223.9207
222.3347
205.4267
212.5296
212.1099
215.4496
193.0362
234.4566
204.1919
217.8503
197.19
192.5409
211.1527
224.9939
222.8966
183.2192
189.3284
210.6688
196.0461
204.9573
203.0771
204.9844
208.2513
203.4342
193.3123
212.5677
198.8517
200.648
193.3033
216.1197
215.6244
218.0273
218.0164
219.2548
222.2373
218.2115
211.2116
234.7492
232.6703
212.0027
207.1944
198.4336
211.3515
213.4174
196.5036
212.0802
212.6868
210.4951
219.7303
207.7603
195.0401
212.494
241.1281
200.3699
208.608
202.5268
219.6275
202.5034
212.6081
199.2767
218.8302
238.9123
216.1671
228.131
221.7471
233.7412
203.4977
204.4101
206.3187
219.01
221.182
222.7311
212.2853
204.951
199.1683
223.9798
210.0122
220.0118
200.1897
216.544
208.0567
209.9117
189.4303
208.8336
206.7297
206.6936
208.0542
206.7543
217.5543
221.8786
215.8581
203.9946
223.245
217.2311
210.848
214.603
205.0784
211.2339
212.7516
239.2021
219.9197
187.8081
199.8447
213.477
204.3652
205.7868
220.5742
181.9103
217.0899
188.423
222.9824
209.8421
198.4499
224.7683
203.7684
214.1213
184.3598
219.0988
213.7208
212.334
194.7413
217.8154
187.0969
213.8011
210.228
212.9036
219.7992
217.3744
191.3463
195.1532
225.4954
197.5839
206.974
215.0786
212.3922
199.9824
206.6318
210.7799
195.5536
217.2
209.182
217.4683
192.9815
217.1774
201.011
204.1569
218.9664
207.99
218.2621
202.3424
214.7434
228.1623
219.1224
206.8478
209.7845
214.7084
185.5731
208.0948
214.3187
225.9034
217.8829
208.7189
204.0254
211.5755
210.1601
207.1327
209.4295
200.1512
196.799
202.511
214.5463
209.549
211.0632
199.6647
197.3148
176.3363
202.7167
195.6585
200.798
215.4536
201.8862
215.5762
220.8331
203.1327
230.8917
237.1638
218.7654
183.9875
215.2824
203.1386
216.127
206.7715
213.6467
215.0734
229.3763
228.7181
202.0965
207.9634
214.2868
204.3015
229.5574
232.0808
228.0287
176.8143
199.1404
210.5306
187.4297
200.8725
188.6456
207.0918
231.5487
209.5959
201.224
224.0245
209.0992
225.3358
203.3698
193.7468
215.0478
208.1113
237.6839
204.3156
212.3
184.9728
211.8162
221.3224
234.1139
201.1142
211.0764
195.0099
223.0517
214.8881
199.1193
175.9255
217.2536
208.6331
212.9516
187.1476
219.463
218.4347
208.0116
200.4728
220.1927
232.1295
212.0019
200.1742
236.212
210.2723
214.7684
215.4947
234.9219
214.5519
211.0906
199.0017
209.171
208.1448
203.2673
197.0298
229.9349
203.6973
199.0884
194.9318
203.2589
230.9149
215.4727
195.6111
195.5918
199.9078
192.092
206.6516
191.8792
211.8536
205.0562
209.4969
201.3051
200.8752
215.3679
213.6751
223.9292
192.5487
198.6416
216.6997
216.6569
211.9398
205.4282
203.441
221.9382
216.7195
194.3937
197.5014
216.0262
202.5909
212.0287
198.7194
191.73
236.7172
212.5745
221.4327
209.8999
207.7194
201.5736
208.4755
209.8975
212.1031
220.2463
233.3006
228.6269
197.5907
212.1712
216.2811
220.9107
220.7173
196.7259
203.4877
217.6479
216.4111
207.7807
202.7378
198.1516
196.1814
223.0419
188.3268
199.2698
220.8089
204.1081
206.5261
218.2702
209.2808
220.9954
200.1393
199.4294
206.6708
214.7429
218.1741
197.2609
209.8078
221.8069
191.4286
185.232
193.1289
215.5679
189.6158
192.2837
202.4791
210.4642
220.6753
212.2298
211.4816
199.987
221.9732
221.2827
220.8494
187.5265
216.1704
235.3907
227.1411
233.6925
203.3509
206.0017
232.9017
192.5768
208.8379
222.7208
222.0599
205.2681
236.1932
217.62
220.0865
205.5274
197.391
213.6632
195.3079
216.8871
209.2088
191.4297
208.6394
217.9944
190.9774
217.2058
211.3814
203.5044
209.2349
202.1521
199.7389
209.6585
200.136
216.8001
212.2217
208.9959
212.3516
207.4997
227.5087
218.306
182.5031
180.6325
196.6565
214.7531
192.5462
194.8356
201.6611
227.0605
234.2857
228.2563
219.1396
231.9452
199.5599
232.0362
209.5565
223.4727
212.4818
224.0079
208.316
207.6148
229.8285
222.1182
221.9404
178.9681
209.1552
201.157
204.6113
215.2764
201.4482
203.8784
189.0356
220.1227
216.0301
213.3422
207.4734
202.4302
224.498
220.7847
209.3043
199.5813
208.0022
214.3315
207.6723
199.2661
199.3248
223.0886
211.482
216.0567
217.7259
200.3338
194.387
201.6265
188.5569
202.9399
182.5918
209.716
188.1004
207.3959
224.2991
223.472
195.3886
183.7013
213.3023
213.161
199.4912
214.1556
207.3653
216.3514
193.6199
194.226
207.3894
215.3066
201.6719
217.3259
212.8776
208.7551
222.711
209.9819
217.1054
216.8682
210.4492
203.7402
215.2104
214.6621
220.0296
209.7363
223.3422
202.264
187.0981
194.6193
215.8393
215.9563
226.0809
207.8701
224.6018
205.0422
213.597
208.1452
202.0472
209.2901
201.1425
204.6129
217.2254
195.6318
202.3971
216.9523
222.3045
229.8253
202.6463
202.0044
228.8608
219.5152
216.9939
216.3353
213.1409
236.471
198.3311
200.7277
213.4057
199.7999
197.6505
197.2315
210.5249
219.9332
192.1914
207.5333
219.1405
204.1139
196.4106
201.9657
208.2202
217.2133
228.2343
217.6675
199.4688
224.9303
231.3337
233.4163
210.7415
215.6573
210.6269
206.8472
197.7738
195.6356
222.5276
215.1109
201.6557
204.6395
187.8043
173.9408
201.4631
221.1174
219.4867
203.5523
226.5325
191.349
197.0251
188.5843
213.4797
215.2765
202.0335
203.2067
217.0951
196.3598
210.7344
227.7782
204.5613
195.6728
231.9551
194.1099
225.2914
203.793
197.56
219.9683
217.1034
230.3682
209.2001
223.3516
220.5077
211.1371
202.7612
211.6249
192.6643
195.803
190.3186
229.606
227.5129
221.52
223.0073
181.0748
228.6905
215.3518
211.0887
195.6078
200.5037
194.025
208.8774
185.313
216.6581
212.1111
196.8182
210.0284
201.5143
198.8168
196.3981
223.0233
215.4881
203.0301
202.2882
209.9528
202.3734
207.7413
200.9485
219.4397
200.7201
211.0564
223.0055
205.7472
221.5423
203.1355
199.4331
215.6668
214.8772
193.0798
210.0499
190.2502
214.6345
221.7318
212.2502
212.3419
226.7822
186.4896
213.7027
224.7863
214.012
201.398
197.6329
205.6029
222.4188
235.8642
200.7808
219.6827
206.4255
231.7438
208.3695
216.517
204.6439
210.3482
221.0085
207.8913
236.7179
211.8796
210.7331
211.7272
194.2478
213.921
230.8897
212.9467
190.2196
207.5338
221.6055
231.6426
216.4973
186.0626
206.3715
207.5676
208.1906
198.75
203.7966
233.1071
212.0308
211.8692
237.5607
220.3258
211.6143
213.091
195.0139
191.2341
187.7915
219.1044
203.4412
202.9031
223.0032
191.4262
234.3133
215.9706
194.763
243.9113
212.1579
197.8896
216.3864
215.5875
201.7267
202.0375
199.2931
208.9759
218.5179
221.3187
194.7874
221.531
217.2656
207.2436
190.3657
197.2102
203.959
229.059
206.3413
232.0291
212.4264
218.4125
211.1492
231.8728
216.8705
220.6906
209.3956
209.7872
224.2742
221.392
194.2127
234.7851
211.9728
204.9512
220.9332
218.3246
206.7525
214.7259
232.092
226.1054
202.2694
210.0974
224.8784
213.55
198.4654
198.8131
236.5195
209.492
206.8242
225.5397
183.949
203.9645
205.184
218.2479
202.9018
216.1702
200.4203
223.3266
214.5696
204.2533
186.1127
212.6715
180.8917
186.5524
214.5265
214.7264
217.5433
199.9023
228.2445
202.7942
209.3657
229.2916
205.3958
212.9515
202.0129
215.306
238.0193
199.2292
199.6291
230.2774
237.7576
234.2605
209.2411
221.6615
207.9414
229.3394
229.5339
204.9945
221.1996
214.3061
200.1528
200.5537
217.9146
220.7396
204.3961
214.2323
217.1438
204.5065
224.7302
226.0724
208.6398
215.4018
222.9842
209.4665
218.3975
227.1437
188.1841
223.8771
216.4063
209.1728
229.8384
210.5749
223.9493
221.1247
229.4154
185.7736
214.6924
191.6752
205.7133
228.0214
217.1452
207.3459
202.3341
224.7451
189.3636
196.9772
243.5697
203.7146
213.9205
213.7051
217.3781
214.049
204.4643
210.5131
218.9388
207.3952
204.2415
203.9714
219.6186
210.8612
213.1793
196.8427
195.7357
225.6079
190.1459
209.6832
206.6621
225.6655
213.7543
212.5004
202.928
197.452
212.275
203.5902
196.8658
192.9187
210.2519
199.2924
197.805
218.0625
229.7373
217.8484
202.3342
188.646
185.4031
210.0364
214.0128
184.0238
184.8176
189.3881
212.2895
217.9114
208.4971
216.0953
221.6167
194.2725
228.5516
202.3923
203.5082
207.935
200.2876
212.1492
223.947
201.2611
219.2355
214.1982
210.8036
235.4801
211.7281
195.1415
208.9966
230.884
229.2563
211.9478
217.4015
195.4956
211.9982
204.1752
200.4594
198.4568
228.9935
211.4337
212.5142
226.8326
235.568
190.9319
222.2972
205.4312
219.8723
211.262
198.705
212.246
195.1344
211.7855
191.2576
188.4962
211.4412
229.6875
200.2236
206.4216
204.1875
226.3934
207.8821
206.9248
226.7577
219.7338
221.3488
194.9358
227.666
198.9454
220.5325
191.6219
214.0717
198.8147
205.2701
207.2951
180.7141
204.6981
206.3587
215.7932
216.0426
214.5427
215.8978
200.6123
210.2757
221.9501
206.3402
189.7906
203.1416
198.4204
211.7592
209.7426
214.5877
211.9284
233.6064
210.2952
238.8185
227.3418
217.8875
214.4293
207.0146
196.2578
232.9897
183.8543
213.1979
204.8783
213.4567
201.8443
212.1571
212.3493
206.4191
193.254
189.7135
233.5785
216.2499
238.8089
190.3586
205.5018
222.5868
202.0472
213.8422
212.0684
224.8332
200.1975
205.3974
195.4124
212.1645
207.6161
238.3305
191.9953
219.2765
196.5886
180.176
218.2761
214.1826
218.6824
193.2803
202.6627
215.5658
235.9939
201.5513
222.6304
222.1698
197.3912
213.5709
228.4488
210.4552
191.3447
218.2084
210.6382
210.0193
213.2091
208.5306
216.9014
197.6593
210.786
221.1025
205.2187
215.0344
215.5165
198.7247
237.8099
199.7497
197.7492
210.3584
216.7159
194.1583
200.7697
200.3426
208.423
206.5085
208.5176
187.1865
224.6553
210.8478
227.4435
205.0456
202.7917
221.9191
198.8734
202.3786
230.72
190.8285
198.798
203.7668
219.3747
217.701
198.9826
211.2909
190.0457
221.0806
213.1731
210.0616
205.0946
220.1411
208.9807
192.2183
207.0112
194.7779
227.8175
219.8502
213.9532
214.2579
199.5494
201.5699
208.8732
211.0337
208.4893
203.4072
193.1499
216.3403
215.8863
220.3119
206.0263
228.2321
192.9574
231.1237
222.871
209.3548
213.1037
213.1209
238.2107
216.1423
215.7308
216.185
195.105
220.9517
198.6445
211.5365
214.9988
210.1117
216.158
235.7443
211.3102
226.5892
208.2417
215.8476
190.368
210.7865
191.0335
209.2967
209.6786
234.972
197.8423
188.4843
214.2178
201.8213
200.0859
205.717
224.1028
217.187
218.2935
198.3356
222.629
229.8541
197.9708
181.1609
206.744
211.834
203.6024
213.9773
226.5293
209.487
204.7475
236.1101
214.2861
212.2928
185.5565
202.6135
188.2112
189.4795
192.4424
221.8558
206.3789
219.5234
219.3598
210.0431
225.8918
205.8448
225.6745
208.0026
198.3574
228.4545
199.278
207.7195
216.3038
194.4035
210.23
197.8963
186.9876
196.9926
216.538
213.727
214.5777
204.8795
209.9652
221.6669
203.7177
212.321
200.2966
210.0524
189.8536
213.9035
185.6858
223.7171
210.1848
201.6764
211.4441
215.5409
180.9683
197.1236
212.0723
202.0384
219.5881
210.4988
210.0591
196.3763
212.8822
217.7647
186.6109
241.3801
228.4683
219.5818
223.8809
230.3488
212.9778
217.3453
183.9194
223.7825
202.0363
203.5317
214.957
204.419
208.6126
227.709
206.2638
216.7365
192.902
197.8526
194.4611
201.714
203.3499
196.4441
198.6918
200.1433
190.03
230.0598
210.2378
220.3622
193.0246
215.5883
230.0295
194.4578
204.7215
209.5981
207.1883
205.6036
205.5056
229.8535
200.469
216.3517
209.3777
210.6356
234.6927
211.4187
212.2163
191.1129
215.4337
246.8783
189.213
201.2279
204.5859
202.7036
198.0413
219.5711
216.1595
235.3681
205.7321
213.2466
215.838
219.156
196.9659
225.5371
218.8009
211.246
197.2135
198.8234
216.7474
213.5305
235.0462
181.655
222.4261
199.805
208.1185
210.4175
198.6252
203.2458
208.9519
204.4147
196.08
209.5507
211.215
227.1831
184.7596
220.871
205.5717
206.1482
219.6792
205.5644
191.5237
200.163
205.4503
203.2743
201.0678
208.1184
197.223
219.0621
221.0641
189.4524
205.9861
179.1715
219.7124
194.165
195.7125
210.4354
237.7907
214.7302
204.4003
176.7486
234.3222
218.4562
218.7179
206.9478
201.927
204.6162
214.3621
226.2226
201.7177
214.3532
175.4097
215.5445
240.6264
217.2183
202.202
195.092
235.8976
192.6467
222.0769
210.9808
204.9303
210.3251
193.0122
218.8327
214.5001
202.5507
207.1305
211.241
204.4054
210.7087
229.5562
207.7167
172.1046
198.3224
219.2662
201.9998
227.4203
217.7287
211.5118
226.4934
207.1107
240.0756
210.1484
221.1957
212.088
206.0195
209.2237
207.7997
229.2059
191.8074
220.2486
234.956
213.1546
213.2144
206.1837
212.9358
205.1174
190.3526
203.1356
211.2361
227.3656
220.4636
201.1384
213.0857
205.8474
222.7829
221.8676
212.8337
232.8959
226.3902
220.7488
207.2613
222.8856
210.4119
207.8186
220.6771
238.5523
218.2856
217.9008
200.708
193.0127
209.1216
172.889
177.2989
218.0032
217.5319
202.4307
194.3375
212.3479
211.0335
181.1986
208.0127
217.0521
220.9954
200.1397
234.7297
203.9371
214.0844
219.0728
202.2677
220.8399
236.113
183.6869
186.29
192.5699
203.5895
217.2798
191.8905
199.7377
220.4618
200.9557
210.5477
213.8797
212.992
215.6515
223.9304
227.7969
205.5356
209.9934
215.7669
190.9677
204.275
200.1067
198.4956
227.5273
212.6775
219.9902
231.1817
192.8467
178.6331
208.8527
197.6069
212.6845
199.2999
223.9211
205.8321
220.2995
215.7059
220.7115
213.0496
219.7276
210.0806
222.7533
207.691
217.761
230.3017
195.9987
215.4454
206.1148
210.6051
215.6671
207.6189
203.7783
217.9863
214.016
207.0243
190.0032
197.1116
213.7129
230.4835
208.4762
214.5861
212.7276
212.8437
202.5152
199.0003
218.0807
209.077
215.5571
217.5384
226.3796
201.899
204.4956
176.6914
214.7391
207.6029
206.8373
196.1903
208.4242
222.6316
217.2155
189.6859
221.5934
212.5034
206.6509
250.7049
215.0381
217.5902
187.6786
226.0963
212.3118
199.2213
198.2893
204.1655
209.2582
224.8714
209.6106
210.3062
209.1389
217.3623
211.7279
216.7743
208.727
240.8526
201.0623
198.9032
195.8544
240.3677
214.6441
207.4468
207.3971
211.7802
211.7603
237.1164
212.2316
220.3031
211.6323
196.0254
199.3225
195.3443
223.9403
223.518
200.5984
213.4822
181.0347
215.6318
203.1889
205.7107
214.3292
222.8831
204.4169
218.3378
216.5111
210.6527
185.5347
229.4587
228.8685
215.0785
198.0893
218.6729
214.6839
196.4593
191.4592
192.784
223.392
222.8721
216.2868
212.9195
201.7512
222.7834
216.0549
191.8829
201.099
224.8635
192.9329
226.0224
232.0292
209.5758
202.3851
208.0228
198.6334
207.7721
191.3888
222.1654
213.9753
217.0609
211.2835
218.3694
205.0959
205.5757
196.6199
198.0658
228.3578
211.9895
201.8472
229.829
208.0489
187.373
211.6255
211.1292
200.015
227.581
200.4936
222.8346
210.5818
217.213
222.3497
203.0607
201.7801
198.3611
212.635
211.8466
210.4846
207.0974
202.7724
209.145
214.171
192.2867
206.343
186.4318
215.8908
224.9102
199.5276
185.3243
210.1282
198.3062
212.3361
210.0376
226.7257
205.1918
215.8478
211.3345
208.4086
204.0887
206.3846
206.7157
212.7602
224.6725
205.955
205.6252
212.6644
196.8306
199.7503
217.8583
211.1515
199.3884
213.7674
220.2691
214.0744
205.0072
212.3014
194.3192
205.2
206.5141
219.7761
210.4475
220.3105
185.4878
217.8506
199.2466
211.3932
206.3584
207.0563
194.6263
215.1913
208.1996
214.0895
206.9579
189.0931
172.5005
223.0883
207.835
200.7724
201.4753
226.3233
211.9605
207.041
185.3528
207.6704
197.5991
176.2401
215.3918
211.9677
197.0267
204.7707
229.0754
210.2167
218.8546
207.1306
212.6739
227.644
200.2296
210.9807
196.3378
207.4517
213.3737
219.8847
229.6264
190.9956
197.845
210.759
215.1035
240.3825
219.0032
203.1903
212.7303
207.0393
239.2569
204.1236
226.4923
225.6349
200.8679
203.5635
197.2487
216.945
203.0954
212.0707
206.184
214.5149
213.968
201.5874
202.978
225.5734
208.3868
210.2964
211.1308
209.6791
221.3125
202.4321
189.9923
212.1177
215.3238
193.3195
205.6503
209.8935
210.6308
215.2444
240.5501
202.3649
207.3488
212.5454
224.3646
190.9718
224.5166
216.4009
209.4469
207.4707
218.7371
216.778
196.8395
215.0472
198.4341
227.8613
220.7935
214.4907
227.6321
211.1945
187.3683
220.0925
210.7115
217.3878
214.0982
215.4121
204.626
200.095
250.8405
209.4535
222.3127
202.5342
196.8621
221.7001
227.2765
202.6002
199.5207
196.0939
220.1062
216.2065
220.3962
215.7627
204.9453
206.3593
202.4791
217.3642
214.195
196.912
217.068
196.8652
194.9078
197.7784
211.2876
226.8143
187.5735
186.4875
211.1506
207.4879
214.4521
233.1149
206.755
183.0863
210.3086
223.3445
204.4744
235.0613
185.7643
209.6351
220.7717
212.8645
206.8407
201.8424
203.6447
205.0861
223.3025
221.9097
207.5739
211.5371
235.0306
225.0147
208.7341
215.6354
208.0569
208.2309
208.7497
206.276
213.1516
200.2332
223.7603
217.8265
222.0773
220.8483
202.9747
246.2871
197.1639
180.4471
231.3292
215.2577
213.2878
193.4055
195.1573
164.8289
194.3054
208.5883
198.6778
186.7756
217.0732
233.4824
214.3602
212.5789
221.9353
215.4577
209.0253
214.8631
186.8124
207.2963
225.4183
207.0121
210.3222
192.2336
221.6349
213.1812
233.2854
197.8065
221.0709
211.8354
198.5684
211.9153
191.2839
215.0998
210.4405
212.5126
215.0997
222.721
211.8729
200.7286
201.6912
204.4493
184.6943
211.3435
197.2562
203.3417
202.7659
211.693
234.3495
218.8849
206.351
186.6466
224.3952
198.8243
176.8346
206.2708
227.0675
235.4105
194.8949
178.4256
205.0404
214.3457
224.6545
224.7442
208.0063
194.1678
217.3564
198.2768
187.3518
201.5706
220.5149
194.9752
205.011
193.046
221.6988
212.1664
193.6582
206.8323
220.3926
209.3953
199.7647
204.9066
198.8559
214.5173
214.6776
213.3191
211.9521
215.3014
206.9415
212.9049
194.6484
217.6452
210.2923
208.0034
204.7112
228.4839
205.5143
201.4865
207.8811
216.6339
231.0401
204.2857
193.0149
205.8463
206.5927
211.55
214.6695
208.0875
196.3024
189.6691
202.1361
210.8068
207.1683
215.8518
224.5982
223.1095
218.1728
199.7388
217.9851
202.4206
186.7125
220.9741
216.9112
190.9865
205.3366
237.4644
217.8621
199.377
195.3571
208.7243
214.2285
214.5799
199.9961
207.4257
216.6245
228.23
223.9494
220.7719
220.2197
223.8823
224.5756
235.1701
214.0266
217.8544
207.7311
213.328
212.9629
223.7929
213.8001
197.3376
197.8603
204.582
200.462
196.4168
188.7869
223.7539
197.2115
222.4599
199.7667
228.0047
235.6513
203.6361
234.9667
220.9895
182.7153
206.4883
208.4177
206.0267
210.2394
208.1422
210.7625
206.9156
205.548
212.5853
225.9455
197.575
207.9332
212.8347
210.6357
218.2372
208.7746
219.2806
205.05
205.8423
204.3588
195.7588
226.1297
213.663
225.6279
233.4403
235.1928
206.3025
234.4318
194.7003
207.2942
189.6634
192.9652
216.507
189.8944
204.1817
208.1158
203.4859
204.8482
223.1184
214.7896
188.4522
214.2728
208.5589
200.2064
223.4604
218.6359
227.022
208.2948
219.4305
205.4752
182.0255
197.1392
197.7895
223.2719
196.2598
215.6966
226.0117
221.5928
202.6235
232.5893
233.9244
219.7169
200.1615
206.1282
217.6296
186.1236
191.6822
222.7456
218.0449
234.5499
198.7273
206.9376
217.5103
235.8855
221.1981
195.2691
221.2564
207.0518
214.3614
194.5855
190.6834
189.4484
204.5203
229.8703
219.5734
224.5026
210.1857
198.4743
204.8259
217.8269
239.1079
220.7292
223.2595
195.0406
199.2633
199.8196
194.9193
180.4579
206.3181
182.2753
195.9067
196.3614
219.8774
197.1507
231.2123
196.8075
223.1781
220.0971
218.5386
222.3617
216.5557
205.5681
207.1347
201.9139
209.1702
218.2114
213.2989
187.4069
218.2932
179.4577
204.6117
210.1996
225.9259
200.8183
213.3466
199.28
198.2678
182.5519
214.0566
216.7577
198.1995
202.7661
191.6755
225.5751
210.4194
230.957
228.5243
203.1178
195.869
217.6998
216.9031
208.177
205.4158
209.4434
233.0876
212.1199
219.9432
189.8252
214.211
225.2003
182.1368
208.0997
202.2244
216.2619
217.5877
206.9112
197.0014
217.2723
205.2904
220.8414
228.7261
192.2272
194.9106
206.8698
199.405
222.6526
211.0668
218.75
201.2844
198.7183
191.1511
210.9483
215.211
200.1938
206.4367
214.2999
201.1042
216.5726
211.7244
195.589
202.2052
216.2365
212.9245
215.7627
223.1351
199.7725
193.1761
208.5417
195.4047
234.0876
220.9235
200.1047
221.8702
193.1849
198.1543
210.6843
223.3195
205.7421
207.3204
179.9417
212.8358
217.3457
200.2531
220.1548
197.4167
213.3165
203.3132
212.0174
239.4588
191.6061
222.6529
210.5517
208.3766
226.0086
221.6547
222.7527
205.7231
214.3629
225.3072
206.4931
211.3286
203.9484
208.6193
220.5974
197.0113
212.5645
204.4174
192.8468
204.7212
204.9415
218.8915
211.9381
218.9615
203.8197
211.729
222.9763
232.0791
208.4022
225.744
200.2593
200.104
236.2091
205.1646
197.3119
227.675
216.7551
206.3222
205.5395
205.3912
212.4375
231.2872
209.9874
190.446
194.8029
206.1836
207.5412
226.5775
210.6769
197.7
218.8801
213.6768
204.2713
211.4955
204.3994
225.5892
204.0309
216.7304
193.2172
225.9005
212.8192
201.2347
218.0958
216.0337
205.9848
191.7052
195.7157
236.1358
191.4674
193.4833
209.5429
208.7539
206.311
190.0948
230.4414
212.8954
201.379
221.3735
219.7082
202.4885
214.1102
221.3446
220.3518
211.5279
227.3503
199.0207
223.317
228.8862
200.1272
204.8041
211.0453
200.4677
204.1983
219.8973
221.312
193.6624
191.3726
217.3126
201.7106
206.6077
199.8586
217.13
179.3531
188.5967
218.3656
205.7869
197.6413
198.4633
207.5382
223.2877
206.2576
227.7748
204.3659
212.4052
199.8493
225.1754
196.296
210.6128
218.6409
205.4525
203.6296
183.2232
234.3125
193.6905
223.4893
226.0477
178.2496
206.9892
197.6616
222.1384
212.8462
204.4906
196.0587
196.7896
190.6211
234.5057
233.6202
210.767
211.0718
220.2645
223.8385
214.6173
201.8531
221.6466
203.9034
197.4463
209.4382
240.2522
208.4403
201.9363
202.8893
196.1538
211.7055
198.675
218.2016
203.8915
206.7111
207.9237
203.8079
204.185
188.5022
236.2517
209.908
212.3692
197.6818
222.4261
222.9652
209.2714
221.0892
205.5325
198.1221
207.0398
197.4348
212.7126
201.4466
215.5997
204.7775
195.9178
202.9349
205.7922
214.2076
197.8591
200.4906
228.2027
212.5635
205.7214
221.5553
199.3047
199.0094
228.1472
198.7789
199.5295
204.1626
210.5739
204.06
187.9474
221.0066
214.885
188.6882
209.1059
213.1537
206.472
210.7451
210.8877
197.9285
218.4034
202.6869
224.8166
213.5665
220.584
200.4862
207.1529
199.1534
204.6539
214.6274
207.5193
219.1516
218.5664
222.4085
202.6958
217.6636
212.3339
217.0448
210.4806
205.5757
206.6197
220.6315
215.9648
206.7717
220.2277
193.1261
200.4915
203.5672
214.3432
210.4431
203.3771
219.7052
191.9589
217.1731
228.8503
223.0352
220.6269
181.1622
212.2183
201.9283
209.6135
211.5447
189.7117
215.6187
216.223
214.1216
190.7795
212.6182
194.7193
218.7756
205.4363
203.5656
194.3525
205.6522
222.5556
193.2694
209.9308
220.1187
204.3941
205.5202
221.7031
198.1373
207.2771
193.2796
204.5926
202.3936
185.7193
207.8797
207.1714
212.3461
216.0419
199.3495
214.9582
207.1955
233.5719
218.241
216.0649
206.6649
200.7326
204.0288
225.0893
217.9851
208.7892
212.3443
193.0007
200.4612
202.7582
221.5992
210.8853
175.7701
211.4965
207.5213
202.1863
199.3577
194.5877
218.3353
222.5856
227.886
249.8341
192.0964
202.3552
198.6475
216.2397
225.3143
212.6667
216.6903
206.4398
195.6003
202.8523
231.9565
188.5857
212.481
212.3188
191.0271
208.1243
201.4841
217.1349
195.5676
210.5586
205.2674
217.2867
207.0772
203.7888
214.8138
217.4641
190.1868
201.4203
214.9345
220.1944
233.8283
208.873
208.5898
210.146
208.2199
204.4363
198.2222
187.9115
228.5208
202.4153
193.7457
204.0157
208.046
194.1828
213.76
207.3485
206.6057
213.5571
199.3133
177.2202
224.2886
223.1744
196.1486
211.0336
215.0118
216.4247
204.1961
202.5217
216.1817
223.861
206.4347
215.8197
205.326
234.05
219.899
232.8642
223.5451
226.6787
208.4074
197.1519
216.4481
232.3813
230.5588
203.7294
206.2697
200.3624
198.6583
215.4483
217.2058
196.0599
180.8744
201.2972
208.1515
212.5118
223.3373
202.1784
234.5086
210.1906
217.6088
220.8288
204.1053
202.9743
205.4301
230.4335
227.738
212.7431
209.621
234.0591
207.3754
190.3143
230.6623
204.9061
206.4889
202.8657
199.7964
194.4922
205.466
217.9033
201.9536
198.6919
225.7816
224.2843
220.0199
217.5597
212.6446
215.4861
183.5735
208.4049
204.301
213.874
219.0512
202.0709
212.399
190.0105
212.6353
213.9496
225.7738
226.8956
200.4712
225.8115
215.6208
230.241
193.8377
233.0658
213.022
239.3913
228.9412
223.2303
227.1002
223.8116
215.7197
199.1596
208.4334
217.336
222.5608
220.2024
200.7361
213.9987
197.2869
213.621
193.9931
177.9867
208.4039
215.5032
211.1545
215.0578
228.9372
213.4297
216.5139
204.0656
229.6693
222.1799
219.6638
211.4584
222.897
216.1298
199.3655
214.8299
210.2301
198.5192
212.0644
230.1483
204.928
204.7698
221.5572
219.6837
208.7404
230.4289
218.8927
207.5628
229.098
200.0498
219.3783
218.3952
205.5312
200.6865
223.1213
202.7713
225.2916
221.1344
202.4154
209.7018
211.1291
214.9346
206.6015
203.0652
224.8331
190.1151
222.3612
188.1896
210.9044
220.6778
206.8374
206.1188
201.8635
219.0042
215.9599
188.673
195.0843
202.3905
210.3422
213.9278
200.6083
227.9535
204.1682
208.6575
204.2042
182.4453
203.8314
210.719
235.9463
207.8613
203.6975
213.583
213.0617
203.8914
216.408
207.0477
197.7792
239.3963
193.6512
208.4396
203.6979
231.5884
212.9504
200.2451
215.3662
214.363
204.7004
234.4298
213.6966
196.8361
216.6438
191.0883
238.2456
219.794
214.195
177.9502
198.4757
208.8724
202.3608
200.014
197.9782
204.7754
201.7254
197.5297
217.331
231.6276
178.6747
206.6115
203.4723
208.5592
200.9678
188.9405
217.0341
189.0935
232.1286
212.5182
199.0318
215.6531
211.841
210.6896
221.2523
209.3343
210.9256
229.7333
189.7121
213.4711
190.3922
220.2044
213.1761
231.0605
222.3037
213.9956
217.6587
205.8603
218.896
213.3002
184.5456
218.0693
198.1222
206.0694
215.9707
200.3459
190.2283
227.1055
204.9052
185.9917
215.5202
200.6088
214.5497
186.1183
223.9493
222.2763
203.56
197.0184
198.0592
217.1579
228.5726
176.6304
201.9005
183.0424
212.4807
179.7786
214.4361
216.6292
224.6354
216.9092
197.4633
234.9792
207.7906
203.2601
206.1972
218.931
196.141
192.6985
196.4813
184.526
192.5803
208.1625
198.4851
235.6004
181.5983
200.1019
216.1595
209.4388
220.8841
219.4617
210.2482
203.8342
214.093
229.1444
203.6264
203.8873
212.96
215.8688
217.9901
212.9948
190.571
204.0863
211.6974
199.8311
218.367
198.8706
197.25
198.9881
224.7881
204.3572
211.1295
209.7792
221.6329
226.3149
211.7132
207.2829
206.3882
211.7681
185.5948
212.6487
200.6133
228.807
236.2306
197.1211
206.8778
232.7105
190.9996
204.2792
203.6894
239.8748
215.1797
199.0584
211.9346
232.473
232.2212
196.9002
213.9883
213.096
230.4159
211.2513
220.747
228.6925
214.5633
216.3546
209.7681
209.0127
216.8692
217.6263
215.7784
211.831
227.9561
193.8894
213.3314
227.057
215.188
186.8129
217.2166
217.5984
179.2775
203.9068
223.3112
212.649
195.227
204.5102
212.5955
206.424
222.4171
225.7947
209.5643
233.5338
209.3858
217.5848
189.6248
226.2342
198.0396
214.0191
205.2662
199.4921
213.1145
212.1747
202.9572
198.7687
212.8496
210.2106
208.7476
198.7378
187.509
206.6257
204.568
202.9875
190.1544
204.0212
204.1742
214.5787
204.6046
193.9812
224.9183
225.0104
209.3559
202.2696
197.7932
209.0057
204.8832
228.5389
222.9652
217.244
212.7929
188.5101
213.8317
203.1134
203.8247
213.8104
221.634
196.9512
242.0859
214.175
207.3495
211.6339
216.5427
207.5376
210.1488
227.1369
208.8835
215.4788
208.0685
200.4654
218.9782
203.2851
211.9059
229.3547
196.8102
209.6659
214.0778
199.2712
191.6677
218.2652
208.1556
199.3362
199.9825
198.8744
203.7605
205.3912
215.266
204.5844
243.0856
213.6997
213.5551
209.7893
212.3444
213.1213
208.7504
208.4401
217.2139
193.3234
227.7997
229.1396
183.1429
212.0195
199.7626
210.7022
214.7553
252.3785
216.4865
237.3338
198.1486
230.0867
224.7359
201.21
200.6046
211.4274
206.6341
223.1519
220.5068
206.4877
206.1603
203.249
195.5901
188.6555
225.4554
254.0167
224.4705
214.3429
216.7138
186.8202
199.1677
213.5469
215.5424
184.2908
222.9192
209.1678
208.046
215.0036
208.0537
206.9957
203.7791
208.4672
201.3904
230.1222
224.2116
224.6537
202.8796
217.4955
208.3651
200.8494
215.1406
207.9214
203.887
234.5081
225.0302
214.2195
199.6088
194.0973
220.7708
212.6786
215.6143
208.5848
201.0011
226.4109
213.1645
199.96
226.4808
192.8977
212.7291
216.156
216.2913
221.4529
190.2252
209.3699
221.8386
199.0561
215.7676
204.6708
200.4708
209.5551
233.4509
202.1882
208.5366
212.0135
205.3695
218.375
202.0209
214.3138
206.0946
219.6839
205.7025
211.3534
204.8546
200.3851
223.0758
196.1184
213.62
240.5117
203.846
215.9649
202.3816
200.9833
231.3236
201.2909
224.2217
210.6027
224.9315
213.7698
214.73
197.9241
216.5427
193.842
215.8533
207.5174
194.9061
212.6338
219.42
199.1376
205.1878
232.2308
222.5787
211.5176
227.3831
212.0637
217.4416
227.3953
226.0251
222.6834
197.6412
204.4919
216.5547
231.9628
210.1507
234.1373
202.9504
230.4617
226.8759
198.5686
218.8102
216.4408
204.4224
214.9124
223.3041
220.3721
207.5899
214.4421
214.3921
185.5103
215.6508
210.329
221.0544
214.0419
195.4785
184.7371
198.1831
196.052
205.9068
212.0716
207.5537
215.8738
211.5265
206.2
220.1852
229.5148
227.2212
200.5099
206.6911
200.881
220.1564
200.716
204.2303
206.4267
206.3125
207.0536
217.7827
217.8533
217.3629
193.1554
190.706
222.1536
207.5661
223.4765
192.5044
209.0878
177.488
231.2369
214.9319
233.2439
220.4349
202.8767
222.7078
197.3797
195.1302
197.3662
199.1419
235.7341
196.6553
199.8868
218.8549
219.8851
235.3365
216.4967
214.5885
213.4233
193.4166
220.9167
199.1915
204.4484
228.0087
200.4127
198.2097
206.2079
198.5803
192.6808
213.844
206.1316
229.5747
212.7328
201.3849
203.0207
191.8292
210.4642
218.5211
217.0549
206.3481
201.3076
208.3499
225.591
207.7967
239.7985
227.973
233.4541
196.6962
230.1365
207.8734
210.0794
199.0067
201.1078
213.2895
222.1021
196.7378
196.2361
222.8609
223.2305
202.3492
214.2232
223.6424
173.9007
216.5429
215.4657
215.2584
199.1939
226.8394
203.7225
217.3355
214.9398
178.6843
202.4387
182.933
232.4768
226.4079
232.95
217.6678
224.967
225.3628
212.9648
219.9117
207.5384
206.3652
211.8577
179.9815
216.7986
226.4726
218.2366
201.2735
223.7838
215.1078
195.2452
218.7077
201.1522
208.2441
187.6665
220.6648
213.7398
193.1046
216.6862
218.6549
206.6837
239.3286
220.0916
210.2935
206.1197
186.7261
218.0487
214.121
221.3907
183.6506
210.3328
210.681
217.4527
202.3956
192.4907
199.8905
197.4791
214.1588
211.8933
209.6554
215.3514
198.7291
221.882
218.1521
229.6053
206.2998
190.1671
251.5883
201.8847
217.8934
210.3346
224.8014
200.6978
193.704
225.763
209.6729
215.6838
184.9859
214.6109
214.2416
201.545
198.2083
225.0073
213.0058
211.6549
210.7952
193.3552
206.6941
206.8558
226.6703
194.1168
200.4039
205.3981
224.0499
227.6995
210.0257
219.2731
204.3959
209.9836
219.9597
216.3454
220.1981
216.4746
197.0262
214.4416
210.5155
201.6696
219.1679
197.3838
201.114
199.6286
202.8836
186.7908
228.8011
222.5122
227.7538
217.9032
209.387
198.7163
196.9779
228.889
208.9205
203.6702
205.3886
202.4829
204.5305
197.5049
219.7218
200.9726
195.9799
207.7282
226.4131
188.8672
210.3793
195.0465
224.84
205.8953
213.6626
220.1614
236.0132
216.6479
212.0246
221.5068
218.0308
209.0487
191.5327
208.8466
218.8077
204.3095
226.4393
201.4425
239.8934
219.4393
208.7273
220.8704
200.1592
181.9096
212.9885
203.0862
199.1771
223.5496
219.9018
193.6465
209.2246
191.4629
199.6882
220.3728
187.6418
224.1947
238.3087
210.521
211.2138
198.9306
201.4173
202.0473
219.9521
193.4192
207.9659
211.8158
208.6932
216.827
222.7275
211.2198
217.1143
206.5377
210.3609
190.9042
213.196
225.0856
224.4604
224.6389
216.154
205.2358
197.5481
243.9702
176.7351
216.8866
209.0369
220.286
192.6739
211.3696
192.726
211.8362
228.125
206.9548
221.4114
204.3269
192.3526
227.1105
203.4308
221.7739
207.7747
218.6763
233.3655
208.5037
224.5776
202.9107
189.4266
219.3773
185.8806
193.151
224.6181
205.4901
205.2046
213.0237
193.2473
220.5338
206.6948
225.1676
204.9712
217.106
205.3579
223.3492
222.176
233.5447
221.9994
215.5696
212.4469
196.3329
199.2331
213.6094
218.7731
219.3272
225.1291
191.2562
208.6954
199.2954
222.6263
214.4664
222.3433
201.3836
213.2185
201.5191
211.0402
195.8609
202.512
211.0873
189.5768
230.5911
212.267
197.6823
210.8302
214.079
214.6593
196.5587
214.1773
194.2082
218.4362
205.3526
219.3101
196.9865
203.2833
197.2019
219.9472
218.5933
217.0271
201.1957
194.8202
200.2632
216.0826
208.8337
215.5719
205.4417
204.8402
228.4771
205.1601
204.5466
197.194
226.946
187.4872
215.5936
227.1546
196.1784
183.0698
212.5003
207.2261
224.3791
222.404
199.8909
198.933
209.1648
188.696
181.7627
193.4843
232.1375
194.9938
238.3346
210.6881
202.8202
192.6576
210.5037
207.0911
213.2607
208.2986
207.2136
207.07
200.18
206.0284
216.153
208.3426
193.273
207.6932
201.5645
187.8303
218.6168
203.9665
210.1832
223.201
214.5194
212.1399
218.0271
216.4139
212.602
190.1665
217.0608
204.9702
220.6558
212.9025
225.4095
182.3904
244.7485
195.0523
225.9357
217.6509
213.0552
198.8882
205.3271
206.0643
197.5479
207.8256
211.5656
204.5618
220.9774
202.294
216.718
218.6595
249.1733
209.9154
221.8596
211.0896
239.9066
200.9629
243.5167
212.3087
223.1714
203.2919
199.2778
190.4812
214.3728
231.6077
196.7775
199.8578
200.1827
196.0719
197.7565
226.1997
213.1863
195.5366
198.8406
211.8162
186.706
203.1253
194.1507
218.9079
218.3738
215.8545
199.3374
210.6769
194.6278
206.1305
212.6062
209.5633
209.501
228.7855
204.0814
217.232
202.4501
227.9616
200.0089
209.3358
220.2316
201.8421
222.2508
194.6118
208.3247
195.3857
222.7923
226.3144
219.6846
217.3429
193.3784
199.23
238.1326
190.8113
198.4885
196.1978
205.8587
247.5372
206.9049
231.1789
225.1181
264.3826
200.2601
208.3055
195.4462
203.6876
202.8363
212.4243
216.7792
193.7222
225.0934
216.1098
210.0552
217.0546
224.5255
210.8441
198.2653
212.605
217.585
214.0723
228.3593
193.739
215.2836
236.1042
200.4925
206.5742
220.2635
224.144
236.3528
223.5452
227.1442
211.2769
196.3172
190.9534
206.9338
215.6113
211.4952
211.3578
183.3215
181.7737
192.9061
194.8857
193.2631
226.2824
211.4179
211.509
201.1751
204.0501
190.3055
201.4524
192.8875
204.8429
210.1162
206.7746
209.7348
211.1425
187.9684
219.5708
195.5832
226.0731
212.9077
209.209
216.9608
218.7135
205.3692
213.5416
226.8229
190.2866
224.1335
217.2844
222.4382
197.3763
197.0204
216.8703
195.296
209.8011
218.3163
217.4694
199.9912
218.4231
204.4918
226.4745
185.9937
216.7953
226.672
200.8545
210.6406
218.457
212.7201
209.0782
242.6539
226.4021
220.726
202.6632
197.1957
210.3637
206.7154
217.1672
217.4733
200.3104
197.5571
214.6121
206.9166
199.364
215.6535
237.0439
202.7361
198.3277
204.8806
224.7289
227.2653
223.8518
198.9551
187.2807
217.8997
193.0111
221.9328
208.8806
193.796
228.7259
210.0099
190.1881
194.6657
189.505
215.3055
225.1698
225.7805
196.2443
197.0341
211.2512
217.981
207.2445
209.6568
232.7722
204.4936
223.7524
221.7517
200.829
237.3608
182.8552
211.7089
195.4175
207.0267
218.0179
203.4628
216.5834
220.4848
206.6297
208.1993
227.0875
205.6363
204.1688
207.3462
217.847
205.2449
222.9393
201.6438
235.0014
209.6727
195.0094
232.6712
191.439
199.4876
226.515
204.8349
211.4173
203.5751
200.7829
212.5449
200.9825
223.7285
197.7396
196.1008
194.2051
180.4658
195.197
200.8618
218.3356
216.6719
230.3756
180.8731
207.9847
192.3761
208.2092
220.2383
212.8839
214.4744
192.2211
201.0711
211.9235
196.855
216.9882
214.6673
210.6305
216.6656
207.4892
225.8937
199.4977
216.6643
240.816
205.3621
215.6132
213.9412
192.6863
235.7133
220.8241
203.5947
223.8613
198.9143
222.238
212.8012
219.8451
212.8414
214.2748
203.9379
193.4929
215.6482
226.3221
223.1165
203.5933
217.4654
194.1316
209.1667
208.5546
197.9385
212.2746
212.5021
195.0611
222.717
230.5605
210.463
225.4194
227.5513
217.3424
205.8254
218.8866
227.3655
198.6668
210.0809
218.8198
201.0267
218.7274
189.4292
197.3628
209.3983
228.9318
199.8766
231.4548
206.3501
209.2852
204.022
213.3616
199.6061
205.6675
205.9129
200.9035
212.034
212.4743
191.0978
230.3451
198.0041
185.407
208.4074
208.5025
222.3203
220.4154
229.0595
216.2032
203.5264
210.3701
206.4589
221.9496
161.8838
194.0967
197.6701
219.4889
202.2063
213.103
203.1071
199.0582
239.8159
230.909
226.0046
198.2179
217.0021
191.1999
212.9628
221.7279
197.0087
230.739
207.4513
212.5357
212.2334
201.3027
211.3176
190.4291
217.6213
221.7013
200.7285
226.9263
216.3049
197.735
199.1613
220.4813
207.5703
196.0777
214.5592
201.8656
225.4672
200.6073
209.9553
215.1809
210.1295
200.021
208.0849
207.7301
204.8488
229.3958
203.6355
216.0183
215.3367
187.7957
216.5575
215.998
220.937
197.2094
206.5206
201.7835
210.2969
217.421
216.8989
194.0226
223.47
198.3648
204.2569
192.4648
205.6281
198.2163
221.4333
212.6038
214.5963
219.3567
200.9509
212.6977
218.6052
213.3454
188.2547
232.5982
220.5197
214.1664
176.8213
197.1212
201.6644
201.1936
203.713
207.2901
222.0726
216.5036
228.4107
234.635
230.1153
178.2608
202.5181
218.4991
208.8939
209.0307
207.7562
215.9672
223.9
236.3636
217.2807
232.1477
216.8095
216.0334
200.7215
200.4814
218.244
191.3964
225.7401
208.8333
220.0674
189.8057
209.4036
214.9088
223.4243
205.8549
207.0298
212.7317
208.937
221.3813
210.3112
185.8191
198.0364
206.3445
194.3003
210.2078
199.1217
211.8408
217.5227
210.4916
199.0284
212.7583
209.6286
200.073
202.7068
210.1862
211.1174
224.2906
206.295
231.7342
216.3762
223.7327
211.8792
219.0123
198.1355
195.3437
209.0767
212.21
196.5954
214.511
213.8436
229.8843
200.5004
245.2929
220.2656
193.9983
200.4981
232.7969
204.1787
209.5718
193.2476
204.9491
220.1733
208.0718
207.0165
221.8651
224.2746
209.7605
218.0497
207.9956
214.7505
199.462
212.1884
218.5433
223.7137
203.672
193.5495
196.389
216.597
203.6583
216.1251
198.4655
215.9836
220.5171
188.2832
199.9328
189.3347
200.7108
214.1155
203.265
221.0634
216.2674
189.587
193.8164
187.6261
227.3284
226.5916
202.449
204.4701
210.179
208.8429
235.837
209.8312
212.4053
200.8991
196.7952
218.2408
229.0393
203.3301
215.1941
183.2106
232.704
215.8762
216.5882
227.9345
230.2724
189.2965
206.2744
211.8077
226.9991
214.901
215.3512
201.8345
212.6806
213.0443
203.9512
191.8551
208.9132
214.9489
206.7162
194.4966
224.6977
216.7238
201.2937
199.7258
186.83
205.755
196.0159
196.8306
223.1091
203.2026
242.4918
210.6584
210.4585
202.7062
182.8438
217.5186
203.2075
195.1869
207.229
216.0625
204.2335
230.0156
229.8881
232.894
200.8424
200.1509
214.8836
227.634
230.557
215.8038
208.9526
207.967
217.2715
214.0582
221.0984
196.9187
209.5622
234.0534
191.1659
203.1238
190.3548
209.1165
199.3511
214.3597
206.9133
215.6303
198.2294
213.9655
192.2999
196.272
216.1209
230.3109
219.9393
199.4036
194.6852
191.2654
205.2718
226.3025
193.655
212.1107
191.6395
204.4686
204.2608
215.3696
194.7627
211.5973
200.5483
206.1078
214.589
201.4969
210.0522
201.1299
209.9131
228.756
210.3364
217.4591
211.7064
197.4208
189.5668
218.4798
223.0905
208.9507
218.8016
196.6848
204.4307
199.459
219.4817
211.7187
221.5751
213.0076
201.5616
219.5031
226.1389
207.5271
209.1153
220.454
206.2662
206.1943
212.6721
220.0475
216.5377
200.5741
210.8821
207.9306
222.7466
198.9102
186.5096
199.685
220.3593
233.8522
208.6801
213.9438
194.7205
224.2666
233.3685
199.0875
195.8978
209.6006
210.0004
200.6343
216.9579
216.865
219.2638
191.3676
209.0222
216.128
224.9077
213.9152
210.8282
223.9031
197.4413
212.6448
229.9132
204.7205
201.8461
208.9126
197.0938
220.6071
217.9572
222.7233
222.5503
200.7907
211.8023
205.5617
207.6766
201.611
218.3318
199.9093
229.8036
207.7444
230.7069
217.0484
199.7678
214.1376
200.5316
218.177
204.8633
203.7705
192.1205
203.3565
216.9524
202.6646
193.3721
214.3455
215.5458
235.7065
178.4365
197.7544
224.4393
232.3234
209.3078
210.5652
211.1537
204.4543
222.5344
225.095
238.6455
230.1868
213.6081
203.3105
212.1228
224.6524
217.1664
221.7664
206.7889
220.1276
207.6875
207.4752
203.2787
197.6447
212.1084
199.6542
221.5101
216.8107
215.5541
218.6188
202.8536
210.8277
205.0683
207.6705
225.6071
197.4328
223.1641
219.9644
199.6573
214.8499
227.6881
216.3633
189.6148
174.551
195.2659
211.535
205.0019
174.0872
193.5924
209.0636
201.6121
205.6395
205.0062
207.1475
208.8437
213.0989
221.9733
207.3437
219.4831
212.0901
188.8257
213.4952
193.9718
200.6549
204.6385
214.9
167.0859
218.5166
210.1801
211.3666
193.2255
208.6149
234.6384
211.0567
198.9799
227.0663
204.0575
212.1823
214.8461
205.3863
203.4593
221.3902
211.222
202.0016
221.59
236.7878
209.7352
213.8242
217.715
214.6019
207.1957
202.4427
218.3877
219.6074
187.3669
224.689
216.987
214.3255
214.3514
180.4928
171.5672
228.1939
198.7168
191.0131
202.4792
215.7497
214.771
220.9769
195.1318
192.5206
213.3576
218.5786
198.1054
217.0305
208.5461
199.9269
205.9332
209.9787
229.0504
209.5328
201.1864
197.4457
219.5191
222.8027
203.9019
222.7195
211.7806
201.9167
228.5665
219.3889
211.9064
209.6853
182.2165
221.4875
212.6497
221.3282
218.4899
200.7581
196.5121
202.6057
213.7252
219.3774
211.5792
194.0549
220.2688
207.6993
220.672
228.0165
214.7743
175.2556
211.716
214.0071
228.2698
202.5029
222.0882
222.0366
189.3275
232.9563
207.9233
231.5068
187.0479
215.9311
216.9371
219.9286
216.2679
233.3893
210.4591
202.1468
200.273
200.0922
204.7317
206.3736
190.1396
212.9463
179.9714
223.9618
183.2046
194.5022
212.785
212.7431
215.6501
199.695
229.8021
205.7528
204.7103
198.3317
269.5606
218.787
224.8285
200.9906
219.388
239.2266
201.867
192.6185
204.1999
220.6156
213.297
215.1877
225.668
221.7896
203.0705
212.1445
211.7778
214.1232
202.9486
205.4469
197.955
212.687
202.3943
208.8568
192.489
195.2651
218.961
232.0521
213.0134
212.6001
197.9124
236.1921
225.7182
223.2877
209.2372
200.2314
215.9473
224.4059
234.2968
215.7611
194.7223
229.3479
219.5852
193.7369
198.4181
204.9093
202.6714
194.0232
220.2784
206.3667
194.4423
188.2172
238.8792
205.7577
207.1841
190.5312
189.6673
203.9163
220.7323
226.9893
230.8817
205.9361
228.2537
199.8763
197.6691
218.8702
224.3488
219.9831
189.8149
237.5962
224.8508
196.2388
209.7304
221.5639
210.1947
224.1991
206.7785
201.4504
230.1733
230.7175
212.0187
183.8245
209.2492
216.5412
203.4581
227.0914
184.0635
195.1802
203.7904
223.7219
232.2248
214.7114
207.892
208.8556
216.3042
197.7346
206.2041
217.7223
186.9055
212.0822
199.8579
206.0774
220.4955
207.0095
213.1346
195.7724
213.1929
201.541
218.6134
204.765
201.1634
194.7104
176.4391
198.8291
200.5777
182.5198
196.7865
227.8216
216.7742
218.8664
207.8639
213.9096
204.6733
206.9666
213.7429
211.5989
201.5361
208.4741
239.6481
209.0014
213.972
203.1787
190.4949
220.2106
218.8646
186.645
206.2623
218.1878
204.7139
196.7043
220.2734
208.0861
216.999
203.6293
210.4013
209.0558
204.6264
204.5941
220.2326
204.1561
222.4691
207.5942
222.2807
210.9217
202.1304
204.9088
195.763
204.1159
202.9087
187.7531
206.1475
234.3581
202.852
241.5696
216.6709
198.2338
232.0173
224.0524
220.548
216.1614
