0.06251305
0.08187526
0.08953348
0.07292666
0.05920225
0.07798198
0.1006933
0.08470755
0.0676682
0.1143407
0.09412028
0.09763036
0.113794
0.05749519
0.09643931
0.05426805
0.04290249
0.07853516
0.1035914
0.1050449
0.08600734
0.09623406
0.08943498
0.09044634
0.07018991
0.07813209
0.0806652
0.1280718
0.1084161
0.07346352
0.08460287
0.1328919
0.09173554
0.0809443
0.1064459
0.08327038
0.07804109
0.08624272
0.08885718
0.07966792
0.09129155
0.07646067
0.121478
0.09609951
0.08618388
0.1146389
0.0660661
0.09809563
0.0915056
0.06433166
0.08360888
0.07116663
0.1051505
0.08234221
0.1074232
0.07889372
0.08033155
0.08438851
0.08630166
0.1030114
0.1033047
0.1046446
0.07373863
0.08202766
0.09309357
0.09729455
0.08416306
0.08455176
0.08487883
0.1007913
0.09807233
0.1301456
0.07583473
0.1153031
0.1058121
0.1052157
0.08367722
0.08283381
0.0748033
0.0743254
0.06089707
0.08418767
0.06595877
0.09450925
0.05931811
0.07264882
0.07095358
0.06113093
0.1104884
0.07400556
0.08664825
0.06530748
0.1280824
0.06942477
0.0644746
0.08178602
0.09147009
0.09579337
0.1079443
0.09499101
0.1024789
0.08558425
0.06619373
0.1105744
0.09814729
0.07425246
0.08888289
0.0665145
0.1028868
0.06643524
0.1009905
0.09850545
0.07185745
0.09585611
0.1024701
0.0651355
0.0800528
0.07113626
0.1083109
0.08359254
0.07220373
0.1389746
0.09107597
0.1032231
0.08068557
0.07277964
0.08590865
0.0781331
0.07136782
0.06896875
0.0879204
0.06379686
0.09667067
0.09375821
0.06949817
0.09876253
0.05864523
0.07259189
0.06390956
0.07340816
0.06781199
0.08126707
0.0851208
0.05660037
0.0845492
0.07844083
0.1058557
0.09734502
0.09787426
0.1030299
0.0991678
0.1075223
0.07356854
0.09404408
0.07436411
0.07343687
0.06232974
0.04773584
0.04183085
0.08736515
0.05511251
0.05864483
0.04749505
0.0752554
0.09243352
0.09984665
0.07128529
0.07096811
0.06383287
0.06041524
0.08040353
0.1164323
0.08881744
0.09090965
0.090021
0.07452365
0.07214718
0.1019787
0.05385727
0.07527519
0.07946464
0.08566403
0.06839274
0.09067031
0.07999386
0.09756021
0.1144207
0.08836927
0.08922535
0.09499257
0.09700121
0.07941946
0.09313126
0.07337829
0.07266217
0.04997675
0.08097013
0.09361972
0.08451109
0.07466049
0.06106433
0.0661128
0.08004164
0.07153489
0.07895531
0.09465482
0.07775926
0.06570261
0.06684978
0.05277634
0.108357
0.08338877
0.09670462
0.09623794
0.08241956
0.0716457
0.06446902
0.0622463
0.06365319
0.07429543
0.1030971
0.08560542
0.09612136
0.09505737
0.07214614
0.05148444
0.09202423
0.05650149
0.05926166
0.06736734
0.07258522
0.07751687
0.08809796
0.07765689
0.08045854
0.06006143
0.06977235
0.06581709
0.07011363
0.07919915
0.06715239
0.09662779
0.1046356
0.08450689
0.07591457
0.05941468
0.07688837
0.09494924
0.09790399
0.08761907
0.0910496
0.07157511
0.08784022
0.0859058
0.08858403
0.06572631
0.07139721
0.06445253
0.08874595
0.07958527
0.08129714
0.07955857
0.08056127
0.08680558
0.1011515
0.08530015
0.1064356
0.119974
0.09707622
0.0764952
0.07417871
0.08046455
0.06163906
0.06692882
0.05737587
0.07330547
0.04848563
0.0852405
0.04712475
0.08177633
0.07341182
0.08607396
0.07919966
0.09061137
0.08495991
0.06607858
0.08611929
0.106932
0.1012203
0.09714009
0.09141512
0.09690982
0.09680551
0.08173146
0.06861048
0.07867767
0.1182174
0.1213781
0.06745618
0.07856253
0.07580426
0.07718534
0.0910387
0.09055396
0.08868547
0.07035745
0.07254468
0.07877517
0.07174957
0.07795554
0.06888064
0.06017947
0.07913163
0.06487127
0.06938527
0.08490515
0.1176525
0.09509076
0.08277124
0.1124066
0.07258344
0.1021878
0.09071959
0.08176868
0.08525567
0.1093017
0.08714673
0.08036546
0.0775112
0.1116787
0.1147179
0.07216816
0.09024172
0.09161472
0.09562068
0.09992186
0.07540426
0.06463158
0.06564247
0.08239369
0.08227121
0.07032304
0.08545392
0.08376226
0.07691281
0.0940842
0.08263464
0.1201377
0.07384211
0.1032071
0.0801942
0.1029
0.07397725
0.10101
0.08443356
0.09357388
0.08624234
0.08611893
0.08805387
0.09774936
0.07448487
0.07890471
0.07597441
0.05893309
0.07202265
0.07835063
0.07665115
0.0693228
0.08107612
0.08054516
0.1061127
0.07698221
0.0627281
0.1100771
0.1056386
0.07975591
0.05986365
0.1071202
0.05649744
0.07107091
0.09661129
0.09210668
0.08675344
0.1158696
0.07869314
0.08265894
0.08845491
0.06708792
0.08122259
0.08450252
0.07724712
0.08498635
0.08190675
0.08202191
0.08958844
0.0682405
0.07065146
0.08127647
0.06746712
0.08240266
0.1247603
0.0627237
0.1252609
0.08580305
0.1166537
0.08364665
0.09107535
0.08489768
0.0774204
0.08891124
0.07773632
0.08819796
0.1152413
0.07400386
0.07236685
0.07277671
0.06689188
0.09447777
0.07544261
0.07622355
0.08877512
0.1065184
0.06729449
0.0481325
0.0753487
0.07253121
0.06414736
0.0563548
0.09634521
0.08575114
0.09003197
0.0943865
0.09603963
0.09726033
0.127179
0.09091045
0.09799173
0.120266
0.1208263
0.09635767
0.117676
0.08794521
0.1002618
0.09253429
0.06621931
0.09062054
0.1007607
0.06862763
0.07798112
0.08652109
0.06822423
0.0855417
0.1017771
0.1209994
0.09082705
0.07838686
0.07986846
0.05469771
0.08763606
0.0612016
0.06115671
0.0942728
0.06828325
0.09171458
0.08588089
0.05930854
0.05385225
0.03931507
0.04852914
0.0528939
0.07603229
0.08297373
0.07849788
0.08123195
0.08581714
0.05918346
0.06502041
0.0915557
0.07720845
0.09005626
0.09079935
0.08300831
0.08035293
0.1148802
0.1087357
0.1039181
0.08957132
0.06882586
0.06130694
0.1206726
0.1296255
0.06624796
0.08164486
0.0796678
0.08299761
0.08869903
0.1005927
0.09334964
0.1098801
0.06810577
0.0916967
0.07702557
0.07307788
0.07900712
0.07929384
0.07401662
0.1038615
0.07515985
0.06201159
0.08309962
0.06382499
0.06218473
0.0597859
0.09344859
0.05467905
0.07735584
0.08999239
0.07956118
0.07037427
0.07174602
0.09361589
0.1151586
0.1005548
0.07970951
0.05570941
0.113662
0.08175062
0.09461666
0.06370556
0.119828
0.1113995
0.1106836
0.09639734
0.0989308
0.0872284
0.1218349
0.09245387
0.08653498
0.08822891
0.09685294
0.08469161
0.08403541
0.1159966
0.1003065
0.0819551
0.084416
0.08687158
0.09847171
0.07174896
0.08689028
0.09478106
0.09196585
0.08925608
0.04440912
0.0752642
0.0965666
0.09065641
0.07816752
0.05542496
0.084642
0.0689175
0.08379917
0.08896622
0.05939552
0.07766275
0.04679384
0.05018413
0.0457392
0.09197346
0.04195432
0.05491751
0.05085078
0.05108534
0.0912083
0.09576082
0.0990062
0.07773956
0.07492932
0.06408276
0.07794156
0.06337081
0.06995912
0.05499572
0.06124257
0.06879268
0.08525192
0.07811
0.07554429
0.05778036
0.07217431
0.1121941
0.07783667
0.06904252
0.09254608
0.1126105
0.1279525
0.1064061
0.08294389
0.0777555
0.06831047
0.08331357
0.07037111
0.08736255
0.1313996
0.07102851
0.09006769
0.0856706
0.0785486
0.06185396
0.06419804
0.05759592
0.08564028
0.05094892
0.1014862
0.07780245
0.07421469
0.05602693
0.06711812
0.102361
0.07941999
0.07412769
0.07919832
0.08022073
0.05942366
0.08769884
0.07586872
0.09172385
0.1140521
0.1213811
0.08260164
0.09511918
0.09514091
0.06069121
0.04643617
0.06767014
0.06416685
0.0775238
0.08961212
0.06219021
0.06499577
0.08891139
0.06399781
0.07494204
0.091751
0.09579394
0.0824217
0.07727101
0.08762194
0.08407181
0.08789517
0.0897438
0.07772564
0.06369914
0.1073658
0.09921354
0.0957559
0.07736537
0.09505862
0.08765803
0.08543822
0.08443171
0.09759375
0.08134816
0.1202401
0.1000584
0.08005241
0.06941216
0.07643404
0.09020746
0.06714091
0.07673699
0.07987677
0.07391124
0.06919994
0.1047757
0.06765091
0.06719703
0.0710332
0.04752586
0.06960143
0.08835589
0.09032242
0.05702826
0.06275885
0.08395123
0.07430874
0.104482
0.08625062
0.09021303
0.08709773
0.06131104
0.07125077
0.08187554
0.08904306
0.09958902
0.06902852
0.08435685
0.07782225
0.1278214
0.09344032
0.0866286
0.09428065
0.1100542
0.100004
0.09052005
0.1108883
0.09297201
0.07731764
0.06754622
0.07577559
0.06574663
0.0451309
0.07263863
0.1027912
0.09114444
0.06163531
0.07541945
0.05616095
0.08120073
0.07787721
0.06752786
0.09823
0.03389251
0.06820598
0.07595048
0.06123976
0.074491
0.07139774
0.08091098
0.1076409
0.1380328
0.07396707
0.094397
0.09464656
0.05909264
0.1012058
0.1082278
0.0975381
0.09044037
0.06946243
0.08094306
0.06781141
0.1096712
0.06320146
0.06677458
0.07118118
0.0725869
0.06930088
0.09454888
0.0827164
0.1135151
0.07991543
0.1145074
0.1008032
0.09731966
0.09591696
0.07815451
0.1084105
0.08565901
0.09798874
0.06678614
0.08895756
0.08761745
0.07495273
0.08215127
0.04508889
0.04979908
0.05526477
0.07233858
0.08061908
0.06740864
0.07285099
0.1078036
0.07894077
0.07140427
0.08057876
0.08216197
0.08783609
0.06010145
0.08789678
0.09509066
0.1155378
0.1172846
0.06622001
0.07082644
0.08376494
0.08087224
0.07471346
0.1434882
0.1264196
0.0704378
0.08762147
0.111384
0.0869201
0.07631025
0.06279267
0.07761741
0.07456213
0.06862246
0.0746648
0.1240706
0.08883826
0.08288015
0.1023961
0.09682931
0.07204281
0.0781956
0.07351443
0.1056478
0.07669501
0.0881762
0.07152454
0.07335148
0.06201452
0.1181155
0.1046227
0.08960223
0.08415692
0.1293215
0.08491026
0.08313089
0.08416666
0.1236459
0.08778576
0.09431684
0.1169735
0.08666059
0.1331369
0.09331928
0.08921158
0.08153529
0.08524098
0.0923048
0.08640853
0.07701154
0.1165659
0.08343758
0.08887389
0.07903754
0.07390998
0.07274749
0.07007852
0.06465273
0.08573404
0.1198273
0.06086397
0.07572101
0.07511524
0.09341778
0.09120785
0.08671607
0.107699
0.07325146
0.07020673
0.05451936
0.09673634
0.09827996
0.1042882
0.1060244
0.08589009
0.092489
0.08166745
0.09577016
0.1071558
0.1128845
0.07932033
0.1255892
0.07786128
0.08021449
0.08235386
0.08436987
0.1169651
0.07689821
0.07689713
0.06890221
0.1143404
0.09827672
0.09145376
0.08846854
0.04921081
0.07424896
0.1104231
0.1073082
0.07458644
0.05698071
0.08045902
0.08239512
0.07732675
0.1391711
0.08913761
0.08293808
0.07961228
0.07131278
0.1088311
0.05593172
0.06488644
0.07019963
0.06063706
0.05337122
0.1005235
0.07032677
0.05306828
0.05437641
0.07959093
0.07021881
0.06896376
0.05243066
0.06571853
0.09308792
0.09212809
0.04866528
0.05651078
0.06552657
0.054057
0.08923998
0.08810347
0.07907265
0.05982178
0.06519495
0.07307664
0.08973749
0.07727749
0.08077347
0.08895433
0.07561778
0.1287006
0.1174024
0.1037645
0.06506759
0.07903554
0.07580252
0.092245
0.07394627
0.07001269
0.08038478
0.04223286
0.09142609
0.1075042
0.1183855
0.09545532
0.08246342
0.06371773
0.0859924
0.06335704
0.07200972
0.08440669
0.08753616
0.1247388
0.07537246
0.09052456
0.09377767
0.0849411
0.1382698
0.08594927
0.08096281
0.1174967
0.09551715
0.1052096
0.07700365
0.08129403
0.1036021
0.06192305
0.07952424
0.07547484
0.09312377
0.09465223
0.06997029
0.08574775
0.07576949
0.1019401
0.09748088
0.08477413
0.06277358
0.08053233
0.08623684
0.06396127
0.06923046
0.06600007
0.06217563
0.08573691
0.07421507
0.08482447
0.07441021
0.05396166
0.05478539
0.05881182
0.05906317
0.06498631
0.06316658
0.0921242
0.0813957
0.07709496
0.1122057
0.1045388
0.1121339
0.09578203
0.09256702
0.0873948
0.08448657
0.09285617
0.09530884
0.1013257
0.08976978
0.1085563
0.07527183
0.08600206
0.09839734
0.08182279
0.1242987
0.08438202
0.09310219
0.09402927
0.0753829
0.07382297
0.06636755
0.08415454
0.06486738
0.06385705
0.1032223
0.06771883
0.07155373
0.09521705
0.07613594
0.08864967
0.07865592
0.09671414
0.08588086
0.07864661
0.08839928
0.06859517
0.06775565
0.075494
0.05924225
0.06050897
0.07184498
0.06029385
0.1220494
0.05845481
0.06250316
0.08349463
0.05250436
0.06823155
0.06572891
0.0969241
0.06303679
0.07073347
0.09273718
0.06932042
0.1078142
0.07788567
0.09745121
0.07396822
0.1084151
0.07625421
0.09123633
0.09038656
0.06880154
0.05968248
0.07068501
0.06458007
0.1065357
0.07058124
0.05739588
0.05656568
0.09089712
0.06897959
0.1075178
0.07563733
0.06074763
0.0666587
0.06899261
0.09330608
0.05687003
0.06780835
0.08269992
0.07119117
0.1169089
0.09617779
0.05485277
0.06745439
0.05423497
0.07032831
0.07472063
0.06962843
0.08806714
0.05730743
0.07293543
0.09550446
0.08977548
0.07007058
0.06555503
0.05549095
0.05979579
0.06364463
0.07855765
0.05956762
0.09708846
0.0838879
0.08307777
0.07105366
0.09241069
0.09072895
0.07754478
0.07670052
0.08855643
0.09173762
0.09555794
0.08414086
0.0772812
0.05133731
0.06045371
0.050656
0.08030801
0.05623792
0.06878628
0.07441345
0.06574103
0.07723684
0.1039914
0.07885853
0.08801657
0.07350574
0.08092619
0.05272471
0.06521538
0.07632609
0.07781029
0.06326173
0.07615811
0.06795977
0.06918745
0.07796236
0.04694697
0.07346876
0.05333545
0.05405606
0.07622897
0.07958969
0.06715314
0.04671376
0.0648542
0.06875695
0.076184
0.06486807
0.06704127
0.08686865
0.1054596
0.1104624
0.0985825
0.08955418
0.07078862
0.06386461
0.07059248
0.06761926
0.06744561
0.05423397
0.0843761
0.09159977
0.07280911
0.09085554
0.0619415
0.08529902
0.09021636
0.1014333
0.07405641
0.102268
0.07559077
0.1001055
0.1053781
0.06856182
0.07182046
0.1012914
0.08857526
0.07966207
0.08783206
0.1030181
0.1051417
0.07353059
0.08018315
0.0908531
0.07978557
0.07127351
0.09489507
0.1135422
0.08469453
0.09792802
0.1225534
0.08652614
0.09154169
0.08174119
0.08226235
0.07152453
0.08644226
0.1026161
0.08810998
0.09785626
0.07441938
0.08747965
0.1051207
0.1002129
0.09932586
0.07584677
0.1103227
0.0882257
0.05851858
0.07855813
0.1101531
0.06665472
0.1137001
0.1292134
0.09919674
0.1336289
0.07764521
0.1108491
0.08577937
0.09038677
0.0947576
0.08354047
0.08489371
0.08331958
0.09377732
0.08149027
0.09680037
0.08117171
0.1088474
0.07410532
0.08854905
0.09966577
0.1086119
0.09986623
0.09314276
0.07489182
0.07286458
0.1239089
0.1077656
0.09740362
0.1221164
0.08889898
0.07289648
0.07860388
0.08667169
0.09120168
0.07499702
0.08270723
0.06679621
0.08174255
0.1005694
0.08423686
0.08321064
0.06585571
0.09543177
0.08813808
0.07814375
0.08206699
0.08015661
0.07119285
0.09952802
0.06390115
0.08654475
0.06114652
0.06294465
0.06651703
0.07476297
0.06269447
0.06475824
0.07985553
0.04839298
0.06674765
0.04443835
0.05172769
0.06773898
0.05900963
0.09322945
0.05434806
0.07585153
0.08945502
0.06769377
0.09324128
0.08027323
0.09933286
0.08394935
0.07502757
0.08410596
0.07937005
0.09993834
0.08656777
0.07470968
0.0912738
0.06752462
0.07431416
0.0720729
0.09784541
0.07343885
0.07129909
0.09115429
0.08592352
0.1005966
0.08168011
0.09860771
0.1013602
0.09463181
0.08781799
0.08250647
0.0883449
0.08918162
0.09810586
0.101875
0.1040007
0.08959193
0.08084609
0.09620515
0.08588795
0.05617476
0.04060117
0.06263618
0.05957961
0.07139751
0.09105207
0.0822446
0.07274648
0.07641727
0.07741766
0.06916926
0.06089865
0.07159333
0.05046938
0.08376437
0.08810006
0.06145354
0.0602536
0.05756819
0.05962583
0.05742274
0.07755189
0.07468216
0.06923421
0.1040799
0.1105238
0.07188872
0.09019333
0.09478491
0.08273112
0.08524646
0.09422979
0.09275252
0.09669842
0.09459664
0.09413351
0.08762467
0.08725993
0.0754212
0.1287513
0.08008867
0.09055231
0.05870482
0.05720661
0.0811283
0.05867524
0.04434176
0.07648314
0.05439183
0.06307062
0.05261382
0.05012201
0.06996085
0.0909807
0.04982565
0.0801101
0.06327237
0.06782741
0.08248708
0.0609087
0.07526683
0.08357916
0.1128686
0.05907845
0.06443573
0.08143983
0.09066737
0.0668003
0.05841864
0.052245
0.04661871
0.06025041
0.09645381
0.04987183
0.05536942
0.06966865
0.07106005
0.08636299
0.08566213
0.07045322
0.08075937
0.09621639
0.08524583
0.09063822
0.08109838
0.07288662
0.06524759
0.06655072
0.07929478
0.07591124
0.0873997
0.09134308
0.06230205
0.06754535
0.0758219
0.07913959
0.08742384
0.09574675
0.1016276
0.07094257
0.08213018
0.07496964
0.09676391
0.07859522
0.08140698
0.08041498
0.0860537
0.08232035
0.05253174
0.08588263
0.06919143
0.06123289
0.06039331
0.07929239
0.08047581
0.1107301
0.08439061
0.08713345
0.08453014
0.1013919
0.08471241
0.08340586
0.08694195
0.06439576
0.08522593
0.06255171
0.07893338
0.07347851
0.1005741
0.08280822
0.08048176
0.05996372
0.06829511
0.07715213
0.07215173
0.08219515
0.0719924
0.09941577
0.08339093
0.083395
0.09238277
0.1091243
0.0652896
0.100581
0.07792541
0.08011901
0.07895864
0.06721971
0.08148301
0.1169496
0.09793876
0.07829312
0.1016399
0.1246006
0.1059629
0.08064032
0.0822384
0.07183533
0.06375335
0.07855053
0.08032817
0.07188765
0.07074463
0.06324218
0.05943093
0.07346028
0.1050838
0.07559607
0.06748169
0.08267032
0.07097046
0.06399877
0.07851492
0.104928
0.07412733
0.08588728
0.1195028
0.09212363
0.06688376
0.07369218
0.1051613
0.09574437
0.09408795
0.08575793
0.07989985
0.0822068
0.06461942
0.07807615
0.09228579
0.09186333
0.08093342
0.08066504
0.09276382
0.0629709
0.080925
0.06516309
0.07809017
0.0797182
0.09930024
0.05465789
0.08920402
0.08915041
0.09324479
0.07356294
0.09166978
0.07276803
0.09377072
0.09266536
0.1106789
0.08387554
0.07461639
0.09920775
0.09031896
0.07019869
0.08124714
0.1018616
0.1034152
0.09850137
0.06157289
0.0853803
0.0940941
0.1144657
0.0707404
0.08491073
0.07952112
0.0800026
0.07703012
0.07684574
0.08800232
0.06800945
0.08745243
0.08112023
0.09932076
0.08851455
0.09886287
0.09641755
0.08230462
0.09398973
0.07996831
0.08933116
0.1079288
0.1219965
0.08378594
0.1273965
0.09217602
0.09550196
0.1060261
0.1028524
0.09325186
0.123023
0.07948429
0.1122707
0.09510247
0.09711141
0.07942692
0.09907636
0.08616426
0.09429814
0.09305691
0.07696643
0.09860696
0.09385338
0.07819381
0.0933852
0.09940235
0.07288056
0.08658125
0.09621514
0.09853073
0.08434277
0.09193253
0.0945522
0.101243
0.08307624
0.08106909
0.07402585
0.06119574
0.08475285
0.05921573
0.06364557
0.08340675
0.08193927
0.09738833
0.1054752
0.09648786
0.09075295
0.09542646
0.08049684
0.09053061
0.07759416
0.1054159
0.09448164
0.1061304
0.08249745
0.09924114
0.09561272
0.09531523
0.09930381
0.09737669
0.103411
0.09224033
0.1046666
0.1118609
0.0889831
0.1115004
0.1130693
0.07211559
0.1085344
0.1039416
0.09593572
0.09387405
0.10862
0.09047422
0.09433356
0.1084014
0.07393496
0.09496032
0.1004812
0.07409815
0.07416831
0.07842683
0.08977879
0.08573115
0.1078674
0.1465845
0.09882689
0.110628
0.06362075
0.07253987
0.1068758
0.08230302
0.09826703
0.0964531
0.07420286
0.08298206
0.08136824
0.07178162
0.0655133
0.07948717
0.07522838
0.06155822
0.06726545
0.09536394
0.06109156
0.09322011
0.08337321
0.100202
0.06541652
0.062962
0.07995102
0.1052274
0.09374117
0.0907912
0.07642866
0.07559678
0.07627932
0.09139146
0.06961262
0.08113615
0.07689377
0.1259872
0.06341181
0.1041888
0.1142713
0.1012555
0.09192441
0.09877747
0.09337347
0.08195952
0.06617846
0.1123134
0.1054824
0.09955219
0.1299164
0.1254648
0.08061342
0.1046033
0.09716232
0.09191992
0.07509742
0.09995652
0.07857608
0.07980653
0.06383025
0.06333724
0.08979581
0.08170363
0.08908598
0.08109051
0.08051588
0.06209906
0.08971713
0.09487431
0.09072405
0.07451576
0.0897371
0.09923156
0.1068611
0.08752352
0.1021065
0.08081606
0.08136752
0.09983518
0.08204616
0.0926997
0.08686066
0.09534214
0.07377922
0.06971789
0.08004395
0.07603151
0.0961334
0.08440272
0.07318588
0.08904801
0.1000157
0.08470129
0.1111341
0.06416091
0.07745366
0.1148478
0.1077487
0.06230031
0.05970693
0.1244467
0.08249046
0.07110188
0.05565345
0.06283124
0.07089968
0.06603642
0.08029205
0.06929079
0.05005101
0.09948505
0.1176605
0.05704549
0.09238779
0.09053886
0.10082
0.1175321
0.08369547
0.07865264
0.08406484
0.06826536
0.07937549
0.09910814
0.1042489
0.09144609
0.07740407
0.09300418
0.06220369
0.08072136
0.06724279
0.08379726
0.07683777
0.05508562
0.05056544
0.0599864
0.06180478
0.049114
0.05685992
0.07490714
0.05866769
0.06073608
0.06716937
0.08180122
0.06245414
0.08844807
0.0715256
0.09886118
0.07886285
0.08500203
0.06343396
0.08123727
0.07340895
0.06827824
0.1034319
0.09016469
0.07514749
0.06462837
0.08002918
0.06387513
0.0909164
0.08867495
0.08319985
0.08142575
0.06488778
0.09302646
0.1159959
0.1181201
0.07815991
0.07982668
0.09853825
0.07772707
0.08476442
0.090286
0.07998155
0.08654766
0.08318087
0.09001516
0.07443455
0.09422181
0.09171691
0.06445836
0.08194637
0.09195144
0.06766993
0.1017829
0.1064838
0.1248502
0.09531474
0.06832221
0.06882772
0.09167231
0.06745523
0.079493
0.08359171
0.07011078
0.08888279
0.07002848
0.08132755
0.07634533
0.06369142
0.07868088
0.08800968
0.08165785
0.06857639
0.07355362
0.09867989
0.06845228
0.1024114
0.07905621
0.09646961
0.09094417
0.1012211
0.1082738
0.0634326
0.09300447
0.1059464
0.0919095
0.1062325
0.07969662
0.0667477
0.07358129
0.100766
0.05540596
0.08312479
0.07258803
0.07780067
0.07719465
0.09711727
0.09981208
0.1134536
0.07600384
0.06455565
0.09163704
0.08148801
0.06805442
0.06885537
0.09899539
0.09194508
0.08621294
0.06632489
0.08111985
0.09169458
0.1089581
0.08789371
0.08769883
0.1001933
0.07099328
0.1041627
0.0838564
0.07543983
0.08371129
0.07722835
0.07734057
0.07939634
0.09723024
0.08757513
0.08196284
0.09359589
0.0781241
0.09691936
0.07773029
0.09133696
0.07599955
0.09154409
0.09312167
0.09895503
0.1025384
0.08623474
0.06109661
0.08569884
0.08637926
0.1218916
0.07376351
0.09077037
0.07548069
0.07081798
0.08035516
0.1106462
0.1183585
0.1302932
0.07895236
0.1011842
0.09799236
0.08085927
0.1026569
0.1153832
0.09645616
0.1095295
0.1031048
0.09233781
0.09814177
0.08859205
0.1007153
0.1102058
0.09919857
0.09321361
0.07411568
0.08377898
0.1155572
0.1098551
0.09108951
0.0863466
0.110898
0.08809574
0.09577044
0.1043961
0.08092844
0.09024927
0.08041253
0.08332306
0.07061319
0.07605289
0.07651316
0.0769577
0.06256348
0.06665253
0.06732229
0.07838946
0.07050927
0.08521736
0.1060925
0.08635741
0.09194678
0.07409513
0.06786657
0.08871401
0.08891366
0.08946543
0.08659646
0.08380438
0.08348661
0.08117405
0.1042149
0.07452697
0.1022459
0.09284222
0.09895626
0.07329637
0.08284313
0.08767115
0.09765573
0.1027649
0.06935594
0.0973936
0.07556889
0.08291142
0.08949108
0.08507214
0.07435565
0.08627572
0.0727886
0.09559135
0.07252568
0.1065802
0.07197045
0.1010236
0.1059875
0.07383996
0.09620726
0.1131606
0.0890723
0.08950147
0.06945777
0.09114793
0.0828392
0.05752691
0.05766164
0.07006956
0.07906558
0.1010837
0.09690396
0.06283453
0.08058866
0.07678163
0.07842267
0.06828398
0.1189586
0.0789897
0.08126447
0.08710242
0.09222829
0.09606621
0.1440613
0.1193451
0.1052533
0.09268527
0.08141953
0.07260108
0.1032114
0.07399352
0.06989085
0.107955
0.07887584
0.0716892
0.07732478
0.08268089
0.09438005
0.07317409
0.07982881
0.09700835
0.1196987
0.09019357
0.05147906
0.1026644
0.1052
0.05508038
0.05506078
0.08558209
0.05887364
0.0892082
0.08051049
0.05709493
0.06282367
0.08588819
0.08725691
0.06777175
0.09054779
0.09230694
0.09280858
0.07427059
0.07707545
0.09869574
0.0832555
0.08274754
0.1146106
0.07295244
0.08157959
0.104545
0.09094566
0.1022002
0.08505758
0.07630491
0.1039557
0.07000112
0.09272941
0.08613371
0.05484563
0.09474622
0.06472819
0.05264962
0.1209932
0.07128679
0.09125477
0.09211695
0.05527843
0.06148871
0.04222673
0.07516482
0.06576703
0.0753031
0.07229022
0.08433727
0.08172658
0.06174687
0.05180818
0.06263439
0.05573617
0.05890558
0.06703584
0.08480328
0.07297005
0.07195856
0.07792938
0.07674231
0.09607781
0.09799433
0.09068697
0.08288941
0.06947515
0.06799662
0.06926793
0.09568165
0.08160088
0.07844252
0.06594348
0.05762661
0.08500087
0.08659949
0.08565856
0.09883146
0.07627584
0.05581239
0.09644014
0.07972427
0.06606322
0.09075534
0.07756121
0.07210749
0.07851653
0.1048557
0.08108684
0.07756169
0.08116941
0.07450251
0.1001765
0.1152745
0.07152866
0.07119446
0.08802876
0.09580542
0.09227671
0.09539269
0.06827297
0.09667911
0.07233052
0.08569969
0.07288698
0.08974352
0.07497401
0.08218142
0.07245352
0.07814765
0.08902814
0.07243392
0.08303628
0.07801979
0.09479717
0.05820375
0.0878021
0.09253932
0.1054077
0.06660853
0.06862917
0.08802625
0.1261655
0.07912071
0.09925744
0.07404518
0.0901168
0.08821306
0.1048929
0.07813131
0.09165524
0.07101768
0.1018894
0.08366899
0.07060853
0.08745744
0.0669604
0.0912368
0.1001845
0.1046076
0.0738867
0.09420497
0.08623284
0.09824433
0.06880708
0.07587893
0.0721644
0.1113781
0.09593959
0.08683444
0.1239238
0.1122129
0.07212717
0.1329197
0.09955519
0.1073712
0.121813
0.1124568
0.09103883
0.0887541
0.08605839
0.08985642
0.09320919
0.08072713
0.09046293
0.1301329
0.1364008
0.09528768
0.08790183
0.09944318
0.08247672
0.09774637
0.06753841
0.09426734
0.08144513
0.08737862
0.08277062
0.08170254
0.1245819
0.1182578
0.06588424
0.1364689
0.08845948
0.1004167
0.08521097
0.1135783
0.07231813
0.08857822
0.08836402
0.08539096
0.09603868
0.1004506
0.0833491
0.0806134
0.09262555
0.1218407
0.1248588
0.1104197
0.08897293
0.09654015
0.08279154
0.09760805
0.1012232
0.08435329
0.1025518
0.09882484
0.1012533
0.08956882
0.08710595
0.09733556
0.07958813
0.09451273
0.09181266
0.08638051
0.08158675
0.1077902
0.1146606
0.08701804
0.1290826
0.09840652
0.07669687
0.07964018
0.08767357
0.1046589
0.07771099
0.07955178
0.0992994
0.1209367
0.08101962
0.07770524
0.0761224
0.09930764
0.09356374
0.08243717
0.07191577
0.06949177
0.06837403
0.09401243
0.06871081
0.08862038
0.0755392
0.1078324
0.08129219
0.09222724
0.08960194
0.06662406
0.09600315
0.0762011
0.06918709
0.1087592
0.0778873
0.09372629
0.1015517
0.06434504
0.0703883
0.08208217
0.0960691
0.09339514
0.09275634
0.07820455
0.09977044
0.1011653
0.1011531
0.1006935
0.09846282
0.0943423
0.09651319
0.1054192
0.1346167
0.07301776
0.1129765
0.0820752
0.1017039
0.08518374
0.08099093
0.09231629
0.08583278
0.08068285
0.09319627
0.1131397
0.09813938
0.1019931
0.07402835
0.08941397
0.09520826
0.09729524
0.09497794
0.1269449
0.1076545
0.08791668
0.07964729
0.08945006
0.1210576
0.09937468
0.1014437
0.09187279
0.09775372
0.09136109
0.08783097
0.08660275
0.06202445
0.06612268
0.07626434
0.07371634
0.09070392
0.07269361
0.09494554
0.1202569
0.1036721
0.09708808
0.08142294
0.07322332
0.0774744
0.08311248
0.1113445
0.08272305
0.1004987
0.09569324
0.07059567
0.0801779
0.08328446
0.1318932
0.07361714
0.0674563
0.08144756
0.07257927
0.07780673
0.06298989
0.0763506
0.07127259
0.08003539
0.07972732
0.09328709
0.08603554
0.08536811
0.08574958
0.0859744
0.07931739
0.09232231
0.1041687
0.08539995
0.06636834
0.09468523
0.1086243
0.1443797
0.1111121
0.1033782
0.1231005
0.09776827
0.09991084
0.07567716
0.08277638
0.07844193
0.1172395
0.06575623
0.07241092
0.09259352
0.07998908
0.09838548
0.0732717
0.06232121
0.06560853
0.07790448
0.08270333
0.09482133
0.07073059
0.1084028
0.0760379
0.07035113
0.09470772
0.06982316
0.08301401
0.09942955
0.07903806
0.08982228
0.1050679
0.09728332
0.0834283
0.08435811
0.07010893
0.1262614
0.07627563
0.08010176
0.07040277
0.07931389
0.06812797
0.09093031
0.07479235
0.0817409
0.100729
0.1057617
0.08256971
0.09764577
0.08708606
0.07139564
0.1152093
0.05848366
0.07693477
0.1137797
0.08313853
0.1177478
0.07879052
0.07896741
0.07691655
0.07455206
0.05881293
0.09416009
0.08596161
0.06581285
0.07783746
0.08162783
0.07620425
0.08304468
0.05651637
0.0567183
0.0977824
0.06431551
0.06004351
0.06273388
0.05396041
0.07721758
0.08319187
0.07313469
0.0663425
0.06946094
0.04859021
0.08236999
0.06999563
0.06369495
0.05869799
0.07951342
0.06748092
0.07127279
0.08354246
0.06860303
0.06424359
0.07358725
0.08189542
0.08366255
0.08823152
0.07741668
0.08749196
0.08310242
0.1034609
0.08890394
0.06467952
0.08137091
0.07897932
0.09610497
0.08079971
0.1165162
0.1073658
0.07928184
0.07283727
0.06739523
0.08353493
0.0977347
0.07653549
0.08255085
0.06738344
0.08154518
0.08542097
0.1004723
0.1140083
0.09674668
0.1043139
0.07419728
0.09496231
0.1443829
0.07292865
0.08097856
0.1300314
0.08686308
0.1151031
0.079495
0.08138847
0.06785889
0.08970708
0.05935654
0.08075231
0.08956926
0.05323239
0.0938044
0.09925513
0.08469227
0.07854548
0.0753173
0.08509587
0.08015195
0.09100136
0.07923669
0.08603261
0.08226461
0.0634851
0.07899282
0.08206526
0.104231
0.08699974
0.07853431
0.07008877
0.09786924
0.096457
0.07288477
0.08591345
0.1096656
0.09365964
0.06648704
0.07683718
0.1052821
0.07193829
0.09140022
0.09600981
0.0853328
0.0822325
0.08939286
0.07834494
0.07921045
0.1688453
0.09431713
0.07195528
0.08467072
0.1035558
0.1198374
0.103009
0.07905162
0.08204284
0.08788812
0.1016244
0.07812882
0.08462723
0.08504914
0.08548415
0.08962128
0.09850432
0.07775737
0.1047334
0.08724548
0.09455294
0.08604075
0.08841872
0.1000454
0.08524662
0.1224909
0.1038681
0.08270457
0.09326742
0.09863173
0.06736675
0.0931865
0.09507583
0.09397771
0.0762286
0.1032501
0.07112072
0.06022997
0.0877034
0.08048777
0.09306238
0.09717613
0.08328581
0.08479606
0.09443999
0.1008438
0.08864697
0.08883229
0.08995854
0.08831919
0.08522526
0.0899391
0.106117
0.07268025
0.1087928
0.08200748
0.1035565
0.09214067
0.1105899
0.1180334
0.09530153
0.07367611
0.100043
0.09432704
0.07346312
0.1205001
0.08332779
0.1019446
0.1264406
0.06729054
0.06470779
0.07895988
0.09022395
0.07972805
0.08760031
0.09417114
0.1146243
0.09595846
0.07108029
0.08617894
0.07755974
0.06745256
0.1010714
0.07839263
0.09892541
0.09173295
0.08169549
0.09237081
0.1050664
0.07558295
0.06335104
0.07095139
0.08413424
0.1082548
0.0959496
0.0571173
0.08186887
0.06260768
0.08111241
0.08476138
0.07755751
0.1235574
0.09272009
0.1091087
0.1166029
0.1002972
0.09940059
0.1075629
0.08902288
0.09993171
0.07151433
0.08850451
0.07475056
0.120459
0.1058391
0.09412856
0.07380134
0.06708649
0.1061451
0.09310494
0.0614225
0.08957444
0.06198007
0.05753299
0.08452998
0.0701328
0.08823548
0.08486066
0.08972704
0.074506
0.07826785
0.06676695
0.07461276
0.07403068
0.05506299
0.09148067
0.08686582
0.08407073
0.08184785
0.06953577
0.1201462
0.07620423
0.08221542
0.06397643
0.07188903
0.1147388
0.1056708
0.0932607
0.08880746
0.07517494
0.05588706
0.09241044
0.08117272
0.09120747
0.07773178
0.06341324
0.06940094
0.06036392
0.08811881
0.0724431
0.07898401
0.08109843
0.08126604
0.1254333
0.1024043
0.0943811
0.09468637
0.09542771
0.1130476
0.09870011
0.08477168
0.1013571
0.08383911
0.08486512
0.1161692
0.09515144
0.07986545
0.1038338
0.06427312
0.08992292
0.09818667
0.1184945
0.05396724
0.09324267
0.07966011
0.08874202
0.07074741
0.09481289
0.06658424
0.1066466
0.1185666
0.0766507
0.09201074
0.09771461
0.09890672
0.08919514
0.09073639
0.1265297
0.1005818
0.07367644
0.09067222
0.0606025
0.06484209
0.07919232
0.06436221
0.09413866
0.07894745
0.09002906
0.07953514
0.06695745
0.05831685
0.08987904
0.06899472
0.07529399
0.08538994
0.07127871
0.1042839
0.09491584
0.09718295
0.1088887
0.08496336
0.06358883
0.07864875
0.1241407
0.06725812
0.1184521
0.1098458
0.09577034
0.09397188
0.07826507
0.08204301
0.0935795
0.1200961
0.101154
0.08693596
0.08887164
0.07846364
0.07217085
0.09258638
0.0778393
0.08043354
0.09282669
0.1113516
0.08076975
0.1193097
0.09963489
0.09528524
0.07210766
0.07447001
0.08735532
0.1029689
0.1071221
0.09376642
0.09946703
0.07734428
0.1009084
0.08869431
0.0872369
0.1080192
0.08850471
0.1008938
0.06259049
0.09231055
0.07719712
0.06351876
0.07693588
0.08597204
0.08926249
0.07779257
0.0732027
0.09926862
0.1303033
0.09366015
0.08172011
0.1375341
0.09940999
0.08011338
0.09415929
0.06642391
0.06938669
0.05918174
0.08081501
0.07179615
0.05236833
0.104754
0.08880012
0.09257892
0.06871966
0.08312728
0.09171974
0.07193313
0.07964625
0.09248925
0.1227405
0.06745056
0.07659905
0.1087541
0.08389022
0.07483878
0.09293324
0.05492143
0.07055926
0.07921315
0.07007292
0.08899373
0.07357728
0.07723396
0.08298525
0.09279636
0.07586076
0.0721112
0.09006405
0.08373136
0.06827252
0.08608719
0.06712132
0.0800584
0.09313173
0.08321954
0.09438832
0.09160754
0.1072598
0.07838544
0.09244853
0.1105809
0.08695081
0.08372767
0.07293853
0.07902973
0.1050937
0.07643671
0.06877461
0.1009286
0.09086891
0.08150603
0.06856385
0.06276433
0.08102436
0.07185671
0.07801138
0.0698885
0.0893843
0.06096242
0.08831224
0.07242747
0.07252307
0.07522585
0.08780607
0.09115564
0.07649576
0.1008834
0.07693039
0.07993855
0.0957256
0.0811552
0.07345873
0.0932615
0.0914984
0.07716642
0.0876241
0.1163045
0.1622999
0.09326003
0.09338567
0.09053943
0.09363188
0.07305773
0.09218886
0.07519367
0.07103082
0.06813693
0.07580067
0.06395841
0.08279632
0.06371427
0.08751946
0.06780126
0.09296587
0.07431824
0.07097068
0.06224369
0.0791896
0.06638652
0.07075775
0.07016486
0.1086551
0.07508624
0.1242506
0.1040516
0.1097725
0.09414281
0.06520973
0.1062014
0.1033467
0.07838176
0.1215083
0.08570368
0.1005903
0.08318686
0.05731196
0.08196821
0.08063973
0.07594412
0.07306812
0.05461099
0.04324316
0.08033766
0.07813912
0.06857928
0.09988007
0.07065073
0.08283154
0.0914754
0.06100686
0.0807078
0.06828963
0.105176
0.1010504
0.08713327
0.07514395
0.1135706
0.1095761
0.0951741
0.08769842
0.09139128
0.09706168
0.08794976
0.09284665
0.08391505
0.07580443
0.06657766
0.06584122
0.0833476
0.05683263
0.07562244
0.09700736
0.07250968
0.09082724
0.09222406
0.08344374
0.09576757
0.07465761
0.09924928
0.04989069
0.07720017
0.07130877
0.08192871
0.08378624
0.07041392
0.06700343
0.06903117
0.1029397
0.06362777
0.07602102
0.0803698
0.08280723
0.08105038
0.08043439
0.06681397
0.1011102
0.06697235
0.08062585
0.08344812
0.0722259
0.05503665
0.08680162
0.09139901
0.07900174
0.08040528
0.08266827
0.07181556
0.1045383
0.07843279
0.0773441
0.1062719
0.04994777
0.08250265
0.08533113
0.08767413
0.08417951
0.08682645
0.09990636
0.08983236
0.09992151
0.09423226
0.1028477
0.1233085
0.08453435
0.1086687
0.08618436
0.1027892
0.1116679
0.09315066
0.07174158
0.0857966
0.09276054
0.1090653
0.07683225
0.07493867
0.06785898
0.1215311
0.09150715
0.07520871
0.08944774
0.08234816
0.08748644
0.09936453
0.09440286
0.07060211
0.09628765
0.07926554
0.1104772
0.08111675
0.06284259
0.07791226
0.08371611
0.0750631
0.1140343
0.06822684
0.08917924
0.09097358
0.07803887
0.1039041
0.09615283
0.07283162
0.06211833
0.09972798
0.1147213
0.1267932
0.1045134
0.09049618
0.08434247
0.1140711
0.07964077
0.0818905
0.07708408
0.07981782
0.07733117
0.1107555
0.08491765
0.09112604
0.09933195
0.07222582
0.0757237
0.06665239
0.1072185
0.1048406
0.06932812
0.08959405
0.06913259
0.09302467
0.06147798
0.07359838
0.08826602
0.09858281
0.07201231
0.08729502
0.08990043
0.07916456
0.1076275
0.08294235
0.07905086
0.08858693
0.07814105
0.08373082
0.08858489
0.1159605
0.09221878
0.08293442
0.09876949
0.101243
0.09286506
0.08613515
0.08111036
0.05991409
0.09130126
0.09617096
0.06464481
0.07599716
0.07215838
0.0566571
0.06757818
0.06679274
0.1002496
0.0670405
0.07148983
0.05742312
0.07206429
0.09636733
0.07989999
0.06530767
0.09070315
0.1006335
0.09426009
0.08814605
0.09421568
0.1306408
0.1304238
0.09770364
0.07163947
0.1075993
0.0828159
0.1299946
0.124828
0.1051059
0.08320477
0.0830747
0.09451238
0.07232238
0.07254897
0.08527096
0.07276506
0.1003688
0.07955988
0.05630322
0.0869849
0.05641592
0.09990912
0.07886092
0.08311192
0.06466134
0.09405653
0.1005206
0.07168417
0.1026095
0.08700785
0.09163846
0.09080465
0.08040084
0.09805921
0.07121403
0.09973884
0.08534871
0.08295439
0.07654042
0.09933239
0.1121173
0.0869811
0.07101096
0.0838257
0.07328379
0.08275563
0.09624393
0.09807632
0.06650983
0.1011906
0.09169389
0.08467497
0.06578275
0.1075197
0.06762915
0.0779367
0.06242786
0.07304247
0.08011961
0.08811344
0.07246259
0.1145419
0.04990187
0.1234293
0.07463639
0.09657582
0.07598523
0.07960158
0.0759269
0.06857885
0.1022718
0.07346571
0.1089761
0.09666939
0.07119353
0.0683632
0.09451428
0.07305023
0.1344834
0.09011582
0.09193495
0.08403289
0.06832535
0.09976482
0.1210953
0.08378652
0.0923527
0.1047102
0.08924177
0.08362606
0.1044113
0.08705513
0.07904628
0.09088286
0.07310036
0.1015098
0.08397044
0.08802923
0.08726315
0.07612125
0.1028727
0.1084539
0.07398667
0.06994185
0.08561279
0.09793585
0.08190751
0.07141122
0.04157584
0.0412653
0.04792193
0.06463007
0.08925202
0.03452638
0.06061807
0.02924164
0.05496837
0.0479809
0.06149248
0.06744916
0.09612353
0.06535648
0.08889956
0.08901005
0.08394077
0.08552043
0.07382254
0.09535711
0.07426737
0.1528805
0.08589776
0.06891716
0.05816855
0.100373
0.07352182
0.07428295
0.06071995
0.07922146
0.07946829
0.08705926
0.04855002
0.0782407
0.07159193
0.08907358
0.07757734
0.0620698
0.07798721
0.07093824
0.1050228
0.06103588
0.06943797
0.07139071
0.03847661
0.07769104
0.0664051
0.08023598
0.09335296
0.08872887
0.1145689
0.07462501
0.08659724
0.09231238
0.08044038
0.09532211
0.06711632
0.09502362
0.06288327
0.04976926
0.08159975
0.09519464
0.07613723
0.06107924
0.05517817
0.06392478
0.04499622
0.04817421
0.06216921
0.1145361
0.06960275
0.06278266
0.07324866
0.05586387
0.05232172
0.06712991
0.05114315
0.06139375
0.09605993
0.06827605
0.09131378
0.07456408
0.07327634
0.08844718
0.05817231
0.08316601
0.08553912
0.09002064
0.09293629
0.111695
0.07858947
0.09186507
0.07256662
0.07497369
0.1051028
0.0790884
0.1081505
0.07396706
0.06125697
0.08326627
0.06791256
0.05215731
0.0762637
0.08591683
0.09105849
0.05376243
0.115682
0.08054329
0.0893464
0.07761523
0.05643383
0.07415203
0.05981116
0.05781513
0.06022637
0.07182115
0.06737574
0.0901267
0.0787554
0.103568
0.05968218
0.07953737
0.08410205
0.05585808
0.04295024
0.06364103
0.07866523
0.1032889
0.06446928
0.1089379
0.09988626
0.08764103
0.08378924
0.08398104
0.0663262
0.09796867
0.08388744
0.09743233
0.1197589
0.07795077
0.04999495
0.06559394
0.08950027
0.06014575
0.08482215
0.0712491
0.0620885
0.09204506
0.05766266
0.07755931
0.08240122
0.08809688
0.1012608
0.1223705
0.09887593
0.108197
0.1065054
0.09665837
0.09381705
0.07788097
0.1045661
0.08220004
0.05052318
0.09271843
0.06445906
0.08565557
0.06992018
0.06138535
0.05300545
0.03546644
0.06735478
0.0721922
0.04807646
0.0748436
0.06841292
0.1138032
0.07502458
0.09612924
0.08426625
0.09618083
0.08421685
0.09985557
0.09254965
0.1039926
0.07225857
0.06968302
0.07176999
0.07901438
0.0854533
0.08960487
0.06523084
0.09673742
0.05488711
0.06862578
0.05339913
0.05547551
0.08114688
0.09448221
0.08317379
0.08403311
0.07483571
0.0906098
0.09452101
0.1032148
0.08007338
0.07550479
0.09986767
0.1103297
0.08478519
0.08136866
0.06956901
0.08511743
0.08590364
0.07383544
0.08488914
0.1317758
0.06898555
0.08936863
0.08478837
0.05589415
0.06102544
0.05610722
0.06950483
0.06625074
0.06494991
0.06272204
0.05421789
0.06035307
0.08531818
0.08090043
0.08205773
0.06499448
0.0651615
0.03942798
0.05727798
0.04893275
0.05715263
0.08812045
0.06642997
0.06125275
0.08509436
0.1009927
0.04948236
0.1009965
0.06595459
0.059224
0.08124216
0.07960141
0.06236501
0.07578221
0.07110321
0.1102549
0.090018
0.06132953
0.05937106
0.08832358
0.07618876
0.09239766
0.1246851
0.06670897
0.08308628
0.07008781
0.1058569
0.07757482
0.09889081
0.09232557
0.0973837
0.07986843
0.1022748
0.09055232
0.09008435
0.09123465
0.09409546
0.1328487
0.09727888
0.07985929
0.09263071
0.1181264
0.08894895
0.08080349
0.08560746
0.09404291
0.09919051
0.1214056
0.07686657
0.1022884
0.08672412
0.09752627
0.1192496
0.1093611
0.1194474
0.08092437
0.08816912
0.08677359
0.1111281
0.07508986
0.08267419
0.08641375
0.0925593
0.1027762
0.10488
0.08851715
0.06753093
0.0871681
0.09585936
0.09266973
0.0741043
0.07807726
0.08011298
0.08677873
0.07297324
0.06345713
0.07217452
0.08563858
0.08616513
0.08239786
0.09437539
0.08203467
0.08627296
0.09091414
0.07018512
0.09608642
0.06689146
0.07368012
0.07963533
0.09549711
0.06618193
0.07985925
0.0716501
0.05580028
0.05900106
0.05557192
0.07479279
0.05660437
0.05229581
0.07734106
0.08893437
0.05853692
0.07613476
0.0435013
0.07950101
0.07072643
0.06274669
0.06793831
0.06356363
0.05143667
0.08025704
0.09435813
0.05608244
0.05383181
0.05668454
0.07565772
0.08871285
0.07781493
0.05238335
0.1024144
0.06587428
0.06488018
0.07625297
0.07227037
0.06456744
0.05547458
0.05669092
0.03907005
0.05714517
0.06177773
0.0554644
0.07096363
0.08031057
0.0772338
0.04761817
0.0524296
0.06731983
0.07021379
0.05424116
0.063782
0.07259784
0.06324969
0.05234048
0.05366107
0.06449721
0.06025644
0.06372343
0.07619785
0.06632002
0.07418824
0.09585636
0.07282529
0.09065616
0.07881829
0.08799355
0.08663397
0.09276895
0.09244081
0.07178197
0.06477383
0.05945314
0.06749664
0.04187238
0.07742851
0.05722471
0.07518644
0.0787048
0.06255817
0.06305201
0.08727103
0.1030719
0.07355451
0.06850215
0.08598814
0.06926205
0.09167471
0.130354
0.0673414
0.0963652
0.09465718
0.09471536
0.06241154
0.08888555
0.05579843
0.07085836
0.06669627
0.06580959
0.07198653
0.07248271
0.06500834
0.07151818
0.07479756
0.06654192
0.1033538
0.08904187
0.05600663
0.09004524
0.09589736
0.1079127
0.0997138
0.07967707
0.08329864
0.09857303
0.09138998
0.08335808
0.0916459
0.108316
0.08168849
0.08264656
0.0926414
0.1145242
0.09089109
0.09822045
0.1101591
0.08318066
0.06584163
0.09115322
0.08514382
0.07677326
0.1065495
0.08217171
0.1027946
0.05040308
0.1055575
0.0900037
0.08729779
0.07883143
0.1031527
0.1126283
0.10273
0.0976787
0.09583558
0.08619881
0.05884845
0.07479451
0.103283
0.08499722
0.07375576
0.06258753
0.1053481
0.1144744
0.07914992
0.1163067
0.08303803
0.08149363
0.1152399
0.07889359
0.09126493
0.08976082
0.1017149
0.1042286
0.08230449
0.09272553
0.09193991
0.08590918
0.114106
0.1034376
0.06939691
0.1034621
0.08555496
0.06546011
0.0627044
0.1059114
0.0964189
0.07653698
0.1001355
0.09509279
0.06175805
0.08924725
0.06941446
0.07928342
0.08112413
0.08935089
0.08011011
0.0823719
0.09708783
0.06382494
0.09880592
0.09105222
0.08843322
0.09707343
0.0933733
0.07124873
0.09631317
0.08219321
0.0937883
0.09300437
0.1008006
0.07680437
0.08965265
0.08439876
0.0761861
0.08670328
0.1163404
0.09673956
0.0715256
0.09898585
0.08648429
0.0854437
0.09318752
0.09468115
0.07837577
0.08564601
0.09251857
0.0812299
0.08221564
0.1017398
0.1171691
0.09261519
0.07849502
0.08960279
0.07722161
0.07433015
0.07862059
0.08714936
0.09042999
0.09843459
0.08133959
0.0849262
0.06729212
0.09633539
0.1121676
0.09214897
0.09565867
0.100705
0.09903591
0.07361508
0.07487871
0.09220015
0.08082942
0.08737401
0.06948417
0.09635639
0.07065394
0.07537134
0.07884573
0.08288728
0.06949252
0.07007578
0.07027581
0.05193028
0.08384416
0.06431558
0.0883737
0.07445183
0.07415403
0.05778716
0.0610699
0.09885356
0.09000908
0.07463273
0.1070249
0.07212335
0.0875535
0.08576332
0.0735797
0.0888925
0.07292008
0.06388643
0.08967868
0.1226295
0.09572359
0.09249261
0.1054397
0.0878273
0.09928064
0.06675555
0.09636788
0.1101811
0.09435576
0.07065947
0.08748801
0.08593031
0.09875572
0.1011531
0.08959396
0.08684831
0.07432009
0.07776233
0.07664398
0.06453004
0.07485734
0.09234046
0.07198548
0.0871495
0.07484363
0.07457637
0.09144718
0.0739485
0.06503849
0.06464729
0.07245013
0.09194591
0.08392094
0.07709989
0.09134545
0.07132633
0.06163341
0.06464318
0.08575487
0.05177952
0.06801772
0.06882224
0.05671585
0.09349085
0.06943127
0.05308232
0.0710316
0.08344746
0.05491893
0.07888334
0.08253136
0.09725724
0.07252846
0.0654625
0.06579373
0.09194462
0.07997912
0.07335425
0.08487797
0.07095732
0.08508861
0.08044495
0.07405508
0.07820928
0.07263176
0.06807722
0.09714852
0.06951074
0.0819738
0.04884207
0.08666811
0.0722272
0.07968082
0.1069086
0.09493347
0.08910763
0.08098657
0.103061
0.09814502
0.09907648
0.08535638
0.1059869
0.08992335
0.08882119
0.0939383
0.07214018
0.08016048
0.09115458
0.09604607
0.09949329
0.07846752
0.114309
0.1177303
0.07260085
0.08100966
0.0751802
0.07329141
0.05935609
0.06462682
0.07292264
0.08560908
0.09419966
0.0977585
0.09398332
0.1037092
0.0819428
0.07206621
0.1059665
0.08530845
0.07624635
0.07096765
0.07027352
0.06274237
0.05969948
0.08579094
0.08649295
0.1040955
0.08256075
0.1115268
0.09934088
0.1075352
0.08269217
0.09573761
0.09404517
0.1050833
0.07542892
0.0982977
0.08311959
0.07157626
0.09432957
0.1040954
0.09700865
0.07495592
0.0765727
0.09177545
0.1198043
0.09984952
0.1247562
0.08846465
0.08230013
0.1237013
0.07168094
0.07456476
0.07885691
0.06776407
0.07859858
0.08148413
0.07600989
0.06607697
0.08091409
0.08524642
0.06844268
0.08276762
0.101512
0.07047395
0.07386345
0.1253882
0.09854319
0.08624536
0.07985424
0.08898307
0.09518996
0.1078989
0.1119897
0.1179852
0.09366593
0.09104893
0.08252282
0.08451121
0.06204491
0.107231
0.09404417
0.07663786
0.07783184
0.09802436
0.09386149
0.09726928
0.07184058
0.1229046
0.1012105
0.07462716
0.07252001
0.09329766
0.07385744
0.07172686
0.07636788
0.1046347
0.07204974
0.0927234
0.09265688
0.06226161
0.07836042
0.09640335
0.0629929
0.08379933
0.09447989
0.07407603
0.09972536
0.07023181
0.09561839
0.1061867
0.1072977
0.08371659
0.09858338
0.07996374
0.09671222
0.06998699
0.09375079
0.0943041
0.0687486
0.07950474
0.05775678
0.09240129
0.07423454
0.1211145
0.07913203
0.08303496
0.07567542
0.09458153
0.06065619
0.09263184
0.06387641
0.09628021
0.0785627
0.07403237
0.06756363
0.0976042
0.07245031
0.06657193
0.09961824
0.08871173
0.1037255
0.07602424
0.1009186
0.06883073
0.06515041
0.06200515
0.06189424
0.08861531
0.1043399
0.09245632
0.1086118
0.117978
0.1170347
0.09969587
0.07890989
0.07714549
0.09055826
0.08646074
0.08529645
0.08402654
0.07709782
0.07619863
0.09167249
0.07474349
0.1002141
0.08988381
0.1192442
0.0904105
0.07953787
0.1067428
0.1039567
0.07638584
0.09292536
0.1013969
0.08554496
0.1054266
0.07756541
0.09321125
0.07307344
0.07671977
0.09133769
0.09917507
0.07483176
0.05305003
0.06523096
0.06516873
0.06336113
0.06974529
0.06936878
0.0593962
0.07562962
0.04394785
0.05696826
0.06633439
0.07867978
0.08372809
0.06110562
0.08748869
0.08113732
0.08190945
0.0812976
0.0630917
0.06181788
0.1025299
0.1040234
0.08744777
0.07833689
0.08069694
0.07082685
0.0843221
0.08793706
0.06928225
0.06246537
0.08167254
0.08203027
0.07970401
0.07043272
0.08664529
0.09597492
0.1015981
0.07271125
0.05939612
0.0724224
0.08890083
0.1031794
0.07336791
0.06783698
0.06903603
0.05788526
0.07763055
0.08313235
0.09567028
0.07319809
0.08585403
0.07201236
0.09647743
0.08534938
0.09695306
0.05573956
0.0698055
0.07445799
0.06598808
0.07661541
0.07115529
0.0788351
0.09075684
0.07148214
0.07768365
0.05827441
0.05689889
0.1055199
0.05529219
0.1169025
0.07302501
0.09893739
0.08258597
0.08911581
0.07879392
0.1034262
0.1052077
0.07781829
0.0812268
0.1174069
0.08494813
0.09341648
0.08931043
0.07450992
0.1003871
0.1102337
0.08772601
0.1093448
0.110738
0.09110905
0.07698324
0.0719068
0.05886658
0.07194308
0.119501
0.09820126
0.09441103
0.07729869
0.08659513
0.08724583
0.06419985
0.09662513
0.08040516
0.0531047
0.07103614
0.06738584
0.07550239
0.05807567
0.08138236
0.06199292
0.07570275
0.07876097
0.06435959
0.07176065
0.0752378
0.07959075
0.0992591
0.06238311
0.07085021
0.0672413
0.06010589
0.07648414
0.04562236
0.1183491
0.08569899
0.07816529
0.07620066
0.0748689
0.08054196
0.0501989
0.05321059
0.08531095
0.07649807
0.1135449
0.1128186
0.07542766
0.0820032
0.08539161
0.1289724
0.09183399
0.05434009
0.09131355
0.08076177
0.07717
0.09122996
0.09835138
0.08468634
0.06496424
0.1103862
0.07995114
0.08432159
0.08856038
0.1076446
0.1027752
0.1050121
0.06813179
0.06586246
0.07333681
0.07472881
0.0644821
0.0830479
0.08785301
0.06358605
0.08879056
0.0737895
0.06803496
0.09013132
0.08046011
0.07764121
0.08877765
0.07637445
0.05751127
0.09139902
0.07334449
0.1029657
0.07658839
0.08125064
0.09810124
0.06814435
0.1000096
0.08643312
0.1046905
0.08093575
0.08908141
0.07143052
0.08557869
0.08726713
0.06494408
0.06997299
0.07767393
0.09914904
0.08117992
0.08972661
0.1011811
0.09019517
0.08666352
0.09247758
0.1027524
0.06967072
0.07099861
0.09039764
0.09938859
0.1152086
0.1020963
0.1440459
0.09201662
0.08693523
0.08203777
0.08722896
0.09683502
0.09454573
0.07354806
0.05546597
0.08444718
0.06120971
0.07334141
0.08216171
0.0748679
0.06474597
0.08462608
0.05846918
0.04575614
0.06320857
0.1156672
0.07301901
0.1199564
0.08096557
0.08992271
0.1029984
0.1085405
0.104395
0.09490407
0.08348184
0.0647426
0.07625079
0.1250512
0.07028925
0.07172261
0.08718363
0.09508509
0.0958621
0.09381221
0.07786717
0.07840502
0.0721563
0.08958138
0.08895135
0.09321144
0.08934366
0.08043107
0.05528173
0.08171626
0.08923544
0.08759711
0.0818957
0.1058737
0.06089372
0.09091221
0.06725148
0.08079958
0.06502552
0.07142077
0.1014309
0.09014825
0.09207397
0.07881299
0.07204427
0.07506296
0.1014553
0.07216625
0.05940673
0.05577418
0.05587876
0.07616757
0.07845687
0.08483054
0.07333745
0.06161973
0.0532707
0.0768223
0.07327712
0.0488139
0.07094042
0.07939076
0.09209639
0.05772057
0.0978897
0.08692173
0.07076124
0.08069806
0.08014946
0.07290482
0.06004153
0.07705206
0.09364339
0.0757313
0.09666391
0.09811281
0.09996116
0.1138572
0.09470068
0.09497681
0.0985027
0.08417576
0.1069006
0.06902908
0.06004039
0.0717097
0.07850672
0.113009
0.1117884
0.0965231
0.08887482
0.06739204
0.09141163
0.1049235
0.07825598
0.09499083
0.06228621
0.08949087
0.08251348
0.07385602
0.08486679
0.08475939
0.07643107
0.09337898
0.07724504
0.07450783
0.07183037
0.06911645
0.1157215
0.1151864
0.08953254
0.07347144
0.06495701
0.1026381
0.1034566
0.08782285
0.1028706
0.07647317
0.09852252
0.09068487
0.07318305
0.07650179
0.09776021
0.07615705
0.09792532
0.09294195
0.07491039
0.07116748
0.07523495
0.08137757
0.08779239
0.1147253
0.07320152
0.04647646
0.04238325
0.0488755
0.03757358
0.06876913
0.05205316
0.04945178
0.04845739
0.04999175
0.06079425
0.04134412
0.04054979
0.05422027
0.03788558
0.03832835
0.04876205
0.04463414
0.0396612
0.04296281
0.0719874
0.04332404
0.03343787
0.06244823
0.05005966
0.04469801
0.06954593
0.07803488
0.05896175
0.0390698
0.04542545
0.05082748
0.05014956
0.04651681
0.05608836
0.04769706
0.07783284
0.07297763
0.08357676
0.1003261
0.05002765
0.06378201
0.0656039
0.07966768
0.06121291
0.07848216
0.07974902
0.06759882
0.07683133
0.09151684
0.07541666
0.08012759
0.0699221
0.07958274
0.0769296
0.1051795
0.07054332
0.05776471
0.06923274
0.05892266
0.06597004
0.05323945
0.08159151
0.08910446
0.06240384
0.06964217
0.08715441
0.06866293
0.08268692
0.08059116
0.06357646
0.05176459
0.05125135
0.08074493
0.08792521
0.06837973
0.0769222
0.06552202
0.07973874
0.06777405
0.09780257
0.08140947
0.06685256
0.08949655
0.06334759
0.05639089
0.06456759
0.06561439
0.06569642
0.08475351
0.06470782
0.1016079
0.08557311
0.07660406
0.09292131
0.06405466
0.0701993
0.08126461
0.08806531
0.07642001
0.09334163
0.05535567
0.06910971
0.06911128
0.08476812
0.09475122
0.06748246
0.06732299
0.08652085
0.09545574
0.07562051
0.09266357
0.068097
0.05313209
0.0710439
0.06163288
0.08931366
0.06219604
0.05835074
0.0619494
0.07389119
0.07042685
0.07978626
0.0931591
0.06389978
0.09843627
0.08328432
0.06970951
0.05998682
0.07252798
0.0695169
0.08065862
0.07479411
0.08423669
0.0778046
0.09463155
0.1213837
0.09584471
0.08600808
0.08414845
0.137828
0.08840972
0.08074231
0.09966224
0.1151217
0.09950301
0.07716723
0.09522572
0.07907475
0.1002809
0.07482287
0.07685494
0.08438897
0.09714708
0.07771189
0.1154345
0.08281446
0.0742318
0.1049908
0.09741208
0.07669456
0.1109281
0.08381995
0.0956031
0.07073593
0.07810459
0.09964536
0.09091097
0.09449136
0.07814768
0.07675004
0.08444551
0.07013317
0.08224872
0.07420695
0.09485001
0.09028506
0.08534224
0.07915214
0.07149175
0.09971672
0.09575549
0.07463221
0.08484086
0.07646316
0.1068048
0.1000424
0.06511945
0.07869547
0.05885197
0.08978346
0.107467
0.1075893
0.06820243
0.08735119
0.08359346
0.09001875
0.1038909
0.1115383
0.1184784
0.07640997
0.06404963
0.08202787
0.08184584
0.06968762
0.06494378
0.10306
0.09100281
0.1219086
0.1406207
0.08769386
0.1177092
0.1090376
0.08628261
0.1125084
0.117183
0.08791229
0.07983803
0.08529391
0.0831996
0.08710343
0.1207912
0.0960083
0.08800127
0.1064464
0.08462875
0.1146005
0.1089644
0.07845454
0.1101035
0.07829715
0.1002472
0.09167833
0.09187101
0.07404803
0.0896461
0.1034393
0.07030992
0.1046752
0.104541
0.09257306
0.07935425
0.07916786
0.08430041
0.06867873
0.09357718
0.1257258
0.09666806
0.07254405
0.07609936
0.07501321
0.112262
0.08290162
0.07287459
0.0802161
0.07669771
0.08481338
0.0825084
0.07198012
0.09622485
0.1089634
0.08283477
0.07862235
0.1080524
0.0968376
0.09655399
0.1137745
0.0974461
0.07926653
0.1023685
0.08217605
0.07926573
0.08281986
0.09538482
0.07142914
0.08995281
0.07715308
0.06978536
0.09391255
0.07473419
0.08366587
0.0659649
0.07504444
0.1153803
0.09285278
0.07956301
0.0674326
0.06962461
0.0864524
0.08402941
0.06530676
0.07507732
0.06571214
0.05256725
0.04719918
0.07701396
0.1086188
0.07748605
0.09259757
0.06954097
0.07301571
0.06632177
0.07641194
0.04919235
0.07413364
0.09857201
0.08780614
0.08945662
0.0753948
0.06459158
0.09627382
0.08958372
0.08456112
0.09200711
0.121687
0.07755329
0.1212179
0.09280711
0.0895322
0.06762184
0.09252031
0.0757156
0.1149309
0.07250604
0.09593634
0.05949056
0.07641783
0.1003567
0.0882552
0.08737883
0.08088766
0.09982352
0.1287758
0.08981063
0.1023885
0.09338724
0.1043987
0.0691866
0.06247437
0.1093272
0.1065065
0.09372897
0.07373128
0.07325872
0.1136313
0.1016327
0.07625032
0.1012849
0.07969411
0.09103659
0.08014298
0.08908914
0.08184027
0.07480614
0.08091316
0.07863765
0.07289857
0.07765912
0.09349282
0.07918092
0.05853016
0.07994913
0.07620829
0.0728628
0.08101929
0.06496487
0.06248829
0.06570266
0.05020476
0.07224001
0.06961633
0.08109713
0.1023822
0.075004
0.08136854
0.08874147
0.09035647
0.07423364
0.08010252
0.0771849
0.07131528
0.0833866
0.08819602
0.08216025
0.05918116
0.05688224
0.07877858
0.06236451
0.05684609
0.05270505
0.1030155
0.09422632
0.06053078
0.09706911
0.08828272
0.07313325
0.06827454
0.07326593
0.07042933
0.08286597
0.06135399
0.05970965
0.07211067
0.06140373
0.07257654
0.07176475
0.06042202
0.09665156
0.0930975
0.09039563
0.07979427
0.09676543
0.08035208
0.09449664
0.08386519
0.1250945
0.07266364
0.08027906
0.08698609
0.1011268
0.1110699
0.08992694
0.1041082
0.1415512
0.08870571
0.1036893
0.0776985
0.0979862
0.09614776
0.09599991
0.0803564
0.09619778
0.0614874
0.1330111
0.06834864
0.1107021
0.06994987
0.1081077
0.09674561
0.09561196
0.06367898
0.06161833
0.1189538
0.06969559
0.06772977
0.06292191
0.07472465
0.06871399
0.06493183
0.09388427
0.1225582
0.07671343
0.1011109
0.07786793
0.09820757
0.1084212
0.1106039
0.08983143
0.09233712
0.07246861
0.085608
0.06826893
0.08414234
0.07963907
0.1061654
0.08570853
0.1017299
0.1090019
0.1016107
0.1104787
0.1071975
0.0752805
0.07567596
0.07659699
0.09173085
0.1024611
0.1052827
0.07523005
0.07221695
0.09078687
0.1024117
0.07206846
0.08529027
0.104018
0.07944525
0.08512666
0.07755956
0.07497768
0.05829026
0.09028251
0.08597898
0.0842932
0.0533864
0.06746767
0.09909014
0.07424594
0.09374469
0.08648955
0.08659066
0.1054789
0.09422162
0.07674283
0.08523495
0.1023767
0.08128562
0.08405584
0.07145956
0.08980133
0.1027167
0.07675456
0.1000006
0.09178718
0.09314232
0.1053579
0.1193735
0.08725202
0.1061105
0.0878546
0.1004934
0.09611027
0.07372866
0.09032873
0.09813917
0.075414
0.06159202
0.07441866
0.07005427
0.09959859
0.0755567
0.05027789
0.07307674
0.06775463
0.05391478
0.06548616
0.07145723
0.06233267
0.07544416
0.106239
0.07014708
0.07490305
0.04268022
0.09732443
0.07392259
0.06439853
0.06034185
0.07777242
0.0905665
0.09436062
0.07540707
0.115635
0.1028478
0.07214622
0.0534957
0.07713162
0.06159292
0.09589676
0.08202421
0.08198745
0.08177149
0.1008596
0.06642391
0.07595297
0.09245156
0.07408071
0.08774211
0.0724806
0.07892374
0.05861988
0.07312733
0.07861148
0.06166849
0.05916617
0.06807592
0.0779758
0.07339525
0.0754904
0.08702873
0.08413107
0.07333308
0.09558298
0.1062412
0.1169889
0.07911577
0.09930903
0.09053063
0.1056733
0.1102525
0.05921338
0.08880322
0.07767461
0.07095193
0.0913017
0.08736277
0.0984311
0.08380689
0.08699685
0.06008797
0.1020152
0.1016461
0.05612957
0.1135013
0.1194365
0.09904772
0.1075364
0.07170732
0.08649085
0.06137081
0.0829077
0.0738108
0.07858433
0.09123993
0.09371608
0.1053732
0.08569313
0.06718163
0.08633924
0.078587
0.09332897
0.07067344
0.1012266
0.06351261
0.09316285
0.08763409
0.07694921
0.08169499
0.07634181
0.1120196
0.07891874
0.08899281
0.08719958
0.07956079
0.08131587
0.07608736
0.1091858
0.0884536
0.08727492
0.09077712
0.08331424
0.08133608
0.09525771
0.08811333
0.07843772
0.09227782
0.06817689
0.07006052
0.06558149
0.05881906
0.05882846
0.09111506
0.05181589
0.06663978
0.06500978
0.07403104
0.05499231
0.05100169
0.07865124
0.05009658
0.06965872
0.06486044
0.06503813
0.06479796
0.08806426
0.07635649
0.07816838
0.08903628
0.07138893
0.1179553
0.09025378
0.08390075
0.0703315
0.09342704
0.1073568
0.09869778
0.08047922
0.07964074
0.09744951
0.08697036
0.1124948
0.1025235
0.07843494
0.1084725
0.09761405
0.1022832
0.1001294
0.09391155
0.08893422
0.08784186
0.09834449
0.1017783
0.09979653
0.07699316
0.1065178
0.1020243
0.09971064
0.09228397
0.09439036
0.09694816
0.09321089
0.07975684
0.07995658
0.08537332
0.08365781
0.09434867
0.09646779
0.1165801
0.06796538
0.08953263
0.08163863
0.08078167
0.06509032
0.1207425
0.1140895
0.09054431
0.08842244
0.07220187
0.08707192
0.08248924
0.0868417
0.07306221
0.0843431
0.09991824
0.09255303
0.06882339
0.1071452
0.07984916
0.0819201
0.08096307
0.1066414
0.08729924
0.08794114
0.09329559
0.09092397
0.09471694
0.07932797
0.09275448
0.06707315
0.08794592
0.1128712
0.09540623
0.116112
0.09983723
0.07796881
0.09392531
0.08300599
0.1108488
0.09753666
0.09112517
0.09316583
0.07984823
0.09982777
0.1047047
0.08685974
0.1097894
0.08164486
0.09533087
0.09628267
0.1043285
0.1140504
0.09291578
0.100108
0.09490123
0.115306
0.08378921
0.08171604
0.08844233
0.1196655
0.1094953
0.09716656
0.09661755
0.1091124
0.09825777
0.08049416
0.1085021
0.07547264
0.09107096
0.07378221
0.08644099
0.1000494
0.08362763
0.08723625
0.07786772
0.1255657
0.08277436
0.08447532
0.09202146
0.1261749
0.09557393
0.07771027
0.08508967
0.09959443
0.08439167
0.0957157
0.1012536
0.1003392
0.1085153
0.1081798
0.094821
0.1195656
0.1074113
0.09876103
0.08040164
0.07992537
0.09328998
0.112251
0.08259266
0.1117135
0.1101606
0.1464059
0.08367248
0.07958506
0.09604374
0.08204058
0.08322965
0.09113664
0.08713045
0.08216231
0.06331091
0.09461159
0.06036448
0.06650835
0.08659008
0.06694006
0.06585901
0.06870186
0.05801544
0.04929831
0.07250317
0.07360535
0.08322156
0.058547
0.07812296
0.05730272
0.0752666
0.08002627
0.09559299
0.08564337
0.0826745
0.08231006
0.0946067
0.08070162
0.082597
0.07851638
0.09291517
0.1133746
0.07440462
0.06094163
0.1036189
0.07838849
0.06233501
0.0562302
0.07950965
0.09128442
0.06205877
0.06748202
0.09146857
0.09473939
0.09442885
0.08464705
0.1178216
0.07147115
0.08734947
0.06598074
0.1031488
0.06930719
0.1018751
0.06617997
0.09143234
0.07503873
0.07530445
0.07833153
0.07042888
0.0860999
0.06738635
0.05467984
0.06778074
0.07682263
0.08810443
0.0651124
0.0869091
0.0506905
0.04157082
0.08376131
0.06102127
0.07096119
0.1052706
0.07700437
0.07715632
0.1009292
0.08502784
0.04755326
0.07772403
0.07892542
0.08214098
0.05891603
0.06606047
0.06892236
0.06970188
0.09281122
0.0710724
0.07740209
0.1098426
0.09803074
0.08912936
0.07973193
0.08647721
0.08033815
0.07209722
0.06931183
0.07214916
0.08424153
0.05703733
0.08456614
0.06744775
0.04989761
0.06716868
0.06299619
0.05625882
0.08805244
0.1067824
0.1030298
0.102104
0.07143903
0.0859293
0.08203712
0.1037788
0.09238323
0.09580643
0.075555
0.08421419
0.07669758
0.09855779
0.08172941
0.08950948
0.09300175
0.1134843
0.08581288
0.09630141
0.1148627
0.09941801
0.08826125
0.08873293
0.08346417
0.08276608
0.07113158
0.082634
0.06780252
0.1028331
0.0982987
0.08859629
0.06897415
0.0941618
0.1255113
0.09149655
0.1130834
0.09532475
0.1119691
0.09713743
0.08438022
0.1177924
0.08772021
0.08993684
0.1027275
0.08244724
0.08734167
0.09171963
0.1165226
0.08454853
0.09870634
0.07881989
0.108822
0.08484275
0.1098965
0.07618276
0.08498249
0.09302998
0.08491141
0.1102707
0.07844631
0.08042683
0.07772577
0.08572592
0.09555846
0.09962573
0.1077721
0.07803869
0.09227355
0.07835241
0.09865087
0.09399111
0.105327
0.1077017
0.1079883
0.1170951
0.1179096
0.0818346
0.09101978
0.1055452
0.0922066
0.08219399
0.08792029
0.09471881
0.09048918
0.1003436
0.1042842
0.1086542
0.07850599
0.08619207
0.09287812
0.09062626
0.103863
0.07124376
0.07561071
0.06322561
0.06802392
0.06490097
0.08320635
0.0891216
0.08262837
0.08343284
0.07496614
0.09372615
0.1114456
0.07593419
0.08985097
0.08717787
0.1096669
0.0789133
0.08697074
0.1074585
0.1019356
0.1079503
0.0774477
0.09524156
0.1163291
0.08878438
0.09268808
0.0813748
0.09118935
0.0870716
0.1142461
0.08252253
0.117236
0.06465773
0.08402299
0.07194733
0.09376515
0.08758351
0.06439955
0.1105739
0.09314429
0.07921945
0.07710053
0.08876388
0.09877252
0.06923977
0.09936976
0.1241185
0.07044961
0.1096186
0.09521531
0.08322331
0.08686708
0.09586323
0.09644374
0.08062309
0.07663138
0.06380569
0.08877399
0.1452898
0.08907788
0.06163347
0.1014904
0.09017243
0.08000222
0.08223732
0.08582809
0.08104691
0.08927818
0.07122483
0.09521463
0.08716122
0.07867864
0.103239
0.07234073
0.07719995
0.06158473
0.07126395
0.09236081
0.09912603
0.09015364
0.1038803
0.1447282
0.09122984
0.07441533
0.07275485
0.08130597
0.06942985
0.06362847
0.08647262
0.1010628
0.08281175
0.1006594
0.09547162
0.08074547
0.08450196
0.1173846
0.07057471
0.0883912
0.1123125
0.1124108
0.08441445
0.09984522
0.1060331
0.1040432
0.1254763
0.105376
0.1275159
0.1004135
0.1103969
0.09259394
0.0801721
0.1005189
0.09930241
0.0825163
0.1145309
0.08035261
0.09837856
0.1112645
0.100787
0.08567083
0.09927806
0.1256432
0.06606427
0.09200148
0.1036237
0.08286321
0.1096072
0.1333814
0.08714513
0.09691603
0.09244368
0.06887763
0.08372388
0.09098942
0.1024791
0.1148336
0.08714598
0.08163069
0.09388377
0.1087289
0.1059523
0.1303462
0.07728054
0.08602234
0.09483555
0.09776326
0.1081917
0.09039776
0.0924429
0.1070267
0.09889163
0.1004796
0.1003617
0.1192553
0.0942723
0.08435889
0.0917747
0.0839904
0.08298784
0.09530336
0.09622018
0.1040426
0.07986704
0.09159782
0.1074888
0.1214405
0.1021902
0.08023167
0.09168493
0.09656916
0.1260171
0.09194349
0.07922259
0.1085179
0.09040867
0.09494471
0.1051822
0.1130353
0.1260725
0.08889956
0.1097778
0.09227395
0.1035835
0.1043854
0.07817005
0.103677
0.09644937
0.09310351
0.1075386
0.09169022
0.08651322
0.098761
0.09636648
0.0973258
0.07852399
0.111493
0.08969794
0.08200776
0.08929659
0.09346314
0.0790058
0.1104346
0.09607711
0.1056218
0.0731858
0.1026114
0.1196683
0.1087361
0.1047086
0.1183729
0.08095169
0.1119674
0.1125647
0.07429358
0.08928735
0.1122915
0.1116929
0.09353856
0.07857564
0.09502834
0.1023813
0.1065528
0.08628112
0.1033326
0.0994535
0.1047239
0.09010125
0.09383081
0.07218931
0.1071234
0.07107239
0.08278261
0.1012615
0.09250734
0.09732764
0.08121382
0.09977186
0.1075179
0.08046902
0.07694351
0.08833859
0.068896
0.09242311
0.09808316
0.08860324
0.1097959
0.1051419
0.09847261
0.09028105
0.09213298
0.1178615
0.09438252
0.08004189
0.09058233
0.1165617
0.1061433
0.08134555
0.1045546
0.09036341
0.08602362
0.1062828
0.1086931
0.07713041
0.08912358
0.07510271
0.08227075
0.09015674
0.09956671
0.1030463
0.099754
0.118261
0.074778
0.08705125
0.07460241
0.09144213
0.1158347
0.09092443
0.09944514
0.08201814
0.09956465
0.09269424
0.09224646
0.1111642
0.0952
0.1019221
0.07783367
0.09171326
0.09758181
0.07638599
0.09119075
0.1222405
0.0944994
0.07712536
0.1128078
0.109646
0.09210166
0.08705619
0.07696147
0.1018673
0.1075979
0.07929929
0.09092455
0.1134682
0.09330906
0.1111544
0.07076716
0.1125331
0.09590329
0.09601167
0.07230643
0.08503915
0.1110133
0.08669734
0.0807314
0.09154776
0.08017085
0.07573691
0.1083356
0.08674492
0.0802905
0.07547742
0.0965851
0.07968387
0.09253131
0.08974673
0.07947095
0.08396969
0.08135266
0.07942621
0.07837663
0.05997426
0.07729681
0.1022232
0.1155214
0.08806784
0.09337894
0.122825
0.07692961
0.06431386
0.07351429
0.07982965
0.07593453
0.1052271
0.1056865
0.07755666
0.07659469
0.08660049
0.08382958
0.06627519
0.1033395
0.1201087
0.09836656
0.09002458
0.1031553
0.07958958
0.08041826
0.08821374
0.07391413
0.1055136
0.1020182
0.09174768
0.07605947
0.0954566
0.1362915
0.09987114
0.08618452
0.08939208
0.08947427
0.1278655
0.09186406
0.1152566
0.09685696
0.09036509
0.09017638
0.1110043
0.09554609
0.1007828
0.08386184
0.1117695
0.07457512
0.09318105
0.08175543
0.09190605
0.07367396
0.08037683
0.08396843
0.08986561
0.0912632
0.09713289
0.08572664
0.09590462
0.1335562
0.08707551
0.1049696
0.1162032
0.09674608
0.1082516
0.07822074
0.117693
0.1042902
0.08231943
0.1270557
0.1002775
0.1017648
0.09578673
0.125339
0.1111788
0.08234798
0.08016602
0.08406584
0.09871879
0.1067123
0.09458376
0.09294784
0.1054366
0.1147098
0.1157868
0.09304412
0.1284273
0.1264847
0.0873314
0.09235771
0.08334273
0.095587
0.09824995
0.08437026
0.09905232
0.0937636
0.0955436
0.1109205
0.1019858
0.08866983
0.09345601
0.09475665
0.1169856
0.09713953
0.09641589
0.09241551
0.1329797
0.141103
0.09933166
0.1021275
0.08940953
0.1086452
0.1011033
0.1056537
0.07756915
0.09637982
0.1102168
0.09158367
0.09549855
0.09683443
0.1096476
0.09493374
0.1154833
0.07732577
0.06745131
0.08226781
0.09275806
0.1059377
0.09326502
0.08409783
0.09901601
0.0882108
0.0743565
0.08361165
0.09522997
0.08477948
0.09441226
0.07889499
0.09716089
0.1081122
0.08243626
0.1044984
0.08269329
0.1095025
0.1018729
0.1079086
0.08389538
0.08767291
0.07956464
0.08725312
0.08680965
0.111105
0.1312828
0.08691498
0.08839568
0.09098022
0.1053525
0.103725
0.1019135
0.07911783
0.1213458
0.08986072
0.09714042
0.1015209
0.1110615
0.1643012
0.1523851
0.1089237
0.07917465
0.09917982
0.1055699
0.1117163
0.1184938
0.09549151
