41060.91
25387.18
15351.15
12458.56
18843.05
16721.3
21819.01
23922.49
19580.14
26345.85
25016.89
26089.99
19577.46
24057.64
21345.13
31447.97
21830.87
36185.82
45267.05
42287.16
48141.09
21143.56
21477.38
25686.41
27065.39
15367.22
37427.17
31107.66
7920.324
41188.85
35097.56
25181.69
23036.21
29998.37
57391.75
18104.59
34191.09
34145.2
34872.01
31400.01
53844.73
41765.85
34992.3
80176.92
45124.68
33508.75
38967.64
30824.01
22914.3
25002.59
16714.9
20729.26
20169.01
30797.66
34317.88
20923.39
16733.21
54291.98
32668.69
43063.43
24797.45
23401.99
32229.05
31956.93
23487.96
11818.99
17938.32
29065.02
27479.58
38376.23
15722.76
17559.56
23972.89
36287.2
34513.48
28912.17
42885.88
16874.74
16683.35
31974.18
23145.53
37576.13
30198.56
38942.38
21500.11
56679.67
52447.21
50339.14
32116.8
29381.4
43662.29
24906.8
25466.76
24681.86
16256.12
49041.36
21180.37
13067.32
33635.24
15099.39
20081.73
18222.38
61617.98
32483.77
11472.75
20263.97
17567.46
27846.92
17524.21
23456.04
19334.43
14211.59
20172.5
28708.51
19309.03
26594.66
17693.85
27401.38
12916.08
34270.47
32148.01
17081.78
21804.75
28428.7
50250.09
16690.13
37135.33
28498.14
16226.87
23386.23
19400.67
23132.79
13642.11
21721.96
43185.13
29100.51
16739.23
19911.3
25435.44
14541.47
14829.02
16106.01
12773.61
33833.15
14892.8
36702.75
18461.95
22510.71
18701.56
16681.02
61332.89
50169.88
15214.81
9573.544
21735.33
18104.27
11070.49
27307.38
23796.98
39180.6
39407.34
39991.48
42450.63
28201.25
27383.9
16000.53
23752.34
19039.81
20314.33
27325.51
26038.47
21980.21
34085.53
30308.97
31576.33
22450.18
30760.59
27594.42
66919.08
34044.47
37578.89
33901.03
30444.32
45435.83
42831.67
17613.59
28171.58
41659.95
34537.36
42796.57
49378.18
62922.22
44143.94
43456.52
28968.99
17388.57
13639.7
17357.68
21355.8
14743.89
19522.42
26689.07
27372.52
28426.56
38270.07
32447.37
34025.33
33341.3
38529.96
52854.4
27789.66
68204.07
40526.84
41764.13
46111.05
27876.21
47117.54
43474.7
25870.1
85440.32
45313.35
52210.93
22235.41
32134.6
12779.06
8970.661
10859.5
28872.6
26541.58
48558.85
40913.25
43023.07
49985.88
38766.42
44519.2
58722.76
38462.15
49090.87
43827.3
35520.22
37199.56
40307.51
56710.99
42415.56
26229.17
54073.2
38182.64
51701.9
21743.69
22767.52
22658.25
44735.5
30897.89
47118.6
26225.11
29218.78
45844.74
42262.69
46300.66
47338.96
15951.52
43095.74
33805.73
28729.26
30999.14
19415.59
34291.43
38183.26
32616.81
41382.14
23725.23
50955.57
15805.41
23088.62
45360.08
18026.71
21098.72
25479.86
18035.15
23684.3
23227.43
22040.82
51449.68
28072.96
21258.71
20381.38
24484.04
25037.51
7244.245
30930.15
21309.44
19187.08
32375.57
22802.63
42340.98
46106.52
23216.47
30250.79
27993.25
47906.6
24582.3
72496.65
43377.68
25227.83
38820.32
29813.92
32400.62
35455.47
56003.42
18410.08
45703.85
40361.93
37337.81
36094.88
45899.55
54669.75
44839.28
27575.2
36672.18
42585
25608.79
21185.94
39906.6
70296.28
50950.08
32679.46
40760.17
19208.8
26833.17
31134.89
37140.61
30150.49
38397.2
21764.6
11760.75
26767.58
33671.74
33846.4
21792.49
44835.66
26754.29
20607.51
20407.44
35998.4
31875.79
21006.45
47158.21
47907.69
33498.91
33853.75
41224.8
55839.17
21270.33
22881.77
37355.39
29600.34
26021.14
17804.39
11256.77
35505.28
17488.16
14118.92
16780.61
17488.97
17074.64
14770.02
15408.08
33919.14
16452.44
39001.82
23291.92
18315.42
29756.8
18879.17
30485.2
23116.7
20486.55
32052.2
24902.05
21512.7
40535.05
39048.85
21790.72
28459.38
29569.82
44392.84
24735.3
27462.43
20045.72
27494.2
33980.85
37936.91
29092.51
55150.98
75099.99
36718.77
25562.8
42869.5
26920.65
31429.6
27285.41
18891.51
35825.74
26789.93
23368.25
22600.54
36506.7
30996.27
28918.52
44816.05
51640.54
39237.33
20737.33
27105.48
18691.07
18958.23
19426.9
40969.34
38384.86
38690.02
37129.95
15474.94
28997.69
14859.85
46738.94
18359.22
26357.27
36577.4
24949.31
17219.36
29608.63
38629.42
26320.93
42752.11
44216.87
23794.08
29491.12
29300.61
19410.31
30477.13
40131.31
52567.66
34795.18
52096.83
37469.46
47768.08
49954.88
45749.69
30399.98
53973.38
46632.74
37139.54
35683.93
49105.19
45594.99
30038.78
13782.66
32909.92
17491.08
16464.34
30059.19
20374.24
31162.15
13025.62
17177.24
29783.91
24055.06
25408.41
25491.8
14713.64
37029.2
29594.45
17544.37
20619.53
30244.76
44693.26
33666.96
42551.56
29935.11
48445.28
32924.27
54272.51
49969.8
38844.1
39040.48
39044.24
70015.62
73731.38
40312.75
45249.42
47161.75
32051.31
48652.4
34742.18
23277.41
34347.5
44578
45023.99
54844.27
42291.24
62777.78
32776.79
22360.67
31158.2
33277.48
27448.28
31624.74
25019.27
26216.41
33382.31
31293.21
23140.99
23545.76
18992.6
17393.08
26612.24
27155.55
47012.57
28384.14
25394.62
20935.89
33158.05
34999.76
19012.49
22741.59
32656.42
20203.91
38950.4
25349.34
15113.09
44558.39
24649.73
30040.97
38721.24
27511.12
37208.87
37051.68
17189.29
26635.05
22506.97
26554.13
29121.03
22368.41
33013.46
36820.58
47823.08
24777.34
34500.54
41072.8
29411.14
55144.59
28486.2
65763.04
52870.61
34031.02
82487.95
32361.97
30943.28
34206.67
53196.19
30221.79
31126.64
41925.87
27049.18
33992.8
26140.17
48755.43
34595.38
17228.94
25358.66
22360.8
26611.87
19411.98
32319.89
21539.44
27726.63
11956.48
32831.51
39132.19
31511.05
13709.77
19145.67
31905.44
15671.09
15929.33
22640.87
23495.91
16453.2
20103.99
20862.96
14993.77
26123.11
15477.71
31619.48
43103.48
20075.4
26817.04
47451.15
21725.79
28914.83
24464.15
18132.85
30928.47
49689.04
24230.38
29794.83
25364.2
28308.18
42121.37
74078.15
42027.44
20889.22
60032.96
32271.17
43570.45
44493.23
46877.73
30763.57
24790.68
25347.03
33897.98
23069.23
21834.34
30638.54
19555.38
28914.98
9298.999
12723.91
16884.37
14221.99
17393.33
35898.16
25529.66
23775.28
20858.88
16513.75
27887.33
19506.73
21878.21
25494.22
17017.07
18015.4
17808.86
31919.13
29317.46
38319.45
26271.02
24838.83
44279.12
45665.56
37279.78
28741.45
41422.91
19180.11
22326.45
18245.67
31819.15
29520.29
25540.7
39655.32
23692.36
21816.31
26797.45
36114.22
76627.36
53880.91
33140.87
43199.48
56010.17
34487.07
23157.86
48192.91
26690.63
41884.23
18759.36
11694.83
10294.93
14453.96
23539.69
23721.42
23665.04
23938.69
39969.33
20706.35
23283.02
40936.68
24020.56
25108.93
20514.52
50309.55
28082.45
46117.46
28161.03
25769.88
30965.67
13641.26
22339.84
18249.46
24242.51
16968.67
20533.42
20158.78
8904.4
53774.12
16820.63
37004.75
40868.04
22302.64
25088.29
35108.12
28684.72
26093.07
17823.4
36120.71
30931.07
38417.42
33949.33
28397.44
50596.88
33228.86
42924.51
78366.76
38727.5
47262.03
31773.63
38745.39
22253.05
34860.31
36502.96
27635.2
24739.81
21433.12
35400.67
23541.21
30038.56
21181.09
16724.18
27964.45
26313.23
28562.98
20815.3
26264.13
21135.17
17718.8
10721.5
11498.36
24635.9
30340.23
22780.85
33839.71
38753.16
25515.51
27411.81
27766.05
18582.16
33502.64
23207.03
20481.4
18465.89
44075.55
25233.07
37404.23
19681.62
34311.11
42429.04
38115.25
42306.9
34069.01
48601.74
55163.93
40967.43
20245.34
51604.19
35860.1
20221.69
27381.73
20045.97
16497.75
29227.11
34249.56
23803.8
31001.47
25113.9
21095.39
43098.25
40910.05
23325.01
30091.79
32456.89
36650.91
31539.21
48941.73
55292.9
45544.14
44414.63
23065.96
29993.39
10296.6
20090.19
16204.09
42730.7
31310.93
44475.32
47722.22
20955.98
20404.89
36630.59
27859.46
22501.8
41824.2
38977.73
26922.6
53387
54643.9
15541.95
19960.89
27411.69
31156.14
32641.99
28728.72
32155.23
43394.97
36666.56
37482.19
30701.06
55651.41
33059
15491.84
41324.15
31601.21
21758.84
35461.58
33170.63
9530.128
16854.41
29111.55
30074.23
23240.75
26966.12
19674.8
28146.33
24885.72
16046.25
15979.54
8701.947
20299.95
24157.14
37807.39
28698
19299.92
21747.69
26491.24
23192.15
19603.76
49741.33
30565.6
29251.22
14923.7
30192.55
13163.39
35763.43
22801.66
24803.66
38058.96
36407.28
27795.65
16625.01
31355.31
27786.86
30962.36
33660.36
43663.51
33080.82
26097.83
18472.96
35410.77
14344.24
16434.16
36997.78
41234.13
30343.41
35741.4
40841.56
30162.39
34547.48
43532.81
21915.24
26700.58
41959.26
22692.72
10281.07
19930
24649.34
45710.28
18080.46
22733.13
16201.48
24054.92
16418.18
16528.17
20848.14
18466.09
42085.84
24755.2
34342.97
45210.36
37490.16
28309.76
32771.18
25479.61
50174.48
41701.93
19599.33
32626.99
41180.02
36254.6
54447.7
51435.17
41472.97
23056.87
30665.96
36200.68
13820.92
21354.12
25193.11
33849.74
23498.88
38187.98
24957.77
26852.54
34492.2
30738.21
10309.35
14086.65
26590.82
32471.03
43248.42
26766.1
37052.97
24924.17
33080.48
49238.32
19741.34
35320.85
15127.24
21204.24
22659.45
59000.08
42420.68
41068.27
18142.67
17082.85
38117.96
37429.86
17063.66
19818.84
29927.73
28475.12
23832.18
24874.8
17928.96
19687.02
26333.8
20883.48
37398.74
40998.15
16548.79
29898.64
36568.46
68267.41
51089.49
26701.8
36702.49
38613.18
41184.75
38856.27
26732.73
24861.87
37060.28
39043.51
25022.4
38274.61
21817.96
19684.53
31872.53
42559.26
57570.55
36150.73
51024.81
44268.4
22669.09
36506.79
27290.28
33608.49
31676.78
34884.56
55731.53
50591.23
26792.34
25929.71
28776.23
54721.04
70614.4
36147.63
44880.04
26322.16
51505.15
59298.66
46358.33
52401.59
54690.84
67577.87
54475.45
46590.37
44517.03
28159.01
44939.38
37358.59
49440.3
21389.87
19767.78
20134.73
19251.72
33653.06
21989.85
23241.95
30608.6
28566.93
30626.26
43342.5
25538.59
59534.66
29874.36
29547.99
47275.48
28705.1
24066.35
22473.05
33231.79
15971.17
20594.26
20147.71
41670.6
48103.3
31774.31
19048.34
19655.78
37188.65
22142.72
19336.98
34462.99
47276.62
18608.07
62001.97
49634.52
22366.51
46435.61
33372.2
15818.11
42863.86
37386.81
43523.43
56511.46
58217.04
35398.82
38938.06
27581.61
38995.39
32071.16
28514.6
24727
30649.25
40316.62
47841.09
21661.68
45188.38
36649.79
35515.02
46724.72
25095.74
48641.37
29712.03
19501.98
46324.16
38228.75
45232
10936.81
14892.39
14926.02
32932.4
20262.86
21267.56
28860.46
85902.65
26956.73
27481.92
30554.3
43850.33
26905.09
47136.45
23054.3
27651.78
36280.05
21345.6
34820.13
28819.62
41150.04
23969.61
30926.14
15455.76
21027.83
11095.21
15807.48
32284.1
28442.37
26495.26
38042.14
36762.28
36085.97
20464.47
15548.7
58230.97
38598.2
46607.73
21459.49
22658.7
22055.36
18858.61
31151.37
27601.57
36532.26
22587.19
37330.55
45174.12
26870.42
34162.34
27306.26
42638.29
14973.77
29003.11
32122.62
29885.73
22328.32
46690.01
47271.2
34157.15
22333.14
31334.99
39334.6
35306.16
53670.43
49582.54
38845.69
56295.17
41116.78
33921.81
42765
64783.75
34709.77
34977.85
36855.98
49382.02
66963.08
48375.36
41349.16
20307.86
10607.3
9695.884
17780.89
25031.18
13207.63
22258.15
19380.45
18883.02
19642.29
20209.39
33870.75
28916.9
22959.75
24880.82
40625.74
29353.56
34609.65
36360.5
27603.41
36840.56
58456.2
43096.96
30230.22
48578.57
27340.64
35814.39
29554.22
19173.68
10986.78
19354.15
23942.3
26857.85
58133.84
47275.2
48392.85
20240.13
9354.709
18737.39
12622.07
29640.95
23921.11
15251.36
20514.47
26531.89
38251.8
26985.53
32696.51
36581.58
31440.51
39089.96
75657.16
38117.46
58036.8
52416.84
35840.49
23740.69
35697.75
17220.25
14669.87
20520.17
18106.37
25873.51
36305.19
47405.85
44403.35
53331.66
23323.11
31702.86
28352.07
36884.51
30624.13
19294.1
35913.58
30823.47
24547.48
25536.31
37957.2
45277.62
31699.71
39721.96
46219.5
23851.25
26879.43
30326.89
45547.98
73849.88
51981.69
44502.76
56900.81
31187.6
49084.95
34927.49
24107.7
64466.88
38222.51
39606.82
23531.67
18173.27
44605.26
18260.91
18693.86
27007.29
41436.04
21808.9
41957.02
36089.34
45138.9
49324.19
23084.4
35755.05
19005.49
10117.77
22583.44
30868.36
42253.92
21885.37
34377.83
21830.9
20442.52
26526.5
21194.6
30517.66
34274.9
25712.07
27292.85
60160.9
46717.44
45418.73
24847.14
22269.97
21685.61
42752.76
20322.05
28693.22
36638
12863.44
27064.45
22559.42
31030.54
36126.02
38042.28
33805.27
29496.15
27684.41
15499.57
37370.37
18747.44
25555.86
19788.5
28917.34
22426.05
25126.08
31599.88
14352.82
27278.73
28657.26
26623.14
19877.56
19881.11
30220.42
27180.26
35033.28
20311.92
24843.36
20242.85
28800.04
40741.35
22701.54
32826.33
26774.44
38611.83
21423.87
27967.41
52291.26
20404.49
59537.15
43890.4
43461.45
28368.58
42875.91
31436.56
41170.18
47791.76
38303.33
44352.45
34605.33
47461.97
46436.01
34571.31
57424.45
13098.8
20834.21
33311.5
15438.27
30946.71
16907.87
28535.39
28729.16
15946.5
16972.04
15884.76
20233.17
27282.86
30928.1
37309.76
31790.26
52871.15
20886.83
30226.63
46066.11
28231.89
31643.49
30158.94
26971.31
31033.66
27599.91
28064.49
36126.32
40459.93
31892.07
15152.52
17582.3
44718.87
21251.77
45500.98
39442.53
19607.37
18141.38
18850.01
36717.47
24249.53
22357.64
21605.66
29142.89
17205.55
13549.26
17154.51
21223.6
11631.33
39350.24
14719.73
27366.05
20868.41
24723.89
43133.02
36618.33
21086.95
35234.82
46126.48
46766.27
24604.4
23395.95
34093.37
33882.13
20506.86
31605.57
27819.12
21692.57
18116.65
34762.52
17244.45
15248.48
13875.91
35214.69
25867.4
13052.07
40302.45
32966.2
32601.71
27590.18
29665.31
42411.41
34095.41
16854.22
26678.63
29426.78
29013.81
29761.85
14118.5
11429.02
17565.66
30534.34
42219.61
26749.67
35622.76
23547.53
35764.29
13204.26
16813.75
39269.21
44960.87
20852.83
41156.51
55720.71
29736.21
24398.26
30018.2
48300.94
29237.04
43830.92
35777.09
29286.33
50803.37
58963.35
25980.4
44919.45
29928.78
33162.84
25706.71
17169.35
24995.74
41572.62
64016.68
24785.75
30089.15
49467.56
28838.16
12897.6
22237.49
40120.6
12881.27
23367.2
35623.9
32883.49
36408.27
49762.61
28438.64
35044.84
49287.67
38184.59
19605.49
62298.21
26957.33
38907.09
22483.16
34542.08
34420.6
30292.11
18586.77
38908.36
24662.37
52389.57
23962.13
29453.37
28994.7
45778.83
48092.67
52754.03
39461.05
24638.13
21381.44
25742.82
36504.33
53553.53
54438.24
21367.36
17633.72
33785.78
20448.64
16242.92
28804.3
23510.52
31685.99
42010.43
34342.93
20260.92
30170.22
12710.37
25538.47
28006.5
19688.99
28776.61
20484.02
24273.37
20680.89
33393.15
32521.01
36833.33
31547.1
49926.68
31543.22
24536.58
39917.64
24520.07
39434.7
26742.5
44323.86
26352.19
40262.42
44900.86
39327.31
32258.47
34518.95
35998.48
33073.64
20779.03
50714.7
52065.38
36406.98
40550.33
45056.22
42339.25
25779.58
69079.45
24544.83
21344.37
39463.92
40597.79
48047.37
24504.46
27430.72
25193.67
56742.21
28205.2
38112.81
24004.87
32522.16
40950.09
33017.78
29642.7
9832.613
35928.46
24457.43
38172.14
27131.38
36978.89
31491.08
14319.94
23594.74
29457.6
16881.61
13392.47
23118.27
24477.54
32474.38
18929.72
31169.22
29212.42
33371.9
47555.95
20568.16
25095.27
17686.64
40456.84
27911.11
45153.95
23980.85
15530.76
21527.55
29812.72
23556.39
16541.6
28121.52
17027.52
26381.17
33282.2
22000.34
12525.65
17235.87
27251.07
40579.7
31341.26
39004.91
33761.23
25971.61
21360
22554.59
17885.43
13962.21
55026.62
23795.27
38006.86
35080.42
28632.29
26284.67
20746.23
24700.66
29294.9
31375.19
43847.56
39806.42
13431.2
41064.89
23819.75
29857.83
43018.6
35590.97
35263.96
17450.15
19438.89
19973.49
29758.99
21851.98
20598.85
24265.19
17028.59
43553.47
25782.95
20050.81
21377.34
36642.8
45034.13
22743.18
22670.3
35373.57
17873.9
23456.01
16798.22
26784.39
21808.04
24940.7
29558.13
25933.46
58443.97
32022.59
27758.77
15628.84
26079.05
58236.37
30827.34
33982.41
30453.67
25171.53
28446.97
15922.06
21462.07
34763.7
20121.21
39553.92
25306.3
28339.38
23543.24
19281.07
43912.14
25684.11
73424.46
35787.7
22716.84
33780.72
23894.19
17035.8
17182.08
26769.57
27767.01
18450.78
29020.81
31091.61
26252.5
29473.87
23900.91
27127.35
28899.48
32958.51
22932.1
33469.61
25424.67
49480.23
41552.33
47743.35
42627.19
17196.03
24578.59
19997
33737.76
17765.52
12418.91
21382.29
21528.3
23898.05
30715.33
22987.27
33391.51
27284.4
31718.79
27366.07
35583.04
36050.66
28567.54
38585.24
26920.73
43260.12
36629.08
44250.05
47435.24
22555.7
42417.82
47116.08
52692.17
38236.73
44932.96
43826.67
27920.68
24262.57
29941.6
30765.85
41956.38
26415.59
23147.76
25063.07
23050.06
32946.99
20852.09
40601.57
36835.77
44301.49
41004.02
16270.49
27561.68
18141.24
23206.84
31647.13
31044.67
41291.17
33875.6
21521.29
28543.53
38826.27
44638.58
26424.53
28045.58
32811.36
26439.63
26869.26
23330.19
28688.26
22990.19
30855.14
33489.87
45837.41
27463.12
33317.64
17212.15
13947.57
25243.47
20343.74
26099.51
26139.85
23821.05
23102.8
29435.92
15944.75
18091.15
21421.26
20393.16
17436.74
17134.53
55366.68
42934.79
18712.53
9840.313
17230.56
31462
18625.17
19751.27
52299.37
18315.88
39133.15
30108.99
29767.23
29708.45
15623.27
18207.14
14479.45
14752.25
21223.82
23871.88
26028.57
41229.75
45971.88
45855.62
33744.62
19665.25
30653.53
34466.6
34261.9
59055.82
51756.34
66437.41
45579.92
45683.06
57224.46
35251.16
39877.07
24969.5
39709.12
31694.75
28083.77
23959.25
20050.39
24238.58
9900.061
18249.7
30547.86
21190.19
13008.69
12182.73
30580.82
21191.32
44295.35
35999.46
27649.54
10090.72
11539.41
34613.57
23617.4
39581.98
43907.17
33088.21
46677.19
67230.04
18636.36
47886.34
43570.6
28049.3
39233.93
21489.65
19555.06
38067.53
31077.84
36622.11
31258.31
27550.9
22402.61
23061.02
16130.03
26492.88
15056.81
17567.38
19318.58
20941.38
19883.14
26741.72
35573.76
19487.18
22948.46
22302.65
20860.94
17373.33
31810.3
23037.73
25639.31
34870.74
30659.27
30925.04
22002.14
31819.54
20431.89
20364.27
37462.69
23436.84
46369.68
28836.35
39744.92
11676.48
17102.93
22268.98
23945.05
27039.79
18737.61
32424.65
22431.88
20984.9
35800.03
20593.57
27067.56
22571.77
32994.61
24296.45
21621.85
20666.27
20886.08
24276.99
69591.18
48877.65
38863.94
37544.23
27474.14
41114.68
29598.06
39866.36
20022.8
19591.55
36788.89
21728.13
11635.05
43434.77
22949.14
19770.17
20475.24
38656.05
20157.6
26923.79
50026.72
30004.68
32271.4
25062.7
17166.75
33557.74
39565.02
31647
46382.2
31474.67
31042.69
33858.73
41516.73
29977.47
44699.1
33977.92
39959.84
57593.33
26989.52
25161.35
49663.72
27014.15
36434.98
31376.24
22867.41
28827.41
22769.74
14243.29
25255.18
19502.33
25368.23
20191.76
46531.15
44027.19
32402.91
50632.16
28502.69
27012.45
26157.48
22257.03
14456.77
13751.39
21655.67
15729.5
22921.27
42178.81
42515.41
40944.42
41112.89
47754.99
48501.12
35401.37
50387.35
22734.62
26141.97
23903.9
31221.56
40215.33
34969.71
38043.66
28318.82
31739.24
26902.91
20714.3
28776.62
44974.74
28463.74
39425.93
52185.69
45146.42
39545.61
26249.49
48601.12
50916.74
38278.87
44356.02
44771.9
19172.84
24048.55
33425.6
26028.17
45347.54
39186.68
28077.08
25130.13
31537.85
30062.07
47676.37
27870.79
25151.77
19305.54
16773.32
42821.07
37507.56
45042.29
36618.36
60808.98
43646.43
39258.04
54356.07
56706.72
35521.41
31591.45
23526.21
85708.65
47619.91
43651.54
61565
87031.45
48287.5
70889.43
43630.83
23404.17
21884.32
42183.49
34076
17177.52
30600.02
40127.81
32299.87
24956.52
20118.55
41593.65
25311.8
24718.03
9905.886
25458.9
20466.22
28529.9
24746.43
13637.69
17075
20057.33
22610.75
37394.57
47563.54
31066.81
41622.86
20933.59
25763.89
24595.83
19162.8
15526.17
24783.79
36958.08
32234.34
38845.37
28627.08
38389.53
20691.5
36901.92
39719.37
29377
51708.08
34703.32
34164.28
41392.64
38220.09
42358.32
24831.11
19159.25
21359.46
37402.6
30407.9
14777.22
31958.29
72651.14
23102.26
27562.02
52811.48
41365.2
27344.64
32747.66
46393.89
26451.4
29581.24
30663.54
26330.33
21636.38
18234.72
29874.16
21734.01
23864.42
10848.44
53323.02
32839.35
19280.28
44484.73
30812.76
33886.65
50134.7
46715.05
20125
32494.14
26295.57
25994.32
17702.23
21338.77
12008.58
12276.67
15481.16
13715.66
24137.98
44786.6
26924.73
20116.37
25132.86
17672.05
34978.24
31708.98
34646.62
45071.66
30473.26
77995.79
36193.51
38159.58
53530.9
33141.15
54888.89
54587.28
38638.21
23326.15
38055.59
27412.28
17618.08
28612.41
41945.48
46808.2
60708.08
44357.4
29313.12
38817.02
35795.11
31119.67
43667.19
45935
37892.67
21470.34
36409.13
29293.32
28562.27
41705.19
29681.35
25892.43
22961.86
30360.18
26183.43
24418
51015.2
29622.34
30044.2
26217.96
30108.91
48982.1
48747.64
49791.66
31186.73
44166.38
41063.42
33856.81
38454.3
25992.54
47503.85
35129.02
32846.92
25055.81
14267.48
20826.38
28181.47
13475.99
19630.89
29309.64
32992.43
34778.18
41233.3
39529.19
20156.92
35774.57
19152.58
33367.74
25621.09
31630.31
38243.4
30443.9
33536.75
27401.99
35273.68
45406.88
44190.22
42027.37
39509.99
27940.69
22157.15
21012.91
28396.84
35534.22
20676.6
21138.26
15845.65
38415.22
27629.87
39092.94
29590.16
23073.08
25502.05
13888.53
30275.79
17988.25
32484.98
41880.38
25552.85
38718.45
15297.81
8781.262
23497.84
35793.5
37685.8
19622.53
13200.99
19772.18
21473.83
12513
18677.91
24841.89
8430.7
14285.38
16700.57
19091.03
23601.4
26344.08
20201.75
46849.72
13151.33
9382.334
19038.28
27265.42
24683.2
24227.87
34775.73
27784.29
24919.57
25976.13
23044.85
37304.49
21033.32
15862.76
16089.01
18052.74
18326.73
27589.18
23245.15
26680.78
20537.62
22891.55
16177.8
11237.91
25752.92
20634.91
17501.59
22574.18
11592.95
13534.21
14909.46
27686.12
35012.78
27829.57
26080.01
18155.47
21965.51
22229.24
20034.87
42825.18
46468.92
13673.14
30944.11
24241.33
47584.6
35323.05
33440.23
24479.43
24955.11
20126.14
9530.841
32630.63
20848.05
18928.2
52680.65
26397.33
15902.4
19394.83
26728.42
21335.73
22101.18
15900.88
27347.21
21726.87
49769.69
32560.71
36480.66
28672.83
33279.85
23036.39
27978.7
32488.29
37096.23
36130.76
55020.26
40700.99
35175.44
12478.79
34715.39
30716.71
33554.53
22269.76
16928.87
22690.54
49677.53
48183.6
36999.3
27233.68
31985.81
43453.92
38700.52
35774.92
42443.6
52910.19
68626.64
39290.44
52725.84
55088.26
49194.08
51375.87
46447.15
31423.39
30554.55
56564.01
44886.05
24579.23
47719.77
63498.65
42851.33
49931.09
66951.12
40315.94
32542.12
41143.01
45814.19
29344.35
39287.03
42502.22
45279.12
28351.55
49595.98
36470.84
34750.75
29821.74
32290.61
24012.7
35769.45
56519.59
27605.22
39047.21
42530.26
37212.26
27949.12
19507.41
23330.62
44779.27
26160.21
69360.7
38585.93
19697.04
26412.99
28211.44
19027.59
26156.99
18069.37
24971.37
24420.89
15326.51
48494.93
26885.59
24814.75
18283.29
19048.11
34767.82
25447.51
18872.27
28034.97
27024.9
24174.42
24098.96
37563.31
23749.47
51379.45
20826.67
11447.95
24295.06
27537.02
21925.64
27301.73
20580.91
28877.24
29891.9
41071.51
51785.04
33635.79
33456.91
33587.88
31780.94
30275.38
26059.97
15198.31
32131.92
40603.46
18559.83
14333.62
22198.73
24790.23
54585.47
48822.06
22736.83
48750.96
55435.34
47147.35
41145.83
38556.86
28083.65
48307.92
42926.27
35103.12
28922.64
28479.25
26412.09
31958.66
44675.75
45962.31
59320.87
37233.1
21719.45
43678.57
53885.72
28508.05
32207.42
33912.06
27512.29
42978.6
34978.5
24395.38
19600.65
59582.49
25028.52
17255.05
13465.63
10629.77
31755.81
15357.53
20632.79
25880.72
26315.06
28755.85
16683.36
17926.77
22711.7
14845.56
18044.43
19336.43
20651.45
21676.88
26146.21
16476.44
24395.6
31042.97
40672.7
24390.43
19836.11
15265.69
17064.26
60845.21
33132.02
19081.14
31208.96
37302.9
25390.43
31022.55
34160.47
21899.76
27981.67
45262.66
43626.41
27368.86
28714.76
48305.22
41222.06
57266.19
29114.74
62102.12
52352.02
66597.12
62903.74
53873.05
37426.06
36141.32
41262.2
36481.24
47496.2
48082.31
31631.73
28563.66
39077.07
30610.4
38819.23
53523.22
44525.14
32246.8
22238.78
21685.93
14790.62
22380.86
29207.76
51065.45
18876.19
30730.95
30587.37
28110.1
39551.51
46664.09
18505.82
44635.69
51742.32
33015.93
41663.61
49255.63
46785.37
48931.26
52018.58
35883.74
22231.2
23051.63
15012.74
14468
10260.2
31673.09
35747.05
16161.65
19146.89
25095.43
17795.29
26203.13
26227.45
22927.89
35936.3
31818.59
33570.72
33940.97
41956.63
37889.32
35334.68
33626.95
49290.66
32814.04
18113.13
32701.23
38044.06
33253.96
24355.49
27354.76
40570.84
59115.39
29862.36
29469.43
53260.3
36602.97
18024.58
26595.73
24564.26
18049.24
31886
44968.36
31619.21
24068.67
30482.24
38893.46
23960.92
51875.08
36609.99
23645.42
30515.05
29093.2
27187.08
35785.5
41671.6
42478.32
54784.75
49976.01
53289.69
38014.83
48828.85
53274.89
61452.67
57283.86
52620.99
50839.7
57558.84
35867.04
51734.16
34905.07
52156.13
37847.76
36574.32
73607.2
39711.33
32385.95
32375.09
31219.99
24282.92
46456.14
39785.34
33575.17
36609.11
36185.51
42913.56
48881.03
45439.1
38743.31
27157.12
52688.57
33476.75
35763.9
40551.24
39306.22
51570.82
49354.43
55251.32
60375.85
45646.77
42060.81
45663.83
27728.86
37939.39
24169.64
19189.2
20310.25
17736.73
31548.84
18955.14
32667.89
44151.13
25722.17
18756.21
39442.36
26178.11
56273.91
29565.71
54632.87
33726.31
49157.3
19791.93
28864.18
46554.38
54596.84
41122.31
61928.83
43769.72
36053.59
32140.05
32310.83
41061.72
23937.11
19882.83
26189.14
29581.47
23876.05
25156.63
22798.74
26883.01
29572.2
36684.02
29845.79
23360.62
57263.28
28708.56
20650.06
23732.19
21797.14
45942.84
52305.23
21053.23
27795.57
31700.07
25666.6
35699.54
28419.46
34855.26
16279
20285.34
18230.68
20435.64
35489.34
56814.05
31052.23
17385.07
39789.03
67239.56
44581.17
62102.44
48936.06
32677.82
30232.75
44526.97
36369.26
33127.59
37095.21
44477.46
20647.77
23265.6
14594.76
13063.7
36067.94
32770.68
31918.33
29260.13
43101.78
40950.91
19470.64
29601.39
31119.18
23481.89
29673
19406.97
16512.15
32314.29
9776.851
19950.12
32805.13
31029.46
20926.8
24151.93
22388.35
13376.59
17631.32
21637.83
17192.25
11870.38
18303.53
20249.2
27363
18706.06
38307.72
40147.07
39793.8
34570.71
33227.56
47003.77
32811.15
22524.93
19934.18
22838.89
43498.64
30464.6
37365.68
27615.64
21221.07
18883.29
19852.36
26608.93
18986.54
25223.56
32507.46
36321.45
25179.45
33131.79
19774.52
12168.29
17041
32845.89
54477.43
54989.51
28348.14
33648.78
33715.36
26472.08
32741.03
27226.06
46855.59
39509.4
24503.57
61187.56
23528.33
19981.79
30366.22
23317.43
35792.42
25042.91
44357.17
38163.24
23851.93
32604.62
26798.64
25071.9
27357.64
23310.65
32517.92
22730.71
33627.08
26341.23
29878.59
27676.89
22405.12
17790.27
25056.36
33254.96
33529.82
36704.48
15563.69
16229.26
30396.2
99349.09
25468.33
20781.5
20232.03
32015.1
22747
13177.49
37523.71
26156.16
25611.71
34911.26
40501.04
18684.15
31364.27
37489.96
35752.71
27906.37
47428.14
23528.79
17759.54
22697.64
14174.3
12943.44
16097.45
18222.44
25699.2
42673.41
48571.09
39109.36
47413.84
17149.17
27410.22
35618.11
37271.96
35313.91
32596.13
37213.22
41997.39
41245.07
35157.05
33361.42
35517.61
42970.01
25000.49
42343.35
27151.82
21925.9
33550.63
35429.39
42519.21
38406.3
43529.63
33866.49
48773.75
38078.25
27107.62
26054.54
34713.29
31252.05
47181.85
23782.52
28572.67
30229.62
19550.14
37873.42
25224.06
30077.92
30095.22
24348.45
45453.77
34634.38
34833.1
43012.56
32738.05
35361.19
23921.45
33812.45
28188.49
33092.46
27231.08
36274.83
43912.57
36636.66
19190.04
30639.64
30744.1
51608.2
36319.43
36642.14
32587.22
40879.3
33686.42
24203.12
27996.33
41937.32
34387.36
23049.15
34226.28
39688.28
35628.69
46475.28
34730.7
23460.25
33868.4
19328.87
23809.17
25621.67
26576.25
17070.02
41698.31
45623.46
26391.65
15808.06
31873.35
16116.7
33933.01
17572.56
16967.07
26433.42
29460.06
48533.9
19487.69
25734.57
34294.9
58257.64
39988.95
30993.81
33176.97
37741.6
30446.85
63452.02
49930.99
44369.45
22971.05
48355.33
51205.47
33810.83
48349.84
19676.28
22134.53
61273.68
29120.71
32821.39
57422.16
36981.79
19902.98
21024.27
17689
14408.59
21678.6
36450.58
41858.77
25802.13
55720.14
41926.47
40074.82
38830.03
38734.19
29538.1
25661.42
24737.34
19780.09
21497.08
22521.23
43863.43
37410.38
36768.12
29057.25
37314.43
38643.87
29461.41
32087.7
37280.73
26947.96
27776.65
29895.87
31159.03
21867.69
25969.33
31120.21
21827.14
31897.65
49083.21
31993.97
21945.82
19385.08
19177.94
32643.28
18615.43
20637.26
21686
40969.21
32368.61
17122.61
25598.52
55913.39
18371.56
36860.85
32123.86
16605.09
26281.79
38914.18
18987.94
18257.25
14386.37
32730.54
29395.08
31879.46
44245.46
53473.25
24470.81
26227.7
45400.26
27352.41
23765.33
31630.12
14497.03
19440.08
15339.26
23009.1
17057.85
17826.2
45684.18
27427.62
52508.43
29096.98
41836.11
25465.55
18366.49
46000.69
26142.85
45167.92
52674.86
42148.68
43027.41
25475.48
33094.64
22270.33
38920.25
24489.07
38408.39
42506.77
34768.01
31897.17
39357.47
36195.6
42668.28
28484.52
59057.04
30517.45
24639.84
33468.2
37865.39
24607.7
25501.57
20962.11
22223.31
28820.56
26171.89
16812.11
25700.4
30104.2
23357.18
62854.24
24787.59
31329.26
43472.19
27416
46278.41
46536.4
38333.09
42928.54
47501.35
33030.08
49572.67
41482.11
37588.39
34963.68
22271.58
29824.58
21276.68
23525.9
48037.79
41997.74
25513.25
16663.8
25976.13
42308.53
16453.77
22084.99
21011.2
22288.74
27320.15
16509.5
28187.04
29731.76
25349.66
43003.82
31642.12
35162.76
29640.8
35607.78
20612.56
28794.09
14646.37
27923.03
22652
15314.52
23856.57
26827.54
31871.83
19590.37
19087.24
24974.84
34839.15
29441.81
31856.68
30248.9
28765.68
33995.74
36437.07
22626.01
30619.43
22368.01
21486.07
18612.49
37428.52
15917.95
36036.01
29027.95
28864.28
50092.87
45331.24
34040.56
60096.84
42623.51
34196.66
42588.13
62289.03
37503.7
36173.87
55412.58
37516.41
36299.18
25916.34
40290.32
30005.03
27660.06
64279.84
35844.07
36916.37
43239.91
32693.14
39299.03
40353.72
38594.01
33158.17
40291.87
29817.23
23747.48
54240
49107.03
22678.39
42711.28
23280.08
27017.36
29437.39
54664.31
34955.86
37507.09
33778.07
16361.07
39956.95
28228.35
39304.53
33261.47
30716.6
29211.64
44742.13
55159.52
32396.17
38577.26
33781.03
54440.54
47880.88
48779.08
57567.52
37638.36
39790.67
55987.15
77450.96
32016.08
75728.03
53135.36
33975.71
31548.76
28085.71
28830.65
32793.75
23534.3
21321.77
31057.13
21723.73
40793.17
50412.51
18266.37
34880.74
44375.13
28599.74
53584.68
28732.47
19201.78
33110.92
60687.49
36332.57
21170.86
31182.37
24909.02
20613.52
19229.84
18719.98
17206.9
28474.3
22282.93
24796.47
27629.9
31237.41
24250.25
24145.3
15297.7
33974.05
20215.45
30568.19
22549.66
28633.62
37341.27
30154.39
26526.87
43437.17
29838.05
45951.39
22788.95
27229.55
27027.49
19729.58
35262.16
22164.15
36750.02
32935.17
32112.49
34127.92
42710.86
72678.26
41142.59
31971.28
66882.14
33783.84
57124.32
44310.97
49364.53
55249.13
57043.82
37197.54
33631.84
25637.01
26856.07
37604.55
41743.03
40740
49831.36
31334.08
51778.01
31819.86
33671.4
34942.82
27607.36
52280.87
28947.51
38033.45
28933.4
15080.7
27111.81
56169.55
32321.01
30892
26662.04
26624.16
23003.95
21697.13
33006.2
23587.58
36224.95
24509.36
22583.33
26666.47
28278.03
52742.29
43322.35
64075.37
36396.38
34017.95
40676.3
23101.83
51905.4
32241.97
47399.27
19597.34
14586.52
22359.78
12674.06
35041.28
37790.7
23342.04
19691.4
13692.28
14790.21
25224
54653.76
32190.08
26448.44
33233.34
31680.7
33673.38
45329.69
45524.73
30455.57
43352.96
31324.09
32249.72
32407.62
26495.73
17754.02
23949.8
35212.47
22803.09
35349.83
49651.78
55945.65
57302.4
27884.7
42196.26
23786.9
33060.02
16265.99
9969.584
34469.61
28533.24
33646.97
36140.02
25193.99
16443.09
41205.29
40874.27
39235.17
37496.03
30684.41
36183.77
20173.43
32756.19
30776.3
42311.13
37980.98
35374.81
24053.42
29504.02
88175.13
39525.46
21623.47
24161.55
21605.12
34496.32
28590.17
18679.08
27407.02
34509.51
29804.11
21026.94
30505.01
17651.49
33524.34
27242.26
19262.85
21341.56
18279.12
32113.92
28777.47
31649.94
20727.86
29866.79
21749.42
30470.52
43433.12
30387.49
32907.4
26144.9
40247.8
36089.42
30462.44
41885.95
33726.7
40705.31
22648.77
38635.67
36056.46
41472.53
25940.32
41560.84
34427.85
41257.87
25348.92
25703.72
35487
51702.58
50533.43
28664.09
19397.97
33778.35
32170.84
18557.22
37115.02
28270.87
32885.11
30744.16
26879.75
17469.63
26194.79
27354.03
29025.25
35478.34
32203.79
55440.18
42073.12
33377.68
36926.34
27349.53
38020.92
49600.65
45017.7
41847.94
37183.13
34725.68
33791.11
70981.91
36821.44
68572.99
36728.77
63344.91
36495.91
33824.99
44343.57
29916.5
31209.97
29409.03
27855.47
33514.26
19158.72
20820.37
41063.67
32083.14
18854.37
24512.71
21210.91
22059.28
24476.31
42510.42
36168.02
53607.88
59402.98
29606.6
26408.06
49854.42
35135.36
29998.77
21169.25
19453.61
22019.29
16966.17
18728.41
34718.8
32142.6
27990.69
19999.22
27427.62
21512.95
16579.17
16126.26
31344.62
53682.87
25939.74
30922.02
38346.44
27842.01
29627.75
26842.36
37780.87
26317.88
51363.15
27742.17
40223.96
36165.62
45333.36
40593.92
29771.38
41908.19
44084.42
47626.72
57000
34386.78
54423.18
55452.04
40926.6
37026.21
33350.38
45664.22
38181.82
29863.24
32500.07
44725.26
22461.74
35715.07
47539.57
34151.51
34204.24
19061.44
36042.73
35083.61
32634.72
34333.37
22924.99
14028.49
22705.29
26891.79
17991.03
19537.79
30946.11
24925.77
20409.19
16126.34
20189.64
35235.24
26235.46
31992.43
21993.22
28108.48
34277.97
38392.28
41171.24
35846.54
46097.03
38405.41
52882.3
31334.9
53679.39
34262.69
31643.22
30737.85
35494.83
27551
45947.72
30742.47
28418.58
42761.18
50798.13
45677.99
53886.99
35544.84
37632.33
43126.68
61851.35
45589.14
31512.38
52736.14
43146.48
35383.39
42669.04
35514.48
27196.15
34803.04
26703.62
43579.2
22216.29
31664.43
34373.45
15852.93
25798.24
30316.11
30213.21
43215.92
20376.55
21513.78
23908.11
39479.16
19668.16
24368.81
30064
55609.25
25846.07
11098.99
13187.6
28842.16
24850.78
23867.2
13124.08
16750.81
19052.61
21852.5
17925.75
19353.94
32645.42
28006.17
56433.16
33806.58
19143.25
30950.62
19600.85
32718.52
33838.5
63195.72
61485.18
48201.36
33108.16
17651.08
33529.43
26639.4
64213
54585.85
40095.41
52588.89
55470.66
59439.75
23499.38
17780.6
34664.93
53222.93
21920.48
27651.39
36623.27
23583.42
27357.25
22310.84
18896.78
25961.42
42070.89
49558.05
29967.85
55786.87
58342.5
43801.07
29510.51
44406.67
56102.83
68914.83
56302.32
41554.95
40031.58
25152.99
37465.93
48192.71
31200.82
38143.95
34488.04
43294.39
45161.62
67028.48
26915.74
22977.42
23805.66
19206.91
24742.21
32939.42
29566.05
34575.44
35534.07
53550.11
54209.34
49680.04
35497.02
28256.8
21955.24
25433.82
16523.27
21461.22
48035.39
51858.72
31337.21
13541.49
31616.83
39814.92
16358.53
13287.57
35822.85
63840.74
37168.54
37238.04
28848.46
19208.63
34914.63
26231.42
24891.41
57368.03
26781.88
20487.18
27557.16
19519.99
34630.46
34255.14
41460.39
29187.62
24917.58
39324.85
54603.83
18602.2
30191.01
38598.97
30098.43
41897.85
21076.69
46376.71
33502.41
60896.9
35581
18518.53
28401.48
18257.12
18084.82
47276.84
24715.22
26452
29120.13
50539.5
35764.52
53212.28
25347.8
30425.84
46065.38
26093.45
16005.02
18973.99
14469.45
19938.05
15576.03
19576.62
22025.23
26210.64
44861.42
13780.12
19354.94
20309.38
16529.93
25382.97
18455.34
21090.28
26856.05
24623.74
45201.94
41697.92
25484.88
16298.31
10692.26
54785.82
15682.96
23841.79
30479.85
29407.31
29299.43
19543.16
20915.3
25182.61
22217.08
23594.89
28614.62
25568.34
54333.99
32197.92
23231.26
33259.81
17490.09
19623.28
17019.24
15984.68
54991.75
22121.69
24194.58
42810.23
39242.04
37197.64
19164.98
37396.61
21424.5
25861.92
31362.63
46992.75
33060.13
27200.3
35427.98
31109.97
45646.79
27662.11
25171.35
43330.59
41405.59
14831.36
22666.12
26392.51
27279.87
30119.9
23816.07
33301.81
30165.4
28770.76
27719.55
21927.42
44828.31
30214.52
30517.6
27561.5
27399.3
23419.34
18308.78
16414.79
14129.27
29093.18
26022.35
27536.47
33505.89
27954.93
40617.24
63918.65
66314.41
28388.25
35251.89
20606.7
17967.97
22270.52
28159.85
28184.12
14646.47
25567.46
23654.07
21201.77
14351.69
33520.43
29410.01
25047.84
22520.69
63294.96
42298.02
43219.42
26346.26
42355.08
35163.17
35939.83
25633.74
25749.43
24277.11
27485.92
25341.78
24572
18558.86
15145.14
12680.27
17831.57
27507.01
34725.26
68863.77
20602.6
22412.28
27294.12
37105.96
46112.08
20765.33
37370.31
37567.99
32128.52
34983.25
22938.22
26345.88
14145.94
17467.48
36900.56
19621.75
17295.15
24080.58
26970.77
29150.33
17381.97
25214.12
14265.48
18948.05
32942.53
29647.03
48052.69
32805.21
26819.21
36096.27
31072.09
19149.22
50568.46
20425.47
43056.32
57281.03
28748.02
25706.92
17933.41
13903.17
12550.42
47026.43
32519.65
35572.65
42222.72
35857.33
29239.51
38269.43
37241.56
63942.82
22846.54
36204.27
39655.95
22621.42
40105.99
27034.47
48407.32
21854.79
20613.32
15500.19
36026.18
37643.52
21932.91
28128
31449.65
46603.41
35174.58
37803.35
35061.34
25401.94
40656.4
26286.6
22055.09
27592.13
28315.44
17806.43
17199.19
15281.96
34127.78
30798.15
48097.21
30018.98
64920.67
16444.79
35375.43
28030.54
34876.88
23414.92
18348.34
32718.81
31833.2
29275.28
34196.99
25184.48
24375.36
18605.16
30303.89
25113.89
35257.08
28001.1
33804.75
25865.65
21165.7
18479.17
30663.77
19833.58
21372.44
18616.35
41597.59
31178.12
16880.73
64167.11
23361.07
13099.68
8658.838
22654.7
25591.04
18796.33
19670.21
29733.75
24981.5
14414.46
18047.56
36195.16
21114.95
17959.27
32389
28799.56
30483.29
32049.75
30022.15
33117.34
41970.96
24976.36
24091.46
11727.06
21498.04
48313.72
30880.31
30776.38
47261.74
60394.33
43052.02
43366.34
38522.99
23201.58
36652.55
32324.45
30073.32
43331.22
32936.03
42343.37
31711.62
38713.16
36403.16
72191.52
32533.72
34936.29
26407.49
22366.68
52559.98
60945.86
41176.1
51873.48
63363.11
36101.13
47208.76
42477.38
55452.01
64391.06
54265.9
41911.58
47298.76
43925.61
48426.31
22178.5
39417.13
38899.22
47267
28130.68
36794.35
19313.09
19778.11
22756.93
37033.15
23859.93
44207.71
46890.47
53411.51
25179.59
22501.07
25390.71
25704
21079.83
23980.51
22828.37
53514.12
16965.69
38219.59
20816.96
28631.17
26119.83
20839.9
18488.81
27162.73
19670.97
24074.97
23898.42
18638.48
21672.64
22863.01
28490.9
32273.33
23963.57
27738.36
29140.03
22548.96
21224.38
18696.48
27009.74
18850.73
27664.12
36968.11
53852.08
40066.65
33112.05
42348.56
52348.76
59263.35
39908.49
79086.75
24559.8
46965.23
24350.91
34978.87
27549.12
34988.01
33130.14
39576.99
33223.61
22559.72
31635.66
44736.74
32210.23
28971.17
55456.65
26337.82
46986.44
46837.77
35514.55
23914.03
23278.31
21285.59
23515.2
31240.02
28557.11
25997.66
25286.72
29591.17
20865.21
29973.28
27905.91
24096.95
37618.02
89804.46
25932.58
26696.4
36109.57
40311.29
36320.78
40520.07
58694.45
28624.2
41397.01
53296.63
39331.57
38771.13
44473.97
21476.4
42856.92
30465.78
24578.43
32173.61
19981.44
50109.05
32021.79
22774.96
43606.34
27871.32
24289.59
40885.22
30305.59
36190.39
44963.87
43761.39
19998.31
22128.54
25841.94
41017.36
36468.1
31170.39
25677.37
28834.9
31262.1
27594.34
30218.06
36418.04
41121.83
33691.31
20554.4
36271.04
29724.25
57780.27
32059.74
40817.5
35063.86
38186.29
25923.91
34869.82
34793.68
59839.21
63200.46
46300.86
36113.63
44375.79
50883.59
37505.2
35308.11
22490.25
28927.68
38665.91
27516.81
27452.68
51716.53
38883.09
22288.27
47257.6
41261.41
35457.67
35034.91
27813.36
27522.07
23610.91
47233.54
25656.32
34024.1
30531.23
34966.6
32028.41
59050.97
45441.08
56818.51
49719.13
33607.87
49440.76
44768.16
44914.16
28088.17
22335.1
37639.43
42851.56
22760.25
16781.47
17393.08
27094.44
75652.42
31924.88
35103.45
55496.39
44813.82
28249.74
60832.82
39659.86
28661.5
62218.74
28304.61
39277
41626.93
48643.44
27873.84
26041.85
33874.46
28125.77
69298.02
60271.75
37759.16
40581.49
17411.74
21324.11
39976.81
26538.86
16390.3
19145.84
21777.8
34870.88
16140.68
22052.51
41127.08
24094.05
28752.39
26680.28
16243.11
18283.65
23586.57
25545.63
37734.21
46600.12
33475.86
49461.48
52721.82
38744.9
42075.05
25487.2
41214.93
34266.15
23775.51
25110.66
33260.48
43388.17
22251.6
23101.55
11387.79
14404.97
17958.78
18564.48
28583.66
17254.04
12723.24
18832.13
27664.47
31117.64
41998.81
29634.84
18118.08
32676.78
22704.89
45814.28
35081.77
44548.71
31058.94
23179.87
22133.46
20003.07
24879.96
13707
17914.39
22299.94
28686.57
34877.93
32223.27
51075.3
58251.27
33232.19
27618.21
24523.38
22545.78
23910.1
29941.92
23369.55
21766.23
27362.04
30305.62
19456.77
18609.81
18347.69
28905.54
23827.75
40718.91
31442.32
32069.99
31448.1
24184.47
42330.63
32877.71
39533.38
23776.88
33415.24
31345.27
17696.41
36046.57
19201.64
28014.06
30515.52
36522.03
26392.89
29787.29
17331.44
13396.91
25984.12
46498.75
29950.99
59745.61
53617.17
62712.9
40954.1
39988.19
32395.41
47402.79
46632.19
26841.62
31281.04
27511.35
26440.41
35006.03
15948.28
21752.28
20391.63
20782.61
29217.02
57535.97
35871.63
31732.55
49695.79
22495.31
31085.96
24672.03
34009.43
16827.56
43612.06
35962.52
27395.79
20253.81
23786.44
43950.32
39333.05
26779.18
39450.79
21573.6
20764.07
20818.61
16747.62
24349.98
20483.95
13132.46
24898.05
34165.15
21339.93
32505.19
35962.41
50542.85
26182.61
31815.43
41424.08
51624.8
37886.99
27565.06
20192.1
27352.42
25717.13
35637.59
20923.88
31887.79
27944.42
29355.78
50683.94
22609.26
30162.86
32529.57
51750.89
19921.51
30103.06
26922.66
29402.68
32050.38
39609.49
30328.53
36727.71
19874.66
22178.74
21759.11
34291.67
37821.77
56271.57
50393.46
30078.25
28022.34
27089.87
38469.88
39704.71
42246.99
56282.17
50004.9
29003.7
20237.75
34721.07
49531.18
26216.28
11124.89
66713.76
27008.81
23821.33
22406.52
17945.75
37119.81
25604.56
32363.42
29091.21
33208.07
32541.14
48903.84
39670.17
21254.83
15899.16
32441.8
37933.07
40132.33
31679.87
45479.25
47242.06
34089.95
14196.03
14609.87
21499.57
62283.06
20185.72
33408.38
24608.02
34680.1
18581.57
13325.44
28954.42
21084.02
18539.64
42835.05
26261.71
29376.21
25603.81
29659.79
47476.52
29603.91
24444.03
32473.75
26030.6
35350.14
22072.59
37129.68
45746.4
35215.02
32754.4
26306.37
39945.99
25393.98
44196.88
28313.94
29143.79
21963.75
16686.41
22238.22
31597.9
37532.14
28450.47
14173.01
24073.87
18679.04
54170.56
38958.5
28304.21
24980.81
27895.14
24220.4
25230.92
20214.7
27713.97
37705.14
17410.88
34086.11
37832.52
38387.91
56150.06
28374.27
50629.09
37303.98
47036.29
58314.09
59904.88
38271.56
52771.02
46997.71
38327.01
44771.01
50201.9
37841.14
36247.93
38290.59
48654.84
37956.18
41452.33
40771.19
34280.48
39838.74
46600.28
24641.23
20078.33
31891.87
24205.8
19557.08
69977.06
29503.63
36310.99
29746.65
27515.23
48428.66
25658.88
43419.98
27654.29
34298.85
52008.98
32164.31
33906.51
45815.8
41464.45
40119.92
44671.29
39115.76
37005.09
47085.43
45644.12
33069.28
36507.32
26379.95
48246.06
26510.55
37422.76
28100.79
35265.97
37975.58
30899.49
23521.7
16164.82
36955.87
22217.4
49451.99
37540.53
16688.88
35491.5
31566.91
47968.15
24950.41
31160.14
53272.18
37410.3
39962.09
34050.35
30645.91
21767.74
39064.1
22314.64
31142.44
45759
43498.93
36337.03
29843.31
26597.44
35950.38
24725.26
23202.24
41932.71
29517.51
30330.42
31392.73
41885.6
44952.06
48953.46
42470.9
36053.24
75740.52
39903.7
37271.19
53872.47
38074.39
31987.42
28525.65
30256.49
34100.61
28361.91
25186.48
66593.3
41464.17
26086.13
37497.21
36919.95
26590.84
48346.49
36854.62
24056.84
40878.57
53548.63
29338.41
31855.54
47189.84
41948.61
35994.69
23819.27
19683.43
49391.6
38586.09
14971.32
21775.46
47163.54
46731.46
30073.44
35041.71
111217.4
43004.85
59303.14
47086.07
28631.72
35180.06
41439.5
22316.44
13023.77
17134.83
23220.15
20258.18
31023.92
13563.6
28835.8
35685.59
10940.62
23268.19
34830.36
24634.58
36363.81
42697.78
21234.24
48397.08
23402.96
32138.12
39784.72
37397.51
40901.5
47631.04
44243.73
45862.49
40042.35
31298.27
29341.04
34933.9
16751.91
26830.73
43600.4
21670.87
23991.38
30498.05
27718.65
47437.02
42039.38
16436.72
30197.16
38154.93
24724.51
18656.62
37919.39
26647.13
32827.43
11620.89
15756.94
23019.41
22412.17
19822.78
18359.45
36893.08
20761.96
21334.88
21567.84
22399.74
16698.72
21931.36
21278.87
18904.1
18433.73
73135.33
30152.51
23755.52
14572.92
37546.93
32810.66
19486.92
24039.79
26637.49
38630.46
18902.99
17973.97
21790.02
22787.6
18442.36
24327.76
32078.27
13273.31
30678.67
22155.71
24313.15
41327.63
53405.43
41585.96
75076.5
40925.82
28686.23
53047.77
47688.63
30120.84
45208.26
32764.36
49617.12
60169.25
48697.05
33642.59
39193.86
19392.99
38818.35
30043.07
38625.5
22041.63
53363.18
65696.72
32094.55
35426.2
24220.5
33239.53
26092.5
34215.21
54521.34
44941.52
23070.88
61183.54
32254
49036.84
29205.9
44301.56
48157.94
30524.86
25232.03
35109.76
40051.21
46357.78
32636.31
41837.8
28429.85
37707.13
25442.76
19959.58
32389.52
32796.9
40433.6
25456.56
40200.73
55758.61
31019.06
38213.96
35782.68
25752.48
47839.46
41690.2
32815.19
36127.74
14508.67
16157.46
9296.622
12398.17
13341.03
24252.36
22214.3
20061.98
21794.32
44709.81
24784.19
32537.14
36021.78
40868.47
41857.29
75473.93
42950.91
44639.14
27750.22
41668.22
46764.92
33268
43177.23
51826.23
50325.59
39906.5
36556.01
39190.71
40268.14
44838.17
47133.99
22471.68
37132.76
37098.1
32180.98
38164.64
35268.9
51838.26
46482.1
24406.62
29981.35
32823.78
14303.35
17017.73
30130.26
25679.21
24553.11
61144.33
50201.95
48395.09
22151.96
24658.68
29809.32
31244.27
28001.55
17232.32
24912.53
42125.21
28008.42
36675.47
26411.71
38371.52
28639.69
26233.77
25024.12
23403.06
15930.16
15639.84
18091.92
26248.44
40257.48
49113.27
56164.23
38356.06
38127.43
31462.86
38539.32
59799.65
54618.52
28703.52
44101.9
22136.53
38841.71
21439.17
44982.5
31277.89
34495.57
32555.26
17340.2
27280.63
16372.06
15889.51
20364.99
26651.87
74255.51
67724.4
25849.58
21882.16
28393.71
29723.32
17613.98
31892.2
44595.03
25573.79
22702.8
44258.47
34697.97
29188.88
28582.58
23276.91
32571.48
51774.26
15775.61
16970.93
27892.84
24149.17
21443.83
17080.96
34653.7
26756.16
23803.09
22419.51
36104.42
24799.82
26101.85
31674.33
27780.97
27006.4
21926.98
18612.9
21420.43
32321.47
27854.37
27082.3
22615.84
47411.85
42576.26
57999.66
35314.39
38207.63
28162.42
19928.69
35522.9
17114.78
25783.65
31864.41
30319.83
26036.63
23366.45
23768.31
28421.5
31529.17
69183.15
39916.05
22326.4
38356.91
21398.27
28607.96
32750.94
48740.19
27211.5
15327.65
23903.86
49046.78
37626.45
23666.85
36041.32
37001.39
72452.6
27805.16
44556.44
20596.91
13306.1
34058.79
19477.62
44937.69
19060.54
23602.98
25479.25
12996
15822.5
44477.12
40980.91
25000.52
34239.66
37537.54
23132.92
24187.37
19006.27
8892.499
15249.55
17455.51
36205.5
22709.23
24020.32
14988.75
13770.02
20434.39
23617.63
16468.27
36948.16
42887.95
50139.11
29536.24
25580.41
17389.78
33078.32
13995.14
24812.83
24425.42
61199.68
41203.38
17566.45
36153.95
48199.68
49927.03
46795.58
23233.8
24955.35
37154.22
36806.8
33998.2
43779.53
48113.36
33948.09
50727.37
32356.31
28800.66
33350.28
20913.5
39709.78
47126
31888.69
24040.32
35474.97
28734.7
17335.67
13923.26
37186.15
43252.08
32006.03
50903.78
38954.4
35480.54
40362.96
57893.19
16570.08
25659.13
26309.13
22801.39
36934.16
44296.17
19467.33
33168.97
39251.51
33682.94
31157.96
40573.47
30396.82
38067.72
38161.58
28021.63
16949.66
19846.41
19055.47
27187.44
22219.5
16837.19
30891.09
32689.25
16067.38
18116.38
12185.24
14210.53
17703.15
30986.31
32029.94
14076.4
13966.31
17005.59
27427.39
37258.21
27063.52
27199.78
25310.01
48384.05
38214.55
26000.79
25745.92
26282.16
45153.91
20551.32
31123.74
36374.32
43296.49
25408.32
18822.36
16496.82
53317.74
34144.19
34491.27
12728.76
33425.66
30622.83
26248.03
24983.62
30652.13
31980.31
21805.09
18932.75
14222.67
21186.79
34896.68
18263.53
27283.49
43994.16
26129.04
30515.86
19975.95
46894.13
9772.41
28296.01
42898.07
11333.94
20589.95
22593.09
56086.7
26731.88
17372.67
59869.7
18511.35
18415.22
24036.29
18941.17
23353.47
52527.84
24864.38
18718.46
31221.89
13042.94
35853.73
49877.07
32976.69
16954.46
27401.04
14552.51
18971.75
20062.28
20506.72
27322.2
21281.81
45526.85
27872.5
21513.65
22698.31
25547.36
30114.74
29822.58
22860.76
17776.08
17797.24
22694.01
36659.1
16468.26
15048.91
30239.68
21355.74
25291.7
29995.58
16701.06
16756.09
43084.15
23617.18
19796.62
51272.79
26764.32
37722.92
28617.3
28557.25
38003.92
29174.2
46310.73
37261.53
22773.8
10565.87
26933.65
18229.58
22742.35
23021.1
33799.89
33193.06
32384.08
17157.46
13889.57
17732.8
20182.61
25102.79
25840.28
34509.07
33877.83
25210.66
22790.11
53907.26
30666.94
33256.01
18949.07
18113.71
16116.6
18056.98
35143.79
25464.41
29334.09
27102.34
33235.08
9367.11
22457.29
45540.33
26648.34
37377.8
22548.17
19841.55
44453.76
54529.37
28119.78
34567.95
14411.86
24906.7
26957.66
33261.45
33654.03
24203.75
31324.4
23723.48
44996.39
27157.86
20885.65
10788.94
33992.13
37970.79
25510.51
21906.44
19985.5
24094.73
12618.63
20644.34
20238
26527.55
33459.25
31661.07
28463.9
36716.73
15861.46
28154.77
15788.13
31549.16
38274.08
37321.84
26275.66
27510.54
27955.58
19568.47
40069.2
14806.54
18297.07
25037.79
22894.55
23137.6
25383.88
43445.62
34556.29
25684.04
15396.01
32324.64
42530.69
44392.33
20786.69
40809.85
29957.82
40171.1
40679.43
33208.06
58429.27
29330.34
45313.38
43813.71
42081.33
24157.09
32109.73
32446.43
30538.95
27744.68
24582.17
26683.92
34024.49
29501.24
40980
25653.85
23256.31
22868.92
37954.73
28296.55
35531.61
21855.07
30596.64
40654.66
40490.13
29162.21
27750.64
25009.55
52820.98
29336.12
33495.29
37519.27
24507.21
42081.98
52151.69
32541.78
29103.93
31419.02
32316.39
45203.79
33313.92
33687.46
30157.83
15871.69
19687.01
22608
15418.16
36519.19
25469.24
16515.07
23160.45
39381.55
59197.86
19822.73
20698.89
22609.26
27540.62
26179.04
34226.36
45997.74
34050.91
25551.01
70039.01
36897.86
45103.91
29380.48
52955.18
27493.63
45681.35
22771.66
18678.68
24413.67
44406.69
37774.17
27564.3
34666.06
21147.76
37169.03
38351.71
36500.78
21418.71
36510.25
21067.47
38412.41
19526.23
17598.47
21194.36
29431.21
19753.2
20874.27
24034.72
22495.54
15920.85
27029.65
39025.5
46102.08
34936.79
41276.02
45151.69
40498.16
34739.97
35206.46
29440.55
26193.29
27066.3
18604.25
41560.44
27826.23
32063.17
20208.11
20498.42
27039.13
32815.1
23045.11
26103.68
30068.29
37968.65
19584.12
31809.46
24674.5
48383.31
66121.6
23280.43
26031.4
27908.55
28675.18
31680.72
56695.15
19707.87
28612.92
51132.27
77451.6
22933.71
11375.78
27502.29
29179.35
28918.97
12045.12
13512.29
17458.85
26022.73
47303.95
12643.33
21329.11
28784.15
32436.56
12510.97
37196.09
39918.16
17158.21
14870.66
19220.91
40292.25
23634.65
21728.43
32798.17
31735.82
36482.89
30506.43
44204.52
49905.86
26922.02
36817.54
30425.72
29575.98
51934.03
23048.39
29680.05
21334.7
19664.07
18041.33
30566.39
27501.02
33132.89
41256.4
33879.76
36976.87
21108.61
37008.92
36860.12
47496.5
41899.3
47544.88
51782.18
30172.26
39640.54
60361.29
31834.63
51520.25
48211.27
23698.82
43965.71
60262.3
41473.35
43273.67
55996.52
46265.58
38433.02
37709.81
22343.37
53269.26
14593.03
42022.08
31906.3
22467.76
16970.66
44159.62
30879.07
39018.08
43988.75
23351.37
30859.95
43546.62
34222.23
19057.67
29284.92
31299.93
38993.64
20962.18
55094.98
23963.23
34024.14
70659.54
36349.04
60464.6
42907.43
33405.55
37877.02
27170.89
34605.44
30112.75
30736.09
63980.2
22604.77
32929.26
27770.76
42648.67
15777.24
44742.35
29024.42
20989.93
25572.6
44719.95
14912.01
30414.87
23741.79
23580.7
11612.93
10352.74
19564.85
23973.62
23109.65
12908.46
19336.93
31308.87
16985.62
18216.42
29204.33
18724.85
19068.05
11525.3
34392.36
22524.33
21900.23
18775.31
30874.07
22691.87
21576.35
22689.41
23461.35
14573.05
49242.83
21938.02
64564.35
35330.26
22804.34
19898.81
28841.49
31562.81
20012.13
23416.29
12213.76
18111.04
47778.19
26907.71
45938.01
25459.87
41932.04
45841.43
47079.21
67032.39
33300.22
44185.38
22355.88
39526.75
33301.25
41221.6
15783.79
23642.96
53251.92
36075.4
33976.28
24250.19
25561.11
39244.41
43186.87
37942.14
31537.4
42640.77
25448.58
59523.85
48425.17
37789.77
42021.94
29654.8
29508.44
33638.97
33453.7
28929.28
33572.19
17728.86
36757.51
24025.41
18280.36
17038.42
23578.72
21264.06
17287.19
14268.93
15420.88
30309.16
23370.02
21961.65
53258.38
18423.66
20992.74
31034.81
30801.93
15315.71
26650.88
21575.57
22492.14
38271.07
33090.45
32609.44
42160.91
39996.36
39516.39
34800.09
23171.97
19746.42
15187.08
28527.03
52261.78
32255.85
48077.15
38724.32
36127.26
23222.94
38385.76
25513.26
25337.62
58598.92
25891.71
24616.35
21734.41
34571.47
40141.96
31569.91
40990.9
46610.33
26811.67
45906.5
32704.78
27086.23
44438.89
26501.11
89323.88
42221.64
32392.47
66452.32
36436.76
51668.53
36852.15
36535.4
17080.53
21261.9
28050.61
38560.55
48370.94
45516.28
30289.83
49078.8
44050.14
20131.51
42482.67
57873.09
31031.17
33129
23428.09
23538.98
18717.65
44493.34
34230.73
34714.55
16859.19
39342.24
31388.28
41978.86
19448.24
47459.06
27057.51
55986.03
38014.11
31903.97
50403.82
29275.54
46477.28
40192.75
35087.5
42823.23
41456.9
37546.72
48571.33
26229.15
28463.04
26648.54
32695.47
37660.11
21653.97
43702.74
25739.93
56039.65
24681.02
37050.24
61205.04
30273.08
34696.11
37854.52
36742.81
25104.38
33783.01
36108.34
16848.81
42422.41
27460.35
26244.84
34112.09
24351.7
26798.43
15922.5
21089.88
21772.97
29529.47
18707.65
43607.89
35494.07
56871.11
44632.7
51954.1
41706.53
26239.54
68703.83
42231.66
47619.17
31932.03
29718.49
27048.69
21421.28
22154.45
25780.6
23312.5
22404.39
30523.05
27183.48
20076.32
33156.72
29963.38
38535.89
39645.03
28634.28
38954.75
21379.57
20590.73
26432.7
38974.18
28970.87
13718.13
30694.98
30141.51
50267.73
22171.61
22000.35
26774.38
18664.24
37392.04
46794.02
48889.47
20094.53
27312.73
25310.76
22369.26
27151.16
24980.52
13209.66
17366.67
17054.39
25646.67
47857.6
17666.7
18225.12
15616.24
42297.48
21008.95
27061.99
36930.2
29755.99
36063.15
75419.08
50409.98
44491.8
30410.64
41040
58788.57
34115.5
23985.48
45958.45
49391.5
57096.51
28529.41
42557.55
45679.98
19130.44
49284.8
35528.95
49232.85
40529.6
44701.68
79007.73
34230.95
28987.08
19624.36
26787.44
29369.78
39329.24
11203.42
9863.092
20942.29
29602.44
78661.19
40945.68
41371.63
19566.73
41745.55
25123.56
29488.18
32538.4
33370.15
61632.66
33037.38
48580.81
30591.81
19334.99
14586.02
19015.19
31560.36
23287.03
47612.46
28199.47
23148.93
32341.31
38018.82
30614.73
29798.56
26291.08
25714.46
11955.76
27561.19
11790.67
33036.72
31808.79
40172.97
52487.37
35202.95
19222.15
18853.37
34920.99
23857.08
45140.71
56030.41
33189.9
36361.14
26813.69
32297.3
35301.49
38822.91
32367.06
29139.33
49567.79
20028.53
22119.62
29179.13
36308.08
30987.47
33489.11
40739.1
34769.48
40002.37
38399.58
51155.13
45440.21
40682.89
30595.22
29339.72
47887.05
33642.64
25584.33
29940.07
34480.08
31368.48
33096.53
26215.55
20734.32
22829.14
