899.3714
1119.129
1332.272
1615.021
1024.998
1771.992
1571.711
1530.479
1445.929
1123.795
1174.738
1361.345
1835.655
1430.418
1444.087
1453.676
1249.8
1410.904
1511.47
1687.742
1587.66
1058.869
1049.05
839.8732
1159.761
1085.702
1019.894
747.221
1211.261
1384.892
1740.831
1595.042
1309.244
1507.76
1565.811
1490.229
1888.063
1617.824
1283.94
2005.959
1018.953
871.7367
1181.869
1783.692
1761.97
1421.896
1161.597
1822.852
1141.282
1899.485
1687.706
1545.73
1243.54
1539.355
1116.881
1105.318
1368.803
792.0163
1224.66
1615.694
1549.954
1304.424
1783.687
1738.21
1678.566
1778.612
1180.433
1438.804
1379.511
1364.065
1197.208
1284.311
1492.831
1135.71
1197.603
1863.482
1360.139
1171.196
1277.87
1456.031
1328.737
1377.289
1838.675
1421.09
1354.56
1458.369
1322.374
1788.191
1433.341
1314.909
1340.673
1605.813
1420.487
1272.466
1517.294
1296.845
1464.3
1386
1836.064
837.4906
834.3044
1317.054
1242.944
1554.415
1252.272
1328.042
1232.358
1284.729
1667.773
1780.847
1660.271
1454.641
1414.597
687.5756
877.9874
1167.813
1307.933
2072.314
1402.628
994.4639
1457.827
1228.094
1378.971
1241.896
2065.857
1276.181
1804.622
1300.149
1081.314
1248.854
1475.184
1684.234
1887.756
1450.715
1208.273
1385.684
1540.952
1276.232
1442.849
1421.004
1125.073
1217.42
1445.943
1567.478
1213.744
1455.912
1363.945
1302.009
1239.936
1093.686
1289.974
1179.262
1745.381
1642.985
1675.676
1823.043
1489.776
1435.038
1288.379
1182.354
1239.237
1344.393
1408.294
1429.691
1600.031
1269.088
1969.13
1429.341
1513.6
1280.296
1319.821
1228.738
1604.593
1299.708
1236.88
1287.757
1658.814
1014.437
1406.209
1159.881
1667.842
1453.201
1827.219
1364.38
1241.564
1235.088
1797.824
1675.75
1320.788
1512.944
936.0921
1160.554
1272.385
1287.159
1489.948
1184.197
1978.796
1335.068
1370.463
932.1833
1043.703
1519.381
1261.78
1249.068
1200.933
1607.67
1796.816
1137.61
1050.4
1223.919
1335.079
1301.363
1517.774
1239.46
1922.736
1026.45
1545.748
1563.081
1452.861
1439.761
1381.684
1663.354
1067.427
1424.204
1772.733
1473.531
1392.698
1665.396
1302.147
1263.273
1649.468
1232.804
1826.792
1290.166
2045.906
1268.405
1404.246
1183.604
1249.93
1747.056
1260.04
1374.408
1207.684
1527.057
1610.581
1947.107
1741.56
1468.771
1684.31
1587.473
1472.611
1725.297
1202.726
875.3414
1437.892
1513.237
1783.463
1643.93
1494.131
1918.049
1320.2
1359.564
1021.005
1583.121
1279.807
1416.574
1360.928
1203.507
1869.751
1391.245
1669.729
1398.292
953.5644
1017.397
1381.582
1688.861
1096.559
1289.607
1049.229
1807.855
1213.484
1907.111
1627.405
1775.29
1128.691
1286.706
1299.42
1565.37
1614.166
1286.815
1797.378
1292.59
1585.276
1534.487
1785.397
1031.225
1173.166
1322.246
1272.126
1168.429
957.346
1284.723
1121.003
907.7347
2003.263
1949.23
1566.022
1848.482
1216.639
1465.9
1640.928
1389.136
1069.765
1407.363
1542.182
1229.165
1547.622
1583.636
1261.44
1173.319
1661.056
1099.104
1464.704
1438.653
1455.913
1186.139
1393.675
1496.013
1807.352
1456.273
1475.292
1322.568
1432.176
1555.016
1343.843
1292.18
1518.942
1191.619
1661.203
2095.342
1426.825
1544.898
1728.628
1363.43
1517.405
1154.284
1228.69
1284.285
1178.603
1259.843
1590.359
1091.541
2019.367
1141.519
1285.494
1838.831
1235.037
1563.488
1673.365
1313.664
1334.096
1405.341
1412.295
1372.469
1193.204
2120.324
1533.832
1425.494
1802.835
1478.424
1223.713
1230.088
1100.76
1386.969
1224.327
1636.262
1606.478
1614.832
1422.729
1492.675
1353.313
1460.515
1148.041
1381.965
1440.989
1367.444
1400.487
1872.043
1529.261
1736.496
1427.981
1643.029
1621.558
1457.294
1765.604
1408.822
1193.321
1012.118
920.6833
1717.885
1589.879
1337.528
1717.383
1418.564
1395.845
1342.192
1120.884
1191.315
1492.449
1250.049
1006.895
1541.104
1067.936
1373.041
1381.807
1098.26
1333.028
1180.792
1665.292
1189.914
1797.142
1404.188
1234.845
1509.087
1277.574
1329.399
1555.235
1361.868
1905.052
1292.045
1279.558
1517.238
1539.45
1662.344
1442.193
1412.128
1425.147
1247.661
790.2225
1146.823
1089.808
1033.928
1150.933
1016.068
957.9388
1639.075
1304.293
1486.361
1510.414
1143.832
1315.018
1158.075
1089.348
1099.764
1623.206
1098.746
1271.86
1215.911
1352.244
1573.79
904.6089
1474.514
2162.689
1667.02
1272.539
1659.941
1574.763
1442.915
1615.879
1366.743
1348.886
1569.16
1339.054
1341.705
1362.599
1307.477
1616.333
1245.525
1677.253
1402.538
1226.566
1777.8
1597.93
979.394
1326.072
1659.976
1111.981
1453.461
995.795
1129.051
1180.755
749.9763
1068.419
1124.377
1205.628
1740.15
1583.531
1275.003
1388.478
1789.97
1586.236
1104.887
1082.53
1909.32
1207.597
1267.106
1293.422
1313.795
1730.594
1812.326
1476.355
1164.999
1373.932
1299.285
1604.75
1613.133
1264.808
1445.664
1228.297
1487.218
1937.493
1465.835
1536.253
1174.021
1872.899
1637.542
931.0821
1152.159
1624.487
1523.017
1353.681
1280.029
1315.339
1008.842
1030.823
1641.388
1568.349
905.1176
1743.302
1168.344
2113.647
1585.634
1065.326
1288.772
1956.271
1596.531
1094.242
1635.262
1627.461
1345.318
1548.56
1501.229
1103.275
1542.199
1407.477
1319.356
1598.54
1431.804
1496.448
1300.112
1235.259
1352.693
1265.965
1396.483
1158.597
1239.35
1459.803
1221.743
1516.163
1683.162
1722.545
1719.97
1331.825
1118.036
1216.971
1489.648
1163.111
1110.327
945.7482
987.1394
1158.467
1125.437
1525.031
1311.181
1611.671
1826.384
1086.011
1008.526
1380.098
1237.564
1549.018
1354.166
1378.89
1302.531
1485.593
1263.259
1480.005
1300.585
1606.469
1785.717
1423.887
1031.9
1548.519
687.0084
1457.593
1371.404
1055.968
1225.934
1413.733
1368.983
1146.506
1282.815
1367.637
1359.535
1349.139
1607.671
1132.401
1484.787
1657.874
1350.288
1425.809
2002.191
1230.263
1511.162
1332.526
1208.773
1773.429
909.6322
1490.755
1335.771
1227.769
1302.655
1569.91
1527.412
1389.264
1429.126
1259.547
1535.229
1360.135
1519.788
1510.136
1307.168
1699.077
1295.367
1471.477
1541.295
1443.966
1333.791
1292.63
1395.838
1216.471
1224.75
1236.34
1312.269
1181.225
1423.043
1690.466
1136.205
1065.155
1260.366
1302.693
1066.592
1433.785
1127.989
1178.502
1514.445
1293.185
1255.325
1244.824
1707.888
1584.604
1769.68
1723.958
1601.626
1521.954
1702.894
1367.067
1597.644
1291.927
1139.174
1911.788
1689.378
1372.462
1734.135
1415.987
2183.676
1328.608
1297.421
1270.025
1522.596
1418.983
1287.557
959.4394
1149.37
1274.055
1404.531
1523.963
1488.723
1831.648
1664.315
1415.93
1523.504
1420.767
1262.593
1355.238
1550.568
1725.276
1067.515
1050.551
1758.387
1349.568
1371.025
2021.733
1658.044
1823.861
1581.736
1433.546
1225.334
1156.631
1450.712
1252.548
1309.579
1166.363
1235.492
1144.664
1420.922
1219.374
1428.729
1498.994
1371.702
989.5053
1193.001
1530.132
1570.546
1349.586
1118.601
1400.361
1218.143
1324.631
1186.006
1101.022
1144.093
1454.38
1513.805
1433.377
1583.991
1294.27
1231.636
1032.127
1560.904
1355.249
833.4881
1718.819
1151.484
1416.858
1294.561
1340.089
996.5482
1569.086
1274.787
1247.057
1397.027
1244.027
1321.679
1641.4
1747.9
1881.815
1400.797
1375.275
1374.739
1657.238
1267.334
1217.1
1877.23
1314.672
1652.662
1557.617
1351.898
1098.706
671.4597
1559.336
1702.759
1369.35
1439.866
1158.268
1516.185
1135.269
1649.072
1237.625
1237.98
1811.832
908.4641
1761.863
986.6252
1579.787
1294.489
1112.417
1218.685
1159.284
1086.202
1108.639
1369.866
1166.04
1758.566
1586.908
1274.564
1319.323
1537.161
1537.609
1561.048
1480.462
1599.348
1360.442
1246.578
1373.778
1375.813
1137.643
1083.248
1119.512
1322.517
1446.542
1510.754
1102.359
1673.07
1133.118
1554.161
1560.091
1189.325
935.6029
1567.698
1103.014
1351.489
1347.165
975.2226
1260.817
819.9364
1095.035
1337.194
1268.456
1347.232
1218.995
965.3919
1256.02
1764.275
1456.695
1357.791
1114.55
1083.124
1604.299
1270.434
1390.635
1404.793
2257.963
1373.333
1116.492
1103.496
1303.715
1621.185
1125.158
1285.134
1834.346
1590.145
1538.9
1585.576
2123.222
1468.662
1490.066
1922.459
1453.891
1214.312
1374.509
1341.357
1246.292
1609.878
1149.924
1817.789
1622.96
1962.87
1357.314
1717.607
1515.189
1462.772
1171.25
1295.023
1147.318
1245.361
1558.508
1736.124
1928.223
1856.811
1481.561
1373.891
1798.505
1100.077
997.6528
1150.194
1251.221
969.6894
1494.336
1323.925
1592.051
1972.453
1515.541
1321.596
1389.58
1137.375
1075.067
1175.077
1626.963
1412.899
2036.592
1468.711
1637.645
1275.18
1817.373
1589.145
1103.348
1882.385
1349.48
1011.057
1563.013
1152.37
835.6687
1652.947
1596.434
1412.985
1550.008
1304.417
1916.411
1211.672
1371.464
1486.493
1415.841
1480.515
1174.699
1410.751
1621.876
1404.375
1900.862
1785.147
1498.921
1521.739
1767.329
1678.04
1528.239
1455.413
1466.668
2365.364
1465.673
1600.821
1749.762
1791.254
1607.971
1661.083
1581.345
1633.78
1231.903
1110.625
1237.276
1431.111
1264.321
1393.724
1372.735
1622.374
1272.235
1644.725
1565.753
1495.765
1760.899
1491.842
1476.5
1303.888
1098.877
1633.499
1265.851
1549.379
1410.602
1673.042
1557.97
1318.683
1197.216
1457.776
1354.075
1188.652
1484.785
991.442
1367.175
1789.376
1312.661
1310.599
1472.144
959.0753
1329.696
1458.264
799.5482
1082.665
1090.013
1099.892
1016.356
1567.067
1171.623
1415.206
1082.809
1177.003
1352.098
1352.487
1428.992
1441.101
1031.663
978.7279
1683.488
1700.499
1689.658
1864.34
1508.262
1207.519
1213.785
1152.291
1196.278
1743.963
1522.964
1299.131
2001.166
1236.18
1569.655
1637.66
1329.096
1211.477
1493.151
1415.491
1154.179
1377.26
1410.184
1911.18
2204.685
1604.615
1441.714
1163.338
1545.122
1815.349
1698.495
1308.018
1746.843
1389.297
1837.3
1148.469
1410.047
1659.503
1567.095
1661.72
1409.508
1351.041
1598.905
1766.167
1538.133
1578.446
1321.732
1148.996
1735.572
1282.194
1235.854
1944.432
1533.474
1508.787
1409.744
1302.278
1539.219
1037.345
1477.989
1322.866
1254.385
1593.065
1387.066
1232.287
1536.402
1299.04
1501.409
1581.296
1655.198
1548.053
1803.507
1554.469
1592.492
1312.863
1098.171
1121.721
1782.419
1587.938
1375.881
1567.055
1165.048
1604.963
1148.97
1141.395
818.1119
1514.998
1369.545
1871.802
1411.525
1557.6
1290.968
1072.705
1064.977
1045.885
1840.162
1115.22
1582.479
1701.296
1435.356
1830.371
1491.159
1955.099
1064.338
1319.848
1124.015
1284.923
1193.266
1617.014
1180.564
1433.621
1105.098
1541.623
1338.585
1243.016
1705.823
1115.574
1121.587
1415.21
1423.598
1504.264
1087.718
1256.48
1203.587
1764.751
1197.832
1397.573
1164.611
1229.849
1221.536
1093.821
1254.523
1212.003
1144.91
1326.246
1359.854
1416.081
1579.33
1258.162
1343.859
1426.763
1672.351
1707.525
1385.826
1437.196
1709.66
1728.222
2120.54
1249.169
1362.763
1295.368
1337.88
965.0889
1657.463
1597.254
1177.982
1549.516
1350.119
1489.808
1383.339
1625.372
1338.878
1662.549
1566.883
1948.275
1489.36
1486.431
1162.455
1310.018
1320.587
1646.571
1258.088
1620.203
1370.32
1827.108
1510.263
1224.138
1515.785
1003.258
1262.043
1576.324
1358.415
1234.627
1388.535
1595.558
1496.501
1567.004
1133.038
1462.11
1612.834
1269.443
1330.529
1426.369
1480.27
1855.129
1388.798
1900.42
2059.345
1303.257
1301.737
1310.966
2125.533
1822.775
1368.644
1816.403
1301.852
1491.003
1513.684
1184.657
1115.23
1827.204
1707.671
1332.392
1595.702
1431.812
1319.778
1260.16
1164.947
1215.202
1375.756
1576.413
1385.405
1383.834
1482.469
1278.205
1861.935
1695.237
1217.632
1658.84
1490.469
1413.734
1043.587
1146.754
1156.658
924.8139
1164.809
1331.674
1374.183
1393.978
1443.075
1325.084
1231.123
1298.972
1295.486
1570.979
1616.486
1324.153
1383.821
1403.574
1149.765
1439.325
1541.83
2069.217
1751.064
1446.471
1393.739
1001.614
1214.971
1518.305
888.902
1092.68
898.1124
1364.139
1447.406
1122.906
1201.567
1412.271
979.3147
1369.952
972.2043
1651.118
1155.742
1060.882
1209.737
1512.034
1536.506
2071.167
1537.182
1161.552
1238.278
1179.133
1340.01
1099.009
1088.664
1117.725
1295.936
1264.151
1266.167
1376.35
1495.314
1420.048
1359.069
1629.124
838.9951
1223.751
1083.969
1122.775
1434.136
1683.232
1172.937
1284.097
1499.59
1736.222
1448.067
1454.192
1335.243
1308.133
1583.212
1263.378
1530.745
1254.659
1129.214
1443.899
1569.846
1236.92
1064.118
1310.244
1820.463
1269.444
971.2212
1744.323
1324.647
1363.523
1366.108
1585.04
1340.115
1605.865
2304.044
1558.083
1383.047
1552.417
1414.105
1523.614
1232.82
1532.82
1623.919
1364.604
1817.919
1582.61
1164.372
1511.075
1106.943
1740.441
1250.557
1083.801
1242.797
1505.006
1089.5
1726.592
1396.772
1066.015
1149.161
1435.052
1566.56
1275.732
1819.967
1514.264
1313.663
1322.309
1598.45
1709.594
1374.889
1465.648
2135.82
1531.073
1745.444
1364.299
1353.742
1658.192
1089.911
1629.721
1282.321
1029.716
1445.915
1599.163
1803.209
1609.691
1456.597
807.8733
1405.036
1765.423
1331.709
1579.2
1274.082
1567.472
1416.438
1473.89
1162.517
1513.993
1171.676
1229.772
1160.598
1452.418
1097.909
1357.938
1567.657
1301.845
1297.502
1063.669
1569.891
1503.301
1308.996
1668.049
1490.525
1060.299
1393.365
1395.584
1488.813
1404.482
1756.794
1348.381
1577.578
1620.671
1511.957
1614.211
1451.653
943.0043
1469.979
1378.509
1511.341
1581.489
1345.215
1691.76
1296.532
1479.743
1613.493
1452.77
1483.6
1888.865
1138.62
934.2297
967.8306
1267.442
845.5537
1071.028
1147.041
1383.385
1466.79
1261.452
1521.885
1467.374
1739.014
1643.696
1679.458
1647.853
1262.377
1046.138
1750.214
1609.216
1738.405
1899.17
1563.814
1778.7
1345.792
1756.086
1003.395
1325.347
947.7569
1895.954
1300.827
1376.765
1705.51
1430.182
1518.632
1606.455
1600.912
1352.295
1367.523
1350.779
2044.028
1316.74
1184.489
1355.029
1757.396
1504.809
1576.328
1551.599
1142.687
1234.298
886.6593
554.2202
794.0644
809.9893
1305.132
961.4767
1148.771
1304.863
1107.92
1287.953
994.5078
1436.724
1432.275
1355.582
1227.874
1557.567
1820.999
1360.792
1440.492
1636.123
1682.135
1486.701
1125.266
1037.782
1397.203
1499.983
1407.267
1488.777
1808.101
1804.99
1997.705
1363.847
1229.425
1605.498
1243.62
1317.838
1104.313
1855.787
1106.754
1543.979
1475.102
1415.726
1285.225
1603.487
1401.672
1793.384
1392.853
1460.716
1511.206
1878.545
1923.062
1717.741
1480.566
1271.448
1548.942
1577.781
1174.137
1457.894
1335.112
1326.766
1401.875
1451.68
1596.079
1479.746
1818.827
1457.68
1567.024
1210.259
1405.958
2103.377
1198.578
1340.073
1601.484
982.1171
1458.709
1335.571
2219.975
1986.795
1469.981
1537.982
1456.362
1559.782
1166.318
1582.736
1602.895
1800.039
1252.046
1603.192
1525.521
1541.072
1270.538
1413.762
1275.06
1404.158
1073.516
1134.611
1171.231
1192.466
1353.787
1450.983
1230.965
1417.757
1253.498
1200.601
1499.84
1419.776
1742.855
1728.841
1451.742
1378.034
791.9607
975.3847
1007.425
1106.177
1508.873
1224.716
1679.325
1202.269
1687.695
1663.6
1727.57
1706.855
1684.398
1452.374
2052.233
1700.855
1226.599
2342.503
1337.6
1702.691
1409.726
1199.985
1351.714
1541.212
1710.733
1317.282
1273.281
1129.542
1430.133
1170.202
1157.997
976.3261
1348.95
1081.778
1274.799
1215.974
1668.023
1574.922
1338.636
1404.005
1384.398
1216.65
1522.993
1608.103
1415.262
1504.631
1294.118
1490.104
1260.47
1169.618
935.0554
1364.218
1409.786
1328.826
1109.233
1613.356
1349.945
1098.808
1262.57
1266.703
1731.403
1194.166
1589.733
1109.369
1815.873
1491.964
1716.238
1298.829
1871.016
1758.427
1377.938
1889.368
1499.289
1427.723
1348.412
1761.8
1400.823
1635.805
1449.24
1032.81
1935.701
1672.583
1168.037
1453.275
980.1718
1292.947
1230.904
1181.753
1193.238
996.4202
1064.356
1363.304
1457.591
1409.751
1188.79
1212.419
1407.463
1126.551
1343.323
1642.592
1439.537
1645.145
1284.572
1253.55
1553.239
1763.593
1324.745
1470.212
1752.285
1684.56
2107.253
1792.261
1004.918
1623.333
1349.557
1115.486
1392.326
1573.065
1590.464
1401.244
1580.899
1410.351
1594.85
1315.218
1341.714
1398.782
1590.577
1488.204
1151.065
1612.397
1382.322
1368.331
1393.321
1257.412
1770.627
1469.911
1652.948
1681.691
1410.093
1491.73
1184.448
1906.336
1167.095
1429.931
1295.676
1966.62
1817.911
1862.77
1379.366
1231.854
2272.045
1056.141
1031.267
2061.666
1351.805
1801.697
1519.087
1498.677
1554.395
2292.115
1721.352
1229.376
1549.344
1590.322
2055.684
1405.61
1521.975
1197.616
1337.495
1219.813
1417.717
1375.635
1420.166
1549.199
1445.112
1491.389
1333.753
1251.592
1198.926
1318.17
1495.518
1363.204
1173.208
1699.41
1405.475
1384.58
1833.252
1044.691
1131.989
1047.217
1466.653
854.7469
1170.343
1405.097
1359.664
1304.658
683.9336
1039.282
1317.603
1331.593
1627.766
1310.861
1006.546
1343.479
1634.807
1424.115
1346.012
1211.454
1242.67
1147.608
1431.023
1522.473
1759.664
1226.906
1715.724
1160.095
1622.075
1456.074
1615.316
1530.833
1574.925
1573.376
1299.423
1678.026
1383.362
1645.543
1756.784
1643.062
1718.093
1604.96
1399.891
1412.414
1249.482
1405.307
1161.813
909.1732
1355.313
1205.852
1509.878
1663.267
1438.082
1605.703
1962.765
1204.924
1264.826
1306.126
1606.479
985.3647
1297.9
1960.265
1608.532
1665.715
1210.117
1177.993
1445.672
1121.299
736.6481
1190.148
842.7101
1294.312
1176.331
1347.931
1648.755
1370.946
1396.376
1581.91
1570.913
1387.425
1401.563
1210.06
1188.859
1267.966
1331.635
1044.124
983.1232
1270.524
1242.866
1594.852
1504.364
1386.033
1307.341
1475.283
1725.783
1501.104
1677.39
1276.533
1626.757
1944.15
1362.742
1695.253
1407.15
1500.517
1785.469
1836.829
1397.423
956.6622
1162.392
1619.556
1702.041
1591.173
2000.738
1651.694
1550.383
1599.625
1480.779
1516.463
1458.927
1224.378
1517.857
1108.702
1401.334
1331.518
1625.297
1480.082
1295.628
1421.414
1415.183
1365.894
1118.373
1342.902
1231.301
1433.437
1249.726
1701.709
1576.561
1566.382
1062.057
1544.447
1127.753
1019.645
964.413
1364.049
1313.024
1395.32
1285.547
1229.553
1273.971
1916.943
1458.693
1708.722
1426.323
1445.164
2063.419
1638.087
1375.577
1351.895
1629.167
1583.618
1737.08
1410.157
1415.325
1577.987
1579.736
1898.618
1404.832
1386.942
1733.907
1742.377
2060.613
1272.276
2066.822
1438.178
1885.065
1654.276
1431.882
1228.267
1366.566
1391.3
1544.143
1388.908
1613.137
1191.951
1406.782
1255.256
1362.256
1163.327
1657.936
1588.318
1457.241
1559.192
1356.854
1378.759
1551.08
1611.644
1290.636
1330.89
2009.757
1745.563
1532.021
1403.106
1256.551
1852.574
1628.034
1755.071
1232.022
1233.542
1063.102
1392.105
1023.072
1831.953
1241.216
1739.367
1096.504
978.5561
1476.193
842.0939
1462.367
981.362
1255.662
1009.827
1173.068
809.4151
1876.113
1773.045
1476.047
1347.369
1918.282
1275.043
965.7496
1028.66
1102.911
1270.207
1760.137
1411.326
1235.415
1214.156
1637.864
1334.291
1303.578
1161.41
1207.848
1511.443
1677.017
1401.957
1776.775
1726.973
1622.025
1379.729
1434.579
1186.607
1814.924
1382.397
1669.35
1448.488
1377.097
1138.531
1983.698
1070.837
1102.074
1178.792
1393.998
1454.974
1031.587
1050.122
1249.027
1085.63
1238.843
1188.77
1449.865
1488.741
1142.644
1232.181
1750.901
1397.905
1332.808
1227.169
1526.939
1436.747
1808.215
1378.013
1644.928
1008.693
1403.779
1230.542
1267.072
1157.405
1447.427
1655.352
1472.224
1540.421
1259.783
1092.975
1314.805
1343.68
1378.956
1446.562
954.1403
1196.244
1190.026
1160.448
1413.898
1264.525
1221.147
1619.561
938.2918
1528.842
1265.474
1454.62
1264.502
1338.045
1427.865
1765.641
1446.473
1243.343
1062.295
950.5614
1443.688
1187.746
1284.74
1860.831
1311.992
1157.944
1193.861
1429.855
1773.09
1518.403
1678.187
1539.251
1682.212
1779.468
1532.796
1034.842
1321.752
1599.882
1554.459
1324.138
1747.046
1276.696
1420.733
1214.076
1212.784
1027.771
1297.099
1736.767
1285.209
1387.196
1189.203
1915.041
1849.235
1248.641
1169.281
1042.659
1585.953
1584.553
1670.776
1409.202
1544.399
1216.816
1167.225
1117.658
1389.116
1285.368
1251.896
1369.464
1393.675
1332.261
1370.247
1381.165
1396.842
1383.692
1432.434
1300.083
1328.163
1619.283
1111.69
1695.706
1951.354
1754.688
1768.356
1432.748
1545.097
970.4289
1276.298
1149.378
1592.79
1072.662
1308.246
1665.073
1347.06
1303.592
1148.188
1059.757
1138.553
1117.332
1325.025
1046.921
1236.603
1154.964
1240.254
1278.27
1400.095
1166.314
1443.292
1147.706
1380.468
1925.464
1281.008
1253.2
1262.5
1548.273
1593.107
1476.263
1321.594
1339.095
1588.276
1464.144
1577.218
1604.502
1610.55
1128.923
1554.646
1170.399
1200.469
1687.975
1298.208
1003.983
869.4902
1128.149
1339.53
1043.303
1417.447
1379.558
1214.645
1324.847
1512.16
1034.976
1368.409
1254.659
1299.942
1253.403
1526.245
1680.353
1589.637
1871.392
1358.335
1185.383
1253.681
1424.269
1493.137
1389.096
1373.495
1585.933
857.6746
1524.349
1332.453
1081.648
1631.149
1418.509
1439.42
1148.027
1479.426
1139.015
1210.08
1352.421
1261.993
1702.973
1327.426
1359.722
1574.372
1276.09
1147.539
1022.143
1384.47
1494.081
1130.267
1564.982
1667.504
1382.367
1791.814
1647.299
1402.892
1167.094
1583.35
1614.06
1667.573
1112.241
1478.463
1359.046
1580.583
1739.03
1435.242
1849.434
1349.94
1364.365
1378.302
1566.223
1515.203
1965.304
1960.282
1378.453
1316.958
1541.366
1322.712
1482.133
1772.713
1239.952
1260.827
1790.834
1468.602
2028.098
1344.166
1241.246
1518.568
1279.919
1665.518
1359.741
1340.315
1473.107
1431.009
1774.905
1337.356
1484.723
1605.652
1367.665
1016.63
1498.206
1426.054
1911.38
1199.615
1250.881
1106.168
1363.824
1328.638
1161.195
1094.448
1142.388
1647.445
1333.768
1059.657
1233.155
1992.085
1328.172
1489.13
1646.999
1349.368
1497.621
1156.311
1151.984
1401.021
1360.157
1236.072
1184.615
1397.007
1641.18
996.6053
1046.316
1539.277
1552.381
1579.377
1397.53
1503.417
1131.757
1673.811
1133.207
1234.501
1308.129
1247.821
1481.201
1384.005
1715.011
1239.164
1580.901
1603.788
1255.153
1528.462
1654.012
1933.248
1148.338
1395.074
1240.239
1262.538
1877.503
1200.05
1489.253
1672.926
1392.118
1172.898
1251.927
1278.099
929.4294
1430.522
1555.448
1620.263
1921.063
1845.651
1607.809
1383.986
1184.09
1188.272
1387.095
1276.443
1117.07
1658.004
1596.975
1510.76
1370.28
1732.27
1848.406
1358.937
1572.683
1389.358
1333.044
1305.996
1320.851
1065.893
1137.363
1250.817
1117.357
1714.718
1363.076
1292.855
1502.728
2197.204
1107.154
1206.708
1655.02
1672.349
1426.49
1231.962
1502.444
1585.542
1554.519
1451.311
1108.112
1770.827
1746.89
2075.915
1610.385
1887.405
1174.581
1616.26
1087.513
1165.568
1797.166
1395.783
1046.777
1124.587
1185.598
1797.424
1428.944
1254.033
1635.995
1449.853
1551.399
1234.084
1366.811
1442.883
1660.376
1245.862
1632.287
1692.167
1401.115
1723.888
1743.92
1635.95
1704.38
1163.65
928.7531
1557.769
1454.851
1341.679
1464.639
1323.801
1789.408
1295.999
1711.149
1273.47
1308.681
1657.559
1275.87
1480.427
1239.362
1655.341
1189.383
1601.75
1694.724
1698.601
1181.852
1261.417
1539.773
2045.056
1456.58
1544.053
1524.977
1449.159
1398.803
1340.279
1315.375
1416.355
1352.966
1816.184
1434.14
1336.59
1340.008
1458.545
1743.293
1593.702
1599.318
1620.813
1420.556
1197.346
1256.319
1183.85
1313.695
1354.767
1251.256
1729.256
1638.36
1519.487
1353.464
1414.904
1897.767
1501.453
1451.027
1339.564
1759.186
1694.447
1354.513
1477.811
1541.706
1446.464
1234.825
1880.544
1981.751
1435.533
2030.646
1782.764
1810.108
1663.982
1176.883
1751.985
1208.382
1799.658
1955.201
1027.099
1416.95
1544.668
1312.301
1801.415
1855.243
1512.87
1297.915
1761.818
1300.747
1492.465
1240.107
1242.263
1491.086
1488.338
1825.007
1692.536
1312.962
1772.04
1170.808
1727.581
1733.267
1133.83
1578.271
1538.226
1552.956
1392.246
1441.972
1798.634
1695.087
1440.863
1161.115
1367.218
1327.555
1339.711
1127.295
1292.135
1399.193
1178.962
1650.959
1670.402
1193.979
887.9023
1302.099
1056.553
1213.873
2027.27
1101.538
1194.01
1326.677
1366.919
1675.079
985.901
1895.096
1286.203
1310.29
1336.897
1353.801
1473.507
1906.929
1408.436
1649.775
1500.668
1730.889
1335.503
1306.533
1422.953
1943.004
1516.945
1449.785
1132.035
1720.782
1768.968
1285.093
1543.617
1479.042
1589.299
1601.281
1681.879
1361.109
1052.156
1201.289
1355.913
1147.038
1669.384
1338.466
1424.713
979.3863
1414.112
1472.73
1631.001
1008.409
2135.382
968.6274
1145.676
1393.984
1193.152
976.1274
1118.766
1099.739
1231.138
1162.911
1107.975
1279.615
1135.456
1272.977
1364.513
1701.536
2000.768
1732.695
1558.279
1273.484
1393.785
1654.735
1245.879
851.8307
1491.561
1283.514
1130.126
1284.623
1648.323
1025.318
1258.044
926.324
786.0945
589.0523
1059.919
995.1296
1357.621
1131.738
1347.738
1580.374
1732.728
1199.972
1569.154
1284.816
1373.354
1174.217
1007.071
1160.48
1341.036
1483.754
1226.011
1020.683
868.8223
1696.642
1325.689
1096.272
1247.988
1195.526
1530.212
1117.395
1547.666
1439.196
1490.63
1612.487
1622.978
1201.714
1165.696
1225.749
1054.091
1347.115
1224.442
1518.93
1392.121
1586.884
1487.979
1406.571
1918.14
1405.112
933.972
1347.777
1736.618
1398.356
1183.272
1440.133
995.0634
1656.28
1131.411
1219.462
1840.402
1451.9
1527.736
1334.171
1150.498
1764.421
1585.554
1270.733
1582.133
1500.614
1043.356
1343.347
1420.982
1644.737
1461.698
1689.138
1859.173
1449.213
2111.342
1566.009
1352.457
1584.068
1438.012
1858.136
1549.766
1436.253
1140.486
1378.071
1022.199
985.4047
1184.327
1064.709
1552.542
1453.323
1053.92
1626.125
1404.688
1256.677
2028.795
1310.773
1974.11
1190.12
1282.077
1553.782
1507.608
1193.336
1504.411
1404.745
1534.707
1472.964
1796.021
1322.406
1262.215
1938.901
1388.644
1399.895
1135.778
2102.503
1564.834
1607.523
1366.366
1550.144
1227.756
1276.4
1238.914
1642.965
1218.198
1470.623
1484.055
1472.587
928.0132
1411.201
1252.733
1917.27
1208.978
1616.516
1239.191
1201.465
1278.214
1441.548
1267.608
1509.876
1441.032
1298.244
1466.707
1133.482
1417.952
1131.076
1337.231
1561.628
1751.939
1705.454
1673
1731.834
1270.296
1401.96
1565.938
1297.103
1534.557
1598.962
1677.502
1071.454
1050.956
1220.051
2195.241
1644.161
1463.658
1368.998
1028.423
1285.878
1563.685
1088.817
1048.929
754.4272
1565.77
1617.901
1746.425
1989.1
1495.25
1808.076
1875.573
1691.006
1388.329
1595.73
1789.502
1506.435
1520.258
1249.888
1462.902
1347.475
1488.126
781.0701
749.7925
1641.23
1257.825
1231.752
1571.025
804.2833
1178.417
1347.737
1399.947
1249.693
1426.064
1304.675
1918.451
1922.237
1371.366
1243.918
1190.168
1337.41
1350.72
1467.789
1387.026
1002.223
1323.953
933.7002
2044.782
1333.04
1129.607
833.6096
1463.503
1045.725
1469.973
1288.4
1085.552
1255.465
1125.656
1424.88
1284.44
976.0565
989.8603
1226.75
845.6151
849.4228
924.1895
1084.68
1469.97
1690.926
1549.461
1638.716
1917.988
1867.113
1251.844
1814.483
1706.315
1496.871
1241.551
1223.001
1238.314
1479.386
1093.292
1316.444
877.1154
1270.266
1490.013
966.4332
1045.56
1556.251
1541.202
1396.102
1355.969
1573.265
1500.293
1502.364
1799.698
1711.562
1273.519
1475.483
1037.736
1097.554
1430.604
977.9888
1489.17
1449.467
1491.993
1675.717
1694.737
1449.162
1581.625
1245.947
1473.885
1511.202
1379.497
1412.024
1191.564
1049.503
1482.189
1274.258
1248.91
934.0292
1128.609
1046.464
1215.68
1261.602
1187.736
1742.892
1523.099
1540.799
1542.51
1208.105
1152.999
1359.971
1197.823
1435.532
1709.03
1397.625
1373.807
1454.905
1616.321
1413.558
1606.2
1811.742
1497.308
1433.665
1593.646
1469.653
1387.438
1311.251
1563.606
1029.243
1692.834
1968.612
1289.792
1500.555
1856.798
1515.21
1842.801
1984.26
1392.237
1560.827
1334.733
1191.12
1277.815
1389.612
1415.706
1560.171
1303.308
1308.313
1094.875
1112.833
1004.786
1539.309
1393.41
1114.38
1342.278
1429.561
1810.089
1524.274
1162.366
1541.555
1714.535
1974.547
1541.852
1473.337
1186.958
1537.927
1244.971
1420.639
1605.64
1113.89
1169.025
1532.728
1448.957
1828.07
1175.582
1242.547
1559.119
1306.268
1222.964
1776.286
1355.178
1363.257
1857.212
1558.437
1970.822
1446.145
1309.866
1230.238
1459.742
1199.512
1575.638
1096.558
1242.859
1196.703
1469.583
1259.091
1060.792
1529.01
1289.409
1403.997
1274.037
2141.582
1495.555
1245.84
1263.225
1694.161
1201.814
1504.172
1999.747
1238.81
1286.546
1474.681
1287.449
1211.259
1257.925
1683.247
1480.975
1325.165
1552.485
1622.489
1440.197
2193.874
1109.281
1113.821
1721.86
2177.733
1356.889
1366.621
1687.423
1555.28
1605.792
1375.263
1502.124
1279.112
1211.958
1382.048
1499.136
1443.015
1956.098
1441.511
1626.365
1602.472
1139.264
1426.647
1408.922
1543.793
1193.464
827.166
1387.197
1311.159
1222.196
1260.219
1327.113
1518.422
1483.061
1012.252
1870.717
1381.372
1601.983
1903.132
1644.438
1136
1231.778
1746.781
1525.027
1065.453
1490.302
1095.019
1332.982
1330.554
1095.568
1193.339
1435.456
1349.865
1459.885
1530.679
1443.602
1392.626
1256.1
1424.662
1170.011
1512.514
992.1195
1438.225
1411.006
1192.994
1258.526
1688.185
1308.377
878.7375
1625.647
2176.489
1021.27
1088.715
1312.823
1137
1414.801
1218.84
1143.61
1357.67
1496.258
1593.823
1226.971
2091.42
971.7179
1384.664
1147.245
1354.297
1595.724
1299.026
1716.691
1334.97
1444.378
1579.271
1336.573
1428.315
1382.865
1300.339
946.2854
1461.117
743.5132
987.0676
1017.138
1515.43
1331.613
1149.156
1074.185
1116.388
1524.309
1146.065
933.4807
1190.6
1605.357
1194.372
1152.885
1863.429
1348.494
1289.378
1324.546
1446.872
1227.293
1398.828
1281.69
1172.311
1142.458
1465.784
1060.337
1785.606
1327.489
1418.699
1509.364
1562.553
994.404
1004.586
1010.397
1289.285
1018.762
1264.488
1563.666
1181.627
1480.374
1365.495
1187.272
1174.818
1473.502
1293.908
1461.001
1417.988
2163.655
1381.187
1817.922
1167.663
1368.817
1706.761
1833.87
1474.686
1222.154
1707.399
1399.109
1499.072
1939.577
1501.848
1247.325
1607.141
1422.241
1247.824
1555.976
1251.551
1085.905
1023.493
1585
1557.745
1214.777
1535.111
1530.089
1396.096
1443.53
1638.441
1933.851
1509.326
1516.277
1565.401
1272.667
1528.95
1681.737
1157.383
1333.472
1015.92
1553.445
1267.068
1181.216
1222.561
1582.402
2510.007
1336.636
1524.094
1565.401
1242.999
943.271
1097.767
1321.814
1091.81
1402.497
1680.436
1160.014
1666.273
1223.4
1616.327
1618.394
1453.326
1452.994
1705.379
1136.883
1667.01
1228.914
1463.189
1153.08
1384.596
1472.135
1197.484
1393.445
1468.743
1188.763
1908.29
1493.363
1481.007
1425.573
1299.873
1044.695
1739.959
1343.318
1360.135
1289.033
1373.815
1508.702
1407.768
1129.77
1683.362
1379.691
1505.739
1408.277
1256.751
1224.64
1777.049
1312.078
1546.766
1102.583
1429.794
1478.843
1356.389
1513.742
1739.185
1639.94
1389.387
1730.766
1341.333
1258.011
1199.213
1869.44
1543.256
1000.636
1330.537
1449.71
1388.251
1838.985
2173.033
1631.349
1171.856
1109.663
1329.719
1278.692
1259.375
1248.746
1517.748
1362.94
1218.148
1628.294
1393.746
1669.191
1846.084
1454.005
2101.538
1705.099
1273.582
1152.297
1544.741
1263.34
1944.719
1647.668
1446.677
1498.659
1363.409
1239.859
1352.041
1404.043
1388.607
1459.849
1057.023
964.8069
1289.065
1480.721
1210.368
1293.56
1444.915
1332.492
1423.9
1645.693
856.7774
1008.923
1303.825
1204.091
1191.512
860.7279
1308.866
1176.149
1467.913
1603.764
1473.021
1206.15
962.0547
1247.618
1359.671
969.1511
1362.343
1149.095
1193.029
1376.732
1094.628
1143.835
1358.807
1354.663
1668.575
1663.172
2117.409
1460.832
1337.233
1458.204
1296.875
1384.509
1145.531
1389.68
1159.768
1607.308
1468.32
1657.584
1510.056
1215.731
1653.024
1324.979
1051.481
1256.268
1553.115
1698.569
1462.844
1437.341
1569.325
1561.815
1329.381
1608.385
1233.263
1421.088
1846.675
1185.083
1485.792
1305.029
2069.494
1347.583
1194.794
1513.642
1194.401
1433.173
1395.481
1388.533
1688.171
1361.479
1608.449
1358.436
1612.169
1717.823
976.455
1173.044
1113.024
1529.696
1805.37
1602.017
1433.019
1463.353
1195.256
1421.553
1353.858
1417.41
1595.299
1835.939
2269.756
1606.627
1323.27
1560.983
1405.374
1025.948
1343.44
1376.411
1137.539
1213.598
1541.893
1512.977
1322.591
936.2714
1557.271
1190.584
1326.63
924.0793
1096.426
1675.257
1693.243
1581.998
1058.936
1008.547
1772.794
1859.301
1249.237
1200.679
2106.341
1028.208
1258.715
1416.044
988.7277
1171.124
1666.32
1177.067
992.7963
1475.807
1607.239
1041.667
1471.23
1544.293
1632.346
1464.954
1141.951
1386.729
1106.416
1309.793
1211.325
1477.844
1429.747
1162.641
1721.654
2019.199
1440.572
1523.116
1435.893
1351.541
1270.628
1029.579
1339.904
916.9988
1387.8
1328.353
1198.88
865.087
1339.533
1134.216
808.8726
1532.52
1126.045
1500.155
1517.291
1576.367
1844.936
1254.475
1161.876
1726.126
1848.065
1322.592
1412.877
1435.948
1599.345
1362.525
1580.204
1258.348
2197.189
1810.989
1761.556
1208.722
1710.424
1375.429
1490.181
1404.125
1279.902
1533.479
1400.957
1245.105
948.9755
1720.135
829.398
1055.971
1268.221
1582.521
1008.258
946.1252
1391.335
1240.176
1413.736
1372.35
1299.07
1445.28
1267.139
1468.802
1684.741
1583.84
1450.295
1198.231
1650.76
1849.94
1388.926
1005.82
1247.818
1332.044
1090.58
1620.689
1371.623
1623.195
1602.473
1635.387
1390.662
1331.004
1137.678
1337.388
1935.181
1127.153
1345.668
1615.683
1257.454
941.5362
1576.722
1401.561
1659.98
1337.605
1356.076
1584.142
1609.538
1342.998
1455.408
1356.646
1390.12
1804.781
1551.001
1511.559
1851.224
2160.347
1738.25
1322.185
1212.555
1388.887
1271.635
1255.115
1084.918
2074.6
1508.358
1341.024
1200.674
1301.965
1480.404
1418.792
1425.838
1608.67
1875.306
1355.129
1321.585
1366.831
1196.338
1377.39
1241.279
1944.751
1631.791
1718.161
1342.262
1265.057
1267.006
2012.704
2020.213
1201.5
1644.602
1505.585
1152.529
1646.705
1326.01
1319.191
1552.964
1315.649
1381.777
1607.557
2140.413
1298.028
1716.314
1353.825
1407.528
1623.569
1449.208
1744.641
1339.806
1196.898
1713.125
1367.305
1171.93
1512.328
1528.887
1461.769
2045.739
1594.515
1407.96
1413.364
2066.518
1335.426
1516.719
1009.222
1127.88
1192.806
1292.116
1334.88
1486.419
1014.654
1335.818
1135.697
1213.142
1971.126
1180.393
1170.238
1215.295
1059.817
1047.133
1456.36
923.3285
1209.806
1916.643
1166.89
1536.545
1370.027
1428.084
1327.876
1448.072
1408.639
1124.806
1366.853
1309.694
1693.053
1307.067
1350.686
1118.36
1100.346
1408.557
1743.184
1891.962
1399.45
1412.017
1413.419
1039.211
1662.794
886.3703
1328.915
1335.599
1211.154
1618.079
1572.955
1891.284
1567.255
1561.626
1743.299
1459.14
1697.323
1563.428
1346.076
1386.077
1935.277
1502.11
1450.367
2127.284
1306.045
1417.88
2043.994
1304.48
1309.025
884.239
789.8412
1392.876
1252.737
1307.063
1590.722
1522.328
1113.307
1089.375
1226.534
958.6903
1064.972
1184.906
949.6236
1626.845
1277.205
1611.43
1144.833
1230.903
1505.262
1386.303
1367.532
1515.279
1443.057
1299.381
1453.682
1228.566
1426.029
1363.184
1518.574
1258.627
1162.92
1674.726
1252.458
1516.438
1364.001
1987.199
1128.983
1504.331
1322.895
1826.829
1824.011
1484.554
1351.084
1449.417
1695.178
1580.305
1338.289
1317.246
1267.888
1255.346
1398.155
1254.54
1279.453
1688.517
1561.94
1668.826
1247.563
1483.637
1301.287
994.5518
1313.037
1461.69
1221.44
1253.73
1375.521
1334.224
1407.405
1629.872
1359.693
1480.347
1530.867
1799.857
1424.111
1597.072
1363.03
1876.785
1285.9
1828
1278.806
1500.866
1544.254
1004.586
1597.412
1377.601
1166.419
1501.685
1694.859
1430.173
1622.823
1289.45
1276.078
1398.087
1189.589
1220.337
1909.799
1139.025
1125.084
1583.923
1398.205
1781.437
1324.261
1751.015
1495.023
1126.44
1915.73
1305.959
2051.364
1184.348
1587.435
1103.01
1677.641
1630.228
1525.503
1338.239
1551.86
1327.328
1753.977
1721.966
1306.266
1705.525
1747.852
1330.954
1351.056
1442.403
1234.843
1492.613
1522.53
1312.49
1636.463
1349.605
1229.299
1181.57
2107.168
1422.086
1283.327
973.9082
1209.248
1466.66
1285.839
1280.912
1195.192
1515.449
1671.283
1352.006
2202.561
1522.117
1293.483
1194.595
1488.263
1763.505
1712.1
1887.454
1578.369
1572.872
1758.644
1319.124
1093.632
1193.914
1221.512
1711.444
1358.5
1422.374
1627.777
1166.774
1836.564
1311.649
1480.22
1800.995
1232.491
1679.998
1246.633
1118.319
1631.022
1362.621
1393.045
1481.854
1503.789
1283.358
1155.397
1308.837
1726.381
1178.532
1463.192
1492.613
1495.684
1426.31
1200.191
1717.627
1493.577
1730.304
1779.611
1780.891
1115.363
1372.028
1704.213
1032.272
1597.134
1488.007
1261.092
1332.701
1208.613
1309.325
2040.729
1470.135
1246.229
1412.576
1309.126
1283.717
1439.619
1337.838
1478.672
1311.677
1584.152
1270.712
1488.303
1648.379
1731.551
1411.401
1426.518
1299.839
1244.157
1271.974
1601.814
1609.177
1447.606
1275.109
1628.103
1698.539
1213.477
1472.428
1353.32
2058.817
1899.062
1352.718
1805.37
1598.282
1275.146
1137.417
1250.223
1207.068
1600.054
1512.82
2141.847
1547.239
1303.77
1932.952
1559.245
1463.739
1445.714
1902.983
1514.584
1610.617
1441.043
1285.109
1355.841
1855.806
926.0955
1535.86
1477.371
1292.225
1157.773
1332.91
1346.432
1280.191
1631.093
1273.004
1316.777
1587.684
1569.407
1417.598
1249.799
1431.498
2207.391
1183.784
1503.117
1424.785
1400.439
1669.29
1468.104
1335.322
1343.442
1316.464
1827.851
1507.442
1624.886
1732.188
1924.371
1505.662
1635.242
1366.219
1297.176
1188.906
1176.65
1173.19
1193.558
1075.373
1429.935
1561.333
1257.486
1186.055
2241.354
1352.795
1334.501
1485.105
1286.886
1282.137
1428.598
1676.061
1607.839
1387.958
1348.972
1329.509
1646.688
965.1735
1255.093
1109.041
1223.754
1450.542
1790.905
1546.152
1403.991
1123.815
1420.462
1496.95
1225.127
1858.66
1606.715
1446.559
1531.658
1297.513
1928.236
1388.108
1439.329
1697.32
1403.263
1586.308
1481.323
1870.844
1198.957
1386.505
1721.319
1470.497
1397.486
1477.851
1301.09
1289.565
1103.768
1553.667
1189.188
1391.344
994.2744
1101.988
1424.617
1567.037
1688.996
1161.614
1463.727
1514.53
1542.72
1240.88
1826.416
1733.723
1750.794
1653.712
1530.683
1616.444
1415.797
1632.737
1510.084
1104.879
1232.193
1403.18
1211.442
1202.473
1123.697
1828.048
1541.559
1182.962
1399.099
1274.008
1639.488
1520.135
1351.414
1339.864
1284.922
1629.183
1159.753
1493.622
1702.424
1247.973
1267.83
1327.817
1502.303
1183.113
1060.887
929.8875
1262.712
1378.532
916.1222
996.9229
1311.787
1230.87
1051.704
1358.14
921.5478
1338.989
1050.667
1930.703
1527.509
1355.552
1554.704
1064.119
936.2884
1323.592
1130.331
1317.633
1431.912
2212.203
1122.529
1096.463
1098.788
1446.67
1130.144
1331.154
1069.414
1548.718
1345.799
1517.966
1312.302
1111.277
1258.743
1020.97
1488.634
1417.171
845.7889
1312.748
1122.39
1165.09
1095.559
1335.963
1229.399
1138.659
1259.504
841.7898
1555.437
1229.097
1449.815
1565.776
1438.934
1022.033
926.3037
1001.364
952.4009
1258.583
1333.139
1035.392
1296.503
2215.158
1099.956
1119.846
1251.475
1650.014
1185.044
1025.569
1361.616
1913.053
1211.967
1084.558
1409.174
1092.108
1453.41
1345.409
1593.746
1580.885
1184.873
1814.354
1274.644
1844.416
1631.838
1972.237
1803.496
1138.797
1417.296
1308.085
1643.324
1538.675
1820.915
1271.621
1655.043
1898.163
1135.643
1392.566
1588.986
1487.414
1345.298
2161.308
1573.255
1767.024
1455.202
1275.895
1299.163
1397.523
1474.267
1563.386
1072.97
1181.66
1368.442
1243.757
1355.77
1597.024
1485.992
1257.798
1221.265
1310.291
1177.538
1388.747
1184.558
1511.165
1329.485
1731.381
1612.003
1593.797
1515.561
1452.358
1259.591
1402.266
1030.597
1265.015
1306.992
1630.588
1290.228
1584.454
1106.65
1175.63
1215.935
1540.335
1374.011
874.9852
1259.047
1246.965
1584.236
1509.311
1512.68
1470.483
1137.287
1117.989
1343.888
1362.79
1115.169
1628.456
1237.432
1105.535
1236.628
1197.932
1503.064
1331.758
948.8591
1631.661
1646.85
1046.282
1412.715
1690.954
1732.995
1198.688
1682.982
1419.397
1746.558
1944.601
1334.474
1349.48
1618.294
1249.062
1260.183
1462.233
1089.97
1366.498
904.8627
1197.87
1089.172
1356.786
1395.988
1725.187
1459.399
1591.071
1148.822
1851.975
1087.904
1753.665
1371.163
1297.959
1592.607
1206.494
1565.991
1915.575
1091.241
1401.554
1358.358
1359.568
1049.521
1493.221
1510.563
1214.063
1688.923
1751.304
1388.2
1640.426
1599.944
1434.536
1148.528
2029.623
1344.86
1708.136
1370.639
1383.553
1522.439
1202.998
1271.779
1689.147
1662.064
1406.099
1344.846
1134.874
1180.626
1656.406
968.9192
998.2758
756.7429
1197.197
2266.692
1283.324
1387.733
1461.278
1037.796
1007.031
1000.815
1239.234
1144.379
1290.98
1285.647
1318.108
1316.444
1344.211
1358.496
1222.502
1543.533
1371.374
1420.557
1369.508
1311.431
1355.883
1837.486
1328.944
1304.978
1268.613
1645.068
1453.335
1217.569
1186.331
1308.077
1838.412
1587.98
1315.88
1420.134
1196.871
1552.112
1607.924
904.7222
1210.936
831.7793
1453.066
1272.481
1624.433
1315.578
1695.09
1197.027
1161.958
1765.816
1554.255
1480.836
1059.4
1410.923
1420.093
1481.031
1996.9
1154.152
1408.437
1563.086
1289.897
1480.341
1530.343
1379.731
1309.137
1209.814
1244.91
1563.67
1358.853
1084.345
1171.655
1163.771
1525.506
1365.195
1639.997
1621.307
1091.87
787.4392
1121.997
1206.632
1398.086
1748.467
1481.456
1532.724
1474.551
832.7563
1248.27
1561.668
2100.325
1196.479
1129.038
1166.117
1284.575
1156.514
1122.634
841.2264
1067.993
944.9383
1443.423
1392.862
1237.88
1176.759
1149.684
1318.78
1429.211
1550.511
1832.085
1475.393
1562.896
1211.268
1821.923
1034.36
1584.793
1362.067
1900.176
1264.375
1662.375
1672.45
1328.249
1587.809
1817.031
1481.752
1154.858
1347.356
1724.005
1496.692
2022.378
1545.224
1301.367
1749.651
1343.363
1721.361
1565.057
1383.536
1374.157
1513.721
1263.983
1661.582
1408.656
1484.006
1581.502
1597.59
1028.727
1387.234
1425.644
986.0749
1253.859
1277.265
1309.801
1212.747
1399.798
1125.526
1587.054
1491.753
1664.128
1396.605
1358.522
1298.138
1664.636
1275.594
1323.054
1453.437
1389.749
1225.816
1722.853
1778.729
1161.87
1320.577
1352.746
1454.674
1532.641
1364.602
1429.87
1569.419
1430.592
1494.374
1651.396
1231.968
1522.325
1783.496
1715.304
1396.203
1546.753
1417.319
1610.951
1336.228
1312.947
1071.622
1556.942
1772.021
1464.762
1546.31
1246.328
1383.623
1961.61
1453.458
1368.655
1373.325
1152.048
1336.731
1451.231
1236.872
1610.758
1656.288
1724.047
900.278
959.9002
1650.69
950.8737
1629.215
1636.379
1695.94
1444.069
1265.293
1504.798
1540.83
1551.739
1480.383
1044.698
1540.13
1796.301
1718.971
1068.164
1687.372
1559.99
1414.781
2086.96
1363.009
1875.057
1365.484
1351.439
1112.051
2069.486
1328.351
1318.864
1733.862
1216.322
1436.495
1215.031
1639.042
1247.792
1582.854
1640.643
1777.093
1543.605
1233.271
1311.783
1155.583
1433.641
1414.036
1503.83
1432.016
1286.766
1224.917
1101.136
1309.706
1406.98
1990.929
1369.367
1123.115
1421.058
1091.985
1232.256
1694.487
1050.386
1783.585
1472.515
1740.308
1227.39
1435.584
1149.968
1178.444
1619.628
1118.428
1015.494
1549.522
1717.892
1414.504
1995.915
1841.049
1150.055
1269.034
1048.614
533.8042
777.2201
778.1326
1086.281
873.6325
941.6864
1353.703
1509.897
1002.976
795.5896
576.7627
1184.675
1192.465
1226.505
582.3494
909.026
771.933
941.1395
1111.5
1324.892
1444.703
1384.668
1288.192
1092.002
1441.24
1441.647
1417.571
1187.605
1620.021
1477.637
1345.028
2060.84
1443.846
1568.762
1529.387
1419.031
1394.534
1163.399
1139.045
1407.157
1386.209
1488.127
2038.718
1436.564
1780.178
1875.759
1304.242
1012.036
965.1218
1237.819
1258.791
1322.901
1073.995
1296.642
1442.483
1622.634
1694.656
1354.403
1676.759
1256.598
1270.979
1037.728
1236.866
1793.948
1306.035
1147.856
1532.685
1365.307
1731.821
1346.257
1241.602
1299.818
1100.913
1332.571
1446.479
1156.07
1917.437
1225.736
1060.58
2004.247
1484.209
1286.121
1687.989
1808.333
1348.618
1203.842
1444.084
1097.911
1026.137
1029.308
1422.661
933.9159
1129.993
1572.767
1014.576
1309.409
1729.283
1313.332
1219.293
1379.773
2009.286
1423.758
1568.885
1700.266
1653.664
1226.557
1477.883
1425.448
1675.776
1352.459
1246.688
1716.273
1352.92
1406.195
1451.989
1262.215
1556.861
1242.389
1731.568
944.1416
1603.349
1067.22
792.5583
1038.461
1423.379
1301.414
1062.838
829.7179
1273.05
1069.962
663.5166
910.2344
598.6645
1136.164
1594.621
1259.154
886.3431
1411.372
1682.35
1053.709
1190.823
1432.159
963.2348
1438.101
1063.416
1511.655
1333.295
1398.21
1467.877
1105.094
1626.201
1677.77
1475.498
1375.963
1667.436
1353.716
1247.712
1094.94
1259.821
1502.03
1204.774
1165.236
1927.08
1545.146
1258.194
1671.355
1454.776
1147.518
1476.473
1744.309
1232.208
1625.651
1607.567
1359.987
1200.502
1330.768
1304.308
1572.691
1638.907
1330.019
1684.158
1664.582
1215.395
991.1328
1085.734
1357.776
1554.551
1379.874
1405.116
1607.034
1502.301
1419.847
1408.658
1282.092
1572.94
1113.413
1361.458
1222.164
1139.525
976.147
1591.609
1347.448
1690.748
1421.268
1418.482
1232.186
1347.411
1712.15
1360.691
1611.241
1664.583
1492.217
1796.635
1343.405
1589.624
1580.63
1411.822
1284.526
1322.398
1384.841
1483.141
1639.631
1336.786
1482.059
1686.848
1398.232
1368.034
1428.303
1035.838
1395.665
1514.994
1748.806
1521.572
1775.307
1023.491
1567.773
1301.697
1371.858
1295.209
1355.119
1048.741
1227.707
856.8068
1082.486
1348.07
1275.764
1327.79
1121.642
1512.674
1361.963
1420.677
1543.998
1797.064
1533.956
1590.615
1456.941
1453.946
1323.816
1254.413
1313.85
1274.4
1692.04
1322.573
1556.705
1938.452
1390.431
1577.784
1387.084
1269.646
1697.263
1704.442
1434.326
1586.848
1415.997
1300.827
1377.959
1399.325
1426.409
1134.424
1450.647
1240.89
1158.283
1287.448
1165.272
1554.564
1543.294
1286.871
1835.789
1596.28
1589.403
1211.871
1388.262
1342.853
1191.092
1961.738
1576.267
1535.716
1393.24
1870.62
1745.633
1799.242
1348.203
1238.537
1389.521
1152.686
1147.948
1682.247
1305.142
1433.246
1472.718
1397.004
1654.77
1257.699
1189.859
1287.434
1456.031
1493.804
1526.497
1211.345
1480.927
1416.251
2342.556
1504.857
1802.46
1319.049
1382.165
2107.927
1301.204
1535.122
1834.315
1141.096
1577.253
1723.2
1481.071
1293.694
1608.18
1349.555
1690.108
813.9662
1556.973
1551.15
1292.007
1686.746
1559.023
1249.572
1274.295
1298.793
1314.893
1667.206
1616.462
1090.227
1444.196
1159.032
1185.09
1364.133
1543.13
1856.167
1307.196
1419.892
1071.379
1248.548
1918.47
1344.769
2185.912
1381.756
1479.151
1429.164
1393.144
1130.649
1526.329
1829.708
1227.848
1723.207
1294.847
1780.195
1403.737
1338.551
1336.57
1814.144
1150.599
1440.266
1106.44
1425.713
1506.622
1419.633
1325.654
1388.62
1507.661
1587.839
1647.764
1450.512
1193.92
1291.563
1062.568
1259.563
1322.44
1719.679
1160.613
1159.915
1838.987
1519.908
1750.805
1187.026
1145.334
1940.801
1480.272
1295.983
1169.972
1106.893
1222.917
1565.447
1623.313
992.0087
1453.373
1341.701
1368.718
1079.616
1572.182
1562.598
2019.405
1502.664
1394.43
1183.685
1437.587
1208.966
1419.417
1676.858
1271.523
1290.956
1016.721
1582.415
974.4555
1559.341
1021.104
1196.891
1638.644
1666.125
1455.759
1683.326
1115.279
1116.797
1014.956
1307.295
1173.923
1062.605
1649.559
952.3194
463.0913
799.4341
856.9418
1204.072
1521.729
1395.523
1156.036
1272.013
1502.033
1069.962
1604.87
1389.917
1949.97
1296.146
1322.358
1767.94
1300.753
1400.551
1293.145
783.9417
1654.623
1298.645
1567.309
1300.256
1614.017
1264.969
1537.535
1434.805
1301.739
1237.41
1314.576
1783.024
1147.052
1449.834
1504.964
1385.776
1417.116
1534.732
1805.812
1471.003
1365.621
1365.13
1134.594
1797.055
1399.278
494.6182
632.0734
643.8387
1093.992
902.8287
1201.135
998.1187
1720.974
1259.396
1901.153
1272.865
1651.752
1788.768
1863.615
1329.818
1575.148
1552.334
1423.093
2108.468
1805.087
1167.505
1511.554
1111.563
1595.525
1531.697
1159.891
1528.923
1394.561
1536.873
1343.221
1417.396
1226.959
1044.202
2036.321
1261.009
1961.706
1537.453
961.8767
1624.476
1447.634
1498.554
1384.937
1557.887
1417.164
1283.227
1277.237
1550.577
1749.493
1232.274
2109.578
1368.12
2109.482
1311.864
1592.002
1727.242
1310.209
1388.596
993.7346
1318.575
1112.724
1454.663
1259.286
1149.602
1361.44
1044.652
1272.415
1343.759
1098.997
1257.324
1576.695
1222.664
1180.939
2052.783
1548.965
1205.763
1180.397
975.4
1038.851
1082.632
1302.555
1462.852
1344.011
1448.717
1585.723
1356.51
1488.073
1110.321
1254.236
1588.133
1553.546
1426.442
1362.11
1514.652
1828.835
1595.812
1803.794
1267.187
1347.919
1410.875
1618.958
1281.211
1922.787
906.4098
1429.007
1902.709
1057.2
1688.408
1152.183
1311.645
1313.35
1753.732
1533.262
1024.534
1636.569
1490.589
1649.312
1486.941
1142.469
1164.089
1104.078
1473.557
1320.146
1389.709
1449.961
1362.623
1370.851
1901.808
1478.419
1406.804
1272.523
1382.123
1423.266
1415.973
1550.798
1542.893
1509.125
1574.341
1496.494
1049.788
1326.694
1259.365
942.2953
1427.959
1433.189
1235.272
1659.286
1634.841
1538.326
1447.967
1548.435
1459.002
974.013
1580.613
1392.337
1779.326
1511.34
1835.748
1283.607
1379.922
1481.023
797.6944
1452.347
1179.481
1100.228
1161.808
1216.259
2044.392
1287.07
1849.722
1123.89
1152.104
1350.892
1794.132
1760.319
1310.048
1623.764
1641.825
1494.536
1820.462
1749.973
1540.599
916.0037
1076.324
1534.367
1501.701
1254.911
1167.833
1401.016
2121.486
1566.356
1556.08
1510.066
1417.697
1283.771
1431.634
1258.105
1541.341
1734.478
1605.638
2149.916
1209.078
1043.674
1366.817
1546.974
1254.772
1562.866
1626.903
1475.354
1304.176
1387.729
1668.837
2090.45
1557.137
1436.687
1720.084
1355.939
1626.037
1215.595
1178.265
1958.043
1453.566
1665.693
1311.818
1457.695
1344.522
1117.163
1802.966
1259.67
1175.263
1105.449
1390.099
1404.686
1310.926
1143.817
1381.332
1019.04
1790.563
1888.676
1386.571
1469.103
1199.776
1065.888
1129.132
1021.966
1532.65
1245.544
1683.816
1210.279
1748.717
1710.683
1462.382
1325.45
1278.155
1288.692
1239.706
1280.2
1442.331
1706.964
1259.964
1098.943
1573.217
1649.814
1986.741
1313.452
1173.692
1000.32
1375.727
1409.614
1280.697
1409.622
1540.728
1573.014
1216.162
1311.866
1549.822
1806.848
1135.679
1375.789
1917.702
1574.08
1123.182
1606.779
1175.412
1292.515
1366.633
1214.394
1157.209
871.8023
1277.609
1110.634
800.4398
1209.804
1102.913
1318.15
1637.676
1370.494
1359.377
1417.557
1763.377
1662.469
1292.679
1745.409
1471.881
1536.797
2005.022
1863.831
1203.302
1561.68
1729.56
1904.436
1716.068
1321.98
1369.893
1441.81
1661.012
1592.026
1166.086
1236.414
1555.655
1417.911
1682.923
1331.949
1309.943
1267.317
1370.429
1723.482
1722.337
1927.605
1456.997
1475.313
1845.878
1348.095
1764.883
1750.961
1388.954
1607.62
1467.986
2068.986
1477.552
1611.132
1457.197
1564.488
1393.37
1357.729
1106.95
1890.712
1335.653
1280.89
1037.304
1323.519
1057.414
1603.67
1869.185
1689.834
1347.393
1503.88
1355.129
1123.311
1146.807
1047.011
1428.701
1265.522
896.4946
1573.882
1499.506
1221.733
1297.16
1204.998
1378.616
1677.921
1815.598
1398.906
1229.232
1744.697
1292.436
1437.104
1360.468
1315.621
1476.173
1669.294
1146.931
1396.339
1274.965
1306.491
1371.119
1271.439
1370.511
1748.112
1567.465
1724.404
991.5937
864.0193
1720.688
1121.414
1743.395
1321.675
2029.894
1225.286
1195.181
1256.763
1312.993
1348.482
1223.048
1572.273
960.3496
1467.194
1264.542
1367.46
1736.171
1135.684
1363.994
1494.875
1409.958
1494.342
1824.661
874.7793
1201.467
1107.175
1104.711
1019.608
1628.701
2244.501
1193.569
1549.675
1299.927
1194.61
1344.322
1046.333
1466.437
1185.073
1059.37
1957.16
852.7257
1679.945
1310.316
1395.048
1365.085
1216.292
1454.275
1753.178
1348.218
1339.448
1674.093
1576.442
1679.966
1428.76
1607.792
1365.997
1237.125
1484.369
1279.268
1419.551
1222.983
1179.189
1318.362
1420.803
1527.027
1359.001
1144.03
1498.643
1375.551
1051.685
1361.043
1641.11
1273.401
1911.656
1641.758
1662.193
1605.058
1373.937
1548.218
1779.786
1941.716
1497.967
1235.711
997.8347
1341.893
1076.462
1301.109
1154.143
1383.348
1454.72
1500.514
1266.2
1049.012
1335.421
1671.278
1131.674
1503.139
1404.17
1368.72
1305.772
1927.472
1566.448
1427.489
1425.233
964.6904
1459.414
1446.932
1404.099
1495.588
1371.612
1342.695
1391.316
1312.919
1665.119
1746.292
1408.058
1455.264
1344.082
1353.43
1091.95
1831.091
980.5487
1129.292
1292.907
1348.246
1493.138
1366.358
1146.985
1426.661
1283.603
1267.21
1873.846
1599.818
1431.056
2040.875
1377.669
1260.059
1384.655
1648.459
1130.337
1486.428
1550.861
1379.198
1537.909
1220.257
1176.71
881.7044
969.3415
1783.043
1887.672
1368.123
1575.498
1868.7
1265.644
1284.719
1924.35
1177.281
1333.747
1130.494
1676.992
1713.951
1393.79
1758.67
1488.149
1602.651
2055.973
1419.063
1402.682
1981.13
1792.765
1314.432
1335.498
1381.255
1294.183
1127.909
1104.445
1396.545
1100.984
1265.314
1637.048
1089.368
1157.697
1249.638
1413.648
1493.82
1141.949
1752.672
1000.428
1056.957
1451.213
1195.061
1251.586
816.0728
2203.795
801.0511
807.9072
1040.209
1159
1027.278
1359.959
1962.183
1035.509
1411.814
1489.443
1089.245
1454.874
991.7779
1191.737
1190.447
1116.598
1339.639
1511.975
1171.928
1461.801
1268.815
1413.918
1284.469
1469.958
1292.749
2066.29
1745.599
1315.083
1357.087
1469.514
1304.817
1279.536
1436.43
2163.649
1569.619
1189.192
920.6535
1115.723
1113.188
915.3722
1966.311
1712.448
1840.506
1256.234
1124.229
1288.138
1408.857
1306.944
1058.767
1032.947
1637.855
1450.834
1379.958
1064.395
1328.011
1498.215
1214.699
1047.863
1550.848
1367.682
1322.195
1357.371
1136.19
1056.032
1541.944
1083.812
1556.32
1286.039
1305.657
1838.542
1247.334
2059.932
1442.281
1453.439
1143.856
1507.635
1821.175
1493.066
1534.691
1478.16
1555.472
1509.142
1562.04
1085.595
1942.456
1382.652
1351.152
1552.523
1568.79
1344.069
1201.445
1270.838
1406.861
1051.761
1524.183
1832.389
1765.15
1510.966
1476.028
1223.419
1570.658
1272.102
1417.261
1731.882
1327.94
1638.045
1017.331
1706.951
2011.367
1296.723
1062.744
1365.206
1599.646
1810.973
1367.142
1272.752
1618.51
1286.265
1600.055
1761.968
1472.228
1245.949
1511.486
1178.167
1211.105
1224.146
1534.379
1247.603
1153.287
1325.053
1657.801
1771.39
1439.818
1164.875
1350.615
1545.818
1157.75
1402.308
2044.41
1153.057
1702.104
1494.7
1373.241
895.8779
1348.954
1523.108
1345.192
1594.788
1496.139
1604.625
1246.125
1171.815
1681.697
1839.446
1478.478
1621.53
1671.105
1505.194
1639.998
1469.267
1115.941
1481.739
1533.191
1537.278
997.7605
1326.727
1122.037
1260.609
1249.878
1351.864
1197.48
1432.996
1268.579
1573.501
1702.092
1182.115
1620.617
1263.423
1623.858
1077.014
1715.312
1544.776
1147.205
1758.388
1758.419
1843.969
1354.771
956.2957
1088.239
1405.265
1136.047
1059.392
1473.266
1635.841
1698.363
1612.276
1619.451
1532.303
1341.943
1410.296
1195.38
1441.289
1880.348
1366.373
1126.13
1764.12
1440.002
1683.431
2063.353
1671.506
1017.806
1082.626
1481.754
1502.436
919.8133
1373.858
1237.765
1122.418
1594.721
1487.821
1613.611
1375.094
1134.651
1253.23
1626.992
1521.778
1317.697
1340.761
862.2918
1168.548
945.3623
938.5219
1211.26
1225.674
1318.812
1271.028
1552.78
1268.581
1504.359
1824.149
1491.945
1438.593
1130.361
1033.46
1182.017
1367.022
1238.736
1128.878
1446.503
1351.13
1208.644
1581.798
1475.311
1214.035
1429.816
1541.216
1130.086
1629.049
1307.603
1742.951
1391.032
1427.207
1222.06
1479.075
1653.079
1302.009
1439.424
1688.093
