0.1066164
0.08179591
0.1207376
0.1068091
0.114345
0.1303926
0.142571
0.1689262
0.1733301
0.09202864
0.1528966
0.1746868
0.1805394
0.1050284
0.1517614
0.15744
0.1316206
0.2078206
0.1213058
0.1073459
0.1919261
0.09912846
0.1212796
0.1352966
0.162601
0.1914805
0.1474142
0.1844947
0.1169157
0.1580076
0.1294111
0.1204458
0.1264682
0.1220534
0.1472346
0.1174928
0.1790525
0.1171851
0.1544332
0.1153684
0.1174296
0.1313203
0.1473698
0.1797868
0.1442503
0.1266525
0.1587209
0.08558581
0.1541704
0.1955822
0.1457219
0.1523974
0.1137868
0.10497
0.1293936
0.1715781
0.1463452
0.1039193
0.1506614
0.08899862
0.1525988
0.138823
0.07017384
0.1122842
0.08981537
0.1184143
0.09604477
0.1019472
0.193397
0.1150149
0.1823365
0.1267128
0.1292715
0.1504882
0.1030649
0.1099999
0.1097047
0.2190542
0.1583393
0.1787304
0.1300066
0.1526528
0.1386403
0.1600573
0.1717859
0.1237
0.1205694
0.1523185
0.128896
0.1099751
0.1291538
0.1356717
0.1747034
0.1644396
0.07926916
0.1773757
0.1358638
0.1246466
0.1554627
0.1335291
0.1020496
0.09132638
0.1118035
0.1580831
0.1459444
0.0886702
0.1538755
0.09020291
0.1204623
0.1455679
0.1187051
0.1042354
0.1225053
0.1075784
0.108058
0.1165613
0.1183174
0.1021622
0.1318408
0.1478536
0.1381509
0.1161265
0.1156226
0.09407812
0.111507
0.08529272
0.140601
0.1109511
0.1419329
0.1270373
0.1183682
0.08665721
0.07924228
0.09243225
0.1118866
0.1250927
0.1649992
0.09318274
0.1538988
0.1128903
0.1352766
0.09875271
0.07572918
0.09386493
0.138006
0.1661016
0.1191097
0.1201836
0.1340604
0.1339351
0.1772351
0.117259
0.1246086
0.1498208
0.1498481
0.1524024
0.1068985
0.136122
0.1212364
0.07882587
0.1336331
0.1227759
0.1374587
0.1045297
0.1228266
0.1503297
0.1010818
0.1324444
0.1424407
0.1636283
0.1035675
0.1237066
0.1069176
0.1504779
0.1282949
0.1092383
0.07740349
0.07971226
0.08989062
0.1065407
0.1127362
0.1432568
0.1621601
0.1328661
0.1645928
0.1384258
0.1260026
0.1285942
0.16511
0.1184279
0.1834945
0.1961309
0.1337596
0.1337792
0.1378954
0.1690004
0.1455499
0.1616179
0.1347617
0.1542091
0.1150523
0.1420282
0.1505664
0.2139305
0.165561
0.1518918
0.1331082
0.1338071
0.1479066
0.177296
0.1832292
0.1067218
0.1447586
0.1463197
0.1451251
0.1030299
0.120838
0.1101946
0.1374631
0.1144046
0.1431761
0.153
0.1124542
0.160445
0.159378
0.1293429
0.07625881
0.09128626
0.1064929
0.1384543
0.1137608
0.1238094
0.1533709
0.1274673
0.173287
0.1998486
0.2362276
0.2555092
0.1502557
0.1632738
0.1501189
0.1474756
0.1045154
0.1031318
0.05688653
0.09905468
0.08551847
0.1696193
0.1382947
0.1021635
0.1189423
0.10293
0.1291359
0.09900946
0.1346266
0.1566695
0.1832551
0.124483
0.1130609
0.1257505
0.156679
0.1148201
0.09706548
0.1042291
0.150849
0.186581
0.08482977
0.09705396
0.1156153
0.1526227
0.1412353
0.167492
0.1892434
0.1458642
0.2633338
0.1973367
0.08598555
0.1216629
0.09603451
0.1389768
0.1091922
0.0979931
0.09870002
0.07702468
0.1849185
0.1432705
0.1284182
0.1074757
0.1684318
0.1872931
0.1351976
0.1516089
0.1736938
0.1069551
0.07924898
0.1346389
0.1206878
0.1006333
0.08745334
0.07696895
0.09563337
0.1130934
0.1027792
0.1368284
0.1224164
0.2052362
0.1292946
0.1684761
0.1828583
0.09025454
0.1146433
0.1011446
0.08966487
0.07876827
0.08608688
0.1811797
0.09630476
0.1528086
0.1205746
0.1027027
0.1327891
0.1021355
0.134778
0.1540088
0.1998898
0.1460049
0.115839
0.1760522
0.1597062
0.1820509
0.1506781
0.1146118
0.2099745
0.1647888
0.1033927
0.09027491
0.158297
0.123843
0.1407127
0.09917133
0.1851295
0.1277846
0.1333109
0.1196545
0.1031016
0.1205092
0.1567411
0.1030706
0.148051
0.1378825
0.1032966
0.1433977
0.1144317
0.1198253
0.109988
0.1350066
0.1255241
0.1665013
0.1501008
0.1257945
0.1670335
0.1732252
0.1649066
0.1345959
0.1126816
0.1692016
0.1169148
0.1213192
0.09988839
0.1217622
0.08662303
0.09852928
0.09463536
0.1337699
0.1362418
0.1685289
0.1598738
0.1667651
0.0996482
0.1503833
0.1412828
0.1478656
0.1381733
0.1500169
0.146707
0.1158771
0.166447
0.1547798
0.1359697
0.1912161
0.1616005
0.1811653
0.1580302
0.127041
0.1120358
0.1940323
0.1822504
0.1582782
0.1207307
0.1457666
0.1511962
0.1772979
0.1579743
0.1670034
0.1302041
0.09577168
0.1168915
0.1453906
0.1544569
0.1191691
0.1076358
0.1004989
0.10487
0.1131196
0.138611
0.0870742
0.1166242
0.1151695
0.1703265
0.1321566
0.1246891
0.142437
0.14828
0.1497941
0.1385308
0.1138252
0.1520382
0.1280931
0.1625913
0.09203573
0.1213871
0.1364071
0.1300327
0.152807
0.1610374
0.1337527
0.1284559
0.1277697
0.182931
0.1723427
0.1487992
0.1128395
0.1500154
0.1535416
0.1475304
0.1559077
0.1606677
0.1632965
0.1867244
0.1261568
0.1856182
0.1429223
0.09730052
0.2051894
0.1437367
0.154012
0.07741882
0.08969215
0.08946318
0.1195622
0.1149866
0.1527086
0.1480891
0.102364
0.1516559
0.1065137
0.1249973
0.1524376
0.1721716
0.125605
0.123297
0.1582644
0.1792922
0.14232
0.198426
0.2079997
0.1732417
0.1703132
0.1378015
0.156695
0.1192006
0.1199542
0.1104088
0.1475723
0.1783161
0.08873159
0.1097839
0.07027883
0.09762293
0.09772474
0.06671967
0.144553
0.1021132
0.08714589
0.09189542
0.1016066
0.1563599
0.1341358
0.0902719
0.07776048
0.153123
0.08597113
0.1523883
0.1509539
0.1112158
0.1095371
0.1685512
0.0972649
0.07896464
0.09106904
0.1070124
0.157435
0.08925774
0.1662709
0.1243553
0.1509252
0.1255034
0.1475145
0.1734486
0.1654903
0.1175808
0.1405252
0.1841958
0.1625606
0.2242959
0.1489165
0.1501708
0.1621567
0.1322786
0.1876012
0.1351027
0.1525964
0.1747091
0.1215252
0.115158
0.1002298
0.1186923
0.1816368
0.1188028
0.1638398
0.1466789
0.1044074
0.1686748
0.1247219
0.2274421
0.1422693
0.1526286
0.1467484
0.1276168
0.1147871
0.1440192
0.1156946
0.09973949
0.1090911
0.1235442
0.1164863
0.1075772
0.07887802
0.08879517
0.1420816
0.142921
0.1357976
0.14987
0.09037118
0.1173187
0.1404801
0.09399285
0.1055675
0.1307559
0.1044547
0.1110723
0.1284596
0.132227
0.1037782
0.1213027
0.1120649
0.1257229
0.130488
0.123174
0.1523102
0.1847056
0.1776442
0.166181
0.09648466
0.1318265
0.123959
0.1101727
0.1138651
0.2058004
0.2004252
0.111811
0.1161538
0.1274441
0.1175254
0.1305126
0.1590638
0.1599072
0.108204
0.1724101
0.1279733
0.1713429
0.1546598
0.1351409
0.1359885
0.1238577
0.08964111
0.0828322
0.1036655
0.09852802
0.09272777
0.09275963
0.148216
0.1106901
0.1202907
0.09266537
0.1189747
0.1656055
0.1616254
0.1515889
0.1414471
0.1313343
0.120666
0.1349195
0.1314447
0.164503
0.1149611
0.1816216
0.1336416
0.1863844
0.1394076
0.1452406
0.1496838
0.1197516
0.1710384
0.1919786
0.2530673
0.1357096
0.2118975
0.1692713
0.1214064
0.1601722
0.1355399
0.2106449
0.1171778
0.1120436
0.1532468
0.1152388
0.116582
0.1332456
0.1430151
0.1172645
0.1299544
0.1520251
0.1497267
0.114607
0.1475287
0.1668013
0.1140405
0.1250839
0.09731766
0.1498571
0.1716602
0.09948365
0.1158806
0.1459633
0.118856
0.1413756
0.1387936
0.1775643
0.1285555
0.1274647
0.1022163
0.1070032
0.101755
0.1589922
0.1080019
0.1483368
0.1104843
0.1348708
0.1535406
0.1263499
0.1697343
0.1383264
0.1272265
0.1358742
0.1115722
0.1217112
0.1044159
0.1640757
0.1435965
0.1449347
0.1192795
0.122828
0.08281085
0.1152939
0.07557948
0.1239622
0.1074356
0.07974464
0.0630306
0.1930989
0.08994785
0.1365983
0.06339926
0.1463136
0.1599475
0.1215822
0.1375021
0.1311442
0.1024113
0.09846568
0.1113824
0.1669517
0.197115
0.09483305
0.1455145
0.1162561
0.1537431
0.1202084
0.1567731
0.1687012
0.1352155
0.1299588
0.1464249
0.08526179
0.1201801
0.1485143
0.1824427
0.151488
0.1667891
0.1598252
0.1296338
0.2093109
0.1691558
0.139267
0.1177755
0.1620451
0.1479015
0.1307036
0.1263752
0.1638752
0.1596695
0.1400724
0.1305527
0.1376007
0.151634
0.1633432
0.1557166
0.1638419
0.1001681
0.1897824
0.1327877
0.1334201
0.1276016
0.1057877
0.1395594
0.1562663
0.1074416
0.130666
0.1051458
0.1394036
0.119722
0.1210991
0.1179456
0.1580468
0.1675439
0.1406061
0.1438373
0.1307945
0.1302328
0.1035691
0.1076785
0.1616879
0.124178
0.1842025
0.1562843
0.1911664
0.1514534
0.161703
0.1724499
0.1405535
0.1689705
0.1661252
0.1065836
0.1225077
0.1391502
0.150155
0.1311788
0.1669805
0.09886239
0.1244263
0.08371821
0.1031043
0.1041706
0.1426397
0.1117175
0.1105695
0.1328344
0.1207455
0.1312769
0.0977059
0.1385977
0.1062901
0.146932
0.0998677
0.1274439
0.107407
0.08299827
0.1027632
0.08757874
0.1255552
0.0620329
0.09076528
0.0759346
0.0881563
0.07729146
0.09618841
0.1724957
0.136152
0.1790463
0.1741657
0.1202464
0.1449089
0.1741615
0.100929
0.1268178
0.09693399
0.1462157
0.1324878
0.07481672
0.1108277
0.1438777
0.1524462
0.1315375
0.1586027
0.1280842
0.1446452
0.1460431
0.1333667
0.1338531
0.08975714
0.1304637
0.109827
0.1226996
0.1206447
0.1536421
0.1276804
0.1583832
0.1382628
0.1348721
0.1302254
0.1430419
0.1691379
0.1274205
0.1142572
0.132925
0.1045427
0.1306942
0.1416832
0.1677326
0.1555836
0.1485518
0.1627464
0.1737158
0.1145713
0.1137858
0.1015907
0.1626153
0.1734861
0.1804033
0.1498577
0.121247
0.1697955
0.1590202
0.1923198
0.1792967
0.1631827
0.1589671
0.1575971
0.1773168
0.1340102
0.154147
0.1177342
0.1779365
0.1625066
0.1609802
0.1602273
0.2171746
0.154765
0.1200613
0.08151445
0.1452729
0.1854872
0.1382226
0.1199972
0.1261001
0.1306406
0.1365734
0.1363437
0.1125903
0.1033657
0.100076
0.06590549
0.09815845
0.05301655
0.06422129
0.06770522
0.05777492
0.09291193
0.103822
0.129297
0.1522549
0.1300308
0.0847685
0.08142507
0.06329918
0.05924984
0.1035097
0.1291142
0.2043117
0.1334414
0.138807
0.159914
0.1149977
0.1504301
0.1496629
0.1179797
0.128488
0.1102491
0.09388526
0.160448
0.1497292
0.1164538
0.1157118
0.1654559
0.1475259
0.1348036
0.1623873
0.1204414
0.1292609
0.1545528
0.1445094
0.1413893
0.118166
0.1175329
0.1962985
0.1915532
0.1350602
0.09159168
0.131571
0.2068461
0.1968469
0.1431058
0.1421895
0.1412331
0.1228401
0.1040619
0.1492217
0.106154
0.140805
0.1435933
0.1071015
0.1276796
0.1276511
0.164443
0.1599765
0.1813146
0.1281496
0.1607655
0.1607725
0.1804087
0.1213545
0.142977
0.2122003
0.1499035
0.1275428
0.1485206
0.1256862
0.1291748
0.1632725
0.1775668
0.1356015
0.1745453
0.114761
0.1942889
0.1595118
0.1779258
0.1851095
0.09870608
0.1462236
0.1101271
0.09683884
0.09701775
0.127353
0.1062213
0.1564406
0.1098726
0.09386883
0.1287666
0.085842
0.1760163
0.2101421
0.1543654
0.1430774
0.1289212
0.08861883
0.09821518
0.1882308
0.1057337
0.119608
0.102122
0.1010971
0.1315796
0.1287787
0.2164121
0.1332458
0.1572285
0.09955747
0.09430037
0.1100745
0.1079671
0.124571
0.1243088
0.1300797
0.08710845
0.09936005
0.1043215
0.07693301
0.1168612
0.1448599
0.1910189
0.1520049
0.1288574
0.1532298
0.178518
0.1189517
0.18132
0.1021053
0.0986539
0.1150373
0.1318874
0.1451219
0.1667967
0.1574701
0.1080507
0.1441173
0.1386259
0.1412395
0.1090826
0.1388272
0.1769244
0.1099978
0.1609272
0.1257119
0.0987936
0.1242612
0.1568919
0.1332836
0.1475639
0.1156727
0.2319565
0.1734759
0.1476762
0.1586042
0.13845
0.1454732
0.1321805
0.1933874
0.2205952
0.1537719
0.1410474
0.1707846
0.150745
0.1094838
0.148375
0.1453131
0.1504222
0.1106146
0.09692384
0.1240456
0.1507227
0.1363993
0.08973146
0.09048852
0.1284352
0.1070415
0.1310435
0.139511
0.1314852
0.1275245
0.07799805
0.07939638
0.09937034
0.08674661
0.1002213
0.1369884
0.08652479
0.1368785
0.1857272
0.1458376
0.1594522
0.1454483
0.1138315
0.1466838
0.1488487
0.1430821
0.1642798
0.1153997
0.1197163
0.1533673
0.150979
0.1785968
0.1071849
0.1642033
0.1333391
0.1428809
0.1714769
0.1139816
0.1017929
0.1385655
0.09285056
0.1621381
0.1641768
0.1147737
0.1148013
0.0967087
0.129714
0.1575086
0.1872052
0.1005582
0.1120057
0.1235196
0.1476153
0.135114
0.1287089
0.09486644
0.09750179
0.1213536
0.1369269
0.1508396
0.1632249
0.1367703
0.1712804
0.1480419
0.1307964
0.1246766
0.06390532
0.08392499
0.166368
0.1645617
0.1777913
0.1735354
0.1166819
0.1366296
0.08559002
0.1296425
0.09898222
0.1200402
0.1165757
0.09781877
0.1619786
0.09966439
0.1204001
0.128967
0.1348856
0.1123769
0.1245071
0.1656902
0.1788522
0.1721845
0.1805411
0.107108
0.1371814
0.1657822
0.1594615
0.1152992
0.1320859
0.09578262
0.1191177
0.1131252
0.1315984
0.133309
0.1620806
0.1520643
0.1291118
0.1305134
0.1641619
0.1349248
0.1534193
0.104243
0.1234861
0.0959365
0.1114712
0.1381924
0.08481134
0.1087817
0.07582975
0.1024362
0.1273488
0.09804306
0.1678658
0.1045509
0.1112024
0.1233508
0.1131908
0.1517902
0.1432969
0.1545662
0.2376076
0.1819162
0.1926489
0.1501604
0.1444849
0.1661214
0.1571222
0.1378817
0.1231345
0.1804262
0.152714
0.1528828
0.1566287
0.1428586
0.1510299
0.1542096
0.1428083
0.08878457
0.1366391
0.123349
0.1147371
0.1577017
0.2037766
0.120689
0.1278192
0.09131174
0.1235657
0.1002499
0.1030724
0.1047512
0.133271
0.09288597
0.09769115
0.09695123
0.1303068
0.1337485
0.1154441
0.0944533
0.09461306
0.09900065
0.1900215
0.08657103
0.1360092
0.09482613
0.1009842
0.1011289
0.1406889
0.09734084
0.06458546
0.08002514
0.1077902
0.09805664
0.142242
0.1306
0.126171
0.1368863
0.1499927
0.1500654
0.1627569
0.1309194
0.1196476
0.1587424
0.1227999
0.1317859
0.1170462
0.118054
0.1218183
0.1036808
0.1256747
0.1649522
0.1390976
0.1372076
0.124515
0.09800854
0.1078646
0.1020187
0.1026649
0.1068573
0.1311837
0.1007355
0.08832292
0.0960257
0.2123183
0.1291878
0.1368038
0.1700934
0.1141727
0.1440149
0.1160794
0.1164242
0.1011808
0.1406736
0.1220574
0.08004098
0.09075732
0.1424447
0.128154
0.1372991
0.1547508
0.1489925
0.1402357
0.1303413
0.1115978
0.1521054
0.09935771
0.1511376
0.1162985
0.1434466
0.1682399
0.1387244
0.1712944
0.1087887
0.07465395
0.05669593
0.128425
0.1087809
0.08544668
0.1484355
0.09684156
0.07884905
0.1473672
0.1520655
0.1022385
0.1109143
0.1015076
0.1719466
0.1150322
0.1282522
0.1609454
0.09311294
0.1236756
0.1362292
0.1274745
0.1411914
0.1827598
0.1033213
0.1493607
0.1239116
0.1149212
0.1141517
0.2038461
0.09107141
0.08410914
0.1700493
0.1471942
0.09869641
0.1139653
0.09476265
0.07394663
0.09670048
0.1021031
0.09151999
0.1593335
0.111481
0.1419399
0.1163101
0.1542976
0.1821739
0.164732
0.1406118
0.1289283
0.08158246
0.08160097
0.05512985
0.1071322
0.06770597
0.108428
0.1101881
0.08941758
0.1597369
0.0792031
0.1138791
0.1369219
0.1141334
0.09249113
0.116249
0.09752177
0.10112
0.1267556
0.09693669
0.1453708
0.08340099
0.1295478
0.09462889
0.1312764
0.1810488
0.1249706
0.1435272
0.123902
0.1070938
0.1158662
0.1610768
0.1331177
0.1957957
0.1575989
0.1652288
0.09926462
0.1283149
0.1276189
0.1563138
0.1543017
0.1304127
0.09855138
0.1076457
0.1483254
0.09308294
0.1245237
0.09473111
0.114757
0.1795893
0.1597685
0.07834399
0.1688586
0.1094862
0.1171709
0.1322061
0.1445353
0.1579311
0.1815128
0.1447379
0.1133479
0.132407
0.08546669
0.122964
0.1638339
0.1329635
0.1350609
0.1262686
0.1476916
0.1289043
0.1003289
0.1295479
0.1155377
0.1360734
0.1175111
0.120754
0.1140919
0.1220067
0.1489381
0.134914
0.1272831
0.1407633
0.1385436
0.1638698
0.1540031
0.1320691
0.1138946
0.1176629
0.1246316
0.148679
0.1501809
0.1086238
0.09189933
0.1394514
0.09815456
0.08688822
0.1505382
0.1035001
0.1160465
0.1052571
0.1362229
0.1550845
0.1580934
0.1350344
0.1991792
0.1299663
0.1564694
0.1278918
0.1599503
0.1380832
0.1504121
0.1177719
0.1392495
0.1210708
0.1444163
0.09483173
0.1587998
0.122359
0.1389455
0.1275712
0.09959955
0.08134042
0.06762353
0.08051961
0.1152433
0.1205951
0.1484488
0.1111762
0.126825
0.112277
0.1289031
0.1065867
0.1005011
0.1178387
0.1204505
0.1144358
0.129386
0.1070514
0.1290614
0.1322298
0.2005706
0.1042366
0.123568
0.1085008
0.1363732
0.06897632
0.1118418
0.1516678
0.135099
0.1121924
0.12307
0.108102
0.1674838
0.1250302
0.1060882
0.1667718
0.1531256
0.09466121
0.09013053
0.1214424
0.1502762
0.1148038
0.1045541
0.127294
0.1428349
0.1393653
0.1400854
0.1022937
0.07219594
0.07977825
0.1230175
0.07950633
0.05126265
0.06028333
0.07563707
0.08718833
0.1211485
0.1018517
0.06901334
0.1141585
0.125874
0.0664513
0.06383944
0.06527674
0.1029884
0.1569097
0.1064942
0.08749088
0.06980108
0.06598706
0.04763313
0.0462664
0.05004407
0.0859065
0.07884825
0.06319053
0.09268601
0.06601181
0.06797023
0.09357082
0.09169271
0.1003763
0.06613206
0.09654747
0.07869121
0.08677607
0.1580414
0.1211975
0.1633508
0.1311417
0.1357969
0.09872551
0.1633371
0.08497785
0.09984354
0.1154779
0.1254572
0.1056492
0.136026
0.1374935
0.07288937
0.1167515
0.09480662
0.1414467
0.1147012
0.1164536
0.1329016
0.09463782
0.1432498
0.1252269
0.151213
0.1704724
0.1550931
0.1485705
0.1540184
0.1690013
0.1308818
0.1442925
0.1319005
0.1337216
0.1008219
0.09581885
0.09530747
0.1555708
0.2418722
0.1543295
0.1392229
0.09323328
0.1066504
0.0961247
0.09581098
0.208177
0.1731988
0.1232961
0.1484839
0.1099594
0.1316961
0.1647489
0.1598293
0.1625498
0.1338069
0.1416559
0.1157143
0.1048466
0.1333801
0.113626
0.1558174
0.1384702
0.1215446
0.125799
0.1736865
0.1100616
0.09753435
0.08637416
0.1017778
0.1333452
0.1776194
0.1270125
0.1858996
0.156281
0.1195435
0.1219032
0.1507492
0.1224821
0.1793997
0.1326357
0.1203854
0.1248266
0.1587792
0.170363
0.160152
0.1188522
0.1483257
0.1179428
0.1209568
0.111569
0.112722
0.1471311
0.1277213
0.1565421
0.1454326
0.1633072
0.1291206
0.123734
0.1521842
0.1168261
0.08189179
0.06578235
0.09145678
0.09718095
0.09101076
0.1972397
0.1427476
0.1362616
0.1757877
0.1053389
0.1510708
0.1208175
0.1364704
0.1395892
0.1325923
0.1636557
0.1287878
0.16951
0.1521504
0.1792798
0.1104908
0.1280698
0.2049956
0.1395365
0.129164
0.1695449
0.1589926
0.1401864
0.1243848
0.1655091
0.1194834
0.1126278
0.120711
0.1613536
0.1665786
0.1230557
0.1551179
0.1183634
0.07830363
0.1125951
0.1192278
0.1596072
0.1549309
0.1309592
0.1716522
0.1292958
0.133386
0.2105725
0.1598666
0.1694675
0.1270063
0.1265754
0.08416733
0.09727981
0.14558
0.09551697
0.1396157
0.212114
0.1266408
0.09541922
0.1632424
0.1495105
0.169645
0.08645681
0.121585
0.1589036
0.1279127
0.133542
0.1202207
0.167989
0.1465477
0.1297783
0.1640445
0.1121756
0.1256383
0.174704
0.1098593
0.2025136
0.1005755
0.10368
0.07544112
0.09501922
0.08112663
0.1014004
0.151984
0.1230049
0.09018763
0.1391076
0.1638771
0.172693
0.2016109
0.1762475
0.1151491
0.1116697
0.2610293
0.1495182
0.1474062
0.09460331
0.1599106
0.1447756
0.122094
0.1702008
0.1233044
0.1515085
0.1776468
0.1141066
0.1830212
0.1157951
0.1150981
0.1859947
0.1596328
0.1661696
0.1636185
0.1224839
0.1071318
0.1205589
0.1210478
0.1007157
0.1328304
0.1145797
0.117236
0.1070447
0.1022005
0.08590745
0.09018764
0.1116994
0.09033165
0.1401949
0.1431048
0.1822361
0.1498206
0.1368537
0.1027962
0.05420736
0.08214881
0.1445664
0.1101543
0.07641314
0.1638561
0.1624196
0.2285978
0.2388883
0.1266387
0.164769
0.1179964
0.08454162
0.1099534
0.161057
0.159377
0.1591643
0.140785
0.1387906
0.1781068
0.1422596
0.1764739
0.1326765
0.1492879
0.1164848
0.1353681
0.1454206
0.1534219
0.1180749
0.149622
0.1002599
0.1421717
0.1218034
0.08715515
0.1126124
0.06411816
0.0569505
0.05593188
0.08499214
0.0682148
0.07971402
0.09886923
0.1211569
0.0805451
0.1613445
0.2217023
0.1716646
0.1583295
0.1693087
0.133467
0.09486836
0.1484731
0.1590528
0.1464246
0.137416
0.1402928
0.141229
0.1401664
0.1467337
0.1387533
0.09819802
0.1626998
0.1309281
0.1370474
0.1336968
0.1529152
0.1325403
0.1526651
0.1311478
0.1305999
0.1105106
0.1353042
0.1408417
0.196345
0.1297425
0.156367
0.08923809
0.12176
0.1104981
0.1236372
0.107587
0.1783407
0.1180371
0.1564852
0.1233561
0.1403063
0.1427347
0.09609812
0.08163436
0.1284104
0.150725
0.1307503
0.1076941
0.159027
0.1476653
0.1109297
0.1526599
0.1368652
0.1752074
0.1764825
0.1621665
0.133371
0.1201764
0.1326862
0.1800211
0.1117417
0.1070503
0.1021544
0.1056172
0.1607907
0.1641947
0.09026345
0.1230201
0.1082357
0.1091705
0.1346131
0.1231474
0.1323993
0.1296904
0.1283831
0.09362044
0.1018448
0.0848339
0.0740891
0.08456797
0.09245281
0.1066251
0.1446049
0.1134057
0.1422832
0.1563622
0.1670025
0.170589
0.2325351
0.1890328
0.1651627
0.2011017
0.1733974
0.2089668
0.1633528
0.1971126
0.174478
0.1040572
0.1302542
0.2268505
0.1349213
0.1289076
0.1090263
0.1197351
0.1069472
0.1120242
0.1183276
0.1577485
0.1134382
0.109641
0.1569525
0.1139774
0.0982843
0.1443781
0.1349497
0.1146373
0.1241868
0.09227707
0.1408557
0.09323112
0.1502954
0.1179481
0.1315441
0.07338552
0.1108596
0.1092991
0.1238597
0.07186157
0.1025396
0.0881971
0.1140973
0.1567023
0.1107342
0.1053395
0.1748522
0.1262372
0.2271354
0.1367213
0.162026
0.1549378
0.1158214
0.1693425
0.1365791
0.122498
0.1070269
0.1503091
0.1107634
0.1384727
0.1529019
0.1564361
0.1459638
0.1269185
0.1098656
0.1414561
0.1383785
0.1257051
0.1776884
0.1112069
0.1861791
0.1122653
0.1423674
0.1414303
0.1481702
0.1419792
0.1380572
0.1504444
0.1756099
0.1189399
0.08803407
0.07227602
0.1452057
0.1029291
0.1036859
0.1301889
0.1232639
0.1143982
0.1808786
0.1157468
0.09952163
0.0977004
0.1528815
0.1077574
0.1034048
0.1871869
0.1345168
0.09862338
0.1083693
0.1145869
0.1591499
0.1415006
0.09669552
0.07888634
0.07506281
0.0863828
0.08536298
0.2165241
0.1867955
0.1139999
0.1502985
0.1685955
0.1609707
0.1030245
0.1375528
0.1226112
0.1274937
0.08768376
0.1040995
0.1290876
0.1428999
0.1295608
0.1520221
0.1191793
0.1465216
0.1334029
0.1298588
0.1218871
0.1990796
0.141066
0.1095322
0.09200932
0.1267164
0.1038062
0.09813369
0.09301476
0.100382
0.1091599
0.1434375
0.1314707
0.1630958
0.1590778
0.1423824
0.1859004
0.08933452
0.1610636
0.1354936
0.1483404
0.1095029
0.1441212
0.1780269
0.1194156
0.1410168
0.1659125
0.116086
0.1528377
0.1223553
0.1446779
0.07755672
0.0997138
0.08593974
0.1138503
0.1321124
0.1279271
0.1634901
0.1925829
0.131276
0.1937726
0.1600573
0.1077865
0.09162707
0.1157363
0.1472308
0.1514877
0.1343645
0.1339482
0.1704771
0.1982505
0.1714774
0.1235463
0.1405421
0.1563996
0.1374009
0.1161761
0.1374756
0.08471088
0.1496144
0.1273955
0.1304391
0.1291959
0.1319631
0.1493153
0.1574731
0.1008752
0.1849755
0.1045217
0.1360537
0.142826
0.2080434
0.1235865
0.1109844
0.09937678
0.1257601
0.1616824
0.1500128
0.1423353
0.1765122
0.1721384
0.1640695
0.1312859
0.176916
0.117056
0.1474204
0.1101914
0.1439235
0.09111981
0.08441587
0.1191741
0.1234749
0.1114614
0.1043602
0.1172119
0.141089
0.09127461
0.103766
0.1113248
0.1174191
0.07399544
0.0901323
0.1045599
0.1911401
0.1626639
0.1496874
0.1443294
0.1472251
0.1337054
0.1564481
0.1180809
0.1284193
0.1515285
0.1125701
0.09148542
0.08310119
0.1183162
0.09786417
0.0971954
0.1170137
0.1510505
0.1234995
0.1324073
0.1030839
0.09018977
0.1103228
0.104955
0.1243076
0.09954054
0.103179
0.1143038
0.1329485
0.1004233
0.08959355
0.1242027
0.1460935
0.1648505
0.1238961
0.1331093
0.1443295
0.128695
0.161428
0.1340971
0.1453313
0.1500384
0.1749854
0.144228
0.1230676
0.1291125
0.1372171
0.1453187
0.1107334
0.1289828
0.1316855
0.1128583
0.1179079
0.09737347
0.1041181
0.1138367
0.07128581
0.09527507
0.149342
0.1546775
0.1003223
0.08299927
0.1039651
0.1495131
0.1094846
0.1509468
0.1400371
0.1374199
0.1493816
0.1673327
0.1291738
0.1322277
0.1236268
0.1577982
0.1895979
0.1298657
0.1443582
0.1425237
0.1343671
0.1334166
0.1092139
0.1262169
0.1251053
0.1150941
0.108091
0.07694691
0.06770323
0.1103992
0.09861436
0.08418934
0.1075233
0.0683625
0.1127705
0.1411136
0.1199032
0.1111962
0.1170492
0.07610316
0.084982
0.1000372
0.08141249
0.05254478
0.08867513
0.1026449
0.08590219
0.09244583
0.1206518
0.123731
0.06024908
0.1276681
0.07560248
0.09187893
0.1451342
0.1219642
0.1215241
0.1535748
0.1568342
0.1454376
0.1664004
0.1717322
0.1111458
0.128048
0.1990144
0.144438
0.1681151
0.104031
0.1416022
0.1424813
0.1292174
0.1499578
0.1266105
0.1800391
0.1255826
0.1223428
0.161535
0.07405368
0.1210652
0.1237141
0.1047765
0.1162647
0.09032757
0.1345601
0.1247647
0.08734785
0.1248867
0.1249543
0.08673162
0.09338574
0.1258529
0.105182
0.08557844
0.09757731
0.08763769
0.1185039
0.093464
0.07530794
0.08639107
0.08686314
0.06430354
0.05444644
0.05626429
0.1191137
0.07639001
0.07321551
0.0637764
0.06646818
0.1425803
0.06760056
0.08419528
0.0977043
0.08722729
0.1297695
0.1152122
0.07748953
0.1261496
0.08115395
0.05044477
0.09391255
0.07769024
0.07722017
0.1444927
0.1141672
0.094846
0.09817126
0.08717532
0.07722333
0.08706025
0.08281278
0.1091354
0.105025
0.130704
0.1010191
0.06382069
0.07984209
0.07644206
0.05806272
0.08506504
0.06510808
0.1381382
0.1660564
0.09856662
0.1902157
0.1046665
0.1506924
0.1396534
0.09692495
0.09340491
0.084599
0.146659
0.1211373
0.1049613
0.1206424
0.09726313
0.1580477
0.1228918
0.1380824
0.1252049
0.2119169
0.1100617
0.1292533
0.1293031
0.1107745
0.1294085
0.1273595
0.1320811
0.133997
0.1163445
0.1358533
0.1402463
0.1446255
0.1229266
0.1390375
0.1776564
0.140278
0.117037
0.1135801
0.1461314
0.09778197
0.125313
0.1202549
0.1873547
0.1507395
0.1131005
0.1349359
0.1358078
0.1566037
0.1410099
0.124488
0.1370693
0.07533267
0.1275052
0.09147337
0.1240756
0.09673972
0.09627668
0.09461902
0.0848323
0.1231371
0.1237822
0.1244584
0.1296777
0.1392596
0.1739119
0.1442363
0.1731577
0.1364776
0.09168014
0.1115377
0.1782124
0.1855168
0.1501523
0.1308218
0.1718669
0.1761821
0.1692879
0.1122383
0.1268108
0.1031003
0.1389456
0.1204485
0.07956482
0.149692
0.1374099
0.1243281
0.1737343
0.2015627
0.1511993
0.1120321
0.1189552
0.1688126
0.1396921
0.1452386
0.110447
0.1346256
0.1128377
0.1023841
0.1676666
0.1138832
0.1733416
0.1119919
0.1366886
0.1540327
0.1856726
0.1559514
0.1424358
0.1035184
0.09737065
0.1312632
0.1076509
0.1186121
0.0883343
0.1501728
0.1343556
0.1165656
0.1099216
0.1145682
0.1354794
0.07482948
0.1050418
0.1037588
0.05986681
0.06573352
0.07057394
0.1309811
0.1395497
0.1429019
0.1234085
0.1534078
0.09692836
0.1811822
0.1346357
0.1519072
0.1571744
0.1460896
0.161056
0.1250118
0.09076708
0.1079756
0.150617
0.1243582
0.12179
0.1633909
0.1026383
0.1742258
0.1285071
0.1048195
0.07497429
0.08936877
0.1141308
0.1227343
0.09841719
0.1087698
0.1164429
0.1201282
0.1114813
0.1432547
0.1591703
0.1190615
0.116072
0.1008351
0.1252175
0.1386903
0.1619061
0.1290527
0.1172469
0.1279317
0.1480465
0.1390695
0.1032243
0.164384
0.1507116
0.09677611
0.1055792
0.1385976
0.1641668
0.1563657
0.1368755
0.1614914
0.1845903
0.2068522
0.152244
0.1390483
0.129904
0.1097081
0.1218744
0.1300004
0.1211211
0.133702
0.1379743
0.1422277
0.1143589
0.1450957
0.1274561
0.1104432
0.1432944
0.09101478
0.1054074
0.1553308
0.1163153
0.1162062
0.1353175
0.12808
0.1907391
0.1415327
0.1471142
0.1465594
0.1812374
0.1827322
0.1870588
0.2013425
0.1718378
0.1478621
0.1390107
0.168283
0.1844747
0.127201
0.1564178
0.1347272
0.1631485
0.1514729
0.2044967
0.1856258
0.164246
0.232969
0.1238837
0.1333383
0.1491436
0.1106905
0.1084064
0.1115647
0.1866559
0.1234131
0.1097417
0.1819719
0.1428831
0.1240892
0.1427957
0.1055321
0.1105215
0.1276795
0.1445086
0.1274324
0.1341378
0.1861318
0.0991908
0.1438929
0.1510887
0.1159662
0.1418976
0.1054605
0.1559786
0.1317045
0.1366343
0.1635494
0.1529553
0.1542147
0.1668239
0.1670971
0.1376729
0.1457598
0.1426545
0.1414628
0.1576189
0.1538566
0.138319
0.1602583
0.1418471
0.1346556
0.1886542
0.1709066
0.147706
0.1308618
0.1332551
0.1651409
0.09642847
0.1368467
0.1219171
0.1255716
0.1610717
0.234838
0.1727133
0.1318387
0.119702
0.143185
0.1904959
0.1287995
0.1076814
0.1299974
0.1685496
0.0987019
0.1033833
0.08208854
0.1335017
0.0852989
0.1239857
0.150493
0.1323662
0.1575813
0.1690849
0.1254202
0.1587833
0.23081
0.1448481
0.1221446
0.1654575
0.1313172
0.1191852
0.1889782
0.1433834
0.1672807
0.08969149
0.1094627
0.09676389
0.129284
0.06852136
0.1106197
0.1073849
0.1122633
0.1513171
0.178924
0.09532593
0.1582619
0.1144543
0.1294017
0.1246427
0.1698474
0.1676615
0.1410543
0.1630359
0.118972
0.1179296
0.115379
0.19242
0.1543119
0.1365536
0.1693657
0.124425
0.1334288
0.1288432
0.1699453
0.1655468
0.1983283
0.1185126
0.1014624
0.1181403
0.1268947
0.1255659
0.1359432
0.1291414
0.174894
0.1268433
0.1517578
0.1143622
0.1004558
0.1111642
0.1306858
0.1395873
0.1601581
0.1956565
0.1298524
0.1238641
0.1291573
0.1463362
0.1149366
0.1440177
0.1561907
0.1210805
0.1046132
0.1607727
0.1361462
0.1421565
0.1772342
0.13253
0.1583906
0.1316909
0.1514179
0.1003611
0.1698519
0.1317309
0.0962231
0.1916626
0.08643399
0.1841094
0.1311227
0.1287512
0.1339394
0.1221295
0.06981352
0.07730228
0.130629
0.1204272
0.1211702
0.08487992
0.08240506
0.1225543
0.1116736
0.1112623
0.1078836
0.1174283
0.1319009
0.1246026
0.1855341
0.1397753
0.140269
0.1379533
0.1594019
0.1063158
0.1232871
0.1719376
0.0949387
0.1572457
0.1323423
0.153891
0.127027
0.1373255
0.1781182
0.1239022
0.1130995
0.1919064
0.1423409
0.1099191
0.1194212
0.1114998
0.09106506
0.1031208
0.1672991
0.1155991
0.1042645
0.1040418
0.121059
0.1289881
0.1393574
0.1128554
0.1317469
0.1684883
0.146266
0.2001801
0.1487566
0.1002847
0.1482454
0.1317328
0.08100054
0.1535997
0.18457
0.1267345
0.1385479
0.09313504
0.06426341
0.1051258
0.1433362
0.1287504
0.1012646
0.1375594
0.1196519
0.1811811
0.1489933
0.1062674
0.1034959
0.1466526
0.1193565
0.1539259
0.1320426
0.09694362
0.1501268
0.129855
0.0920164
0.08963231
0.1057545
0.1626771
0.1737136
0.1255149
0.09682232
0.1061398
0.1360217
0.13369
0.1213306
0.1412244
0.1046984
0.106235
0.1439673
0.155986
0.1304506
0.1640124
0.1430188
0.1553637
0.1444285
0.1387582
0.1308312
0.115381
0.1363941
0.2312614
0.134322
0.1652329
0.187315
0.13363
0.1504469
0.1207142
0.1133296
0.08481705
0.1211001
0.09075936
0.09828899
0.1270839
0.1159968
0.1363027
0.1235146
0.04914518
0.1232856
0.1556816
0.1376229
0.0780934
0.08576316
0.1079726
0.1073393
0.0888112
0.1383252
0.1073788
0.1452441
0.09481574
0.111157
0.07038738
0.08122982
0.05255439
0.1101586
0.1112146
0.1397726
0.1174949
0.1117434
0.1844732
0.08433615
0.1550468
0.2114284
0.1097391
0.1219293
0.07475431
0.1297695
0.1649052
0.109219
0.1331335
0.1383337
0.1153198
0.1168702
0.1407807
0.1802703
0.22411
0.173269
0.195399
0.168282
0.1454654
0.1265715
0.09143057
0.09351116
0.1213503
0.09359699
0.09884415
0.07427272
0.09860607
0.1030369
0.1144388
0.1088554
0.08229481
0.09898466
0.1372229
0.1219777
0.1078059
0.1557208
0.1213298
0.08420318
0.1021601
0.1510614
0.1460097
0.1329754
0.1080683
0.1108656
0.184397
0.1353424
0.1747276
0.1265879
0.1968641
0.1322909
0.07509605
0.1452072
0.1239684
0.1377059
0.1587543
0.1136671
0.1389947
0.1006506
0.1339279
0.1183385
0.117468
0.1519987
0.1271137
0.1357207
0.09499094
0.1428726
0.1282392
0.117094
0.1085646
0.1087031
0.1161972
0.1285711
0.1502402
0.1087445
0.1047483
0.1147145
0.1132022
0.07384814
0.1375241
0.1360992
0.1263933
0.1286536
0.1766177
0.1449053
0.09157161
0.1208252
0.1457976
0.1518808
0.1386271
0.1351981
0.1606539
0.1181563
0.1434107
0.1357911
0.1639387
0.1534194
0.1246961
0.1429209
0.17022
0.1820739
0.2101131
0.09879338
0.1430137
0.2143719
0.1776249
0.1566659
0.1684522
0.2159004
0.134408
0.1514117
0.1606201
0.1665431
0.1870724
0.1461904
0.1233184
0.1165523
0.1402178
0.1355189
0.1617285
0.1349632
0.1327604
0.224131
0.1171805
0.08043397
0.1424338
0.1171392
0.1094232
0.1207582
0.2005788
0.1656204
0.1136649
0.08920634
0.09917938
0.07529806
0.1227271
0.1284696
0.2430507
0.1719481
0.1884336
0.172169
0.1545218
0.1344432
0.1766073
0.1601786
0.1355991
0.1800268
0.1957199
0.1385318
0.1249059
0.1226901
0.1435469
0.1282768
0.1822804
0.1345419
0.1577904
0.1290981
0.1022503
0.1482573
0.2062132
0.09130722
0.1451238
0.141127
0.1770792
0.1561955
0.1324016
0.1420371
0.1212301
0.1494943
0.1573965
0.1577494
0.1731993
0.1240263
0.1232311
0.1523217
0.1140642
0.1038392
0.09768864
0.07671918
0.1034995
0.1192528
0.1418168
0.1168088
0.1235822
0.07463747
0.0651295
0.09959323
0.1648593
0.0879217
0.1236645
0.09176849
0.091562
0.1228482
0.1160305
0.07515991
0.1276283
0.08361473
0.1118136
0.09755183
0.158357
0.1113191
0.1230265
0.1575023
0.1114562
0.1505217
0.146826
0.1869264
0.1434017
0.07986056
0.1261212
0.1182624
0.09365582
0.05986922
0.08512303
0.09791329
0.08636156
0.1025393
0.1384663
0.1281903
0.1259919
0.1269811
0.128503
0.133338
0.1421617
0.08393142
0.09979676
0.08985957
0.09609282
0.09341198
0.127153
0.09246845
0.1115632
0.0942572
0.1414114
0.1360446
0.161338
0.1498735
0.09990628
0.09518564
0.1213988
0.1625145
0.1849852
0.1206564
0.1152275
0.132948
0.1420142
0.1389054
0.1224853
0.09614124
0.1071841
0.1390264
0.1519918
0.09623988
0.0990125
0.1222369
0.1244535
0.114912
0.1366212
0.1335539
0.1385488
0.1219088
0.1432516
0.2280618
0.1580417
0.1349672
0.1118035
0.1070876
0.1361484
0.1479679
0.1580485
0.1375847
0.1425534
0.107045
0.1322129
0.1408283
0.1233268
0.1372172
0.1907558
0.1309004
0.07044715
0.08226906
0.0913266
0.08389581
0.1093659
0.1440621
0.1487771
0.1189464
0.1510195
0.0980078
0.08317042
0.1177754
0.07227325
0.08660934
0.1057471
0.1437098
0.08839518
0.09009253
0.1037197
0.06629133
0.1109268
0.08123194
0.09502972
0.1113668
0.1394542
0.1173478
0.1350058
0.1596905
0.2261886
0.1870804
0.1641219
0.1402662
0.1279279
0.1685378
0.1216733
0.1370011
0.1097132
0.1421573
0.08151499
0.1418609
0.1069285
0.162623
0.1502502
0.1433635
0.1298957
0.1498519
0.1171087
0.1836274
0.1589835
0.1461529
0.1554059
0.1602459
0.1168476
0.1306888
0.0961482
0.1325724
0.1232519
0.1773481
0.1071872
0.124268
0.1929835
0.1444899
0.1471636
0.1233185
0.1195876
0.1257613
0.08905123
0.08945188
0.06939013
0.07498312
0.06253417
0.1207248
0.1172611
0.0898214
0.1610752
0.1659886
0.1529829
0.1674855
0.1352575
0.1422064
0.1461206
0.1297085
0.1374042
0.1650348
0.1906065
0.135616
0.1305725
0.1029129
0.1357977
0.1025327
0.1900122
0.1244068
0.09335317
0.1064717
0.1268381
0.1617577
0.09371831
0.09516885
0.1214291
0.1660853
0.1734725
0.1216537
0.1297021
0.2027924
0.145564
0.1281423
0.134074
0.1030307
0.180738
0.1024985
0.1404605
0.07132206
0.08798241
0.06877472
0.06268192
0.06982507
0.1271849
0.1282561
0.1285644
0.08847417
0.06905551
0.1555849
0.1037631
0.1755842
0.1638475
0.1965056
0.09473047
0.1188986
0.1337804
0.1325708
0.141571
0.1330382
0.1897278
0.1537123
0.1308202
0.1637008
0.2088934
0.1805734
0.1647726
0.1935965
0.1946768
0.1252661
0.1212848
0.1421568
0.09730465
0.1041414
0.08691216
0.1133856
0.1126917
0.09989187
0.1079181
0.1078179
0.1366514
0.1591678
0.09574521
0.07006187
0.08369057
0.090261
0.1065945
0.09386445
0.120393
0.1043722
0.1139789
0.1236347
0.1667426
0.1678929
0.1997691
0.1508129
0.1566817
0.1758706
0.1264097
0.1316165
0.1648842
0.1364104
0.1359485
0.1406445
0.1321561
0.1277404
0.1182299
0.113057
0.1352275
0.1532294
0.09659305
0.1312712
0.1068416
0.2124791
0.1419869
0.1641993
0.1853281
0.165268
0.181388
0.1049346
0.1140666
0.1283715
0.1278351
0.1593991
0.1194798
0.1299242
0.08664236
0.09196728
0.09403765
0.1329591
0.09957667
0.1647286
0.1278809
0.1403335
0.1678868
0.1101526
0.1313112
0.1902467
0.1334536
0.1526344
0.1133447
0.1518446
0.2450842
0.1034546
0.1054529
0.1541994
0.1299816
0.1093213
0.1193597
0.118872
0.149634
0.08845368
0.1023058
0.1137683
0.114534
0.1190654
0.141634
0.1040283
0.09267085
0.142833
0.1315944
0.1030492
0.1035861
0.1178833
0.1191998
0.1738946
0.06440755
0.1177277
0.09306974
0.1543303
0.1369837
0.1015665
0.1920529
0.1292033
0.1312181
0.1487067
0.1679618
0.1330055
0.1317193
0.1243037
0.1605703
0.1370697
0.1299428
0.1834094
0.1302546
0.1596988
0.1668251
0.1861668
0.09584395
0.08207504
0.1395375
0.1646423
0.1324838
0.1568627
0.1322485
0.1264201
0.1006271
0.1400881
0.1408034
0.1403641
0.1719301
0.1952
0.1253352
0.105271
0.1196279
0.1491328
0.1449571
0.1565759
0.1243443
0.1406485
0.1184219
0.1163266
0.08610447
0.08926323
0.1010128
0.1521871
0.1396484
0.1692872
0.1917065
0.1431209
0.1706061
0.2191814
0.1601936
0.1706206
0.1617559
0.1138153
0.1414285
0.1726227
0.1703091
0.139099
0.1411416
0.1219695
0.1378275
0.114988
0.09614895
0.1232512
0.0859739
0.1382638
0.1338813
0.1917455
0.1741671
0.1312863
0.1042678
0.1105016
0.1085056
0.1511369
0.1634098
0.1621154
0.1345719
0.1011704
0.1264198
0.1443567
0.1653681
0.1533056
0.1642473
0.1675964
0.1263696
0.1573812
0.1792738
0.1966195
0.1221734
0.1290611
0.1411513
0.1774323
0.1565801
0.09807985
0.1738732
0.1462141
0.1887915
0.1356149
0.1349517
0.142511
0.1600522
0.1545031
0.179016
0.1346611
0.0845266
0.1085008
0.09971391
0.1122872
0.1528508
0.1448784
0.1218561
0.1267621
0.1463367
0.1277451
0.1124009
0.1360597
0.1376177
0.1431949
0.1764903
0.1220631
0.1815814
0.08043029
0.09934235
0.08700665
0.1779582
0.1796506
0.1463612
0.2111874
0.1443701
0.1663637
0.1396898
0.2029591
0.1223323
0.1730277
0.1933858
0.1094682
0.1261471
0.106429
0.09775059
0.1151109
0.1560532
0.1225941
0.1563251
0.1240237
0.07179008
0.08213873
0.1259677
0.1137151
0.1185037
0.06800872
0.08449476
0.08740082
0.1048749
0.08960014
0.1357966
0.1112319
0.06665945
0.1070005
0.1801537
0.1241643
0.08350679
0.1109259
0.1373322
0.1120078
0.1300165
0.1388285
0.07361146
0.09711389
0.1665508
0.117191
0.09644871
0.1247179
0.1039181
0.104026
0.1269222
0.19534
0.09901377
0.1021705
0.1131617
0.1185837
0.12187
0.08811243
0.1085178
0.1262856
0.1157215
0.08316426
0.08517432
0.0936499
0.1464743
0.1337356
0.1332482
0.1012872
0.1069843
0.1285882
0.1514643
0.1410775
0.08784395
0.1192865
0.09051546
0.121763
0.1079529
0.1177016
0.1073961
0.1356691
0.1272449
0.1316463
0.119069
0.1950997
0.121736
0.187396
0.1660077
0.1384928
0.1251116
0.1405063
0.09195395
0.1658441
0.07962886
0.07050109
0.1523012
0.162623
0.1377325
0.1755535
0.1244025
0.112072
0.1329929
0.1137228
0.1762637
0.08928528
0.09663252
0.1990264
0.1784253
0.09495583
0.2279937
0.1411905
0.1741838
0.1615834
0.09858651
0.1017381
0.1044782
0.09413744
0.1562833
0.1401192
0.1405179
0.1143833
0.1345537
0.09347532
0.1122333
0.1201098
0.204215
0.1839987
0.1531806
0.1555797
0.1167016
0.1549225
0.2285021
0.1287434
0.1110755
0.173519
0.1529776
0.1720363
0.1376067
0.1934419
0.1533546
0.09621657
0.156182
0.1521618
0.1480775
0.1278585
0.2213147
0.1227296
0.1105891
0.1425418
0.08629778
0.06274441
0.1106492
0.09342839
0.08502385
0.08106606
0.0808627
0.1173312
0.1021329
0.08658536
0.1332695
0.08293104
0.09069564
0.102464
0.08068013
0.09175043
0.1281051
0.08514801
0.1065445
0.1243032
0.08231547
0.06384168
0.07941088
0.06914261
0.1345406
0.07091161
0.126701
0.1411585
0.08367219
0.09823072
0.08953082
0.06481546
0.09256081
0.1012773
0.08989976
0.2007153
0.1530362
0.09752847
0.0944742
0.1318826
0.1172499
0.137288
0.1034542
0.1413584
0.1376741
0.109858
0.1049656
0.1504518
0.1018833
0.1526158
0.1141441
0.1310905
0.1508131
0.115292
0.06848549
0.123187
0.1497536
0.1228613
0.1036824
0.07000561
0.07477202
0.1311144
0.1391007
0.1218543
0.1194474
0.08699784
0.08715004
0.1390989
0.1135459
0.09467115
0.07820622
0.09005043
0.1435269
0.1286338
0.1287521
0.1182943
0.1102099
0.1477958
0.08451355
0.1314233
0.08942877
0.09546867
0.1451788
0.07552399
0.1126576
0.1028968
0.1083353
0.1115442
0.08968644
0.1144249
0.1412584
0.1468011
0.108538
0.1588955
0.1977867
0.1497916
0.1355702
0.1082545
0.1212715
0.1264297
0.1539401
0.1376123
0.1058261
0.1213034
0.1431961
0.1214811
0.1184716
0.1253072
0.1406448
0.1553318
0.1058206
0.1422064
0.1566883
0.1359347
0.1563616
0.1529801
0.1364525
0.1216893
0.1266395
0.1592892
0.1405069
0.08696777
0.07593152
0.1066533
0.1197508
0.160769
0.07602666
0.1861515
0.1453897
0.1188691
0.1361751
0.1002928
0.1039962
0.1202934
0.1260201
0.1808741
0.1169547
0.122277
0.1179314
0.1601317
0.09117788
0.1334798
0.1207478
0.1501168
0.1194991
0.1098804
0.1185262
0.1483507
0.1291608
0.1240396
0.1311942
0.06439869
0.111323
0.1308065
0.1046478
0.1229929
0.1603768
0.1505016
0.1338799
0.1003787
0.1395401
0.1310095
0.1082421
0.07117192
0.09993886
0.1433392
0.1176723
0.1256065
0.1772364
0.1313866
0.1246452
0.1041847
0.1080142
0.09991065
0.1239955
0.161932
0.1394141
0.1556568
0.1482226
0.1481631
0.1533724
0.1703687
0.1353599
0.08614288
0.1143704
0.09271626
0.1274896
0.1152598
0.1434681
0.1436633
0.1591614
0.1390528
0.1478889
0.1462405
0.1340074
0.131638
0.1175398
0.182628
0.1436797
0.09271929
0.09638746
0.1198491
0.1369154
0.07569131
0.1028076
0.1041677
0.09453002
0.1091388
0.07422844
0.09293322
0.1153681
0.1269932
0.1510748
0.1757696
0.1555579
0.1049328
0.1074487
0.1442534
0.103231
0.1194363
0.09563938
0.1223164
0.1775857
0.1126584
0.1038443
0.129519
0.1725949
0.1705972
0.08512771
0.08398347
0.1147978
0.1108895
0.1456145
0.1506464
0.1408361
0.1411348
0.1453828
0.1345861
0.1228896
0.1518841
0.1307959
0.1355925
0.1779477
0.1322072
0.1892365
0.2096255
0.2291872
0.1334105
0.1444054
0.1354829
0.1167686
0.1960253
0.1920602
0.1899188
0.1431317
0.1169872
0.1009295
0.1162403
0.1503358
0.1047763
0.1042352
0.1365164
0.1692884
0.1495151
0.1538998
0.1548535
0.1584081
0.1176799
0.105758
0.1222857
0.1586078
0.1349501
0.1374249
0.09643137
0.1210629
0.1180784
0.1164425
0.1682575
0.132471
0.1557047
0.1212938
0.1265814
0.1211431
0.1452405
0.08619126
0.09826254
0.06489719
0.1224836
0.1514617
0.1406586
0.1012486
0.1397629
0.112197
0.1417771
0.1113842
0.1330445
0.170484
0.1395684
0.1755775
0.1245986
0.1215735
0.1749084
0.1447073
0.1001798
0.1406227
0.1524099
0.1282057
0.1300802
0.1894206
0.1556933
0.1380493
0.2124852
0.1320131
0.1213832
0.1059883
0.1262005
0.1262702
0.1209295
0.1821291
0.1228426
0.1253532
0.1500342
0.0836025
0.06396157
0.11161
0.112135
0.1666057
0.2068202
0.1243639
0.1281827
0.09961801
0.1147135
0.09966139
0.1166387
0.09935673
0.1097295
0.1279217
0.1455898
0.08294842
0.09498723
0.07515032
0.08058428
0.1247188
0.180766
0.09991057
0.09120645
0.0899285
0.09410876
0.1256143
0.1092848
0.1252039
0.07899612
0.1012617
0.1744648
0.08783862
0.1223367
0.1106784
0.1296556
0.08966429
0.1800869
0.09433362
0.08509184
0.06703399
0.06129745
0.1170954
0.08436931
0.09412961
0.08233685
0.1282826
0.08224158
0.05290166
0.1058415
0.1916914
0.1178108
0.1049394
0.09374174
0.09725883
0.08143354
0.08676294
0.1628855
0.09603765
0.0796563
0.09269354
0.1594675
0.1077641
0.1033338
0.1405413
0.09387177
0.106689
0.1786852
0.139893
0.1275169
0.08464131
0.06018516
0.1244853
0.1210049
0.1110248
0.152532
0.1249399
0.114728
0.1108167
0.1269062
0.1671305
0.1613457
0.1252272
0.1547716
0.1327898
0.1637073
0.1283221
0.09642811
0.09913854
0.137525
0.1056155
0.1455199
0.1008127
0.1187892
0.1151686
0.1070826
0.1255175
0.1287024
0.1425339
0.141571
0.1659378
0.1287727
0.1555656
0.1927009
0.1733358
0.1464693
0.1193957
0.1314256
0.198794
0.2357252
0.1639751
0.1838064
0.1675531
0.1364043
0.1892154
0.1354803
0.1202042
0.08211635
0.1482888
0.1374968
0.1301096
0.1564741
0.1562894
0.1227521
0.1295112
0.1485223
0.1487814
0.2138018
0.1690517
0.1265004
0.1022192
0.06599658
0.1466606
0.1254719
0.1404979
0.22323
0.09302006
0.1511311
0.1382227
0.187607
0.1240961
0.1532419
0.1211957
0.1331676
0.09155267
0.1646256
0.0904566
0.09078313
0.09560649
0.1171601
0.1207789
0.07261094
0.1167459
0.1121065
0.1252858
0.09572459
0.1238751
0.1250348
0.1653858
0.1170396
0.1411275
0.1446985
0.09689683
0.09610648
0.1328994
0.1228746
0.08385265
0.08381157
0.09806564
0.1402754
0.08398624
0.07991448
0.1385146
0.08568929
0.1250669
0.09936793
0.174046
0.1869741
0.1532379
0.1429307
0.1263835
0.1170448
0.1587916
0.1477774
0.1360489
0.1930253
0.09644265
0.09142989
0.1070716
0.1335377
0.07812663
0.1573962
0.1223191
0.1544204
0.1807895
0.06768612
0.08324647
0.142637
0.1082528
0.06453892
0.1238727
0.1242292
0.1233229
0.1146043
0.1129407
0.162254
0.09515745
0.09366624
0.08138365
0.08241611
0.09667666
0.08479476
0.08247366
0.09351396
0.07512573
0.08292791
0.1164623
0.1415214
0.0955536
0.122489
0.09565096
0.1306118
0.1632978
0.08581833
0.1236517
0.1266325
0.1158124
0.1278026
0.1021247
0.07832505
0.147314
0.1302686
0.1611423
0.1583886
0.1637331
0.102618
0.1127836
0.131261
0.1477564
0.1190809
0.1397541
0.1735349
0.1948872
0.1367246
0.1249362
0.1480894
0.1323177
0.06662326
0.05626371
0.06443781
0.09899564
0.08444563
0.1394857
0.09536735
0.1175071
0.05586951
0.07856186
0.1036676
0.08545089
0.09466179
0.1243814
0.1720572
0.1489732
0.1187809
0.1530788
0.1439892
0.1178355
0.1456146
0.1871175
0.1879126
0.1422389
0.1427469
0.1231683
0.1277297
0.1004257
0.1255402
0.07893092
0.09676256
0.1445425
0.1081264
0.1398177
0.1086346
0.1303466
0.1273028
0.1085862
0.07292076
0.08170614
0.1107492
0.09769917
0.1492126
0.1275807
0.1366368
0.09727895
0.1188262
0.1578721
0.1436179
0.1884164
0.1312661
0.1937584
0.1223359
0.1482687
0.1750137
0.1108806
0.1297868
0.09485872
0.1101222
0.09625605
0.1014464
0.1905212
0.1289929
0.1350807
0.09331231
0.104639
0.1265177
0.1014154
0.1444768
0.111055
0.1003189
0.08505909
0.1113814
0.1475889
0.1401983
0.1752671
0.1229412
0.1827162
0.2004713
0.1559686
0.1909042
0.1654592
0.1696566
0.1413587
0.2046562
0.1561654
0.09679012
0.1500464
0.1492164
0.163209
0.2219942
0.1007284
0.1528145
0.1566013
0.1484716
0.1171077
0.1429933
0.09071355
0.1812357
0.1834212
0.1388773
0.1088088
0.114683
0.1345709
0.08769063
0.09212733
0.07255592
0.07928807
0.09538928
0.1139603
0.0792274
0.1020866
0.08885067
0.1021652
0.1051669
0.0803784
0.1141102
0.1669303
0.1342811
0.09742949
0.09646321
0.1001675
0.1050283
0.1315258
0.08923216
0.1120261
0.1381164
0.1214037
0.1271216
0.1082918
0.1411621
0.1168696
0.1084273
0.1583732
0.1902689
0.1577868
0.1591769
0.1144925
0.1669382
0.1329098
0.1874793
0.1150418
0.102167
0.1227199
0.1061134
0.1148909
0.1275562
0.1463682
0.1643113
0.1498114
0.1456642
0.1518098
0.1194452
0.1526823
0.09933017
0.1155628
0.1371767
0.1258508
0.1435725
0.1360848
0.1377371
0.1401134
0.1255639
0.1463462
0.1232046
0.1845821
0.172764
0.1693966
0.134542
0.1485069
0.1464108
0.1240224
0.1368442
0.1589431
0.1636611
0.1507833
0.1429877
0.1406809
0.1573951
0.1325076
0.1299385
0.1155392
0.1080801
0.06929739
0.1006644
0.09241251
0.109093
0.1210805
0.07723159
0.09722286
0.1516321
0.1209895
0.119589
0.1641986
0.1191614
0.1309149
0.1163126
0.1531163
0.1239674
0.1108911
0.1449298
0.1566476
0.10813
0.1042592
0.1570549
0.1506697
0.1325219
0.1567408
0.1920144
0.1266075
0.101913
0.1314323
0.1185574
0.1057285
0.117718
0.08398177
0.1161657
0.1119642
0.1263497
0.126245
0.1134932
0.1717543
0.154581
0.08990149
0.1246343
0.1163642
0.1530617
0.1240895
0.1268211
0.1050522
0.1419744
0.1232444
0.1530159
0.1414825
0.1258744
0.1631916
0.1050349
0.09359128
0.1646631
0.1643176
0.1314341
0.09210242
0.1602806
0.165656
0.1197472
0.1432981
0.1171607
0.1109522
0.1364285
0.1403517
0.08130068
0.1258659
0.1305233
0.1171204
0.1186294
0.104172
0.1309995
0.134333
0.1688694
0.1506699
0.1952033
0.1432791
0.1476569
0.1236808
0.1615505
0.141047
0.1461562
0.1197131
0.1381069
0.16369
0.136418
0.1462329
0.1840546
0.1297071
0.1508067
0.1017013
0.09776293
0.1217601
0.171184
0.1533679
0.1550272
0.1619593
0.1618216
0.1605979
0.168859
0.1702335
0.1954684
0.1101991
0.1097976
0.1240581
0.1979704
0.1226509
0.104115
0.141654
0.1598666
0.1263951
0.1403173
0.1074619
0.08719019
0.08846058
0.08717237
0.1241395
0.1514627
0.1742102
0.140237
0.132293
0.1359035
0.163631
0.1306836
0.08782251
0.1257232
0.09435176
0.1370364
0.1185057
0.1107013
0.09306143
0.2041341
0.1214119
0.1341178
0.1169046
0.11208
0.1077323
0.1367871
0.1682172
0.123818
0.1307257
0.1565359
0.1461588
0.1232615
0.1531637
0.1507981
0.09604959
0.07686313
0.1420612
0.1384906
0.1163112
0.1085587
0.09095289
0.08810783
0.1011771
0.1368635
0.1760083
0.1680952
0.1238355
0.07538494
0.06723746
0.1106855
0.1439156
0.1729256
0.1391365
0.1562343
0.1487776
0.1457746
0.1462417
0.1600291
0.1315223
0.1107331
0.118668
0.1577198
0.130594
0.12603
0.1202092
0.1530975
0.1393676
0.1426818
0.1224964
0.1284145
0.1319813
0.1339594
0.1559902
0.1211839
0.1211183
0.07583271
0.1527596
0.107593
0.09883463
0.1395788
0.1139744
0.07644159
0.09323178
0.1413833
0.1875821
0.1290038
0.1402664
0.2047403
0.134193
0.1230843
0.2182765
0.1324996
0.1464413
0.07895782
0.1295478
0.1436127
0.1121924
0.1147195
0.1713552
0.1430011
0.1333937
0.1073121
0.09142508
0.09701585
0.083214
0.1202628
0.120237
0.09827471
0.1457789
0.1088047
0.09410582
0.1046643
0.1538457
0.1412644
0.08536167
0.1068424
0.102951
0.1292761
0.1565323
0.1206124
0.1520693
0.1616077
0.1483182
0.1553385
0.1605735
0.1630267
0.1718104
0.09038762
0.1137467
0.1385285
0.102365
0.190707
0.1625018
0.1645817
0.08333704
0.08961099
0.1857465
0.09785785
0.2177233
0.1206351
0.1574003
0.09596934
0.08846195
0.07726409
0.05810182
0.06872657
0.1287398
0.09167038
0.1497621
0.1592857
0.1587158
0.1607748
0.1480014
0.1552275
0.2357261
0.134814
0.1085495
0.1177673
0.1345427
0.1511105
0.08992571
0.1362029
0.1676743
0.1471993
0.1197274
0.2138897
0.1283692
0.132567
0.1335142
0.1346242
0.1365983
0.1997564
0.2100842
0.1144093
0.117583
0.150688
0.186633
0.159614
0.1442119
0.1410313
0.1506055
0.1712263
0.1078727
0.1689325
0.1587032
0.1603928
0.1479565
0.1144561
0.1499772
0.107219
0.1279223
0.1124331
0.1309231
0.1084125
0.1682747
0.1459162
0.1318879
0.1511159
0.112183
0.1508
0.1759999
0.1295125
0.09986546
0.1319101
0.1511876
0.1266624
0.1670563
0.1726526
0.1277733
0.1474147
0.1088018
0.1149641
0.1246157
0.08454491
0.1283501
0.172796
0.1395955
0.1138527
0.1357687
0.1201522
0.1319854
0.1851813
0.1653315
0.1501995
0.1420812
0.1609429
0.1208913
0.1151178
0.1016166
0.1515602
0.1498071
0.1274828
0.1675976
0.1023517
0.1057328
0.1298144
0.122077
0.09753512
0.08407882
0.06277867
0.09152101
0.08377526
0.1499452
0.2071309
0.1504093
0.1060369
0.091039
0.06462545
0.06291861
0.05028229
0.07389478
0.09679605
0.0753103
0.07317653
0.1411706
0.1161222
0.1088447
0.1214331
0.139894
0.08378619
0.2151887
0.1095943
0.1083551
0.07099755
0.06793507
0.07210335
0.06114465
0.1037627
0.1087971
0.1042377
0.1046564
0.09682841
0.1436205
0.1085831
0.1033704
0.1082249
0.0902276
0.1118622
0.05654579
0.04351836
0.06746316
0.07131247
0.07309606
0.09795809
0.08298472
0.1099546
0.06495672
0.1516665
0.1051618
0.1876663
0.09986295
0.1246246
0.1471787
0.1256425
0.1721431
0.1698873
0.115852
0.0873566
0.05983651
0.1080017
0.1488532
0.1697944
0.1525175
0.1689551
0.1880112
0.1286526
0.1501284
0.1620619
0.1782111
0.1348669
0.1884833
0.1660066
0.1689934
0.1268537
0.1341034
0.1553366
0.1315952
0.1280185
0.133811
0.1511169
0.1692298
0.1515102
0.1346639
0.0853505
0.1041113
0.1202267
0.103032
0.09444462
0.07676872
0.08854199
0.1545525
0.1476172
0.1765155
0.1668471
0.1412709
0.1558736
0.1510035
0.1101254
0.2011755
0.1390496
0.1033356
0.09335562
0.0766521
0.1018858
0.1418465
0.1381994
0.07829761
0.1483063
0.1105903
0.1362794
0.1002495
0.102629
0.1419267
0.1227415
0.1844194
0.1598867
0.145107
0.2090156
0.1845853
0.1369076
0.1358159
0.1365111
0.1285952
0.1151984
0.1588125
0.1229226
0.1287989
0.1347463
0.112113
0.1530236
0.1301762
0.1325776
0.1424289
0.1310545
0.1868395
0.1309924
0.08206579
0.117267
0.1043038
0.07524354
0.0756736
0.07060577
0.08616827
0.1082441
0.1737334
0.1140444
0.1280885
0.144195
0.1173979
0.1661016
0.1207931
0.1843806
0.1307503
0.1111407
0.1298411
0.1992373
0.1654402
0.09209802
0.1815585
0.1462016
0.151245
0.1347053
0.1139164
0.1377784
0.1229996
0.1278543
0.1080565
0.1302988
0.06624759
0.07550711
0.203189
0.1408912
0.1036516
0.1458851
0.08869361
0.1108101
0.08679973
0.1128828
0.08084101
0.1001084
0.09477186
0.07752617
0.1102334
0.0774745
0.1499257
0.1268543
0.1272178
0.1695955
0.1011104
0.1184599
0.1527005
0.1650205
0.09708938
0.1010503
0.1362779
0.1411773
0.1255922
0.1506129
0.1326419
0.09415315
0.09442503
0.1723896
0.09798319
0.09393323
0.106443
0.08454678
0.1366427
0.1278445
0.07723046
0.09159885
0.082143
0.1608516
0.1036864
0.1057186
0.1125997
0.1262892
0.07710447
0.1172507
0.104892
0.09243375
0.1144066
0.1316606
0.09473897
0.1207477
0.08976731
0.07566893
0.1515286
0.1527688
0.1122648
0.1825789
0.09226237
0.1404539
0.1282841
0.140251
0.1520803
0.1495274
0.1459395
0.1114831
0.1048443
0.1911484
0.1439183
0.1816961
0.1673928
0.1786829
0.175105
0.1412365
0.1310123
0.137779
0.1507156
0.1444203
0.1220322
0.1052846
0.1377634
0.1524943
0.1060675
0.1528604
0.1635806
0.162694
0.1839816
0.1307596
0.1445561
0.190188
0.1629726
0.1856355
0.1447759
0.1210672
0.1495939
0.1574713
0.1496547
0.09126127
0.124514
0.152485
0.1009142
0.1641463
0.1584061
0.1000209
0.1683396
0.1348615
0.1438084
0.1211933
0.1181947
0.1289723
0.1102092
0.1618281
0.1044184
0.06439233
0.125267
0.1454485
0.2276123
0.1757476
0.09650037
0.1298877
0.1225534
0.1227603
0.1227659
0.1099553
0.1160857
0.1360381
0.1364128
0.1422752
0.1222923
0.1331576
0.08579774
0.1017769
0.1160573
0.09646779
0.08510618
0.08542732
0.08951978
0.1380717
0.14292
0.1696644
0.160612
0.1301434
0.1579622
0.1179695
0.1202404
0.09400347
0.0950098
0.1430806
0.122483
0.1599358
0.1527828
0.09910736
0.1065796
0.1289709
0.1379244
0.1428144
0.1313917
0.151359
0.1492113
0.1024564
0.1360461
0.1502022
0.101502
0.1152181
0.1912282
0.1572302
0.129575
0.1661688
0.1520215
0.09676567
0.1438184
0.08749506
0.07966563
0.08527241
0.100057
0.1193614
0.1180365
0.1218583
0.1512192
0.1486101
0.1204522
0.1637516
0.1204268
0.1270841
0.09502864
0.115638
0.1171759
0.1477494
0.2026425
0.1800776
0.196323
0.1245211
0.1250584
0.1274455
0.1231412
0.1183901
0.08879202
0.1415049
0.1115526
0.1279671
0.1277678
0.08524975
0.1271056
0.1067279
0.1234678
0.08838398
0.1354831
0.2062293
0.1303876
0.1732313
0.1260962
0.1478657
0.1009556
0.1590517
0.1002456
0.1084961
0.09500332
0.1540654
0.1189052
0.1522704
0.140296
0.1127911
0.1652768
0.1490544
0.1278447
0.1564398
0.2044085
0.1300634
0.1411538
0.09632281
0.1494865
0.09532127
0.2005048
0.1299051
0.1118446
0.1103049
0.1064267
0.09860498
0.1463212
0.123026
0.09260541
0.1056065
0.1304056
0.1485444
0.1503797
0.1371217
0.1772457
0.1459019
0.1312453
0.09529229
0.1061116
0.1504547
0.1471654
0.1139298
0.09360904
0.08607497
0.1037859
0.1236697
0.1357717
0.08725102
0.1543648
0.1311095
0.1012024
0.151634
0.1331577
0.123706
0.1032951
0.1407674
0.1292936
0.0949567
0.1494841
0.14523
0.1306002
0.1566103
0.1413083
0.1081952
0.1111971
0.100014
0.1223115
0.1054462
0.1229895
0.1355228
0.1472424
0.1457931
0.1654221
0.1649434
0.1859643
0.1404209
0.1090983
0.1449932
0.1319144
0.1377396
0.1358721
0.1424648
0.1452553
0.1843291
0.189729
0.1388999
0.1904308
0.1405664
0.1000948
0.1754023
0.1749724
0.1836502
0.1123271
0.141263
0.2018352
0.1245458
0.1641827
0.09820957
0.178757
0.1338212
0.1753815
0.1721185
0.1307814
0.1120914
0.1223742
0.1018967
0.09521434
0.1669774
0.1515474
0.1500013
0.1194034
0.1107528
0.1421214
0.1681752
0.1520371
0.1379049
0.1652677
0.1254857
0.1443482
0.1710501
0.1414579
0.1110089
0.1566727
0.1225858
0.1458168
0.1316262
0.1313431
0.1201758
0.1725992
0.1413737
0.1721797
0.1924514
0.1276028
0.1725233
0.1418794
0.1416796
0.1006476
0.08553097
0.08748023
0.06682044
0.09194084
0.110262
0.1024139
0.1677807
0.1762956
0.140006
0.1304879
0.1075035
0.150149
0.1015243
0.1532319
0.1457915
0.09369941
0.1086899
0.1219111
0.161638
0.1092243
0.1349068
0.138165
0.1516462
0.1315519
0.1161277
0.1650378
0.1302278
0.1170945
0.1912794
0.1699149
0.1097234
0.1188507
0.130948
0.1157079
0.1428486
0.1048897
0.1411879
0.1345646
0.2028207
0.1490335
0.1403985
0.1585672
0.1546712
0.1784418
0.1220602
0.1428999
0.1199782
0.1326818
0.1074224
0.08966817
0.105545
0.1192372
0.1299483
0.1660085
0.1023933
0.126878
0.1380604
0.08540061
0.1067845
0.1042157
0.09138701
0.1108246
0.1107135
0.1326371
0.1171954
0.1249401
0.1161306
0.1949438
0.1321074
0.08251153
0.1012405
0.13341
0.1032389
0.08808691
0.1008556
0.07932831
0.1092239
0.09554165
0.1295102
0.1331982
0.1409588
0.1125687
0.09399917
0.1032089
0.1146769
0.1117367
0.1133845
0.2330158
0.1688159
0.1711126
0.2004803
0.1889131
0.1356165
0.1345701
0.09953474
0.140393
0.142201
0.1698792
0.1455295
0.1060469
0.1650075
0.17359
0.1893602
0.1133992
0.2120698
0.1117205
0.09405881
0.11992
0.1193185
0.1099859
0.1486088
0.1328484
0.1649411
0.1160713
0.1751396
0.1021
0.1475505
0.08929966
0.09694507
0.1232262
0.122542
0.1010854
0.1209649
0.1514633
0.1733671
0.129722
0.1275229
0.1082617
0.1289036
0.1197196
0.1287744
0.1145
0.1041539
0.08422343
0.08858912
0.05348083
0.0898464
0.08398654
0.06413749
0.07986137
0.1098627
0.122809
0.1147694
0.1092092
0.09832482
0.126012
0.1281308
0.1181044
0.09357704
0.1471791
0.07303897
0.0796609
0.1171713
0.1280919
0.1222935
0.1364105
0.09568348
0.06682338
0.08565986
0.06018719
0.06068159
0.1093338
0.1404004
0.10894
0.1121072
0.1349898
0.1624459
0.2076246
0.1442666
0.1515694
0.1386154
0.1351753
0.1173707
0.1318634
0.1307453
0.1070621
0.1252792
0.09588923
0.0844465
0.1217412
0.1759908
0.1305559
0.1052167
0.1221438
0.1280969
0.1147331
0.07580229
0.1308863
0.1063471
0.1115504
0.09824063
0.1015162
0.08446042
0.1043392
0.112641
0.1747281
0.1556327
0.1350961
0.1459162
0.1604634
0.1197619
0.1144096
0.1525242
0.1186958
0.1478125
0.1958527
0.1751075
0.1901826
0.1031062
0.1352734
0.1888961
0.1416652
0.1283888
0.1261777
0.09599318
0.164013
0.1647687
0.1672996
0.1663271
0.1820675
0.1849313
0.1561587
0.2004303
0.16532
0.1460255
0.1345725
0.1179083
0.1159242
0.1209927
0.1317173
0.1433296
0.1187925
0.09495146
0.1452433
0.11085
0.09086983
0.1600863
0.1272441
0.1200299
0.1112572
0.1401306
0.1406654
0.1361582
0.1056707
0.09985872
0.1551312
0.1462443
0.1206592
0.1507312
0.137078
0.1625947
0.1407638
0.1751626
0.1306963
0.1397043
0.1636337
0.07448677
0.1835352
0.1477503
0.1793095
0.1178381
0.1174721
0.1376291
0.1786997
0.1564632
0.1121246
0.1534096
0.1211567
0.1214044
0.1647512
0.1974201
0.1512968
0.1346368
0.1415309
0.1639781
0.1253059
0.1478986
0.1237408
0.1266528
0.1160831
0.1315221
0.1195623
0.1500483
0.1209177
0.1784121
0.1100509
0.1447009
0.1358293
0.1411819
0.1267962
0.1481648
0.1194638
0.07533419
0.09639313
0.1022428
0.07780854
0.07724534
0.1242723
0.1162229
0.09472355
0.1200776
0.1129208
0.1375416
0.1433467
0.1100948
0.08657764
0.1329228
0.1203573
0.1214151
0.1177442
0.09496219
0.1004871
0.07167049
0.09553247
0.1081888
0.07285404
0.1150623
0.0951194
0.1136652
0.09294754
0.1024299
0.09773309
0.06902336
0.08599433
0.1194399
0.1355918
0.1563301
0.108276
0.1257591
0.1186942
0.1115632
0.1275972
0.08682314
0.04219711
0.1193104
0.1475564
0.1002511
0.08892904
0.1161617
0.1375983
0.1318626
0.1427867
0.1527611
0.120996
0.1713864
0.1296491
0.1171974
0.1062406
0.1172748
0.1481469
0.1528679
0.1259869
0.1098468
0.1472562
0.1231726
0.1252953
0.1329202
0.09867633
0.1434224
0.2376362
0.1526419
0.1460095
0.1105947
0.1492834
0.09368079
0.1120549
0.178558
0.1249739
0.1401527
0.1350018
0.168988
0.123303
0.149931
0.09334456
0.1001025
0.1840056
0.1392788
0.07518581
0.1078167
0.09303091
0.09344954
0.1378118
0.09155486
0.1293213
0.1409986
0.1521627
0.1901799
0.09850519
0.1415286
0.1400045
0.1218612
0.1351475
0.07486585
0.09486487
0.07138533
0.123932
0.06392679
0.07371608
0.08468515
0.092809
0.1387246
0.09565448
0.174299
0.1181878
0.09990418
0.1295368
0.0831733
0.07562227
0.06137563
0.1232904
0.2039713
0.1814702
0.1456
0.1033244
0.1396718
0.08923431
0.1505049
0.1266581
0.1656921
0.138786
0.1345327
0.1186937
0.152488
0.09292852
0.09750479
0.08003012
0.1005619
0.1053467
0.08585427
0.1409831
0.1506447
0.1042428
0.1020167
0.1340336
0.2070194
0.07856392
0.2028552
0.1209769
0.1250301
0.1596724
0.1948766
0.1064384
0.1168628
0.1576225
0.1452179
0.1396677
0.1152471
0.153208
0.1445708
0.1042118
0.1901768
0.1675194
0.1368137
0.1442232
0.1338745
0.09967556
0.07975843
0.1381505
0.1486801
0.1393366
0.1162774
0.1742362
0.1374644
0.1359694
0.1469715
0.09312149
0.1304595
0.1274031
0.1005196
0.1223017
0.1285848
0.1076937
0.1380103
0.1576777
0.1569676
0.1418327
0.1045853
0.1056089
0.09237147
0.1186952
0.08370881
0.1158045
0.1412934
0.1832252
0.1235262
0.1247623
0.1291412
0.1210568
0.1165359
0.1631352
0.17589
0.2025255
0.1720451
0.147277
0.1477015
0.1194838
0.09481751
0.1462786
0.1344601
0.2419161
0.129969
0.1387123
0.1104889
0.1536567
0.1452081
0.1027302
0.1101444
0.1208643
0.1060735
0.08214174
0.1330709
0.09052115
0.09077276
0.1247589
0.1064655
0.1322279
0.09751355
0.1597496
0.1135283
0.1467183
0.1202455
0.1245725
0.1902804
0.1151463
0.1299791
0.118617
0.1599483
0.1793677
0.182947
0.1509154
0.16532
0.2064611
0.1215282
0.1178256
0.1154615
0.0964824
0.1390334
0.08267607
0.07520468
0.1486717
0.1297681
0.1029822
0.1436919
0.1263519
0.123026
0.1272515
0.1795315
0.1675905
0.1880628
0.1547192
0.1240122
0.1570398
0.1376197
0.141083
0.1185649
0.1605963
0.1198653
0.144941
0.2194404
0.1026941
0.1570805
0.1121984
0.1417163
0.1233766
0.1814532
0.2047786
0.2043424
0.178267
0.1408256
0.1472118
0.175075
0.1340888
0.1699268
0.1543236
0.1175748
0.1360064
0.1172908
0.1502005
0.09447525
0.1519866
0.08255867
0.142393
0.11789
0.1141381
0.1234803
0.09358955
0.06550569
0.1225399
0.07752175
0.07857006
0.1008064
0.1343216
0.1020214
0.08815818
0.1272393
0.09822729
0.1491431
0.1422683
0.1760418
0.2087127
0.1493144
0.1266512
0.06787177
0.0896338
0.1207903
0.1158837
0.1524505
0.1003525
0.1556367
0.1511933
0.1853814
0.1329474
0.1909918
0.1306687
0.1217422
0.1976146
0.1148153
0.1139062
0.1219354
0.1122545
0.1222236
0.1400184
0.0890434
0.1333975
0.1309237
0.1285913
0.1073771
0.09707066
0.1374514
0.08199985
0.07673898
0.1303966
0.1857161
0.1354821
0.11563
0.1322074
0.1340572
0.08803132
0.08730184
0.2120171
0.1593842
0.1531684
0.139426
0.1137493
0.1169217
0.09833252
0.1081865
0.1736606
0.1329041
0.1436915
0.1358613
0.1386443
0.1144632
0.1469936
0.1483664
0.1381061
0.1010592
0.1145119
0.1554467
0.1394235
0.1753296
0.1156398
0.1021627
0.1019953
0.07870431
0.1178071
0.125037
0.07456982
0.1051406
0.1267834
0.198513
0.1114092
0.1658473
0.09578118
0.1350351
0.1356561
0.09227353
0.1105856
0.1629844
