1091.104
1119.628
1069.774
1092.185
1094.027
1111.75
1095.005
1068.774
1107.514
1066.112
1098.895
1108.178
1089.84
1068.767
1091.276
1098.738
1080.604
1085.381
1091.583
1080.779
1083.771
1079.151
1065.399
1107.598
1052.619
1087.882
1065.223
1109.06
1086.603
1061.773
1088.805
1118.979
1054.6
1082.787
1081.34
1060.171
1097.278
1093.363
1078.197
1087.085
1096.566
1065.211
1139.211
1094.218
1135.544
1051.358
1070.515
1084.512
1103.157
1106.424
1099.133
1094.004
1123.812
1056.265
1189.571
1125.358
1078.303
1130.461
1072.941
1093.507
1142.755
1096.156
1069.861
1066.977
1068.134
1100.402
1103.109
1105.046
1053.899
1066.051
1090.36
1061.566
1093.727
1073.422
1072.118
1119.59
1083.244
1078.135
1116.528
1053.345
1099.463
1095.072
1141.088
1083.742
1100.644
1178.623
1093.86
1179.297
1074.74
1120.103
1131.706
1151.077
1111.552
1139.537
1104.141
1112.861
1106.929
1104.311
1069.25
1066.204
1097.546
1100.61
1072.274
1082.291
1140.047
1083.048
1102.615
1093.9
1107.412
1066.479
1062.651
1104.676
1084.333
1116.272
1066.292
1045.21
1102.786
1073.029
1096.626
1027.016
1070.756
1118.576
1120.297
1087.465
1010.975
1083.965
1106.417
1118.92
1100.193
1090.007
1116.5
1074.761
1104.413
1133.953
1111.616
1062.467
1084.294
1112.459
1076.594
1124.544
1075.542
1112.418
1060.288
1168.754
1090.577
1108.554
1075.984
1078.053
1142.589
1067.974
1130.211
1057.389
1101.122
1097.571
1064.535
1081.465
1088.128
1112.146
1104.086
1028.429
1104.362
1053.362
1068.331
1081.141
1176.595
1120.047
1109.722
1091.264
1101.419
1068.092
1100.547
1122.34
1111.311
1076.44
1075.367
1058.22
1035.523
1096.133
1004.952
1076.106
1057.168
1108.586
1075.256
1085.177
1085.794
1078.865
1086.83
1140.402
1089.153
1136.374
1083.59
1095.92
1042.839
1070.868
1148.902
1104.911
1075.355
1104.329
1124.209
1065.704
1094.97
1105.598
1046.259
1067.625
1066.101
1092.256
1112.571
1056.455
1106.334
1150.696
1100.319
1135.218
1068.887
1096.658
1050.055
1045.932
1112.628
1151.594
1089.538
1073.805
1115.095
1065.046
1097.371
1007.017
1098.418
1117.135
1092.681
1106.946
1069.556
999.1951
1130.106
1060.675
1097.033
1134.179
1162.895
1071.736
1079.264
1111.543
1085.948
1111.324
1053.488
1114.762
1080.351
1098.26
1077.291
1147.051
1037.759
1038.557
1090.352
1107.446
1084.83
1089.791
1074.573
1056.3
1087.818
1101.899
1050.862
1135.069
1117.592
1055.872
1085.211
1104.221
1057.556
1081.146
1122.846
1100.907
1051.506
1092.768
1109.23
1075.295
1074.036
1132.387
1090.35
1066.403
1103.978
1106.63
1075.1
1090.789
1136.011
1084.459
1083.678
1071.717
1077.216
1086.771
1055.117
1083.451
1099.777
1126.864
1098.294
1086.771
1046.878
1097.259
1087.029
1120.353
1056.72
1007.351
1046.159
1081.266
1076.797
1121.363
1092.489
1045.735
1107.665
1090.829
1115.81
1116.121
1117.817
1090.99
1063.619
1103.105
1090.27
1038.29
1096.203
1120.723
1038.301
1102.521
1127.601
1080.435
1104.898
1041.529
1111.79
1099.761
1085.028
1105.901
1087.155
1079.417
1085.645
1083.056
1108.226
1106.847
1110.192
1093.651
1045.403
1089.216
1091.932
1064.936
1116.586
1063.168
1078.324
1084.365
1055.154
1051.658
1115.417
1099.701
1098.911
1058.201
1088.095
1121.687
1108.202
1119.984
1115.246
1134.526
1108.389
1085.05
1096.015
1106.376
1116.695
1127.487
1098.935
1057.489
1109.554
1078.368
1087.305
1076.448
1062.405
1121.97
1082.238
1120.36
1048.068
1100.904
1056.121
1140.205
1154.097
1098.045
1108.7
1104.607
1058.582
1108.255
1058.67
1091.048
1055.153
1067.903
1048.312
1076.792
1071.156
1085.823
1090.098
1048.965
1057.36
1101.072
1063.082
1079.583
1101.111
1041.756
1142.923
1074.8
1084.522
1117.593
1083.264
1099.021
1074.732
1074.812
1064.231
1033.206
1082.991
1093.824
1050.935
1127.148
1056.171
1087.982
1054.74
1144.262
1081.61
1097.746
1078.592
1104.349
1060.68
1081.598
1072.41
1145.623
1078.77
1079.473
1080.34
1096.908
1099.434
1080.04
1062.785
1084.228
1066.987
1110.184
1085.994
1146.8
1117.353
1041.89
1140.375
1106.778
1106.637
1110.396
1081.67
1119.783
1148.793
1133.025
1139.068
1096
1105.764
1040.087
1114.069
1117.109
1090.434
1134.776
1112.589
1053.301
1046.094
1059.307
1115.733
1084.794
1074.658
1118.436
1074.939
1081.219
1035.973
1066.396
1092.492
1079.304
1079.187
1093.831
1066.462
1106.579
1109.322
1062.493
1071.784
1107.149
1118.35
1081.462
1083.112
1101.327
1076.163
1080.792
1056.771
1025.262
1055.16
1112.052
1074.335
1045.472
1111.617
1108.475
1075.69
1035.916
1100.081
1118.63
1157.463
1063.557
1081.023
1051.65
1090.594
1081.317
1103.59
1148.539
1106.927
1031.283
1139.692
1102.615
1101.219
1099.364
1067.331
1066.553
1080.415
1066.977
1103.629
1096.708
1079.98
1070.216
1092.457
1088.226
1087.447
1077.737
1098.375
1049.433
1043.558
1085.039
1076.66
1103.623
1111.96
1070.25
1079.245
1108.895
1132.692
1082.091
1088.916
1073.371
1098.316
1070.506
1095.315
1107.235
1083.202
1030.057
1061.163
1141.658
1103.873
1128.792
1114.293
1076.807
1115.649
1094.937
1071.577
1009.031
1123.874
1103.682
1031.881
1119.931
1060.839
1108.319
1082.475
1129.547
1067.578
1109.291
1086.416
1087.231
1135.166
1078.036
1141.489
1043.439
1097.252
1092.129
1138.618
1109.226
1068.555
1079.205
1062.174
1132.012
1096.81
1110.613
1120.493
1084.244
1066.56
1079.05
1056.724
1070.364
1096.853
1085.156
1105.899
1092.625
1093.34
1102.116
1065.557
1097.762
1089.76
1079.42
1116.199
1069.062
1081.161
1082.12
1097.361
1089.556
1074.263
1094.757
1077.152
1127.675
1077.44
1040.662
1103.058
1086.012
1062.718
1044.051
1071.421
1110.656
1101.054
1096.868
1089.794
1048.434
1079.391
1077.858
999.1067
1068.46
1091.561
1103.061
1092.901
1077.101
1053.225
1124.236
1082.385
1069.443
1114.673
1148.176
1083.447
1129.146
1081.906
1081.418
1076.584
1090.503
1109.711
1118.195
1062.325
1080.573
1095.801
1110.279
1118.326
1133.422
1102.65
1099.801
1069.363
1086.196
1087.254
1118.82
1046.048
1080.508
1076.873
1073.728
1131.944
1043.929
1071.973
1074.247
1092.353
1104.04
1121.83
1104.966
1058.829
1069.436
1119.837
1083.564
1096.458
1092.826
1109.578
1100.978
1189.04
1058.821
1080.531
1122.938
1093.384
1055.378
1054.572
1095.79
1085.762
1081.466
1125.056
1105.82
1074.77
1114.096
1067.889
1076.77
1077.518
1107.001
1076.493
1081.849
1056.776
1079.053
1123.479
1048.998
1102.096
1029.046
1108.569
1074.891
1084.552
1121.991
1060.557
1088.569
1129.088
1089.086
1120.397
1113.142
1088.681
1090.897
1095.967
1020.501
1075.423
1102.419
1086.97
1113.409
1061.877
1111.917
1078.736
1070.926
1099.86
1043.686
1130.793
1077.201
1084.363
1102.517
1102.283
1083.276
1087.605
1040.944
1042.693
1133.452
1093.879
1068.962
1116.979
1075.503
1080.741
1052.342
1105.685
1096.513
1100.873
1107.797
1085.654
1062.171
1086.487
1123.065
1107.673
1075.282
1071.157
1044.07
1055.387
1106.126
1071.024
1077.626
1077.155
1089.646
1108.24
1125.489
1077.261
1080.205
1113.194
1099.582
1098.351
1144.904
1087.889
1094.902
1093.467
1078.147
1085.571
1063.998
1063.841
1093.106
1088.137
1113.589
1161.888
1087.024
1106.691
1054.252
1063.135
1094.336
1068.577
1113.431
1067.98
1073.233
1124.856
1110.498
1114.37
1115.936
1096.515
1071.74
1051.141
1067.697
1067.474
1105.192
1068.344
1112.058
1085.032
1077.741
1111.119
1103.737
1068.164
1070
1091.445
1050.354
1121.183
1075.539
1080.373
1099.418
1076.544
1058.2
1082.543
1143.496
1107.48
1050.887
1116.979
1077.734
1042.343
1121.408
1053.168
1101.488
1064.336
1134.769
1101.509
1091.467
1080.294
1056.917
1103.042
1117.654
1126.789
1069.85
1113.055
1123.38
1061.947
1054.825
1074.158
1045.121
1085.297
1053.971
1104.899
1047.754
1107.499
1056.051
1106.396
1095.102
1162.028
1083.502
1122.956
1085.839
1127.745
1086.407
1100.401
1088.04
1069.486
1109.639
1086.108
1074.58
1065.913
1041.461
1097.469
1106.864
1082.665
1072.748
1082.392
1057.209
1114.75
1079.913
1112.095
1119.874
1114.975
1092.392
1081.922
1113.795
1058.793
1082.504
1081.55
1077.189
1072.48
1093.93
1122.587
1061.841
1116.896
1074.951
1093.376
1127.272
1083.474
1059.763
1118.298
1090.812
1078.994
1101.71
1073.031
1083.004
1151.299
1078.871
1094.058
1026.267
1094.956
1107.081
1057.555
1069.608
1088.67
1108.602
1107.178
1030.859
1091.434
1063.114
1089.359
1094.084
1112.552
1062.616
1026.139
1114.919
1086.61
1062.799
1073.345
1087.373
1073.522
1067.777
1054.023
1146.771
1134.639
1062.941
1048.513
1060.816
1067.083
1168.474
1055.886
1080.551
1086.855
1082.818
1089.216
1050.055
1123.167
1121.372
1076.181
1054.992
1123.707
1044.525
1159.611
1103.225
1078.274
1096.929
1059.81
1117.712
1089.405
1077.606
1084.536
1084.797
1091.133
1122.544
1082.877
1136.951
1085.908
1087.629
1101.182
1069.994
1102.721
1099.995
1066.921
1084.476
1105.3
1018.911
1097.157
1113.121
1068.441
1025.991
1062.252
1061.287
1100.019
1091.426
1112.111
1082.835
1102.358
1127.914
1102.224
1084.713
1107.936
1085.683
1131.35
1095.57
1086.737
1070.858
1099.951
1027.752
1097.861
1074.635
1086.699
1034.906
1124.435
1041.116
1088.966
1090.183
1140.479
1066.935
1055.399
1064.121
1108.286
1162.737
1088.018
1056.899
1027.868
1056.702
1072.985
1111.938
1044.919
1112.321
1078.07
1116.916
1176.102
1090.009
960.1629
1119.257
1075.016
1061.327
1100.942
1001.051
1125.856
1097.411
1152.996
1137.897
1192.686
1066.427
1008.987
1077.084
1117.051
1059.671
1131.146
1091.999
1063.127
1059.067
1108.098
1143.706
1047.819
1060.365
1043.498
1088.457
1071.559
1067.919
1127.416
1057.821
1096.4
1083.694
1155.452
1086.988
1118.468
1089.885
1084.027
1077.892
1114.151
1082.169
1117.88
1077.293
1109.725
1112.969
1057.41
1118.016
1079.177
1068.658
1062.875
1009.592
1080.619
1102.686
1094.19
1101.644
1076.401
1043.024
1046.607
1086.984
1113.059
1027.504
1119.153
1100.548
1109.754
1067.296
1095.229
1140.317
1123.521
1127.307
1071.134
1119.455
1082.099
1084.839
1083.769
1055.311
1051.576
1075.72
1084.189
1105.202
1074.674
1090.116
1090.022
1082.378
1108.386
1069.129
1095.924
1122.159
1115.016
1091.498
1089.018
1034.99
1064.674
1131.912
1069.595
1097.128
1111.096
1087.553
1110.455
1046.476
1079.574
1084.285
1115.543
1110.392
1098.863
1098.998
1119.552
1077.953
1107.287
1095.552
1092.735
1087.817
1071.609
1068.128
1115.559
1051.597
1116.382
1064.675
1090.766
1055.905
1114.78
1070.443
1090.348
1076.912
1095.114
1012.381
1104.695
1128.965
1024.289
1078.402
1066.376
1107.872
1127.902
1096.992
1019.93
1077.555
1113.931
1061.955
1093.754
1101.096
1091.779
1137.906
1103.389
1131.463
1090.252
1118.942
1069.677
1058.593
1100.552
1095.288
1106.894
1103.751
1118.878
1095.656
1000.647
1068.646
1141.237
1002.423
1061.253
1122.343
1087.259
1117.387
1098.542
1156.821
1088.526
1092.26
1083.723
1105.533
1112.933
1076.628
1103.841
1083.981
1077.962
1085.21
1130.641
1088.517
1061.212
1082.252
1050.952
1102.981
1116.06
1127.814
1115.812
1104.002
1110.066
1100.781
1037.637
1132.438
1073.479
1127.633
1076.046
1067.079
1051.762
1104.445
1099.595
1072.862
1003.957
1081.792
1093.569
1071.005
1092.971
1109.034
1081.925
1067.588
1101.15
1084.359
1110.488
1073.006
1071.655
1081.998
1111.114
1060.091
1106.424
1113.512
1023.046
1051.614
1103.934
1113.792
1155.09
1108.783
1126.704
1131.811
1100.315
1075.987
1085.529
1056.654
1082.783
1061.604
1088.082
1077.021
1090.624
1093.915
1092.134
1106.71
1060.389
1065.097
1065.288
1033.176
1095.027
1104.732
1120.413
1028.858
1089.228
1057.133
1029.838
1134.281
1070.077
1114.443
1115.888
1097.613
1066.812
1122.746
1106.481
1038.74
1064.746
1107.29
1082.869
1080.793
1079.456
1118.253
1094.926
1084.31
1084.562
1113.859
1060.586
1120.051
1086.94
1099.147
1015.532
1091.966
1095.64
1102.112
1080.707
1050.875
1103.969
1056.781
1095.441
1100.858
1057.681
1088.184
1095.243
1081.13
1071.428
1093.084
1094.231
1087.876
1100.829
1100.324
1054.994
1107.773
1127.789
1163.996
1074.506
1145.498
1051.278
1058.019
1074.803
1035.47
1143.182
1107.786
1109.932
1095.561
1042
1058.93
1140.894
1115.021
1097.038
1058.778
1115.122
1129.504
1079.915
1045.721
1091.991
1117.308
1070.464
1066.203
1082.575
1108.724
1124.254
1069.764
1117.312
1066.866
1047.617
1081.951
1092.552
1072.308
1118.892
1066.076
1073.953
1128.013
1069.881
1097.627
1093.457
1091.031
1070.389
1080.722
1059.406
1090.639
1091.063
1138.005
1080.735
1135.949
1114.847
1049.522
1073.619
1100.445
1100.47
1067.282
1128.232
1117.465
1091.123
1120.078
1128.991
1038.41
1108.247
1038.113
1111.797
1115.265
1101.291
1078.047
1105.799
1090.597
1019.349
1078.993
1110.196
1067.458
1090.608
1126.014
1053.911
1090.12
1088.308
1078.254
1012.716
1084.726
1131.777
1108.349
1127.45
1127.045
1042.081
1051.389
1110.292
1068.353
1085.281
1103.148
1093.182
1096.86
1091.334
1085.143
1095.987
1089.907
1090.126
1102.365
1073.791
1101.011
1078.899
1093.392
1137.04
1078.762
1085.13
1095.332
1072.741
1089.161
1060.498
1105.958
1076.327
1098.858
1087.506
1070.476
1098.309
1122.72
1122.691
1126.007
1091.498
1121.771
1075.172
1116.316
1075.25
1082.456
1080.239
1088.734
1069.468
1068.006
1072.804
1088.242
1081.645
1087.431
1110.568
1096.262
1094.639
1048.439
1093.59
1108.996
1146.063
1086.618
1128.616
1086.626
1068.369
1090.411
1108.544
1133.394
1085.071
1124.577
1104.245
1122.766
1109.401
1075.423
1082.768
1070.42
1140.125
1060.273
1074.362
1063.292
1078.123
1093.702
1111.743
1066.368
1066.058
1078.94
1075.353
1142.487
1078.424
1105.165
1088.451
1077.729
1066.992
1135.709
1062.548
1101.05
1039.734
1155.238
1122.518
1119.808
1083.388
1050.595
1110.396
1088.32
1077.101
1005.27
1124.714
1065.066
1089.893
1121.635
1048.573
1088.723
1088.119
1108.671
1104.984
1106.1
1099.321
1096.589
1051.124
1067.469
1133.361
1084.348
1147.058
1090.851
1083.545
1107.759
1104.284
1089.902
1108.807
1113.823
1053.166
1143.846
1109.032
1088.342
1112.835
1121.786
1102.974
1078.071
1096.119
1097.268
1040.58
1038.596
1078.593
1108.103
1127.459
1043.812
1056.312
1128.389
1089.51
1113.108
1083.965
1148.825
1072.131
1057.857
1075.25
1109.431
1080.105
1097.428
1019.099
1064.098
1072.211
1099.412
1089.512
1094.901
1093.584
1105.598
1062.151
1067.942
1073.926
1084.773
1088.14
1129.782
1125.717
1135.921
1104.103
1150.338
1141.23
1102.184
1062.564
1052.436
1076.568
1091.617
1079.946
1085.16
1108.367
1075.731
1066.389
1074.547
1093.448
1074.329
1079.598
1142.758
1066.424
1100.249
1080.05
1050.046
1074.884
1022.99
1089.968
1090.224
1101.911
1065.903
1065.368
1094.994
1076.568
1091.003
1102.302
1073.538
1074.171
1093.252
1092.383
1044.584
1073.647
1050.138
1083.563
1111.671
1057.078
1069.755
1091.322
1100.695
1103.414
1109.605
1073.582
1111.257
1071.556
1068.835
1096.914
1064.99
1094.802
1103.176
1053.294
1055.327
1068.343
1080.106
1088.229
1100.344
1074.758
1039.659
1115.201
1053.201
1065.494
1085.673
1106.851
1075.589
1068.708
1077.956
1081.947
1083.334
1098.095
1089.514
1138.593
1052.356
1078.781
1049.9
1059.908
1075.397
1150.608
1115.595
1090.919
1144.895
1083.78
1055.399
1121.746
1110.058
1089.21
1065.186
1060.725
1061.526
1054.046
1071.061
1150.749
1074.163
1159.941
1091.661
1061.25
1058.076
1084.03
1116.517
1075.232
1068.246
1107.312
1122.364
1063.428
1070.687
1054.527
1100.271
1047.022
1087.499
1080.073
1059.111
1053.527
1131.863
1066.893
1087.275
1075.503
1107.77
1088.725
1109.216
1056.672
1111.817
1082.202
1092.381
1145.672
1121.469
1086.912
1107.072
1101.01
1133.448
1095.891
1079.497
1078.441
1069.668
1032.22
1049.12
1066.803
1089.828
1063.643
1088.272
1048.76
1141.958
1099.255
1075.855
1139.096
1058.11
1139.049
1117.466
1093.68
1119.322
1068.264
1097.916
1070.77
1149.02
1102.681
1110.477
1086.621
1066.082
1099.49
1072.448
1066.915
1102.98
1072.73
1086.873
1140.409
1106.874
1062.713
1089.334
1091.66
1096.28
1090.663
1105.557
1076.789
1043.3
1070.221
1110.7
1070.345
1126.884
1085.845
1089.161
1098.221
1082.972
1054.583
1099.067
1074.88
1094.402
1104.571
1099.891
1098.339
1091.802
1043.782
1016.882
1070.092
1088.456
1144.053
1074.891
1060.798
1095.522
1096.676
1119.797
1087.735
1120.455
1055.465
1085.046
1088.891
1037.143
1084.772
1104.3
1078.765
1064.856
1079.616
1048.688
1077.118
1107.101
1120.22
1039.686
1082.592
1071.684
1070.458
1099.65
1094.14
1091.87
1069.931
1117.09
1076.482
1119.898
1090.953
1085.138
1025.128
1111.599
1113.305
1087.274
1042.328
1065.144
1077.774
1040.983
1074.785
1080.55
1068.576
1121.948
1099.553
1067.014
1107.512
1125.218
1084.697
1078.884
1083.474
1092.467
1087.572
1090.964
1128.867
1099.519
1066.365
1097.434
1081.696
1070.303
1104.535
1089.622
1091.419
1081.985
1045.787
1114.316
1011.523
1077.832
1050.866
1084.546
1054.557
1104.271
1094.204
1115.699
1080.755
1057.233
1077.999
1058.844
1082.033
1051.482
1060.81
1081.832
1109.754
1084.535
1081.153
1068.441
1128.274
1134.446
1080.735
1061.78
1065.306
1094.076
1097.884
1142.518
1089.089
1122.891
1062.807
1093.15
1083.662
1114.799
1078.473
1080.78
1089.361
1062.795
1146.276
1078.884
1067.241
1121.783
1061.907
1072.552
1086.664
1090.118
1086.983
1085.719
1111.077
1064.41
1098.95
1108.253
1193.303
1044.538
1060.052
1071.294
1071.717
1044.036
1061.619
1127.558
1082.139
1088.624
1100.705
1043.334
1089.729
1102.59
1136.137
1123.866
1109.814
1086.043
1076.763
1087.959
1069.253
1122.795
1108.976
1055.672
1080.498
1108.504
1091.227
1092.888
1072.307
1094.33
1120.914
1096.528
1083.607
1078.72
1123.285
1078.423
1094.382
1100.765
1104.512
1103.48
1088.793
1133.217
1117.124
1107.923
1090.497
1103.767
1098.968
1115.34
1112.561
1098.561
1080.901
1101.393
1151.535
1084.578
1097.53
1077.748
1095.584
1061.114
1094.388
1048.029
1084.078
1112.882
1073.513
1096.715
1062.654
1071.396
1090.944
1084.49
1086.352
1088.994
1081.615
1074.124
1084.65
1046.505
1095.618
1083.093
1060.058
1101.108
1122.108
1081.756
1153.43
1156.723
1107.179
1111.018
1065.57
1103.079
1059.493
1088.399
1078.131
1073.588
1047.542
1054.222
1077.96
1071.489
1088.731
1098.065
1071.748
1074.753
1084.668
1059.976
1044.768
1051
1052.485
1065.514
1089.201
1092.984
1057.648
1113.456
1105.733
1121.275
1084.702
1114.587
1055.607
1079.642
1085.223
1079.504
1054.588
1072.161
1106.192
1102.75
1098.043
1092.936
1046.646
1083.421
1087.785
1053.405
1097.131
1112.256
1034.38
1122.529
1116.013
1109.523
1061.345
1086.004
1095.175
1106.097
1084.47
1108.338
1099.103
1056.886
1052.255
1041.227
1065.14
995.9557
1015.073
1073.838
1071.927
1097.753
1105.549
1123.21
1042.868
1090.199
1067.457
1066.337
1115.706
1043.502
1072.195
1077.34
1130.215
1123.304
1114.445
1079.892
1065.902
1089.472
1065.085
1088.063
1114.819
1063.621
1079.543
1078.482
1085.155
1134.301
1088.99
1063.027
1121.792
1092.729
1017.218
1089.903
1067.715
1147.101
1082.16
1057.827
1081.868
1101.483
1114.982
1082.013
1067.41
1121.148
1093.562
1100.413
1057.312
1111.108
1077.202
1074.512
1104.428
1084.08
1074.952
1104.589
1193.033
1089.309
1102.46
1105.167
1153.187
1115.757
1142.455
1143.845
1118.269
1121.298
1045.887
1068.569
1042.89
1114.279
1153.256
1069.117
1097.451
1092.896
1069.938
1086.022
1074.417
1058.9
1084.598
1002.792
1048.988
1063.377
1116.196
1113.073
1067.151
1107.018
1099.586
1113.944
1084.531
1070.261
1115.664
1104.219
1097.381
1080.978
1090.819
1106.907
1122.547
1004.289
1101.141
1049.916
1137.035
1081.415
1049.965
1083.654
1084.883
1099.107
1123.615
1032.245
1047.225
1134.412
1116.398
1108.652
1061.013
1078.85
1094.755
1105.843
1097.657
1094.137
1144.292
1083.027
1080.822
1067.283
1015.608
1081.241
1148.989
1129.35
1074.073
1053.369
1141.269
1094.1
1124.432
1084.658
1064.22
1084.708
1123.863
1062.273
1070.259
1110.639
1086.034
1102.729
1052.139
1070.93
1098.328
1116.431
1077.906
1078.092
1084.678
1127.085
1105.068
1092.777
1108.942
1100.983
1067.94
1098.629
1109.537
1046.555
1100.379
1116.177
1036.619
1085.233
1134.558
1117.132
1053.386
1087.727
1070.265
1093.629
1117.538
1054.942
1084.079
1062.575
1113.571
1067.401
1065.449
1114.072
1042.046
1114.148
1096.551
1108.536
1157.345
1088.253
1077.899
1072.259
1049.087
1107.037
1057.46
1067.116
1107.481
1095.053
1109.46
1125.385
1070.443
1113.086
1126.805
1121.42
1118.304
1090.663
1085.788
1059.684
1090.867
1098.904
1108.957
1097.468
1121.843
1102.419
1109.941
1179.171
1110.261
1112.077
1081.801
1035.577
1074.007
1086.712
1128.965
1109.347
1133.602
1137.43
1056.947
1118.957
1068.543
1084.058
1131.806
1104.814
1056.895
1084.526
1105.029
1055.93
1093.434
1072.877
1090.669
1087.773
1077.52
1102.673
1092.338
1097.009
1083.929
1106.241
1065.286
1086.273
1118.612
1065.555
1092.535
1053.116
1020.817
1044.577
1091.294
1061.654
1104.352
1047.663
1094.32
1046.434
1091.624
1045.384
1092.787
1116.964
1078.684
1098.821
1125.936
1105.896
1057.525
1097.828
1091.128
1098.856
1123.174
1070.254
1110.777
1076.131
1067.055
1049.672
1102.864
1091.339
1088.405
1110.477
1077.06
1111.067
1109.803
1086.33
1097.26
1108.781
1090.572
1076.803
1066.613
1100.76
1080.687
1131.319
1079.849
1102.119
1102.111
1092.43
1113.477
1076.178
1068.8
1072.373
1097.548
1077.625
1126.588
1115.995
1089.181
1092.206
1081.546
1106.217
1080.521
1130.291
1095.062
1110.097
1099.104
1099.865
1082.13
1113.451
1102.6
1083.331
1074.485
1101.829
1087.392
1099.338
1084.705
1080.538
1115.346
1051.779
1091.422
1082.185
1076.877
1086.507
1101.213
1107.911
1083.151
1056.51
1067.171
1083.317
1013.986
1060.68
1148.2
1072.525
1087.065
1083.394
1095.486
1079.556
1097.773
1058.192
1134.052
1068.413
1069.352
1057.149
1114.411
1129.833
1076.212
1089.366
1110.296
1087.693
1096.081
1120.227
1062.419
1030.171
1092.801
1123.312
1106.742
1119.146
1101.819
1100.205
1155.858
1083.49
1051.206
1089.945
1054.617
1043.867
1091.694
1085.173
1040.459
1122.055
1073.096
1155.996
1089.156
1066.292
1086.028
1169.611
1090.41
1142.254
1046.582
999.7895
1108.876
1052.89
1116.856
1107.82
1149.234
1089.604
1130.02
1139.92
1065.581
1060.568
1055.649
1118.511
1053.804
1083.346
1138.933
1075.573
1124.337
1051.3
1082.184
1056.821
1120.774
1042.607
1060.651
1102.658
1040.928
1108.149
1101.459
1021.11
1118.377
1133.929
1107.894
1057.123
1110.201
1139.368
1090.368
1086.843
1048.167
1098.566
1095.925
1078.109
1062.496
1104.668
1111.527
1084.61
1076.375
1070.807
1073.915
1128.768
1084.702
1067.354
1087.299
1077.232
1082.112
1094.611
1110.81
1074.304
1109.568
1069.488
1099.57
1023.258
1088.249
1113.158
1134.249
1110.06
1137.7
1031.35
1112.165
1123.003
1073.411
1084.28
1096.838
1115.33
1113.081
1070.428
1061.057
1053.385
1059.094
1081.252
1080.168
1092.525
1079.359
1114.564
1125.057
1095.692
1066.543
1058.566
1065.708
1109.899
1103.814
1054.031
1115.531
1064.161
1069.368
1059.609
1028.218
1068.931
1111.196
1133.614
1085.612
1078.453
1085.43
1099.821
1126.152
1075.089
1110.133
1058.136
1061.897
1090.888
1101.888
1075.045
1109.261
1031.322
1130.123
1138.521
1060.085
1087.847
1126.228
1087.793
1076.835
1134.235
1053.03
1096.078
1071.843
1131.301
1126.807
1099.197
1100.148
1070.537
1089.681
1050.066
1095.831
1102.036
1100.587
1083.111
1100.268
1078.513
1101.456
1085.897
1148.161
1048.827
1083.68
1085.954
1105.652
1108.523
1042.339
1086.947
1071.211
1102.041
1056.387
1051.067
1087.195
1103.296
1064.535
1047.281
1070.142
1080.152
1098.616
1053.957
1090.833
1055.647
1087.876
1124.175
1067.661
1101.337
1086.699
1090.54
1056.632
1067.147
1051.83
1120.172
1106.053
1103.304
1079.167
1111.271
1105.071
1096.372
1093.533
1100.272
1138.859
1140.774
1121.699
1078.574
1053.212
1045.707
1075.809
1088.674
1044.314
1116.49
1082.458
1079.633
1098.269
1081.296
1081.234
1068.464
1058.621
1112.069
1078.796
1110.201
1041.638
1067.274
1048.671
1063.123
1041.387
1113.186
1041.006
1076.789
1067.404
1118.167
1094.762
1079.459
1070.981
1088.019
1130.694
1127.233
1089.165
1055.766
1078.219
1094.173
1084.172
1101.82
1110.739
1063.722
1080.721
1115.795
1102.711
1075.521
1058.957
1090.334
1062.333
1060.535
1148.227
1156.731
1105.493
1064.371
1089.002
1071.632
1101.797
1067.264
1069.678
1081.655
1121.884
1136.713
1146.114
1054.693
1109.83
1060.927
1069.399
1120.87
1037.411
1064.976
1096.308
1099.951
1081.237
1117.917
1050.567
1108.951
1109.827
1066.376
1051.852
1096.172
1119.603
1089.698
1083.588
1101.5
1090.694
1128.612
1060.616
1112.915
1106.946
1167.631
1138.487
1062.732
1122.019
1123.428
1102.186
1076.406
987.6831
1082.356
1024.635
1119.943
1049.857
1110.949
1139.813
1063.557
1138.108
1065.871
1063.554
1088.147
1095.138
1078.827
1065.75
1069.441
1099.542
1102.778
1050.34
1045.445
1011.456
1077.779
1109.071
1099.775
1098.201
1071.108
1107.94
1100.99
1069.059
1087.573
1067.855
1112.045
1030.075
1129.842
1094.46
1040.561
1153.762
1029.261
1132.054
1038.092
1095.937
1087.688
1110.653
1055.976
1069.931
1065.493
1110.405
1083.014
1085.112
1083.526
1114.746
1082.69
1105.988
1135.325
1050.749
1095.627
1113.163
1069.007
1052.17
1051.004
982.6829
1153.776
1082.24
1060.753
1098.742
1122.299
1040.726
1072.032
1135.973
1136.833
1105.544
1096.204
1106.109
1109.267
1098.837
1072.139
1103.385
1061.329
1132.679
1084.611
1054.946
1070.17
1092.628
1101.131
1153.639
1071.598
1083.914
1132.295
1076.878
1136.752
1074.036
1081.401
1040.752
1067.201
1092.385
1034.569
1103.531
1135.49
1086.707
1109.008
1098.57
1068.56
979.765
1074.448
1083.664
1095.164
1094.344
1118.376
1082.696
1092.91
1096.985
1139.422
1092.074
1057.607
1089.433
1106.968
1094.475
1105.362
1076.562
1103.43
1078.138
1078.176
1083.352
1080.407
1088.626
1082.827
1082.72
1124.239
1111.025
1042.783
1085.731
1056.847
1119.832
1152.142
1080.444
1086.41
1064.947
1079.881
1058.534
1055.901
1091.572
1086.634
1071.082
1062.868
1070.907
1086.525
1123.677
1068.399
1065.45
1105.351
1125.149
1107.45
1061.134
1139.78
1080.89
1102.126
1051.969
1113.727
1059.987
1098.645
1085.854
1079.547
1030.478
1081.687
1117.84
1072.638
1070.219
1070.786
1108.953
1111.15
1034.254
1082.606
1070.773
1108.575
1093.641
1024.821
1103.332
1075.68
1059.661
1101.366
1090.796
1083.442
1028.938
1091.046
1125.623
1066.884
1093.92
1084.224
1042.049
1123.502
1090.713
1140.618
1026.441
1083.487
1127.369
1101.546
1056.03
1084.911
1075.171
1058.464
1070.228
1104.014
1056.105
1071.483
1075.838
1116.298
1064.34
1086.903
1123.865
1115.653
1052.56
1098.087
1112.328
1084.949
1102.047
1070.502
1117.058
1090.439
1108.943
1057.303
1078.138
1094.725
1044.087
1059.619
1114.029
1057.17
1076.968
1074.785
1095.872
1084.905
1082.634
1108.857
1032.074
1111.094
1100.942
1090.13
1047.048
1068.522
1100.617
1091.953
1071.87
1041.159
1069.137
1130.483
1060.448
1081.67
1106.751
1091.593
1123.693
1048.277
998.19
1076.333
1081.97
1080.892
1105.841
1083.779
1078.754
1097.276
1104.909
1074.667
1077.992
1096.591
1083.304
1114.605
1077.828
1122.702
1123.478
1038.882
1141.571
1108.129
1053.786
1100.25
1042.195
1093.913
1096.935
1066.795
1122.619
1087.428
1088.356
1134.596
1069.561
1078.8
1071.248
1107.832
1104.629
1101.57
1111.442
1103.28
1064.166
1064.819
1074.93
1076.22
1111.762
1086.918
1080.973
1098.037
1081.56
1095.34
1068.775
1051.402
1066.549
1103.326
1110.817
1116.567
1085.211
1029.36
1069.802
1095.025
1110.229
1068.682
1129.609
1107.418
1074.616
1059.009
1147.004
1079.017
1108.397
1084.421
1023.512
1084.32
1085.41
1117.493
1103.683
1085.105
1152.211
1121.019
1129.825
1086.799
1052.812
1115.319
1064.5
1087.723
1081.829
1056.105
1095.601
1115.354
1070.847
1144.992
1158.495
1125.776
1113.315
1049.221
1066.847
1101.764
1099.389
1114.163
1088.468
1071.685
1065.374
1107.456
1084.589
1078.039
1081.617
1111.189
1099.794
1115.137
1128.827
1104.702
1055.973
1056.235
1065.843
1093.805
1116.646
1095.622
1105.352
1097.219
1074.726
1096.177
1063.76
1088.685
1055.775
1084.589
1104.768
1121.593
1088.03
1152.527
1088.766
1081.491
1117.74
1077.101
1073.542
1054.197
1158.34
1097.45
1094.067
1063.017
1032.524
1116.463
1150.768
1089.964
1121.324
1111.733
1078.958
1050.247
1074.241
1069.376
1061.364
1132.289
1070.44
1080.55
1131.213
1100.728
1083.185
1079.865
1079.413
1076.935
1099.982
1084.22
1049.313
1091.842
1004.159
1069.97
1112.923
1071.585
1072.578
1059.316
1147.417
1122.199
1082.404
1081.458
1088.484
1139.92
1040.966
1062.02
1086.677
1102.469
1088.688
1098.893
1110.447
1108.341
1107.524
1052.83
1091.362
1085.506
1106.351
1076.86
1081.026
1075.31
1073.576
1081.884
1109.777
1037.761
1117.359
1115.834
1094.42
1088.62
1110.778
1084.79
1099.734
1095.878
1039.39
1043.952
1106.51
1091.135
1116.25
1097.007
1096.956
1132.863
1084.877
1129.632
1072.383
1091.22
1084.533
1111.938
1116.225
1088.153
1095.886
1045.166
1123.268
1069.211
1081.429
1143.202
1097.129
1094.554
1073.105
1086.244
1077.398
1108.338
1047.199
1076.919
1032.806
1118.668
1090.989
1080.361
1082.123
1052.704
1133.06
1080.535
1120.79
1111.926
1069.185
1142.711
1070.94
1105.945
1123.817
1079.436
1086.044
1113.278
1066.649
1091.799
1123.834
1078.159
1123.777
1137.179
1062.737
1080.934
1119.586
1077.053
1110.507
1069.806
1138.188
1079.753
1063.353
1037.479
1071.553
1114.135
1078.26
1072.227
1057.679
1078.631
1063.655
1094.513
1081.873
1116.585
1071.999
1111.343
1082.484
1104
1030.644
1110.579
1044.379
1115.785
1073.554
1094.553
1142.067
1113.29
1071.962
1096.603
1099.781
1072.532
1087.593
1083.923
1105.861
1095.916
1052.305
1061.758
1064.407
1063.258
1105.172
1149.149
1098.247
1071.512
1051.585
1128.47
1042.857
1148.653
1091.133
1089.975
1070.654
1078.717
1067.349
1099.77
1128.708
1054.504
1077.893
1092.236
1106.968
1089.329
1086.977
1107.81
1094.482
1054.704
1084.199
1043.257
1081.603
1181.584
1040.933
1110.608
1074.796
1088.835
1066.591
1044.388
1124.958
1136.645
1094.184
1059.099
1076.734
1084.35
1094.735
1064.599
1113.854
1122.213
1104.791
1098.747
1113.465
1141.289
1082.204
1123.115
1070.886
1095.06
1103.602
1095.693
1064.926
1115.887
1126.961
1035.839
1059.631
1117.522
1078.299
1104.057
1125.988
1049.283
1090.844
1093.841
1081.518
1126.581
1101.523
1094.503
1031.006
1077.063
1084.044
1116.193
1074.188
1067.566
1100.347
1069.742
1083.979
1092.681
1103
1095.138
1073.145
1092.267
1114.839
1122.42
1101.804
1036.837
1085.348
1093.236
1123.603
1086.994
1078.306
1096.094
1132.231
1103.857
1068.014
1115.149
1089.215
1114.189
1088.64
1080.521
1106.716
1082.016
1067.546
1121.291
1065.662
1142.936
1094.096
1126.488
1087.329
1127.808
1055.692
1074.932
1068.301
1131.157
1108.472
1056.803
1120.275
1062.95
1091.913
1113.105
1078.302
1083.655
1116.811
1100.155
1137.337
1073.195
1092.147
1054.657
1063.407
1072.354
1048.087
1092.935
1055.876
1114.606
1039.588
1072.011
1125.587
1085.169
1096.84
1049.561
1125.871
1078.465
1096.422
1146.721
1088.427
1090.149
1111.055
1120.817
1040.818
1139.053
1083.313
1118.734
1085.1
1045.187
1093.67
1043.994
1142.862
1075.23
1106.793
1077.165
1083.233
1107.96
1103.431
1078.518
1136.298
1087.686
1105.404
1054.875
1165.543
1090.189
1089.919
1132.335
1063.999
1111.375
1096.52
1096.803
1085.743
1109.595
1115.542
1062.475
1102.969
1100.518
1084.236
1111.914
1094.96
1085.107
1113.11
1059.934
1100.084
1072.293
1077.706
1074.249
1066.01
1082.638
1067.919
1085.995
1109.832
1150.305
1115.303
1092.828
1065.957
1047.657
1024.682
1119.883
1083.467
1057.201
1080.788
1096.259
1088.467
1092.058
1066.303
1111.351
1123.732
1089.856
1080.439
1110.013
1087.173
1125.289
1058.894
1126.33
1086.967
1073.539
1096.046
1057.392
1113.872
1095.221
1067.736
1114.302
1072.948
1076.519
1118.919
1094.969
1089.548
1060.776
1097.814
1085.518
1110.857
1115.769
1131.086
1059.139
1120.302
1045.874
1102.954
1102.617
1083.76
1047.746
1082.63
1094.719
1062.412
1051.529
1057.739
1073.032
1107.526
1081.81
1072.533
1066.138
1088.233
1049.197
1052.16
1034.874
1107.429
1085.629
1112.813
1146.301
1089.525
1037.712
1091.383
1064.709
1097.993
1086.441
1128.734
1107.512
1096.696
1072.46
1090.866
1151.335
1084.513
1061.744
1111.87
1064.449
1110.105
1114.146
1069.749
1096.493
1090.477
1044.272
1078.917
1162.441
1044.154
1122.882
1083.234
1077.904
1123.372
1101.175
1110.214
1099.109
1093.47
1051.216
1054.228
1085.376
1062.754
1136.578
1057.625
1069.315
1028.404
1117.172
1103.515
1093.665
1059.029
1102.573
1088.777
1113.397
1113.524
1077.362
1078.417
1046.479
1053.56
1117.588
1077.372
1054.235
1069.095
1108.601
1118.001
1087.116
1117.953
1057.725
1121.343
1117.909
1097.574
1043.724
1105.078
1088.554
1100.952
1099.212
1080.987
1074.327
1097.558
1103.787
1078.132
1089.854
1102.912
1070.585
1077.713
1082.178
1070.605
1104.057
1063.157
1061.213
1071.563
1062.721
1081.236
1089.79
1132.237
1063.652
1048.834
1128.249
1091.315
1041.955
1056.109
1098.106
1121.294
1079.112
1072.414
1135.641
1120.196
1087.968
1088.191
1072.578
1106.325
1089.928
1134.184
1078.362
1065.791
1098.299
1057.803
1081.387
1080.091
1134.755
1073.256
1116.614
1083.446
1108.379
1094.073
1060.063
1099.998
1114.862
1112.639
1114.134
1083.642
1112.005
1142.254
1086.188
1124.383
1122.788
1066.819
1101.544
1098.39
1086.469
1133.944
1047.146
1034.704
1083.39
1064.049
1092.579
1093.522
1097.609
1058.795
1071.404
1135.681
1071.649
1028.229
1094.046
1105.539
1071.8
1080.062
1115.413
1099.857
1089.726
1112.383
1096.549
1068.739
1062.459
1078.483
1055.967
1049.788
1049.7
1160.623
1106.386
1031.097
1074.468
1100.186
1146.406
1158.869
1059.011
1072.522
1084.797
1119.624
1060.174
1066.39
1118.495
1056.751
1062.007
1076.765
1083.534
1039.651
1101.417
1042.107
1018.257
1102.645
1084.343
1060.662
1111.077
1068.306
1080.704
1100.148
1112.246
1068.967
1096.651
1088.516
1131.871
1071.913
1109.97
1086.355
1088.137
1072.3
1030.86
1103.212
1077.598
1081.037
1113.287
1081.658
1089.28
1047.829
1086.605
1067.227
1056.443
1040.368
1069.82
1103.377
1087.642
1128.919
1091.239
1109.96
1048.168
1125.463
1067.345
1088.415
1044.935
1077.49
1139.174
1114.946
1063.61
1088.68
1160.913
1012.955
1085.734
1102.986
1115.513
1077.011
1083.055
1073.533
1076.491
1089.808
1101.838
1083.505
1119.642
1113.89
1095.982
1136.53
1054.903
1166.688
1036.692
1111.074
1048.431
1100.124
1143.275
1065.381
1048.372
1077.696
1105.249
1104.513
1075.283
1063.429
1087.417
1050.858
1048.677
1075.983
1136.455
1094.692
1097.389
1080
1104.664
1095.595
1080.263
1117.815
1113.593
1108.989
1052.465
1132.168
1058.398
1088.064
1081.856
1088.559
1083.771
1091.401
1059.33
1083.536
1027.21
1119.508
1092.83
1082.53
1064.788
1042.157
1053.883
1058.382
1067.723
1054.997
1123.364
1106.565
1125.6
1084.43
1053.641
1094.623
1069.424
1061.868
1077.081
1111.01
1113.358
1116.43
1065.354
1132.151
1084.672
1066.601
1060.989
1091.1
1135.819
1045.294
1093.358
1080.592
1106.131
1126.211
1094.097
1054.835
1068.407
1086.929
1060.421
1113.783
1106.916
1089.04
1059.935
1119.657
1075.339
1098.657
1103.312
1066.261
1075.752
1090.617
1094.231
1056.585
1100.604
1082.931
1085.55
1074.753
1081.005
1104.575
1115.584
1084.18
1117.381
1079.542
1072.708
1105.177
1090.66
1094.177
1078.62
1077.097
1084.996
1091.037
1087.529
1088.255
1091.944
1086.18
1061.048
1104.108
1094.219
1042.215
1070.027
1074.694
1098.089
1141.285
1119.345
1121.87
1083.608
1106.079
1067.248
1098.22
1079.621
1055.27
1048.525
1064.345
1079.028
1128.096
1072.888
1059.469
1057.119
1097.285
1072.597
1079.073
1075.907
1117.075
1058.623
1073.226
1104.093
1106.324
1102.403
1083.003
1107.973
1045.677
996.0476
1063.29
1094.767
1076.062
1090.999
1086.842
1077.044
1078.948
1069.36
1080.747
1079.465
1061.263
1095.004
1125.192
1080.575
1118.758
1150.515
1106.897
1076.498
1081.467
1096.806
1072.991
1137.245
1079.806
1109.163
1070.518
1081.294
1091.912
1096.675
1103.844
1112.991
1079.156
1077.334
1126.701
1130.331
1048.696
1100.293
1105.828
1102.847
1088.928
1073.217
1054.881
1117.652
1094.773
1102.542
1062.655
1085.397
1083.671
1098.83
1124.404
1141.418
1090.345
1076.378
1066.41
1136.26
1098.643
1117.407
1115.668
1091.989
1152.941
1063.387
1103.821
1092.712
1085.428
1064.35
1074.01
1042.832
1089.734
1078.94
1085.038
1080.288
1098.991
1073.837
1091.46
1068.263
1091.625
1045.022
1057.488
1095.465
1063.515
1089.643
1078.822
1097.669
1104.788
1085.185
1087.89
1065.932
1085.801
1067.187
1101.805
1097.101
1108.401
1098.503
1091.154
1072.605
1080.493
1079.325
1100.236
1081.51
1100.507
1062.862
1068.068
1085.46
1104.575
1119.933
1131.571
1097.997
1125.555
1131.255
1068.366
1117.376
1087.674
1095.26
1120.287
1125.203
1140.886
1130.43
1085.959
1137.019
1066.931
1036.804
1066.53
1059.298
1133.503
1124.32
1098.53
1078.544
1033.908
1086.938
1086.436
1112.71
1076.38
1102
1134.42
1073.543
1073.095
1123.077
1118.859
1096.421
1098.052
1164.299
1103.835
1064.69
1083.917
1091.497
1062.427
1084.379
1092.666
1078.104
1069.068
1102.082
1064.225
1089.537
1069.669
1114.423
1087.399
1090.971
1044.337
1045.632
1096.348
1079.747
1082.409
1076.249
1062.57
1083.152
1082.519
1059.414
1066.699
1092.669
1106.939
1073.135
1092.086
1096.614
1115.522
1129.004
1091.688
1126.695
1009.64
1108.94
1087.709
1084.581
1085.209
1078.725
1098.688
1038.842
1080.772
1084.114
1085.575
1092.213
1051.311
1084.165
1098.08
1069.833
1113.7
1095.691
1076.575
1117.429
1129.171
1132.631
1099.764
1143.824
1072.519
1098.49
1129.562
1081.443
1144.563
1126.734
1140.125
1086.057
1083.366
1143.488
1144.849
1052.45
1081.141
1074.851
1020.694
1063.927
1107.943
1111.828
1083.014
1118.154
1109.366
1046.628
1059.317
1093.396
1087.722
1059.429
1156.402
1128.533
1052.335
1115.464
1068.748
1081.575
1039.665
1045.27
1051.503
1086.127
1108.596
1116.058
1103.961
1055.923
1077.727
1055.293
1110.004
1125.163
1103.22
1097.17
1064.106
1111.458
1077.164
1096.657
1065.944
1121.331
1061.365
1120.288
1120.01
1114.576
1071.74
1103.856
1110.202
1076.344
1111.058
1078.622
1103.081
1094.632
1083.792
1115.18
1088.68
1094.091
1135.402
1127.929
1074.018
1057.09
1066.508
1096.99
1128.099
1092.4
1035.814
1059.948
1081.113
1080.977
1108.993
1087.345
1098.112
1121.816
1120.473
1075.754
1112.661
1064.448
1065.9
1073.83
1068.828
1056.826
1111.939
1129.826
1041.328
1074.779
1063.159
1115.784
1063.184
1023.876
1033.949
1128.432
1051.96
1087.294
1106.761
1077.601
1085.992
1078.766
1096.268
1144.738
1117.615
1053.499
1120.555
1115.514
1086.902
1059.687
1063.36
1133.621
1123.314
1059.195
1097.861
1101.95
1091.659
1083.339
1074.347
1070.75
1105.892
1086.615
1104.295
1118.396
1099.514
1112.04
1039.586
1058.744
1078.956
1038.65
1110.209
1096.635
1082.962
1148.726
1089.769
1078.388
1084.006
1117.153
1083.764
1095.856
1142.763
1080.286
1090.258
1085.264
1112.224
1039.453
1084.601
1050.844
1021.732
1096.9
1005.369
1111.95
1077.399
1032.689
1101.191
1122.14
1040.072
1091.839
1085.17
1037.836
1119.637
1068.67
1117.259
1151.002
1122.781
1086.083
1024.761
1118.546
1067.255
1100.399
1091.914
1071.912
1129.504
1092.053
1035.389
1029.166
1047.738
1119.766
1120.913
1043.762
1065.622
1106.224
1070.484
1049.799
1093.356
1086.97
1139.596
1049.969
1096.912
1068.216
1144.262
1071.407
1103.579
1052.785
1115.561
1086.548
1061.175
1091.929
1106.632
1069.722
1134.216
1114.148
1067.728
1084.993
1106.109
1114.476
1086.671
1068.421
1081.755
1084.765
1074.588
1077.378
1086.952
1045.704
1053.499
1100.89
1030.679
1081.719
1114.082
1095.357
1160.661
1089.192
1046.747
1074.592
1083.376
1078.015
1083.851
1082.205
1118.05
1112.921
1083.378
1044.292
1116.643
1069.567
1157.578
1058.609
1126.384
1123.528
1061.733
1140.553
1053.734
1085.007
1066.701
1067.609
1107.748
1103.509
1122.351
1078.576
1088.409
1138.965
1046.197
1114.443
1109.54
1120.587
1091.353
1052.538
1053.573
1053.851
1095.423
1090.403
1071.245
1119.697
1065.15
1085.588
1051.945
1054.823
1127.569
1100.845
1090.305
1046.365
1081.758
1058.133
1126.476
1073.732
1052.803
1112.899
1103.259
1083.454
1096.507
1056.979
1100.884
1068.323
1080.102
1042.469
1052.607
1133.111
1079.193
1089.149
1085.758
1087.004
1089.793
1065.367
1068.672
1075.825
1098.938
1080.521
1117.001
1095.509
1102.565
1070.119
1082.377
1080.5
1093.708
1115.145
1088.332
1089.755
1113.092
1061.084
1089.015
1085.652
1108.596
1084.387
1058.567
1084.549
1075.168
1142.506
1018.496
1133.6
1104.265
1070.255
1034.378
1089.708
1127.034
1121.282
1057.596
1109.482
1041.583
1043.062
1088.618
1063.247
1103.34
1111.189
1107.32
1090.36
1101.596
1101.316
1087.044
1045.427
1119.483
1058.333
1089.459
1131.022
1147.687
1111.665
1100.059
1149.13
1099.879
1021.473
1060.695
1118.445
1098.386
1130.227
1082.361
1095.117
1081.979
1144.282
1052.311
1099.83
1093.299
1051.154
1080.874
1057.755
1083.274
1093.402
1057.3
1076.587
1148.934
1087.386
1075.965
1139.814
1075.788
1071.696
1094.763
1090.774
1138.545
1070.251
1107.43
1109.367
1046.722
1075.359
1064.299
1086.05
1081.185
1093.574
1091.636
1049.771
1105
1068.601
1068.027
1116.348
1119.994
1094.893
1097.999
1073.463
1072.866
1106.274
1109.205
1085.986
1064.993
1060.814
1095.839
1091.638
1059.596
1082.783
1102.151
1090.938
1106.848
1075.529
1146.448
1135.963
1093.972
1090.347
1042.161
1081.932
1063.162
1109.77
1015.102
1101.453
1121.078
1034.084
1038.218
1097.139
1116.971
1099.627
1120.153
1065.955
1074.824
1063.727
1143.088
1115.302
1042.696
1083.104
1104.175
1118.73
1099.668
1073.425
1068.022
1095.747
1113.896
1124.31
1074.1
1102.879
1096.148
1071
1090.348
1058.948
1048.118
1083.793
1097.856
1102.683
1089.572
1103.824
1063.413
1111.457
1100.71
1100.413
1102.486
1083.858
1086.86
1097.266
1104.538
1054.939
1111.327
1086.404
1082.484
1101.097
1096.927
1080.32
1060.709
1043.404
1033.826
1060.143
1042.073
1116.564
1050.794
1065.937
1088.95
1078.31
1059.101
1115.43
1103.923
1122.184
1079.587
1110.672
1104.871
1101.226
1092.73
1102.509
1078.352
1100.527
1149.228
1082.741
1105.795
1062.878
1071.9
1119.768
1122.965
1116.593
1127.993
1113.047
1086.012
1061.128
1084.076
1112.486
1088.753
1095.205
1118.905
1074.882
1113.674
1103.993
1067.568
1130.737
1062.251
1106.211
1035.424
1069.5
1080.319
1067.976
1109.649
1083.76
1078.244
1066.348
1129.731
1098.047
1120.083
1094.322
1063.803
1087.254
1075.026
1087.529
1067.422
1092.71
1112.656
1084.432
1090.889
1077.145
1111.852
1123.775
1110.908
1099.769
1039.834
1096.781
1148.717
1037.413
1087.82
1081.415
1115.291
1072.344
1142.823
1088.471
1119.647
1114.44
1115.856
1054.672
1095.319
1133.789
1178.624
1115.295
1071.68
1076.618
1096.699
1076.881
1034.058
1084.078
1095.451
1088.734
1072.09
1062.75
1109.102
1024.601
1072.069
1024.411
1042.235
1074.6
1134.828
1104.546
1113.673
1121.315
1022.945
1085.066
1053.551
1087.674
1131.88
1057.929
1096.355
1072.257
1059.984
1094.531
1145.642
1078.483
1068.389
1062.533
1144.941
1061.828
1100.445
1062.969
1065.087
1110.525
1065.032
1109.034
1046.246
1035.037
1139.1
1056.338
1085.94
1097.273
1076.741
1107.526
1129
1072.012
1121.977
1105.876
1084.53
1073.951
1067.067
1055.77
1055.08
1047.525
1081.334
1108.394
1110.453
1107.964
1062.325
1035.041
1060.746
1072.702
1088.181
1065.613
1112.775
1101.918
1146.158
1024.357
1123.04
1104.469
1132.805
1111.911
1061.992
1088.016
1043.133
1120.247
1057.13
1102.621
1124.045
1123.364
1076.042
1083.928
1077.722
1077.876
1071.444
1098.783
1057.498
1060.153
1110.656
1071.82
1111.092
1082.333
1104.359
1104.895
1086.429
1086.791
1108.238
1119.93
1045.46
1090.521
1064.04
1080.088
1043.383
1137.455
1144.534
1142.324
1023.704
1035.139
1109.928
1094.606
1077.457
1121.676
1051.409
1104.255
1098.007
1114.003
1060.949
1068.792
1095.317
1138.465
1078.395
1095.129
1077.784
1084.064
1119.551
1122.939
1081.044
1086.049
1067.17
1068.516
1108.571
1112.054
1055.438
1071.901
1096.207
1041.663
1009.406
1059.75
1117.608
1093.939
1096.847
1110.289
1062.187
1050.921
1047.513
1062.134
1064.887
1071.49
1111.791
1091.076
1093.075
1099.79
1140.575
1076.695
1109.464
1110.447
1072.939
1104.706
1086.64
1079.126
1112.272
1130.509
1103.386
1069.176
1115.468
1089.438
1124.829
1064.582
1086.838
1064.824
1106.678
1098.093
1075.369
1114.637
1107.849
1086.242
1080.671
1043.297
1102.507
1058.724
1081.366
1053.267
1102.188
1046.472
1097.194
1080.922
1069.487
1073.138
1065.147
1085.698
1086.711
1066.228
1125.247
1098.286
1103.115
1042.189
1101.312
1011.228
1052.297
1072.633
1035.724
1119.867
1106.75
1056.369
1093.398
1074.718
1034.326
1018.852
1135.624
1119.49
1097.205
1106.772
1109.831
1076.049
1066.166
1121.089
1140.671
1138.446
1067.807
1112.286
1050.962
1052.9
1090.604
1120.303
1084.384
1041.051
1115.01
1099.249
1082.83
1064.337
1039.678
1098.781
1068.655
1120.012
1100.215
1128.436
1122.913
1105.163
1050.575
1103.132
1054.821
1109.331
1106.451
1080.714
1061.449
1092.271
1105.644
1079.648
1091.532
1068.323
1068.917
1082.654
1090.345
1082.88
1056.235
1057.362
1051.916
1088.533
1086.391
1082.326
1128.17
1090.952
1077.032
1082.435
1084.555
1154.583
997.9565
1105.605
1093.885
1075.289
1133.896
1088.35
1068.917
1070.719
1043.553
1073.984
1084.904
1089.279
1068.007
1114.084
1076.335
1093.058
1084.314
1051.538
1086.691
1011.903
1077.365
1097.356
1116.673
1098.962
1124.014
1087.177
1091.038
1109.514
1096.788
1072.458
1057.117
1090.379
1120.95
1103.231
1068.962
1106.244
1121.05
1129.382
1115.553
1114.097
1102.212
1089.762
1085.819
1115.431
1067.98
1114.092
1084.932
1021.263
1075.203
1065.167
1117.524
1098.824
1074.052
1052.501
1091.001
1055.843
1090.865
1076.402
1078.77
1095.462
1099.905
1131.947
1020.627
1068.807
1091.165
1110.838
1097.958
1079.37
1102.826
1030.942
1110.108
1097.376
1116.655
1105.735
1113.712
1023.538
1113.293
1045.769
1063.398
1142.421
1068.143
1096.871
1115.021
1108.865
1076.056
1155.054
1091.008
1120.783
1098.685
1145.347
1054.062
1103.105
1087.466
1166.511
1086.277
1075.171
1102.499
1055.163
1134.202
1102.877
1106.719
1016.048
1091.542
1126.974
1099.326
1107.048
1104.928
1100.853
1105.874
1089.226
1096.619
1096.984
1118.291
1085.763
1079.563
1088.766
1099.429
1071.342
1099.497
1071.674
1094.607
1080.595
1111.086
1103.275
1098.425
1076.419
1063.734
1123.061
1055.465
1039.766
1124.836
1089.594
1069.84
1091.151
1087.858
1118.274
1088.376
1087.895
1091.555
1103.378
1077.451
1067.684
1074.056
1033.986
1069.899
1088.579
1072.248
1085.461
1063.993
1077.42
1069.105
1110.23
1090.96
1081.289
1133.601
1056.313
1088.41
1116.144
1099.755
1096.283
1103.575
1075.319
1084.442
1104.924
1122.835
1078.511
1118
1101.572
1073.944
1079.502
1071.832
1094.495
1068.486
1102.2
1061.598
1069.771
1078.517
1104.581
1093.519
1062.784
1084.232
1088.093
1074.309
1063.875
1083.478
1102.193
1082.579
1077.862
1092.747
1075.318
1081.821
1128.698
1026.998
1091.347
1029.541
1115.599
1085.709
1046.796
1098.507
1035.491
1104.22
1119.203
1094.918
1120.448
1125.118
1078.711
1054.021
1085.159
1118.286
1118.665
1104.821
1127.964
1156.115
1064.426
1077.197
1097.163
1086.313
1096.514
1059.215
1114.79
1082.614
1087.376
1090.734
1026.385
1091.666
1102.992
1108.614
1078.896
1115.982
1047.772
1092.864
1097.196
1114.684
1094.628
1082.813
1045.815
1062.566
1132.937
1105.882
1090.198
1068.718
1033.715
1144.032
1068.124
1063.231
1103.059
1001.041
1068.902
1110.119
1125.491
1041.529
1116.707
1055.292
1103.12
1078.319
1128.324
1089.069
1085.078
1131.331
1107.977
1111.584
1102.998
1115.48
1108.03
1105.699
1106.648
1088.116
1078.718
1091.926
1070.911
1128.455
1064.689
1080.431
1095.085
1070.205
1086.095
1032.697
1096.993
1107.658
1042.013
1087.234
1105.337
1090.093
1080.797
1063.05
1119.67
1105.788
1065.92
1127.944
1094.12
1117.104
1117.28
1079.908
1092.283
1078.681
1098.733
1143.04
1064.333
1067.777
1082.473
1039.353
1107.082
1082.669
1084.259
1057.744
1113.902
1075.098
1110.589
1077.038
1180.459
1095.877
1076.121
1096.843
1072.963
1089.011
1066.982
1078.25
1060.399
1068.498
1124.392
1054.967
1088.289
1069.748
1097.313
1055.375
1055.184
1113.227
1079.948
1073.529
1026.239
1097.211
1079.407
1073.439
1086.568
1121.383
1125.12
1040.813
1103.222
1118.052
1055.949
1095.928
1093.97
1124.924
1137.45
1088.035
1102.424
1112.614
1082.044
1123.535
1103.663
1086.917
1082.111
1097.639
1089.312
1078.167
1097.574
1126.577
1063.893
1106.917
1061.398
1075.697
1075.095
1007.844
1079.381
1045.056
1045.31
1075.778
1089.673
1087.395
1107.889
1157.671
1069.606
1048.936
1100.364
1088.028
1117.223
1091.769
1084
1089.288
1090.723
1110.296
1103.158
1100.376
1085.788
1072.128
1114.203
1082.895
1068.007
1106.506
1078.403
1064.978
1106.799
1087.181
1082.174
1133.244
1128.607
1114.897
1082.831
1116.335
1056.983
1130.181
1095.911
1123.536
1065.001
1066.199
1108.043
1119.474
1055.355
1078.224
1085.942
1085.173
1091.653
1108.189
1108.003
1044.939
1084.243
1105.505
1078.652
1122.345
1043.208
1081.276
1073.03
1098.783
1093.385
1047.769
1121.379
1045.518
1112.519
1052.377
1063.093
1111.017
1096.067
1086.438
1128.814
1112.158
1081.889
1058.708
1152.877
1115.101
1070.582
1055.458
1068.527
1086.962
1085.396
1091.018
1060.834
1065.016
1063.621
1091.17
1111.539
1087.349
1117.696
1141.507
1086.758
1085.453
1082.831
1115.15
1085.627
1114.234
1113.678
1136.219
1065.717
1076.843
1045.945
1066.494
1083.397
1062.294
1100.843
1098.177
1029.865
1114.828
1070.374
1082.462
1070.772
1100.218
1136.092
1056.608
1064.784
1087.081
1057.691
1035.82
1065.755
1100.096
1083.284
1089.056
1102.575
1056.893
1062.604
1094.992
1081.927
1076.262
1123.373
1091.41
1091.44
1070.247
1112.334
1071.919
1085.022
1076.032
1082.988
1042.808
1101.452
1072.225
1097.829
1094.193
1121.911
1079.098
1102.065
1154.113
1081.668
1077.866
1079.153
1058.473
1103.639
1068.44
1058.332
1128.114
1067.688
1089.947
1051.339
1071.243
1135.305
1089.409
1099.088
1099.071
1108.222
1058.781
1098.844
1091.041
1091.433
1044.466
1131.584
1128.158
1063.873
1116.825
1056.843
1055.08
1106.566
1167.812
1091.626
1047.505
1039.35
1081.649
1072.923
1079.443
1062.496
1087.94
1125.947
1097.853
1113.025
1092.249
1070.26
1120.602
1097.596
1147.82
1106.464
1078.601
1083.678
1027.727
1085.228
1098.884
1044.09
1092.376
1086.843
1099.675
1107.894
1127.232
1119.903
1087.854
1089.092
1070.704
1068.873
1046.903
1137.712
1046.792
1062.17
1135.329
1066.8
1110.375
1091.119
1067.546
1093.944
1022.007
1053.975
1134.912
1088.146
1070.887
1107.504
1090.918
1077.94
1123.137
1083.837
1088.323
1126.982
1096.2
1109.204
1126.112
1074.667
1113.37
1088.673
1087.508
1086.289
1127.935
1079.258
1092.535
1081.047
1084.399
1091.666
1089.063
1097.919
1083.869
1089.306
1051.99
1067.584
1082.159
1096.454
1101.124
1106.683
1106.081
1094.36
1120.088
1112.524
1090.926
1071.604
1077.042
1049.08
1076.594
1117.115
1101.366
1084.473
1122.101
1076.447
1090.348
1129.107
1077.267
1081.337
1082.489
1067.051
1073.87
1093.234
1081.553
1056.923
1138.988
1086.963
1119.853
1064.727
1023.356
1072.169
1090.274
1045.538
1114.56
1067.504
1040.479
1093.687
1092.532
1071.611
1056.62
1078.236
1001.241
1113.15
1115.697
1122.242
1089.789
1107.422
1004.667
1118.002
1072.538
1068.477
1088.378
1152.318
1086.981
1069.553
1111.77
1117.938
1097.506
1112.456
1078.879
1067.657
1104.3
1121.341
1099.026
1108.534
1090.834
1105.828
1084.303
1091.265
1089.261
1051.165
1100.256
1082.127
1066.915
1104.766
1072.123
1068.461
1071.982
1097.553
1089.095
1095.524
1112.509
1055.373
1108.322
1072.231
1042.322
1052.494
1112.828
1143.062
1079.649
1053.832
1044.637
1089.333
1087.958
1078.933
1120.182
1118.089
1110.627
1081.99
1091.664
1065.555
1059.545
1092.217
1099.357
1099.386
1089.797
1091.338
1086.148
1074.601
1087.293
1094.852
1116.133
1128.903
1104.573
1131.267
1057.055
1118.23
1124.001
1071.496
1109.946
1070.632
1096.375
1049.483
1096.959
1100.892
1061.814
1178.614
1061.728
1176.05
1127.892
1067.728
1093.78
1100.276
1103.275
1094.787
1092.972
1074.821
1112.203
1102.128
1089.751
1124.751
1108.515
1143.291
1056.139
1080.514
1038.684
1036.246
1146.818
1096.532
1079.349
1089.012
1055.639
1086.952
1081.816
1032.098
1027.169
1098.749
1101.247
1096.707
1120.224
1131.204
1118.089
1087.042
1093.846
1104.413
1059.474
1110.681
1072.929
1103.125
1118.954
1108.425
1093.21
1098.614
1094.608
1122.944
1150.209
1073.557
1113.922
1046.35
1106.891
1097.843
1133.703
1067.99
1077.084
1093.97
1091.399
1066.511
1087.654
978.9767
1084.651
1069.928
1065.028
1087.514
1068.74
1112.837
1072.685
1086.707
1078.824
1059.412
1105.988
1089.155
1109.003
1009.558
1153.655
1067.944
1063.891
1090.933
1114.967
1115.892
1076.638
1066.414
1030.915
1112.539
1102.742
1039.944
1104.954
1098.683
1106.026
1071.347
1096.218
1053.449
1099.552
1082.338
1074.966
1120.439
1093.53
1006.719
1086.399
1067.354
1097.585
1096.864
1073.669
1049.917
1101.325
1089.877
1074.147
1073.021
1134.389
1071.699
1116.56
1080.52
1106.361
1065.4
1066.556
1036.619
1104.657
1061.055
1101.617
1056.563
1050.736
1117.603
1062.205
1053.233
1063.727
1116.976
1085.207
1080.254
1051.918
1101.272
1122.365
1075.183
1069.74
1097.241
1105.647
1097.987
1057.875
1045.176
1119.398
1089.825
1052.391
1080.52
1089.292
1063.203
975.4822
1144.84
1059.235
1145.082
1109.082
1044.488
1078.932
1079.035
1112.376
1094.293
1053.905
1052.944
1100.854
1074.997
1087.339
1079.583
1130.513
1139.805
1075.64
1077.553
1081.661
1115.286
1116.444
1115.921
1087.719
1091.555
1061.846
1112.91
1073.395
1070.927
1088.461
1068.306
1088.505
1081.291
1110.606
1072.977
1077.313
1134.488
1049.86
1096.594
1112.15
1065.517
1116.149
1034.813
1082.555
1101.452
1137.487
1120.718
1092.055
1033.663
1059.814
1112.041
1061.398
1070.458
1111.258
1132.826
1089.827
1063.632
1087.426
1119.757
1137.218
1091.363
1059.814
1155.776
1123.036
1107.391
1078.899
1086.53
1111.856
1070.291
1032.763
1059.918
1049.14
1093.993
1102.337
1060.913
1089.947
1114.726
1061.439
1146.164
1112.002
1139.908
1124.01
1108.17
1119.998
1061.172
1115.308
1117.424
1066.47
1075.402
1115.505
1099.535
1120.281
1072.862
1080.261
1133.615
1049.442
1038.546
1092.804
1098.737
1065.224
1101.702
1110.028
1047.747
1095.186
1080.405
1049.621
1065.948
1101.73
1078.032
1062.261
1076.449
1129.868
1049.253
1109.804
1088.325
1054.974
1113.273
1095.418
1032.197
1099.137
1096.986
1069.373
1092.784
1076.109
1081.119
1123.801
1078.251
1102.353
1095.506
1103.709
1058.865
981.6455
1044.837
1066.507
1089.253
1085.508
1135.475
1079.828
1047.081
1085.768
1036.101
1073.045
1015.444
1038.67
1108.569
1113.476
1059.719
1094.049
1105.515
1121.712
1119.655
1067.676
1105.991
1087.526
1091.837
1100.622
1079.209
1120.101
1075.806
1096.84
1048.291
1080.223
1028.919
1103.484
1086.858
1098.384
1075.937
1025.707
1149.409
1109.062
1085.406
1057.372
1031.507
1050.63
1119.79
1018.164
1037.319
1128.797
1064.989
1061.324
1093.677
1062.141
1068.246
1105.271
1087.277
1069.363
1125.637
1111.03
1079.922
1049.954
1093.479
1086.74
1062.272
1042.249
1097.676
1100.449
1075.859
1131.025
1116.163
1075.153
1084.421
1050.906
1101.583
1116.32
1115.984
