27765.17
28326.18
31668.21
33664.47
33247.96
40298.81
33648.95
39073.6
38262.81
43898.14
42957.4
43278.82
33359.76
46024.13
46462.3
37285.58
38146.24
36388.19
45551.27
35357.08
42122.53
31195.29
38418.15
26774.47
30879.99
50154.38
26812.28
37815.28
15776.78
36079.18
28934.82
38254.56
42028.41
49940.17
35875.64
27928.76
37114.46
58512.77
47691.7
32890.58
32323.5
25352.47
29238.98
31348.97
30451.4
27790.24
31618.21
38632.63
28093.45
39439.68
40998.77
47402
35228.07
31833.93
32842.77
39428.42
27558.79
31838.98
42299.57
34795.72
39604.52
53161.11
23340.95
40053.21
29189.72
29291.27
37343.77
37650.48
39432.02
37773.52
41186.72
42552.09
38885.04
32176.84
38373.5
48420.87
41256.68
29958.35
36704.62
30595.78
42137.69
49519.61
49501.58
42136.36
41962.79
39361.48
43076.88
36202.73
53640.46
43989.55
62277.18
40894.06
27038.3
29962.91
37921.09
31060.07
32194.76
31019.87
25433.97
41848.33
33239.55
47040.04
35475.1
49768.18
43313.94
39012.14
40295.29
45809.86
40910.23
50115.39
43393.12
44633.51
46861.26
42461.4
51844.24
38035.28
32509.55
39449.41
33677.61
33147.33
41085.86
32134.16
35517.89
33185.94
37539.67
43997.35
41211.24
31299.85
39040.34
54669.45
33090.85
37520.83
44489.4
35903.72
52973.36
34924.02
32600.31
37304.69
40902.04
41038.14
28119.93
29914.64
32865.94
62981.67
40196.67
44237.66
38216.74
39611.86
51829.98
44498.06
56826.07
31133.31
53563.62
42462.71
47270.06
40046.9
41001.83
45627.5
39748.63
52492.79
37821.43
47935.33
42434.78
45194.16
37050.01
36647.63
39075.18
32127.08
35448.17
38137.55
46002.01
38268.3
41243.22
49311.14
38122.98
39151.36
45285.02
56914.42
42916.14
45909.76
41017.4
53724.47
42845.14
34829.26
43130.1
34373.93
36933
29708.28
46061.01
47641.4
35420.07
45993.8
52391.16
47317.15
49458.52
22341.14
20014.36
25689.29
21418.27
31137.15
24556.3
39562.73
35815.96
28662.87
29442.6
23732.22
28343.2
29822.92
59149.3
29182.4
37781.11
33952.8
29668.79
36008.99
35988.4
29806.17
33274.49
34174.02
35380.4
35025.81
32821.62
33734.09
30587.27
35597.53
32656.36
35554.57
41592.83
42301.54
27647.73
37365.4
34430.97
41074.4
35222.96
38149.93
54095.28
40248.99
33494.73
50500.19
38509.54
34879.68
48284.15
38728.84
44813.02
48271.73
41994.66
39132.09
36975.54
35522.34
37739.85
32858.35
33182.61
19033.76
26716.69
34941.49
36958.56
36648.12
35367.93
47266.16
30626.61
45740.33
30865.69
46465.63
39659.7
38336.01
35997.7
43645.07
47767.49
26914.22
38766.08
39778.18
37922.95
35879.09
31702.58
48605.12
37128.1
41665.42
32620.74
37186.01
37890.12
29733.77
33861.54
41300.55
33377.62
57293.65
58529.76
48148.71
47634.51
38137.86
44951.88
38899.22
34253.55
35049.92
27687.2
43664.24
38000.39
33338.71
41038.48
49675.56
43859.11
34035.42
48169.81
37883.85
35036.57
31693.97
28459.31
38796.66
44792.23
39442.1
37740.63
33900.92
41701.14
52430.65
43095.32
33461.39
49671.81
38004.95
32628.28
36575.94
36334.07
39431.33
41224.7
33165.52
33309.35
34160.83
34807.37
31635.27
46926.23
41716.8
40047.61
57262.82
37037.08
46263.96
31431.61
49147.56
34788.26
40196.16
42348.63
42774.93
36847.88
34211.69
48398.32
35661.32
29470.87
18813.91
17141.59
9850.513
20606.1
13330.57
13417.7
12996.41
32051.59
43103.38
16194.36
34048.14
32544.66
23629.99
36612.42
37017.13
22187.1
28298.47
24338.61
47720.32
37105.83
31101.92
37340.2
38120.47
41131.99
34084.27
28918.32
33177.94
37351.69
27428.32
34901.85
43410.28
36864.33
42209.25
56780.89
57536.34
36239.38
41515.54
38794.03
38150.95
42256.56
33019.36
54081.91
52766.92
49959.11
49176.81
33430.84
51966.36
36145.58
34155.9
49626.36
35583.25
32656.33
39511.46
43355.84
37894.98
36341.07
52689.14
47810.92
37700.01
32083.55
36069.11
42770.17
44051.46
45130.11
50095.98
48141.96
43382.6
46288.68
36404.93
38072.48
38363.03
38690.08
44455.87
44058.68
36909.67
49384.88
39349.64
48143.54
41187.72
36584.64
31897.44
26854.79
45557.95
38886.65
32886.08
36871.09
39888.89
41892.36
55786.49
33100.09
35734.56
42364.3
32790.51
49866.71
32331.49
34704
36746.68
57993.52
38799.99
38315.71
37714.98
52964.02
45448.54
42431.11
52353.68
39414.49
40887.88
36914.56
46940.54
43984.59
42413.12
43559.04
31012.88
40168.18
47156.05
37514.73
38968.39
54759.81
46281.23
36744.75
42178.43
56059.5
47678.2
42489.66
43855.75
56532.19
48057.32
33914.58
27204.76
31143.57
40797.9
58664.06
35691.03
46289.36
38022.22
43814.02
35325.7
40883.38
50142.22
45319.16
45902.46
43190.89
48674.18
43918.95
26586.25
47304.71
45816.42
39105.93
38365.57
42019.96
37771.66
39001.96
40040.37
42743.12
42120.27
36390.13
24919.53
31927.32
39084.61
31868.57
38859.36
38892.51
47982.81
48610.68
29754.1
34348.48
44584.64
34211.31
37022.9
36678.71
43962.33
47392.83
40509.71
40636.8
33907.74
31949.61
30679.81
33236.74
43042.38
49560.57
37609.88
41943.04
41877.83
37980.16
44344.14
37698.31
36357.03
45656.06
33964.95
38383.59
37758.6
43446.92
48532.1
23523.62
23834.4
32704.7
36282.24
29897.01
41120.74
27379.95
20367.3
34797.54
19947.43
29661.91
47218.6
46289.93
39237.04
36899.85
54154.19
35423.69
34661.27
49571.63
38012.94
38045.51
37131.32
33791
32132.52
24922.46
15566.31
24098.69
43053.8
49288.19
51536.92
34296.7
33393.2
27902.62
37487.9
41642.14
39789.57
51646.06
39654.7
40460.06
35222.28
40227.46
44262.67
43007.9
34948.66
41554.24
35708.61
31645.57
30522.01
39806.44
33651.54
43808.29
40831.13
29346.58
45131.7
40013.56
31666.38
40423.01
34635.7
37422.28
33532.61
45180.03
48326.35
25956.53
36968.89
34956.17
32710.36
41761.62
39901.74
57485.54
42542.43
39635.39
44116.67
52296.68
39886.54
44378.52
42762.72
46176.59
48651.77
41090.92
41703.11
55170.67
41262.58
40989.86
48128.77
46432.84
35634.33
41905.16
43822
35585.81
37174.53
43433.15
44115.61
48204.02
38274.29
42576.28
54899.52
44913.81
42348.03
29226.96
41725.02
38678.34
40402.69
33583.34
35349.97
32453.22
43552.21
38249.17
42330.73
47202.04
51316.33
36071.71
40133.59
35046.32
32077.21
40545.15
32490.35
49502.93
39995.29
43430.23
43541.87
41229.18
39430.31
33759.81
32917.94
35105.22
41824.76
30254.27
28845.94
27209.99
25135.86
19926.22
32696.23
44890.33
31973.65
40172.48
45144.87
55883.55
40823.34
46230.26
41844.46
40516.32
40363.78
43961.27
34008.57
40620.25
43603.06
37127.28
37025.74
46874.05
41335.72
39660.25
36037.4
31282.94
43536.64
44624.16
39426.97
52376.85
43237.1
35771.26
51660.69
42247.83
32315.61
44041.02
40911.56
44397.68
35418.06
36188.76
33266.39
51853.16
41917.16
43933.15
42523.72
43720.44
35524.68
34689.24
41879.14
28172.84
30044.09
29094.49
34047.33
35050.04
31969.77
44534.98
35032.85
43176.54
33969.06
47850.55
35738.77
50579.8
41931.14
47693
63171.96
39952.64
36107.77
34381.4
31326.4
30383.68
29173.61
28005.35
25003.27
32386.08
36953.06
32422.16
33286.67
31189.45
15358.44
18582.87
32046.25
43556.16
39594.34
35179.07
26597.31
21039.66
28760.62
30279.97
30714.95
43120.6
29623.95
30623.67
50571.75
38106.57
38013.87
50338.57
34792.8
36783.47
36885.77
40314.16
48143.18
37238.17
38174.94
35293.56
38399.73
39650.81
37655.34
22696.63
36961.91
39338.55
38200.3
35437.24
30375.64
39129.88
33530.62
27839.72
36814.83
35971.43
44564.83
29159.96
39344.84
36646.24
36990.09
28320.46
30359.98
38943.3
36422.93
24743.54
26572.92
21351.89
20868.12
22113.33
46623.61
28049.43
22485.55
16713.94
33186.24
29446.91
43038.67
39113.36
50855.29
53151.8
48959.08
43740.89
61042.65
42165.91
42794.03
24066.3
41050.48
36302.35
37454.83
48340.28
49457.37
53324.5
39603.92
40394.25
40453.23
34399.33
42990.39
46394.97
46988.41
47583.55
37892.2
37905.66
34982.17
41089.32
42279.12
34427.39
40698.57
30364.03
40473.26
68899.3
46218.44
38065.82
49052.81
41927.92
37575.15
29079.03
30252.08
24450.96
18998.95
27990.24
33926.85
30241.35
22102.87
31145.96
36822.98
28724.39
40799.09
43233.92
41533.86
50808.18
33394.99
54710.83
51493.78
44736.28
44199.31
41544.4
44988.81
30817.91
37645.54
35821.77
33573.52
42734.98
40202.35
32618.36
33533.21
33697.79
27339.53
45950.94
40748.96
35209.44
33422.5
33483.02
51366.08
50880.68
52315.45
32835.24
47051.17
43176.06
36938.83
38789.48
44486.52
39050.77
42361.87
41899.28
39518.58
41149.14
54282
41031.81
44565.55
33058.32
33822.72
30765.51
20080.38
32671.33
44280.94
32085.37
36830.68
45569.26
32563.22
43329.29
41006.55
49777.09
43751.07
41080.73
47418.48
50470
40380.08
50836.99
36055
49065.87
38473.92
47414.47
31382.68
38257.98
45962.3
35177.35
33896.98
40827.97
34529.56
33112.72
35280.47
23360.08
29527.53
28356.04
34328.04
36530.59
32848.93
35446.38
25957.39
42229.63
49979.24
46916.99
32906.43
56219.24
46837.71
28215.13
37861.53
34181.58
33676.46
34338.95
44363.63
32370.03
34226.65
35425.46
27473.88
33395.67
34285.84
41539.78
38753.59
40400.21
37319.81
46559.24
41344.32
45172.98
45034.57
36737.81
45478.03
39342.73
42901.12
45100.29
46253.27
48952.05
47094.62
63224.04
42816.86
50748.03
43882.3
43265.35
47010.1
30919.53
38861.5
35721.45
43232.55
33536.51
31998.47
41555.87
36950.59
34694.38
42934.55
35868.3
37562.32
56469.13
32873.7
41285.43
35301.94
35935.63
25550.69
39031.04
39608.03
39098.64
39538.16
50016.11
34661.9
51720.91
30048.43
17842.52
32353.66
26783.28
46440.15
30393.56
51361.55
45394.29
41111.4
34715.69
39210.76
50351.81
43996.3
38771.31
46309.24
45903.31
32094.53
46679.91
29601.82
47528.54
30673
34189
34506.36
46174.9
47880.48
39535.77
33105.58
46807.12
34118.68
37312.65
39088.06
46488.22
48638.14
49254.26
47370.26
44191.42
42207.38
62159.63
39058.67
42530.74
48979.2
39699.73
31695.67
38392.87
39252.56
35548.93
43921.43
33190.36
53630.39
50164.87
43683.68
36569.24
34477.66
39479.79
38648.52
43411.89
42911.19
43952.89
67636.03
35291.37
42185.51
40047.48
38783.65
35185.29
39818.07
46215.63
42657.72
46344.09
37867.69
42747.68
24614.4
39538.58
33466.39
26295.82
29473.34
33218.17
31020.88
44730.51
28242.2
43314.58
39846.29
34221.65
37759.05
35217.87
29189.15
29583.44
35943.69
37213.42
18246.86
36303.57
35789.1
39919.59
51912.96
31916.78
20898.08
10718.8
27400.28
40790.33
29759.05
36989.26
30768.55
40108.72
29913.57
32967.17
29838.04
51035.99
36502.32
49144.2
26794.1
33883.74
39145.79
34564.42
34647.16
35964.63
24767.94
36090.15
38408.05
41965.81
41210.61
54325.37
36150.33
46330.18
40236.59
63765.31
38857.98
42396.94
40544.12
42771.19
51293.82
40693.62
54619.91
36254.97
34675.32
54605.1
32772.71
26748.2
34245.28
32216.21
55352.19
29594.11
32901.13
43665.92
41847.85
40528.64
35650.95
37366.94
36349.21
39105.87
42026.73
45792.64
40652.16
43036.1
36523.48
39544.98
38821.8
26835.25
32777.92
43250.63
53146.51
41476.22
41515.59
44409.76
44678.96
58544.6
39303.39
33891.62
49379.65
40531.78
38756.35
39834.46
30468.74
31838.16
48486.5
39881.49
38334.14
26015.55
32500.66
42286.61
34897.99
30034.62
28520.18
23955.48
30358.88
36649.14
33244.86
34868.29
46599.22
50362.7
38146.39
35544.83
41817.7
41115.59
41761.89
43191.15
38920.09
32254.82
26799.09
35823
32212.46
46776.84
35749.22
37771.05
42387.72
42300.14
48185.28
38769.29
43426.76
41154.34
32943.48
34042.18
34586.89
39047.35
36000.75
32253.04
41439.67
30609.5
34998.84
39650.46
35197.85
38235.26
38602.99
56905.19
50607.83
34330.41
34032.98
48770.2
45488.93
45847.88
29741.76
33691.08
32301.58
36672.2
33272.61
48761.09
32771.3
50081.13
44783.14
40749.8
46123.52
55369.97
38411.31
34186.92
39071.9
37647.25
29676.55
40673.52
31646.01
42739.49
45689.92
53587.85
39170.01
40288.49
35641.55
43942.8
31219.83
54801.09
35571.27
35296.93
49678.58
37139.78
35634.99
45486.63
41819.92
41246.98
37888.2
34297.06
48835.93
27155.1
38387.12
44344.75
31094.96
25990.61
42867.56
30144.96
25731.34
28959.83
40641.11
46177.32
30658.44
27026.12
29195.09
16278.97
13384.45
24284.6
37724.26
39102.18
30034.18
41923.17
42423.27
52035
45205.48
49954.33
38508.65
33799.72
44164.2
40098.34
40139.89
50712.52
40714.61
39731.67
35143.48
36248.3
39593.18
36907.21
44819.63
35861.08
40075.68
27316.06
35430.98
39374.17
35403.05
45706.71
38696.93
37810.17
39591.59
43493.43
32875.67
39784.3
47320.04
32267.88
50187.86
50239.86
33196.2
49343.66
33321.02
24458.81
33281.11
37384.21
33089.06
29471.56
35091.79
32221.84
33478.69
37781.94
37720.53
50082.9
31088.45
30539.04
48887.75
47133.19
38501.78
43819.44
40264.64
42452.51
55548.19
56263.48
31683.98
40344.06
40831.11
50488.15
43195.47
45890.84
45111.28
41833.27
42202.25
32779.53
48416.92
37417.79
36920.76
38923.44
31946.81
35207.91
41139.3
26511.19
29448.56
34651.95
40130.87
31643.96
36341.79
38313.17
42027.03
43865.23
34960.09
42227.4
44204.82
52410.56
36075.53
28132.06
49066.41
41728.01
53405.15
45104.05
42767.78
43828.91
48418.28
47123.75
43721.18
56252.04
48781.33
44191.75
40725.16
35166.68
43209.24
53156.62
42402.34
34016.3
50138.41
39400.91
54505.22
33212.64
40537.12
44856.42
36334.58
49315.36
40577.46
33696.5
27365.53
45051.57
41621.69
36371.69
38458.37
42541.73
43474.26
43880.75
41175.51
37306.5
40010.18
35333.68
35600.43
39262.99
32952.69
40080.62
55427.85
36004.84
34292.36
39474.15
37306.33
37772.98
40793.33
30533.34
41955.28
49986.6
40259.46
47621.34
35301.62
34695.49
40115.21
51333.5
29395.41
44779.4
37673.29
35949.52
40226.35
41785.73
35955.9
44653.49
35975.42
46152.57
36543.5
37292.68
45149.57
42557.48
42157.23
43748.82
41287.99
41366.33
35253.65
49367.46
43309.5
51987.76
34215.91
31635.91
32027.81
28582.31
33450.59
29973.08
39214.35
28598.65
43170.42
33481.59
36382.67
43442.32
38071.49
54780.18
32680.92
45509.11
35168.33
38446.08
51803.11
40590.21
39132.19
42799.32
47479.17
47314.12
39584.99
34307.71
39285.63
44766.91
33024.73
44348.08
46437.19
43804.88
49807.18
35832.87
38509.93
37415.95
45707.51
44961.06
59656.59
37421.64
39522.56
33636.04
37485.52
40386.13
30321.09
37858.66
30939.38
27257.48
33589.99
37790.25
32642.1
42624.76
37467.12
30067.85
51480.04
39776.06
37189.75
44587.08
24127.55
25273.05
37550.38
43012.31
38762.57
24999.31
34080.73
35724.16
32826.92
33898.73
30721.75
30377.33
37714.46
42618.31
41311.31
45365.74
43326
33405.09
37506.12
28055.35
31240.07
41834.57
24127.12
28584.27
29388.63
35117.52
43871.65
45517.65
32034.65
33229.9
43327.89
40677.2
45463.97
39714.49
44198.53
59194.62
44228.68
48880.89
52534.85
59211.75
43306.91
45960.57
46281.29
52599.2
49516.25
44781.12
36223.7
37210.38
43174.44
40577.94
29963.86
34898.98
44310.82
35955.38
41924.53
42291.84
41557.57
55045.63
44375
53019
37031.3
41611
49967.39
43470.22
43937.56
45364.38
34905.81
32196.75
36661.17
44322.2
50057.26
36463.1
43684.04
36566.13
30115.35
31888.72
32030.58
38208.04
42939.26
37112.76
35819.25
41839.13
43553
39433.32
48361.4
49070.53
37121.2
43428.61
55605.26
36872.88
31416.84
29955.41
35611.8
32314.21
30367.91
30936.3
40393.37
45082.57
26589.29
31046.15
44563.93
28439.69
48719.67
52967.02
44350.91
44953.96
44183.39
44633.24
41505.15
33564.84
32143.82
39082.79
41999.54
49962.27
40396.25
53128.01
50092.06
47095.51
36412.24
40099.41
40510.29
35435.44
35427.38
51289
31812.12
33680.15
34818.77
44393.69
49818.09
34943.27
45337.81
40102.97
41556.88
47076.66
45556.24
43988.36
37848.4
42213.75
40246.76
45744.42
29944.68
39339.25
40820.79
38765.21
25411.1
30031.94
30277.63
41552.71
44309.49
32491.07
37675.11
37407.55
38565.66
42450.62
36112.61
41075.49
28179.66
37291.58
27840.25
45985.79
38906.36
41516.69
48050
35588.27
42595.31
47893.27
35877.4
35840.45
36687.16
42940.45
34823.77
36747.68
26311.34
34799.15
31917.83
37745.41
31631.27
31677.94
40503.1
42841.41
48643.15
42538.18
37073.12
35711.99
40308.56
42518.36
36477.05
42921.22
59166.6
43859.34
37252.86
37457.86
36226.14
38341.05
40573.81
45451.8
46019.84
49412.74
35955.92
45854.89
38784.57
40600.52
40068.88
41681.56
37653.21
49116.38
60780
46584.19
40184.37
36773.05
42925.91
56264.17
38022.61
39932.75
32744.54
37110.19
40963.22
50653.46
42933.39
36140.9
34134.85
35417.26
39381.66
44376.97
35363.91
45937.61
35258.86
37857.12
36634.48
58175.83
43943.59
46649.23
55815.95
36057.81
46914.05
39415.68
35251.92
31788.15
22786.16
33785.06
39910.52
25748.35
35975.65
36963.63
37615.11
39302.59
50360.01
37995.6
24556.14
29600.16
32584.29
46168.26
36335.04
32117.5
33835.23
37009.09
47718.77
33999.84
38672.55
40809.85
46510.89
40793.8
47997.89
41653.54
37631.75
32131.37
36697.06
38623.31
46390.55
37492.79
36196.41
37550.38
47674.74
35869.16
35374.38
38481.29
38200.43
33694.2
52280.8
40875.72
43159.31
55223.11
38330.09
30152.55
35526.77
40250.49
51063.68
33068.83
56372.93
52160.94
35878.55
38814.86
49862.64
30452.51
35110.54
38797.79
35672.44
49790.3
43050.66
42050.61
45805.41
49080.04
51029.91
39406.97
38497.6
37438.5
39030.37
42225.6
38511.33
42159.29
44153.52
40726.47
32117.51
45545.7
43368.08
33133.06
37240.85
35450.87
37026.63
38214.06
49766.43
39150.05
50051.26
45501.1
32912.26
41525.66
58500.86
29155.33
36076.23
36869.45
32452.78
46247.68
38026.76
36981.97
48944.54
36218.32
38182.29
39303.94
36351.33
43224.97
44471.12
45888
45716.85
44216.66
55603.74
38952.41
44230.51
35355.82
39509.93
32947.59
27905.2
41152.13
37998.04
40605.18
45274.08
55496.63
36860.17
38890.23
32159.76
34729.43
44324.61
35577.01
57769.96
47498.1
49405.31
42518.45
40249.27
49301.3
53286.37
34885.3
32597.89
22278.67
36846.74
38743.98
45977.28
38944.9
54685.28
36374.61
34648.3
40258.03
46622.64
45526.78
46844.01
53447.45
21823.24
38678.98
42642.1
42638.81
42805.32
48789.09
51116.3
39446.38
26338.22
30794.47
34704.54
33250.37
23509.54
27230.33
35621.05
25293.8
42874.63
40031.61
32544.52
27408.27
40062.87
36508.54
32317.4
33083.89
23184.34
26188.27
26624.93
32999.58
32206.22
40236.67
30056.12
32358.65
32239.88
22141.03
37068.04
24748.07
21730.62
28001.19
27797.79
45676.89
19797.14
28300.2
18663.41
13825.15
24368.88
25869.68
29497.9
31210.35
30701.78
30904.12
38026.89
40259.35
35888.27
32548.49
33863.44
54043.26
53673.07
31357.72
40178.58
40335.47
35605.92
48176.63
37501.29
35403.94
48160.99
39062.04
48341.38
45752.9
32504.75
51058.6
40857.61
50728
43158.26
39240.37
37659.58
44511.26
32227.93
35506.22
36644.22
41784.3
40006.25
39907.32
66352.41
42124.02
40972.85
34389.55
36696.9
49831.35
30367.36
38384.01
60586.29
38833.38
37067.2
57939.4
41994.2
42003.04
44406.8
49942.58
39940.72
33372.5
33942.93
29903.17
35385.83
37496.41
50975.8
47104.21
42091.02
66370.65
45923.19
59588.86
49778.09
37060.13
34146.43
42178.13
39042.04
32986.98
45539.09
29628.43
32375.02
26768.53
43723.14
35610.97
25819.79
39517.86
32450.08
32864.08
36727.28
34073.71
23113.21
24748.65
36516.34
23603.28
29811.88
38621.92
38945.48
42196.2
37057.78
42604.43
39863.09
43641.14
43873.64
33500.8
46038.46
41710.79
41531.17
30030.78
44577.33
42719.79
50573.78
41800.99
34791.47
37079.26
36963.12
51617.97
45317.31
35015.07
29118.3
30827.8
31045.65
25989.88
38239.38
33338.1
45505.84
19695.18
30775.73
37396.32
26642.26
48140.43
32691.23
34804.42
34324.8
45104.53
49147.98
45196.32
36663.58
40001.43
43618.11
40773.3
39831.12
43080.87
33566.22
51942.17
45186.42
44026.24
30012.41
39765.85
42807.73
56023.27
35507.27
40891.79
36974.42
37880.02
48220.45
33566.5
51590.37
52259.52
36500.62
42301.04
37834.14
47054.51
35127.8
28364.1
37177.18
43488.72
44802.69
51141.53
42590.71
36936.92
36367.97
30959.18
33721.04
28238.06
35696.15
37345.85
45650.58
38321.49
32196.09
42651.95
26905.7
37023.06
51936.37
51178.43
40997.17
38588.82
43087.4
31514.41
30336.07
39735.95
35235.03
31523.46
39260.72
32185.89
36957.12
40421.71
40237.15
33017.91
44432.94
46960.92
34985.28
42859.23
41495.14
35663.08
44529.43
41847.51
27626.62
28836.97
34116.5
36789.44
35351.96
35444.84
38420.55
26862.57
30960.47
23630.44
24585.45
34143.12
41999.55
40649.09
46375.83
41522.31
47672.8
37952.35
47934.89
55749.32
36697.23
35071.34
44644
32683.13
50269.1
39881.32
36175.03
24599.7
37001.17
21925.5
29641.08
29816.07
27690.93
40214.19
34672.04
37495.72
32474.27
35840.38
50731.28
34045.15
41922.38
40944.59
42873.3
38600.05
43212.56
32470.82
33118.94
42624.12
36106.23
40350.54
49632.7
50003.95
38582.83
48703.5
33967.55
43640.34
40992.05
35653.56
34656.24
52539.9
36196.61
35544.61
42988.38
36293.55
42390.53
40324.2
38941.44
30869.5
39546.83
34804.29
44013.17
38716.22
28688.23
38130.69
37879.49
40446.92
41494.8
34528.87
34070.85
32874.08
38268.47
36825.77
48459.74
34230.83
34897.27
28500.07
37376.78
37491.99
34301.34
41809.04
36834.45
36086.27
40172.08
42877.64
45910.28
46299.94
40358.25
39682.85
52447.38
36143.37
45364.15
34813.78
48320.31
44622.42
55075.8
41569.59
33794.78
31325.81
35225.67
40141.99
28630.92
38973.16
41559.34
31179.11
48545.88
41948.04
43158.05
54330.97
32327.07
36095.76
42527.46
36848.4
42432.78
42288.43
41691.62
46186.65
44808.36
51415.66
30650.52
40415.35
39998.77
36625.25
38001.94
42125.56
30649.49
33007.33
33817.84
47711.88
38949.99
49213.05
62162.85
36424.5
47852.61
50974.55
59748.71
53262.19
35574.1
38635.3
51376.6
30554.18
41277.31
29984.45
30121.11
28118.25
16702.36
27165.72
40952.34
41053.41
27957.8
38457.29
40337.41
39871.55
46519.38
33048
37705.06
39741.81
40065.47
38428.74
51088.01
29644.3
42324.02
44584.69
45063.82
38389.71
45018.09
33502.78
34157.17
25367.4
38866.97
24560.36
32288.67
26330.87
30330.24
32458.59
41705.35
37301.96
40466.72
36311.77
51148.69
44919.31
39277.25
30968.69
31437.83
42200.5
46956.24
35873.45
42191.2
43997.27
28712.59
37687.56
35483.46
41533.03
32787.85
31913
29412.44
46407.79
35637.26
41774.95
51980.72
30489.23
59402.03
34946.65
36536.45
60411.25
35632.6
37130.31
51080.59
41300.82
40526.92
58930.53
33388.82
38711.42
35932.38
46730.02
36237.96
40834.02
40548.18
27936.29
38987.24
41557.93
29624.51
37696.07
33633.8
38759.09
43895.84
38282.59
39486.96
43482.27
37268.31
36188.87
33339.3
31372.7
36263.2
36596.8
33287.09
32915.59
31887.39
26467.85
39333.8
40859.76
34009.43
50931.3
38410.81
42088.35
41335.95
36366.18
38425.69
32247.75
31140.27
31915.99
35083.02
38691.81
37453.59
51111.31
31416.33
43399.17
48211.03
32806.77
47411.99
40996.4
41033.47
35415.14
39042.98
34057.56
30234.26
39837.89
31834.21
38499.6
36051.94
51602.47
35873.59
40727.39
30355.08
34351.81
34608.58
33736.9
36087.01
26870.99
34616.65
44526.4
39554.26
42804.49
47867.13
33618.54
37657.48
29813.28
38299.35
39682
43796.17
32443.05
42056.23
37967.75
39055.89
45084.73
27775.71
39103.85
42186.41
41932.02
25407.32
44365.15
44327.17
33285.04
30098.38
36669.55
33662.58
47341.14
34676.34
45866.59
37493.6
37928.35
38152.17
50381.48
39105.02
40383.91
31567.81
45337.32
39927.43
34439.55
37754.53
33611.65
44109.19
43312.66
45148.49
32327.28
33744.98
28132.03
31443.22
38315.6
37257.1
35877.31
38979.61
43495.46
39659.91
39850.09
40588.7
46352.42
40329.86
43982.82
36324.23
33530.73
41377.94
32208.16
33470.06
40867
38406.13
46826.77
37450.31
43089.5
30983.14
33761.28
35222.39
53234.72
53495.94
37330.88
34374
34978.44
33085.85
38211.47
46213.98
44777.55
37682.67
39166.08
39788.52
37917.68
40894.84
43584.58
39359.15
53360.11
36142.96
51693.66
50562.15
36151.61
44433.27
40888.26
36684.43
43504.08
44173.75
31310.84
42352.72
32216.93
23644.56
27561.32
31616.64
35377.55
31329.75
35859.12
32688.56
42674.69
33072.6
36273.08
31987.53
35533.06
43633.53
26436.98
37300.52
33896.86
37555.97
51493.83
33475.32
40134.79
30021.91
39573.59
29640.36
29546.24
38393.31
35864.91
40410.99
48152.4
35876.84
40295.74
43258.89
40650.1
48160.27
27785
32669.54
40645.56
53130.75
36831.37
49435.1
39296.03
30851.86
32344.84
37509.68
51257.91
39352.53
36729.19
37864.63
36563.26
50885.83
36021.16
38172.87
36377.77
38120.26
45510.54
40217.14
35407.91
36168.18
61697.82
36105.09
35531.55
52922.69
38182.35
53074.37
27854.69
42520.11
56949.11
32950.24
37224.03
46174.58
28839.09
29953.3
44576.2
27569.66
39619.8
39267.42
36101.63
30082.27
29217.86
40582.85
34172.17
35138.06
40375.83
42734.9
44321.94
45313.72
42396.1
40660.96
44311.85
57228.14
43898
52667.25
38365.79
44945.67
36442.52
36462.45
36173.11
50272.89
48641.81
35958.28
41761.22
34796.8
37628.36
48564.76
42808.07
43916.11
33402.03
20813.79
35532.76
31335.35
36052.51
42367.15
43485.68
38008.29
41176.1
36280.06
36058.41
41637.73
39318.44
46510.6
40710.54
34300.87
49446.1
35506.43
36243.18
44347.63
45276.41
34082.59
39680.36
45444.4
33864.48
40228.85
43269.01
34023.43
47041.27
41501.02
33073.02
50124.5
42417.6
42894.33
33055.55
45510.78
54109.44
41343.77
39903.09
39913.17
38779.18
27901.48
33195.15
37836.51
41386.09
56822.1
30108.28
38268.93
26193.17
27289.84
40456.65
35603.71
34302.42
50826.77
41645.77
37448.54
32453.69
29517.7
33320.89
48361.34
51195.25
47077.39
36561.07
35845.81
38423.03
59735.87
43991.64
49530.86
37643.43
37629.3
42111.85
35162.74
41687.57
37943.06
43597.16
37773.86
44329.21
28045.79
34031.77
46535.62
37070.88
44724.39
43099.54
44138.5
33027.52
51522.51
45902.54
47373
34300.37
43340.83
47302.03
38566.73
29490.84
43348.03
42610.23
50144.29
46500.93
36401.1
64472.04
38816.08
39417.05
37318.73
32350.58
39433.22
45641.46
34082.22
41620.06
39535.03
39468.16
43402.36
48360.28
38348.3
73293.5
42364.16
50640.6
36030.28
42197.42
44201.62
38948.07
52162.6
34444.8
43635
44683.79
36096.97
39926.1
36160.87
49554.91
39553.34
46017.91
36236.62
35060.3
39932.35
38381.6
47268.18
39917.67
50362.98
33638.26
47283.15
42264.28
44149.52
47116.35
43702.33
30188.19
43183.43
34626.95
37364.92
35048.45
41741.27
41435.61
33638.97
36689.73
26441.33
35648.87
39498.45
25267.59
41047.39
25845.19
35599.27
31230.53
40220.8
31356.24
22727.19
21198.03
30873.71
27374.69
34081.69
23054.45
32636.39
36136.05
30662.67
29037.5
38367.38
54434.59
39688.15
33318.78
39462.85
29011.58
46595.32
36442.19
42027.46
40753.85
49276.96
55154.79
34473.45
44193.03
41251.38
39358.98
45755.9
32679.3
35505.7
35395.19
35278.61
29308.71
42430.85
37509.01
46225.38
37757.87
38949.8
46614.91
46811.64
48089.95
27245.61
41966.67
31745.84
38800.97
26408.34
40233.3
38997.47
31868.42
37234.42
25005.3
22390.7
22542.09
20534.15
20923.05
17032.81
30913.41
38340.91
29175.33
28811.51
24478.88
14537.75
17899.43
26534.83
32739.99
23690.46
23782.33
19827.96
30465.49
39105.04
20693.22
29995.08
28367.17
38156.33
27225.77
43691.7
38386.51
25918.25
41948.75
38446.04
29778.3
36012.16
50712.73
45234.92
34482.29
45882.89
37516.95
49591.66
43805.7
32439.45
47697.27
43345.51
35503.09
43451.93
44423.91
38635.92
37398.17
37384.54
43052.71
40589.95
45776.8
49715.1
38390.09
45042.32
37205.15
32257.84
38522.82
59442.83
43231.88
51192.67
39706.83
39521.22
40370.84
47788.63
38065.23
39255.33
32466.44
35670.91
41096.55
43108.93
38911.14
35775.86
34907.41
41825.69
36189.45
41996.75
32076.01
33593.21
32613.84
35667.68
31479.94
33751.02
30303.76
36101.47
43395.26
43000.98
32394.31
28315.97
47101.14
28498.47
36927.18
32958.76
39190.73
43578.82
43112.94
39372
41935.29
36465.75
52647.93
40956.59
46592.5
33914.74
43566.97
36095.79
45709.2
46592.64
52912.7
42068.88
44530.67
37931.52
37347.02
39940.22
38737.33
42056.21
43436.91
36444.72
40385.16
30934.67
40033.67
42876.29
34346.7
45750.84
56693.73
40018.29
35687.11
33175.69
34124.12
26046.87
26525.65
23190.84
30430.78
42289.71
37965.9
42246.26
32646.11
36516.6
28135.99
38896.02
41928.71
45036.37
29754.54
34945.71
36123.72
41252.88
36897.69
34177.21
49263.37
45380.34
37920.02
32175.1
40366.9
33180.65
36227.32
43493.01
35523.8
33181.09
26790.92
25550.29
24176.9
35655.37
34921.26
35074.25
39071.59
37323.4
29359.5
36914.31
25978.31
26679.87
33551.27
32644.1
39256.77
39646.04
57050.47
36686.47
54505.23
29802.85
30172.57
37669.28
40396.07
38913.57
30524.55
23332.11
27946.81
31357.54
27042.58
21942.83
28263.42
38738.1
50873.27
46144.88
38876.88
39673.3
31614.14
39184.35
32795.77
34202.4
29805.47
44383.2
40266.2
35049.04
39089.78
34462.47
51235.7
35134.51
56439.62
44577.24
36736.21
47791.48
41509.24
36424.51
36013.85
38618.15
38495.05
37828.2
36846.6
58339.48
54927.82
39671.48
36012.59
42840.52
33029.03
42292.33
20292.66
24203.43
26720.73
28144.84
26870.36
33119.55
32570.31
33927.28
51017.45
44035.52
39194.35
35428.39
42477.87
44623.9
35093.75
42077.14
30328.7
38780.51
42060.98
42072.35
37498.41
51746.58
44028.1
44623.58
45300.41
43121.95
48085.32
54003.33
46588.03
41514.42
34014.27
43472.63
46591.49
35347.64
31779.7
52970.28
34913.79
31971.18
26179.41
26975.8
38848.31
44891.91
35106.48
42708.61
44436.01
42276.77
39407.8
40291.41
33610.86
26321.41
23690.33
24373
27717.74
31236.46
27652.74
26563.56
44493.28
40940.19
42198.49
37127.02
40465.93
25338.04
48715.81
34544.09
46488.11
31699.36
27501.87
40000.52
42764.86
34397.55
30026.27
36564.97
30909.51
29725.64
38504.21
32940.46
49211.93
44132.12
47531.58
33654.77
32769.92
40194.08
47230.26
31069.6
40914.93
41034.67
36180.41
38134.77
38334.97
44003.12
28216.76
27765.41
27684.5
33212.21
40433.56
47982.92
45371.99
31548.09
51111.31
35557.39
44217.86
36612.39
36470.77
38043.58
31822.31
41067.38
36463.2
40680.69
38529.19
31965.27
31146
21765.06
25882.63
32844.89
42516.74
56955.07
40733.71
38785.01
35739.03
33955.25
37265.19
25247.45
23648.45
38693.43
31047.75
39980.02
25854.03
33499.24
42552.39
36577.44
32416.32
35121.09
28301.91
42842.9
27601.25
22440.39
52536.31
30831.97
31112.65
30973.84
32284.91
40954.1
37587.74
31638.42
45480.5
35631.43
57260.66
36519.32
54241.15
42974.58
49091.33
49866.91
42949.14
36333.51
49090.44
33104
47515.02
48651.73
51191.73
44151.53
29749.59
46928.51
41501.64
51731.54
46438.6
33824.03
37294.55
46544.16
42467.26
33051.27
39074.91
32130.66
32475.39
37234.97
35381.82
45869.68
29014.74
43420.98
32611.45
37868.31
42405.83
39405.42
42936.72
43854.88
42350.42
41189.43
42881.32
39504.37
49724.28
56443.92
39527.74
38908.68
38388.07
39557.24
33027.91
39412.38
35745.13
27994.37
32820.52
48906.52
39080.11
38214.26
41846.01
37002.44
39246.83
45194.94
35815.2
46376.07
31020.97
48063.2
30168.54
40803.45
38122.98
40456.56
38407.21
33532.05
39764.65
38607.83
40826.32
42748.97
49150.16
40022.24
29915.26
45024.87
37686.22
33781.52
42699.31
40114
30079.6
41621.28
47272.04
41539.18
45987.16
39693.1
25511.89
37994.97
33317.56
32687.42
36481.81
38765.15
52535.25
42329.95
42091.24
41997.92
46149.12
39210.09
44415.92
35491.98
35241.01
38971.62
39507.68
40999.7
50976.11
39770.18
28830.9
31620.69
43701.17
43857.21
39487.01
51801.39
47460.16
43335.89
54342.44
38972.19
34624.22
52776.8
55575.69
42965.39
35231.02
48590.21
49483.6
36407.57
50285.93
38493.8
36513.19
56771.24
43493.69
39598.59
44722.83
44190.46
31490.23
37747.78
44094.06
47983.39
40477.4
41514.6
37403.43
30462.2
37526.25
37981.62
44929.96
39147.53
39919.36
37347.88
27665.14
32734.92
34481.85
43369.72
42543.25
43439.08
42741.42
31479.58
48170.77
33551.23
42001.71
45824.74
28639.03
43448.19
34425.14
35826.13
34628.84
46260.27
40004.15
34287.5
49552.65
47536.36
40310.77
51489.24
50832.74
28507.52
39170.59
35470.87
37605.12
53525.06
61815.51
42253.48
33549.93
34385.43
38686.66
43499.68
40357.64
47563.02
27057.87
28587.06
38914.72
43794.83
36192.04
45789.33
42431.12
30600.47
42800.13
40023.5
52494.8
44647.95
41094.05
34192.02
40798.2
33834.36
28543.49
35919.52
50774.02
39248.92
46139.46
30238.47
41340.51
38101.53
47384.18
35714.72
48981.26
46325.57
57417.51
45484.03
54587.09
50352.51
37094.11
37229.11
44758.07
32383.84
39264.55
44426.5
43943.84
36435.11
57567.42
53886.2
43932.05
41500.22
60277.76
43321.05
37386.18
32363.9
39044.33
41464.52
32492.63
43731.08
35111.09
27587.17
29194.44
34515.25
49109.85
33710.16
40885.79
48044.29
37274.03
37516.02
38510.85
58848.72
48666.25
43832.06
49285.02
43480.29
46936.44
40811.06
42664.01
47717.3
43079.13
47705.74
32898.39
44922.49
34652.4
36036.65
38213.36
39317.05
40299.21
35177.95
48276.49
40682.51
35715.79
41115.44
35586.7
42275.98
42092
31722.35
38006.6
42586.23
42353.49
34356.5
39678.31
62553.94
51292.84
48348.98
34570.61
40423.99
31333.85
35005.55
47701.91
29366.9
45633.17
36681.27
39388.89
42682.18
48477.26
62049.68
36160.65
41541.69
49131.86
39668.79
46023.63
40846.01
46091.46
45393.31
37042.32
36964.36
42978.17
45193.21
41863.74
37743.31
42867.95
53164.24
32602.02
29552.32
36524.05
39936.94
40283.72
40558.55
31893.18
48650.5
43443.65
41666.33
50894.84
42457.61
29610.68
33414.13
33223.3
37738.3
29806.66
42417.2
43227.7
43154.96
26948.07
42814.38
48598.77
34405.72
43362.15
47812.58
35157.63
36332.86
38875.54
45488.55
36710.24
48596.12
54063.63
35361.33
42131.72
43170.98
39484.37
55234.67
43464.57
49649.81
44208.33
49543.02
47904.6
46289.6
42173.64
39115.4
38031.1
38613.54
35106.42
35525.38
34405.95
38942.05
34902.29
33392.46
37643.11
40444.37
45945.22
47001.7
39267.23
23729.86
31248.98
39292.59
45116.88
28084.86
39918.55
35929.91
32358.79
45527.51
33539.92
33294.73
47434.65
54263.07
34412.85
45652.35
50182.34
36953.54
25436.82
36486.23
40306.54
49185.97
41455
47947.02
43104.38
34188.23
42194.25
42846.91
37317.8
32685.35
33199.28
36608.24
32565.34
40581.7
48998.95
48435.73
38371.58
42956.21
39992.52
46592
32484.24
37717.24
40877.36
49998.62
48170.47
46462.78
42529.11
35170.77
43728.51
49666.8
60713.36
31525.82
33736.41
36352.82
34858.49
35502.99
49228.72
37487.48
26670.91
45888.64
32948
35665.5
44372.55
46876.21
40701.18
49102.71
42048.24
47663.68
32424.75
35204.37
39297.35
33074.61
31175.11
31612.64
41269.42
24586.06
38174.83
34197.99
36378.67
35188.95
35586.41
38921.31
37681.7
39718.66
43359.69
34010.89
34073.87
41256.2
37424.48
34659.53
54794.07
31143.38
37862.55
41000.45
43549.62
29177.32
37834.81
48506.19
38619.37
33135.05
31663.41
41581.02
42350.68
41278.44
32347.77
28210.36
42561.86
42643.95
28294.95
24722.56
41824.02
53425.68
31887.07
38246.71
47116.06
40296.77
38883.8
29813.79
42553.12
35398.38
37803.26
32907.35
44560.23
37473.29
32127.52
35469.73
34028.6
34568.22
31094.79
42460.92
41272.46
52328.98
41033.17
31897.16
35785.85
49577.87
41198.46
30789.03
35923.71
44803.62
43007.82
53489.31
42610.77
40696.2
38774.67
36916.15
34269.11
40680.76
32316.96
38105.95
57676.21
33164
47841
31446.13
39185.41
47445.95
60927.91
36503.32
47419.96
47885.76
37675.87
36215.5
36432.37
39562.18
38589
38133.39
40243.01
36260.47
32821.74
45763
30116.81
41482.37
42581.76
35228.33
46954.45
34659.95
43688.6
46140.78
30680.14
28493.36
45122.14
36454.75
31138.58
38761.71
35520.13
33750.14
33864.06
39125.04
40205.28
32782.53
39115.93
47407.19
35627.04
33518.28
38401.14
42142.02
33747.48
43050.46
35651.26
43598
44662.03
35156.32
30232.89
29132.99
34176.35
46466.27
46438.56
43651.57
47120.85
31258.21
42499.39
40742.52
31164.6
37253.52
40744.34
57867.78
38052.36
37506.05
39329.74
37981.39
42951.02
46302.27
47109.03
36414.49
26751.78
21716.1
32431.05
43055.09
23577.37
25250.05
29460.43
64390.37
21680.38
41556.07
33687.18
26306.58
23304.49
40548.24
29199.93
41864.07
46779.73
40097.35
42219.93
32162.09
28869.84
32140.46
32221.68
40532.43
42977.08
42493.33
39898.92
45925.76
38785.89
31943.05
46006.62
36921.92
34090.12
25227.9
58116.93
37540.57
33235.94
31616.52
36651.13
30971.47
28921.78
24062.26
34484.1
36341
40079.29
54876.05
41142.39
33799.09
33247.69
36925.36
39588.22
37922.57
42025.15
54826.21
35816.01
34093.85
33253.84
30878.84
36661.31
36275.06
37161.32
38864.93
23909.63
23608.67
21832.49
36528.59
29062.69
37112.96
30503.65
35602.3
32106.96
39158.61
43929.21
46156.13
32970.52
42100.48
45162.35
36209.3
38597.33
43104.22
37103.56
44847.07
37282.44
45644.96
46497.86
36243.21
34733.55
48966.97
38279.61
45734.83
43074.71
38476.57
40378.86
43114.75
36689.45
35402.06
33629.8
44424.19
44872.27
43250.51
40232.56
37385.56
34621.03
41710.05
43801.29
28511.44
46603.82
40050.3
42958.52
26109.58
36888.6
37439.83
41958.75
39064.6
37660.09
47070.12
39645.38
47586.2
34343.7
34169.21
37549.6
41547.82
38774.34
43265.34
31504.43
54606.44
48391.79
42935.83
46182.3
49861.8
41516.69
41718.29
52942.78
42173.28
41778.63
42827.35
38904.91
73223.52
47018.59
32718.23
30298.3
46137.13
37744.74
41051.85
42100.23
51426.59
30560.28
33091.56
39010.07
32920.76
32257.77
35083.45
39161.6
55877.4
36671.25
45992.25
41095.06
42960.71
43088.2
39188.65
46774.13
44642.67
39666.2
45826.94
42173.2
28941.83
40026.28
36838.87
51576.47
40105.5
49007.9
30746.63
44078.55
37255.14
41482.95
48790.24
38687.58
35319.27
40380.93
41001.62
58830.48
33698.82
49149.11
39549.72
35004.09
42202.61
41446.9
38718.86
36533.95
37344.03
36064.39
44225.05
48087.72
40977.74
50836.09
45953.02
37113.16
36848.32
36221.77
54019.06
39620.94
30327.13
32212.2
39745.7
39536.68
49132.08
50896.1
31531.63
42450.26
37795.98
40665.37
47488.07
40449.99
36739.14
41458.54
50568.41
50990.24
44340.58
51811.25
34074.72
41508.3
34436.28
60146.25
42806.53
43773.96
40612.93
33877.23
36563.84
45699.14
35336.93
45460.22
43174.52
40190.34
57460.82
42475.08
37670.22
34739.49
42314.09
42159.93
40503
37971.24
21400.37
36683.32
35379.36
34824.27
38150.72
39263.51
32556.1
33352.45
40704.64
39020.74
37038.42
33888.06
45927
39270.16
37387.12
31719.43
41146.81
32744.73
44924.57
44077.28
37258.49
47461.16
37015.39
42131.05
33787.58
42919.32
39790.47
39061.22
45131.4
34372.69
35959.89
35329.62
26810.64
29797.65
27731.66
31459.86
28655.7
27874.91
38015.46
46907.39
30892.67
32317.34
38812.03
34148.52
33934.52
38001.8
36608.14
43142.72
47091.97
41574.81
39301.96
51047.78
51800.94
38670.51
49698.76
36502.29
29551.63
43395.55
41982.35
33518.64
32261.23
43353.26
36261.98
45279.9
48884.75
39670.51
41338.48
40763.98
52912.44
40747.32
46244.23
42710.71
40856.69
46924.65
43906.82
37989.98
39716.23
38499.37
35836.35
48160.64
44154.48
44090.25
34353.36
38940.67
45175.83
36576.31
43510.05
34939.83
37058.6
46622.18
33762.92
36048.91
31675.43
36128.05
33069.49
23799.36
47503.18
35025.99
32881.75
47782.91
44140.58
53639.18
44402.79
60850.09
36288.63
39770.36
33474.03
30778.31
33717.95
41273.09
53332.4
28822.21
32214.55
29529.41
33829.74
35913.5
38640.5
40554.27
41247.82
43846.24
27352.33
37089.78
48198.35
42457.87
34441.69
36194.77
60918.46
36970.61
36441.35
47780.16
54370.22
46115.66
48160.07
43724.3
38239.05
38107.59
39031.58
46262.68
45140.11
35369.37
39722.81
46254.71
45927.88
38984.58
57061.55
26286.14
38050.09
40831.66
33283.45
37044.79
43344.7
46675.29
47697.6
41754.92
47948.12
46979.12
32497.87
43650.1
49366.46
35688.73
35722.25
35411.57
64116.11
42066.56
37689.65
45682.95
34881.5
57366.36
44940.61
26114.79
26427.24
19140.65
17996.57
23237.54
23724.99
24780.25
36233.35
32389.59
50250.71
40145.75
47109.04
46432.53
39886.69
39553.62
47996.6
43437.84
36952.92
33010.85
39925.7
47403.83
39123.76
41445.9
52417.26
41760.68
41137.34
43064.37
34928.1
34785.01
48309.39
37128.48
37878.61
38864.17
33823.91
24017.2
26086.39
37032.47
29616.46
40942.46
52989.24
28899.16
40158.28
48197.52
55300.41
34279.5
51281.7
37113.27
27821.68
45131.44
48967.27
56360.06
38278.12
41934.38
53363.77
32363.3
44684.16
45532.02
29695.67
42574.18
57103.13
45269.59
48731.97
48172.16
26936.23
33116.4
32186.28
24275.85
38410.82
32703.28
51741.56
41850.85
53962.11
35428.52
44445.77
45587.99
40574.61
35076.87
38424.97
42829.18
45057.04
35163.06
43206.55
31926.93
34692.31
27281.45
27855.24
28804.05
35002.22
48238.24
28599.52
35163.32
31075.55
39065.26
67884.3
39733.55
36374.22
50793.86
40429.08
37909.78
56005.6
32299.91
44075.61
44021.19
42127.29
40020.67
48434.89
47524.33
46696.08
42197.83
35335.09
40050.9
37219.12
32277.89
29987.19
42290.16
43649.3
39806.7
35598.05
42427.98
40746.02
34338.85
34999.23
41969.29
33567.36
37160.4
35116.03
43231.63
47684.2
37552.71
44232.33
29349.78
38501.55
45670.75
43172.77
31478.68
46902.4
36340.73
39585.44
36578.98
43363.35
52650.17
32701.6
38940.8
46810.38
28364.77
39772.41
53240.8
36694.08
40003.05
44372.96
43175.61
36185.22
40146.94
33057.07
43379.41
37477.8
43034.68
46736.64
38846.09
44287.5
35422.93
53387.34
42132.45
36723.62
56996.52
40847.6
39377.3
39914.29
38542.29
46484.77
38740.26
31507.2
34525.01
51680.6
33147.25
22639.32
33509.98
32922.25
32580.65
33111.48
44706.68
27959.18
32866.1
40757.63
37001.81
34682.09
47497.75
27364.8
33687.7
30013.72
27067.24
24419.35
27973.56
40709.76
30800.72
26615.46
50688.55
42160.97
50756.33
40995.72
39328.46
39782.75
40630.53
45065.53
36628.01
25840.99
26178.86
27967.3
42305.14
27348
24081.1
31012.15
30148.82
29597.63
48851.81
34415.18
45335.21
35410.27
53072.11
47298.12
47658.02
36026.74
50079.44
43894.49
50489.74
36730
45464.12
31213.84
38412.99
43359.24
34630.45
36116.21
48881.27
47607.39
37671.53
30601.96
24745.28
29248.31
34688.93
29668.36
36285.18
39709.32
37782.9
41840.24
40290.18
40848.84
37628.4
44821.52
32499.14
35057.75
50220.32
45528.08
35376.83
34755.74
29592.36
37728.87
22133.25
33657.65
37211.31
52509.32
51462.34
38170.84
29937.26
34080.75
23360.21
35715.99
33127.17
40830.5
47058.38
28485.88
40242.74
55743.59
47979.42
35789.02
37640.06
35878
36539.27
41184.27
44320.79
45586.4
34467.84
52047.55
42137.92
44404.2
37318.61
34217.22
38780.4
35409.97
34552.88
39502.32
41010.73
49993.72
37584.66
38429.08
40063.37
35850.8
25107.37
33696.72
34612.25
35548.96
36173.19
31086.72
31057.05
31840.13
31915.4
41067.72
33944.06
38973.79
49313.21
34592.52
36687.62
43099.79
30506.27
36327.11
35650.97
24172.32
25370.42
28038.94
34272.47
27152.87
24582.78
25340.66
38884.56
24328.68
35156.83
25934.47
31651.46
30764.56
34389.56
27626.83
36046.85
31207.15
43248.26
35544.79
38524.55
33051.12
25111.71
28050.48
30018.23
26697.75
37093.74
26951.44
29649.11
31931.79
38698.96
31873.42
24057.21
30420.44
24570.75
38935.61
20701.72
21112.72
25608.17
21285.91
12750.83
19639.5
31553.67
35900.88
29340
23964.67
31495.65
33862.51
38077.87
31240.79
52557
51996.83
38367.59
47958.78
35619.53
42712.31
49148.3
31368.52
32850.71
33404.78
45203.76
43870.25
47584.61
26220.24
31360.9
35662.6
28106.06
35276.08
34204.27
40730.64
39867.34
25814.38
49253.44
49208.4
40389.94
51177.33
33528.44
35955.4
35068.55
34884.35
63521.44
47464.09
46582.27
55118.44
41625.24
42770.66
51477.58
41242.74
31594.1
40621.18
33519.33
41763.8
35181.79
45659.25
45654.42
49680.43
48834.63
44721.51
37406.23
37683.55
42045.66
28727.8
26485.91
43034.22
28145.07
28346.25
23211.84
34522.81
28004.05
27850.41
37605.48
50133.29
36804.02
40593.88
46720.97
38467.04
24710.07
48649.17
39400.15
34161.74
25979.65
43133.07
34573.8
30951.86
46399.89
41427.74
33629.46
52098.69
38894.78
35253.21
39018.21
48613.8
35773.36
45996.24
56215.76
43608.14
36692.79
43561.3
44634.18
36024.79
40799.05
60085.18
44563.04
40851.44
60719.29
46135.35
34188.96
54769.25
37834.82
46987.81
40513.66
42672.36
46870.16
35243.48
37188.97
43987.1
40341.3
30305.3
33030.63
38442.73
37249.94
31610.77
41022.63
28112.35
37736.64
30446.74
33693.31
41741.05
38919.59
48628.09
42693.54
45780.78
36790.77
46989.31
40211.11
38202.75
29879.21
29349.54
41494.93
25147.73
34959.55
22418.06
28779.29
34547.12
35151.15
37092.11
32369.41
28426.11
31186.74
30859.49
35351.12
34311.58
32600.27
31986.65
29733.77
44762.48
34650.05
32079.54
37568.43
37621.98
25402.71
27601.1
32489.29
32619.28
31001.7
49863.34
25982.76
30530.03
38017.91
37049.67
47190.96
39721.46
42113.72
52407.98
38097.89
32114.26
34717.93
46223.26
27026.47
27829.84
31364.43
26644.73
40352.91
38915.04
21372.49
30038.05
27807.97
31222.84
29247.7
41236.17
41727.13
45803.5
41006.61
35250.4
34819.25
40033.87
27865.87
38891.66
44404.31
32493.78
40772.23
39685.32
35318.19
43304.14
44529.57
47609.08
41690.12
45558.33
42991.19
37854.56
39355.12
38330.61
38666.95
62859.57
36328.21
29020.21
34844.83
43609.79
38443.23
39153.21
43591.86
31578.16
35803.49
34633.55
42540.7
34151.34
26122.16
33158.61
26639.85
30282.55
24883.97
29521.83
26577.77
26464.29
58079.41
32947.46
31016.8
42856.43
29755.77
38645.09
38245.48
32500.41
34191.89
29251.73
36398.58
34900.09
41714.7
24930.76
24613.86
28772.19
33648.37
31064.15
34817.29
46243.25
36867.63
41605.14
46452.48
41272
34975.18
47834.37
47843.71
64887.9
38830.36
36379.22
36827.16
36494.83
39777.18
39867.22
45701.7
41305.91
40327.55
38476.45
40748.87
42988.18
31259.19
38978.95
19861.89
47159.9
47098.46
53553.69
33198.57
22028.94
21560.21
25593.62
37028.57
25777.19
50219.27
33137.02
32923.83
35948.89
36181.13
39257.96
39494.68
36725.9
53218.17
41386.11
48983.95
50702.26
41907.86
45342.05
42113.02
41156.7
40043.51
57681.77
37761.73
31040.78
45937.57
50759.49
33645.58
35893.85
41732.51
40432.76
39638.22
38057.02
36754.34
33964.32
31802.1
34745.99
34720.31
34701.06
41403.22
39298.07
37434.46
39509.92
27620.74
42771.09
37768.34
32557.79
35672.23
35804.6
27348.69
39063.73
38346.97
20916.95
39567.71
41112.98
31294.95
44871.17
28396.28
32455.25
43525.82
40328.62
45580.61
36561.39
33971.06
34932.28
43331.62
36434.28
36129.34
29978.66
46281.37
26363.73
43964.09
38651.18
39914.99
24425.13
25775.4
27473.05
25814.59
16510.86
31256.61
17791.2
18414.19
19929.67
14030.74
21367.14
21010.09
15337.89
28168.05
17634.39
13082.83
26240.22
35395.01
27661.69
15523.51
19075.5
30954.13
31036.18
39995.59
48393.91
29203.19
47612.37
40373.53
39330.21
32440.7
49424.23
39683.71
39626.91
50478.84
49475.14
47336.9
42174.7
37478.04
35901.31
36563.33
39303.66
48334.87
31719.65
54906.37
41897.7
43519.6
31829.11
42477.36
44501.52
35918.08
39672.66
36937.75
36076.98
41558.43
49529.63
37017.47
46570.14
43406.94
49772.6
46978.04
41464.67
35716.69
31118.91
34850.03
38503.83
39638.05
48353.81
41300.84
43399.53
54129.32
46016.37
36394.33
43378.84
47614.83
38365.02
44660.52
41997.1
31478.97
27150.83
32123.77
34080.04
46211.45
36526.45
35450.57
51127.94
34301.28
41776.15
38351.61
40297.93
38366.58
44041.02
36050.53
39034.66
27884.25
36009.39
28450.72
32034.07
35849.83
41700.29
37041.82
31002.7
36888.29
35921.78
34147.16
44415.31
39755.89
31025.57
55970.61
50751.17
48440.7
60046.14
39182.21
38896.87
40207.87
49844.71
41344.97
38712.69
49157.94
52652.85
40079.37
48291.09
44264.11
45245.9
37729.41
51184.2
34614.79
28899.22
23457.35
34560.9
38744.71
28599.79
41517.18
31842.7
26115.67
44033.44
29682.48
34428.85
37033.42
24187.08
20145.19
19785.83
42100.21
24004.04
57014.44
37293.45
33432.97
23051
19615.75
30382.3
30887.95
19895.85
24141.28
34080.96
19756.32
14735.94
14614.19
19646.46
26313.84
30940.61
28681.35
21569.15
14450.8
21980.66
30120.73
39011.37
27277.93
39374
39639.12
34893.23
26175.61
37858.85
31407.78
35009.95
30067.61
42363.22
54066.22
29579.66
36868.08
32003.35
31553.33
27545.33
38363.38
40151.24
44798.77
39694.06
36670.56
41168.66
45968.94
46476.82
41747.3
34244.17
29381.89
45869.87
28762.08
29448.56
38627.99
26765.64
48135.04
44544.7
37973.61
48664.55
36335.96
44141.61
32160.99
37828.93
27362.71
33962.35
38827.22
40481.53
25536.55
33263.69
31853.62
26650.54
40569.6
30872.28
29915.92
40772.75
35246.24
40444.31
43665.07
48004.73
40444.03
46738.47
52902.14
42628.72
66133.53
34081.96
42622.1
42837.89
40991.16
37482.17
32671.69
42730.33
41668.47
36792.4
47093.18
47461.45
40013.74
47523.29
37088.02
41743.91
38814.54
41201.74
36188.86
45394.41
47562.56
47616.85
50527.28
44514.8
50852.88
40438.93
45142.8
40424.17
32697.24
56583.14
44506.57
42001.48
62935.46
47399.45
41529.11
29277.26
39807.96
34914.69
36090.57
27987.45
32784.44
48996.01
40370.35
33956.43
35990.36
38748.2
48533.26
53937.25
35624.13
49703.32
47862.22
35507.18
32948.34
26215.54
31727.16
42738.76
33482.24
31514
34638.72
36442.95
34661.87
37770.26
37248.55
36091.16
58601.46
41823.85
45616.83
45727.12
36929.07
41419.82
40372.06
47948.76
41398.11
47330.72
39600.56
43359.38
32685.31
47908
34351.74
25917.92
42556.6
31124.47
35241.11
36578.67
45886.37
44068.02
42508.09
28670.14
40421.67
47903.37
38813.74
37573.74
41269.09
34127.95
30200.62
33341.21
39074.32
36422.57
27778.77
38305.71
32656.97
42536.17
29479.07
29935.27
35206.69
36412.93
38337.61
38770.69
26067.38
25518.93
32829.08
38573.99
36193.11
41854.48
35338.18
28799.03
38400.12
28863.24
41832.53
57023.66
50173.52
39321.81
43276.99
34001.27
38123.06
41406.25
36375.86
39110.22
46216.68
35013.79
44574.61
41479.21
47821.82
50875.31
46293.95
57312.39
39617.4
52084.26
44780.44
33175.27
31424.79
29735.66
38566.34
41806.29
29629.13
42321.04
39348.33
25316.77
32324.4
33267.83
41006.16
42703.18
49598.03
41402.93
35840.24
37241.79
44269.7
30889.88
32032.44
33535.41
35161.51
43891.73
42947.33
37318.04
31244.43
35636.27
38548.14
40114.75
29670.5
32960.32
38701.41
36705.75
31553.82
40320.34
42223.5
43755.46
33010.28
29147.73
39316.23
34777.84
40562.23
43281.76
47189.53
42682.8
39051.99
28127.34
26271.45
31136.87
31616.38
37183.19
35475.93
38868.1
48473.29
37318.21
35784.68
34853.51
35941.24
35596.44
41895.9
42362.72
43505.38
42141.12
33219.95
39604.03
29589.6
31192.32
38306.7
30734.15
46415.35
35130.4
41274.06
34779.54
39986.29
34100.31
33511.19
35319.67
25092.85
42109
46790.54
51711.08
40367.95
44799.41
51070.43
37555.14
33802.17
60357.91
48583.84
35921.94
32744.7
38990.18
44924.75
34147.14
37802.36
46923.2
36846.85
43499.76
44132.46
40781.14
31469.36
55382.6
48386.66
47589.22
38668.9
27756.23
37999.47
32599.19
49830.01
43344.54
31962.2
49116.96
36944.07
40145.6
49214.89
41390.28
50426.45
45089.93
39646.33
41863.8
39301.06
40949.44
41023.81
40340.95
41792.99
38637.61
43436.35
35660.09
46428.84
32695.06
42230.15
40147.02
41109.95
35812.68
38787.78
36696.85
40233.57
31114.56
34860.89
47262.39
48321.48
36585.33
39660.31
36232.96
42513.39
38161.1
62019.11
63916.77
30012.87
39949.67
43109.39
41319.02
41492.21
24797.09
35087.36
42248.38
62475.95
28973.5
44638.97
40308.07
43405.01
33928.91
36151.31
41660.18
38742.48
37840.16
54317.78
37424.88
45198.68
38075.44
36164.21
44804.87
33379.85
50600.24
50421.28
43660.34
27486.75
33911.45
35869.89
57456.84
41668.74
53665.96
36683.99
51219.06
46301.81
44675.33
38076.18
29461.46
43064.28
48211.34
36061.38
48387.28
48881.88
39660.64
41084.98
47034.75
43761.61
46760.79
29211.18
28761.88
40701.49
62805.12
38577.08
40867.11
36486.49
54639.28
40015.68
44848.24
46663.31
49212.31
32875.77
47556.31
35242.37
36451.72
36794.38
39717.72
37872.25
39427.65
39637.05
37450.59
37919.5
42814.47
37889.28
41862.62
43294.27
37955.85
35278.78
39233.96
46746.91
31250.81
34971.18
34756.92
28393.31
54571.13
40423.71
24501.16
23702.5
36389.27
31818.85
41831.8
28593.54
37557.89
40491.42
32790.94
32688.86
26520.22
35800.97
30293.76
33502.52
29558.46
33625.48
41780.26
43755.06
27933.66
37417.56
44288.31
49140.23
41673.36
47885.43
48955.25
40582.62
32792.82
54340.53
31648.37
33259.59
41020.12
42065.89
37661.11
30129.64
50162.85
45643.65
34329.55
43757.48
37957.03
37475.69
63717.17
35921.5
58982.8
37179.1
51482.07
38384.27
47499.63
53188.78
34524.83
39255.1
41159.15
36942.64
49339.8
37371.47
38568.61
25615.49
21358.84
31039.44
34411.07
37949
35884.93
54082.21
34887.27
33864.44
34646.07
50890.26
70207.43
43239.8
44000.83
42717.98
37959.47
38009.13
35632.8
36564.73
48656.02
40066.05
46131.17
29138.63
35018.25
29361.16
25363.46
48376.86
27916.52
19375.14
26536.04
42239.69
40563.37
20682.78
28197.54
37112.61
46701.99
57506.79
42623.84
42546.94
44059.92
31549.98
46117.43
46908.8
41743.07
38837.89
53903.38
32816.23
40283.57
44878.77
38860.41
33482.85
34799.56
45903.74
40259.32
41912.66
34321.94
32376.11
43569.17
45156.94
42414.21
36388.83
35801.58
27415.91
31600
34442.16
37078.61
46886.68
47268.05
39883.37
38180.98
36332.03
43678.34
48724.63
35407.32
34027.05
44225.69
35770.72
41373.25
55222.58
47991.36
26489.33
44346.1
27771.63
42107.08
36838.06
37562.27
50560.47
42151.56
40091.07
35050.52
44889.9
38165.51
28500.11
53702.09
32074.58
31349.16
28124.27
28399.22
35482.85
37526.53
42835.11
44889.91
33970.13
38875.56
34840.35
36852.21
40098.45
33630.05
35763.52
31968.44
39047.53
33141.37
26539.17
42116.78
27786.49
46503.51
41416.99
45660.75
56868.92
34747.98
42368.92
43971.29
41317.94
40597.86
41056.71
34534.01
42507.01
37785.68
45124.57
40852.76
38482.11
39675.99
29610.72
31446.5
32466.37
31403.04
40370.56
41927.47
41762.46
42788.9
28029.89
30658.39
37488.03
48279.53
25766.67
41748.3
43618.59
25222.48
43350.52
41362.34
30888.75
35084.97
36317.08
50361.63
48750.18
49777.38
51911.85
36905.77
48413.58
32123.76
47118.41
35447.69
28452.94
40945.9
31752.92
30555.88
37105.81
40411.25
45062.05
34673.49
32209.05
44663.93
36607.55
45579.36
32570.79
34282.17
46906.15
24490.33
27093.38
46483.09
39825.27
35177.7
44917.5
42538.27
35828.84
33098.43
39863.76
43962.63
46641.74
35081.85
44213.69
32894.82
36691.97
30029.31
21978.72
18770.81
22792.31
33461.31
26575.55
36001.14
32170.23
41597.82
47107.92
37018.2
49421.76
29402.11
21366.46
39114.15
31870.96
41636.2
40448.8
21042.59
42694.85
56251.37
52741.08
38651.88
35154.18
42862.46
45228.71
38353.88
46440.52
56049.47
34256.49
52691.68
48020.91
33080.17
34291.19
37895.93
49342.2
48849.35
44290.7
48042.03
47726.4
45683.24
31371.84
38024.8
42746.27
43631.53
34432.16
28465.74
32520.94
35973.1
42630.06
53683.84
53296.48
36684.03
37231.66
40152.63
42893.1
39139.49
44469.99
39287.03
53248.04
45818.57
41855.67
40550.4
29246.09
38452.2
35467.19
53993.41
33830.92
33369.15
43839.31
35747.26
30889.99
37649.89
39939.73
36995.84
37221.32
41539.12
51347.61
33965.34
35121.29
52182.82
40821.62
30186.55
43498.19
44132.45
49540.83
38171.81
40624.16
36816.67
32616.01
31286.49
41255.37
25171.72
31140.13
39099.61
32812.84
36965.99
39684.6
34461.98
51540.91
45991.35
37751.62
36137.72
24431.4
28913.33
37318.01
42052.06
44194.58
39902.57
33689.21
53325.29
31419.19
39299.34
47968.94
38299.81
33686.47
36096.82
46318.27
37352.62
33732.29
38230.4
43795.14
27958.34
42325.54
40890.56
31062.41
40973.02
43361.87
39323.53
48129.46
49242.45
42736.96
42556.11
36386.45
40988.13
49797.98
56367.79
41843.45
39685.06
36156.85
44421.58
36350.63
45101.7
44753.8
36654.45
38793.74
36828.03
45442.65
44989.66
42418.7
33295.29
40395.26
45127.65
63793.54
43025.27
59928.22
64745.09
39162.6
38097.84
42105.15
40878.32
31929.32
38190.99
48482.44
43066.12
50664.88
42049.18
49690.69
35493.9
28823.06
35863.61
43642.58
36582.66
30214.65
38573.07
33098.6
35704.3
40769.08
39763.13
34495.23
42431.38
42232.73
47207.96
41957.15
41344.05
32154.35
43214.86
31910.43
39463.2
39231.47
38692.39
42664.13
41592.86
33427.36
33478.69
42835.03
39657.42
37518.94
37839.43
44280
42768.99
33678.73
45377.83
37362.6
37860.39
36435.28
38589.09
45796.32
45891.25
38129.24
37566.57
33326.35
39152.07
39501.6
41957.64
39748
40051.24
40480.32
41577.49
36668.79
33321.55
44957.18
36446.14
