6.67378
6.741771
6.717336
6.740379
6.730237
6.670229
6.718495
6.688036
6.736504
6.662047
6.783956
6.757811
6.717946
6.712776
6.794794
6.704293
6.68611
6.725293
6.717513
6.738734
6.729238
6.631124
6.711207
6.69685
6.725282
6.739545
6.698718
6.637579
6.692948
6.708923
6.706547
6.674923
6.670893
6.762735
6.742557
6.745598
6.696187
6.650937
6.675666
6.722589
6.698124
6.702786
6.606068
6.761765
6.681684
6.671157
6.682439
6.65528
6.722249
6.692268
6.695678
6.674162
6.636685
6.699164
6.688902
6.703738
6.687427
6.742199
6.711811
6.621253
6.741913
6.724808
6.654646
6.677794
6.711585
6.729872
6.691427
6.711786
6.692384
6.728957
6.671782
6.647674
6.692628
6.738634
6.735375
6.692333
6.691393
6.730691
6.673631
6.679841
6.68297
6.706536
6.69433
6.610404
6.687477
6.697017
6.711081
6.676756
6.744936
6.68327
6.708025
6.698393
6.684592
6.705514
6.722798
6.715234
6.624587
6.698288
6.736429
6.724688
6.750322
6.708764
6.68909
6.686901
6.669713
6.703809
6.720331
6.6906
6.66002
6.68371
6.749948
6.694951
6.691525
6.70184
6.722103
6.689451
6.680667
6.69394
6.730173
6.624701
6.655385
6.69444
6.700377
6.692502
6.706617
6.724663
6.671534
6.705816
6.698093
6.717804
6.690796
6.649634
6.731388
6.716698
6.740038
6.676824
6.704369
6.727925
6.700865
6.717441
6.672289
6.645888
6.702315
6.697766
6.656776
6.675225
6.643305
6.677913
6.687049
6.68647
6.664652
6.69311
6.697852
6.681161
6.69577
6.735191
6.671402
6.69239
6.683837
6.707227
6.716292
6.69614
6.714345
6.731848
6.736757
6.616842
6.713229
6.71826
6.73021
6.678544
6.668595
6.693721
6.764998
6.67219
6.689374
6.732018
6.672628
6.703232
6.697832
6.711496
6.697839
6.694351
6.681116
6.667045
6.692183
6.752061
6.709711
6.664492
6.666011
6.71151
6.682843
6.790025
6.696674
6.73013
6.715359
6.669903
6.678741
6.709363
6.702982
6.753264
6.655252
6.741633
6.668467
6.692603
6.666328
6.705699
6.681433
6.708522
6.753095
6.695618
6.74701
6.693277
6.654934
6.739874
6.686405
6.710207
6.700477
6.69341
6.688858
6.702685
6.735301
6.712426
6.716184
6.695909
6.722925
6.688014
6.727932
6.726197
6.702289
6.729197
6.702361
6.678998
6.736123
6.716648
6.735085
6.690202
6.701786
6.709951
6.726143
6.671503
6.703524
6.693256
6.696578
6.733731
6.698639
6.736916
6.718218
6.728607
6.707515
6.669318
6.698099
6.784857
6.721924
6.726381
6.702247
6.696529
6.699491
6.65907
6.710683
6.691736
6.70692
6.743309
6.700415
6.689931
6.634361
6.666286
6.639382
6.728105
6.737686
6.698955
6.724603
6.681466
6.717113
6.702152
6.62665
6.698594
6.693458
6.730922
6.7444
6.708231
6.743455
6.724386
6.687986
6.709129
6.684612
6.747431
6.704206
6.767826
6.70407
6.736604
6.727678
6.774266
6.69008
6.683519
6.691123
6.719714
6.671886
6.712712
6.708404
6.715771
6.682911
6.725337
6.707217
6.683181
6.723679
6.718656
6.723933
6.708793
6.721085
6.735907
6.674905
6.750079
6.675018
6.682906
6.727847
6.680981
6.73272
6.714422
6.654319
6.705591
6.69626
6.671522
6.683534
6.674929
6.700663
6.693705
6.717466
6.693305
6.65831
6.687708
6.731181
6.656532
6.735746
6.645828
6.710986
6.70153
6.683116
6.729383
6.689891
6.689802
6.659683
6.703731
6.674653
6.656297
6.650975
6.719086
6.729564
6.720253
6.657531
6.688157
6.638615
6.68319
6.66779
6.63392
6.678391
6.741087
6.735383
6.683493
6.713858
6.68659
6.666206
6.689948
6.657669
6.68578
6.738936
6.698105
6.735047
6.743826
6.69613
6.706201
6.665887
6.68358
6.723268
6.677383
6.664808
6.734805
6.702374
6.682656
6.694362
6.742739
6.669555
6.691503
6.696669
6.725181
6.730883
6.757145
6.721235
6.672003
6.692904
6.706955
6.654512
6.732608
6.714696
6.757101
6.687383
6.734684
6.689407
6.733499
6.737197
6.660721
6.761601
6.745586
6.738407
6.673248
6.730358
6.706472
6.756147
6.666164
6.735302
6.630807
6.680448
6.763989
6.663111
6.651097
6.699713
6.691767
6.67395
6.665875
6.684813
6.6925
6.669006
6.635316
6.682352
6.688681
6.644565
6.711476
6.669824
6.698424
6.659043
6.718533
6.757427
6.708214
6.66251
6.714687
6.755085
6.706853
6.64941
6.723352
6.721394
6.706305
6.703763
6.6935
6.744012
6.68562
6.683204
6.664022
6.721491
6.693703
6.672012
6.70261
6.662407
6.6672
6.712354
6.691835
6.691251
6.686917
6.689732
6.680241
6.702688
6.669235
6.711146
6.741622
6.723029
6.697907
6.667623
6.657905
6.732125
6.666363
6.688421
6.698753
6.714259
6.66613
6.705344
6.709339
6.735149
6.701106
6.728206
6.670791
6.719466
6.70221
6.758375
6.723952
6.703671
6.663057
6.704272
6.697092
6.663398
6.662832
6.695887
6.641905
6.687394
6.661969
6.733883
6.686321
6.679773
6.733571
6.716825
6.668349
6.71671
6.710268
6.702168
6.73851
6.715583
6.668667
6.716355
6.68054
6.66254
6.698659
6.712734
6.687089
6.688494
6.770476
6.695207
6.712243
6.74031
6.671753
6.688596
6.746645
6.667618
6.676817
6.701191
6.670135
6.649168
6.66076
6.718588
6.687206
6.666633
6.691561
6.667468
6.6517
6.63464
6.678767
6.646232
6.667357
6.711297
6.674479
6.630833
6.694024
6.708831
6.676557
6.748624
6.703854
6.62752
6.695368
6.695295
6.746511
6.693893
6.698309
6.675044
6.746959
6.653549
6.713622
6.746438
6.705391
6.726914
6.673979
6.771796
6.710949
6.72087
6.74137
6.72397
6.720515
6.728058
6.726378
6.725008
6.715577
6.730594
6.694937
6.6801
6.720336
6.687766
6.678625
6.639443
6.684537
6.723448
6.716287
6.655343
6.687714
6.716799
6.694934
6.733894
6.709532
6.714509
6.695267
6.706811
6.701746
6.679387
6.71157
6.693036
6.692298
6.699612
6.688408
6.718108
6.740954
6.695579
6.721161
6.67205
6.675615
6.707786
6.698691
6.667006
6.670297
6.68581
6.656632
6.722907
6.646618
6.654202
6.698997
6.711132
6.72253
6.667401
6.671397
6.676158
6.696179
6.651211
6.700227
6.69099
6.696755
6.703423
6.681469
6.764485
6.668248
6.659403
6.705828
6.689545
6.661296
6.646383
6.701554
6.688931
6.667539
6.707875
6.709893
6.693301
6.732865
6.679144
6.678448
6.650157
6.714907
6.676399
6.69016
6.678888
6.722692
6.675661
6.721896
6.72242
6.65802
6.718021
6.679927
6.700987
6.643151
6.757294
6.714055
6.657203
6.747439
6.64994
6.674534
6.700661
6.772764
6.709891
6.661131
6.751071
6.691639
6.732949
6.644501
6.682953
6.715649
6.735273
6.709457
6.696479
6.627662
6.692904
6.686556
6.701078
6.666481
6.688228
6.740946
6.750713
6.634391
6.68906
6.704903
6.639436
6.623308
6.691949
6.719163
6.709603
6.705839
6.70007
6.692162
6.670409
6.72263
6.678234
6.698149
6.673804
6.723181
6.634045
6.674476
6.698141
6.751872
6.682497
6.749351
6.655844
6.740582
6.723953
6.698632
6.704136
6.692019
6.726991
6.746149
6.726894
6.717925
6.709989
6.673088
6.683746
6.679969
6.708446
6.675018
6.702591
6.717223
6.661259
6.726577
6.715616
6.677916
6.694072
6.69507
6.657578
6.626023
6.673971
6.755918
6.66627
6.688757
6.631816
6.689157
6.712609
6.722946
6.669869
6.666856
6.663534
6.716916
6.758338
6.734083
6.688565
6.719185
6.678086
6.705284
6.767085
6.668673
6.713876
6.69286
6.698927
6.717093
6.739342
6.686569
6.747144
6.729665
6.713353
6.70374
6.692666
6.681432
6.707201
6.724161
6.713328
6.69949
6.668337
6.691536
6.702159
6.699329
6.702847
6.696733
6.698736
6.693753
6.704125
6.676435
6.710004
6.701139
6.707944
6.746102
6.714222
6.746674
6.71923
6.710106
6.723513
6.675782
6.757431
6.715941
6.686608
6.695069
6.707824
6.64345
6.70524
6.708064
6.741335
6.653043
6.757199
6.725591
6.720976
6.700164
6.699393
6.622753
6.7098
6.66127
6.736391
6.742689
6.706275
6.706944
6.690989
6.682922
6.685362
6.674479
6.705177
6.724906
6.725838
6.644674
6.705883
6.683918
6.656156
6.698978
6.704992
6.637966
6.689633
6.674949
6.685348
6.720579
6.664144
6.684174
6.661284
6.724897
6.666476
6.684009
6.685289
6.717666
6.74909
6.68215
6.721085
6.694037
6.665449
6.751295
6.697409
6.703526
6.675898
6.684633
6.690388
6.708316
6.696448
6.691653
6.708682
6.667258
6.699565
6.647897
6.661344
6.693642
6.685714
6.71306
6.656727
6.770993
6.708929
6.689552
6.704718
6.69931
6.736573
6.7146
6.733633
6.686075
6.65441
6.65177
6.673298
6.712492
6.64823
6.690889
6.727918
6.664824
6.714718
6.686179
6.692692
6.736807
6.775403
6.680044
6.704514
6.721792
6.662178
6.69878
6.748176
6.717477
6.661688
6.746541
6.719296
6.726376
6.657031
6.74508
6.630275
6.722501
6.706041
6.679656
6.621613
6.661445
6.701238
6.740898
6.680186
6.754302
6.657391
6.720877
6.699021
6.708976
6.714333
6.676729
6.700162
6.710772
6.677481
6.674048
6.718939
6.666634
6.705746
6.733483
6.737107
6.687201
6.725078
6.622195
6.7055
6.64211
6.727509
6.694228
6.709519
6.733731
6.732628
6.701007
6.69341
6.604966
6.644976
6.72569
6.749525
6.716001
6.74187
6.66559
6.714364
6.722387
6.680903
6.7021
6.766515
6.658995
6.674787
6.708453
6.701964
6.710231
6.70713
6.70794
6.689767
6.747541
6.64713
6.668868
6.749823
6.695432
6.74211
6.701462
6.717865
6.675271
6.659652
6.685484
6.761844
6.737539
6.693975
6.74213
6.729128
6.680413
6.754099
6.741823
6.720529
6.68291
6.706136
6.694981
6.765528
6.695564
6.716876
6.701484
6.689172
6.717497
6.666325
6.704923
6.679839
6.672331
6.637546
6.686941
6.687308
6.703536
6.735432
6.71995
6.682571
6.702832
6.729581
6.746124
6.699591
6.696679
6.716178
6.64811
6.706813
6.716642
6.695271
6.706881
6.657713
6.70522
6.700375
6.775331
6.690464
6.687749
6.704515
6.721859
6.726962
6.696076
6.686619
6.657177
6.675667
6.700246
6.687714
6.686881
6.707171
6.639724
6.708962
6.734509
6.764834
6.776279
6.667794
6.726627
6.700377
6.753905
6.656515
6.677885
6.72869
6.744804
6.705749
6.719348
6.651163
6.691055
6.745588
6.702627
6.70173
6.688505
6.746247
6.713409
6.700116
6.678723
6.657917
6.73907
6.685931
6.693061
6.72756
6.649044
6.722096
6.676022
6.734472
6.656468
6.699431
6.727901
6.691209
6.689058
6.748375
6.71855
6.693765
6.781275
6.707354
6.7239
6.720073
6.698911
6.728038
6.649097
6.691786
6.720512
6.705154
6.682131
6.688384
6.687326
6.674871
6.702842
6.721962
6.660276
6.76225
6.704068
6.698716
6.744532
6.66101
6.629524
6.683897
6.710329
6.700919
6.658752
6.730401
6.6877
6.708413
6.712474
6.68002
6.743155
6.746186
6.68475
6.749543
6.699903
6.748024
6.692318
6.720283
6.716493
6.763168
6.729171
6.660673
6.633954
6.733436
6.696929
6.718484
6.700113
6.77374
6.73685
6.709293
6.670894
6.731091
6.695553
6.710427
6.692848
6.663818
6.712568
6.681582
6.655126
6.778271
6.737726
6.698394
6.698922
6.684772
6.746743
6.72871
6.712553
6.697662
6.695384
6.706122
6.66218
6.730625
6.702483
6.717347
6.69562
6.689828
6.702371
6.707754
6.716144
6.660914
6.698779
6.650733
6.71744
6.71054
6.715086
6.683413
6.68448
6.697578
6.73751
6.70006
6.720395
6.670473
6.711752
6.740045
6.68055
6.710769
6.688182
6.742267
6.69325
6.691525
6.633494
6.70619
6.689507
6.655075
6.725246
6.726101
6.690426
6.673914
6.689723
6.730227
6.677996
6.703906
6.695164
6.668919
6.69517
6.720705
6.699859
6.685829
6.76595
6.671548
6.670978
6.739567
6.720338
6.742157
6.700336
6.70618
6.661906
6.719832
6.752006
6.655448
6.702409
6.700173
6.711452
6.757496
6.73943
6.692377
6.66339
6.692454
6.637581
6.700839
6.656705
6.699379
6.708323
6.685909
6.686569
6.681513
6.678984
6.718231
6.677885
6.686342
6.712261
6.650025
6.661018
6.715242
6.640568
6.669363
6.72522
6.712646
6.687943
6.726486
6.660631
6.716071
6.710335
6.650894
6.691654
6.698409
6.754487
6.726373
6.72026
6.657935
6.760195
6.666208
6.693585
6.72174
6.726219
6.676944
6.76069
6.759679
6.636851
6.749124
6.72717
6.6432
6.709305
6.649794
6.78395
6.74686
6.690942
6.707341
6.67154
6.719638
6.753165
6.711706
6.686955
6.730345
6.719042
6.747647
6.70834
6.715217
6.697372
6.702186
6.667711
6.729662
6.650618
6.725141
6.714108
6.675085
6.695163
6.654385
6.683933
6.709913
6.709754
6.687614
6.682361
6.726286
6.695196
6.682277
6.708138
6.635227
6.73013
6.722048
6.677742
6.686113
6.736558
6.706207
6.721248
6.706877
6.721866
6.673333
6.694801
6.736082
6.735805
6.693366
6.71199
6.714316
6.721448
6.648713
6.660793
6.659779
6.711208
6.699172
6.687038
6.685081
6.706179
6.595678
6.714497
6.68809
6.782946
6.681023
6.704693
6.704651
6.685764
6.716918
6.710315
6.696258
6.69607
6.675632
6.691189
6.730512
6.70666
6.702286
6.706314
6.724276
6.701777
6.693806
6.695609
6.740193
6.727353
6.692162
6.674827
6.685286
6.646829
6.649755
6.681497
6.667946
6.671913
6.69615
6.701506
6.730838
6.739178
6.696316
6.736623
6.722745
6.698249
6.64441
6.691634
6.694667
6.702418
6.673103
6.700187
6.681328
6.72155
6.630409
6.693746
6.715139
6.698533
6.71023
6.669872
6.703586
6.708702
6.674237
6.684754
6.654947
6.736182
6.675223
6.712416
6.718001
6.64959
6.749724
6.693462
6.720429
6.724624
6.696228
6.709364
6.717613
6.711223
6.740046
6.721365
6.680769
6.66354
6.667277
6.703906
6.669127
6.695211
6.68801
6.717586
6.716345
6.720151
6.72458
6.729283
6.692908
6.750141
6.700714
6.726418
6.691476
6.672631
6.660645
6.71506
6.741892
6.676053
6.674952
6.693886
6.711189
6.729349
6.702627
6.739938
6.747748
6.676355
6.709692
6.701779
6.665212
6.681092
6.740282
6.67146
6.686495
6.73657
6.662288
6.683883
6.72125
6.703002
6.751638
6.736916
6.777456
6.686675
6.681298
6.700148
6.692877
6.662678
6.710359
6.738404
6.696498
6.659585
6.670528
6.678158
6.691248
6.705637
6.701965
6.754926
6.725105
6.752828
6.671935
6.653817
6.7074
6.702417
6.752328
6.706824
6.741519
6.725795
6.677807
6.751966
6.736676
6.658793
6.684866
6.722227
6.631888
6.703015
6.7251
6.743263
6.740223
6.691747
6.682775
6.708116
6.754429
6.658436
6.633538
6.71866
6.698744
6.667352
6.705861
6.700888
6.678209
6.683945
6.700905
6.672274
6.685664
6.663493
6.730985
6.763143
6.758559
6.672405
6.696101
6.65287
6.664585
6.728031
6.727151
6.731508
6.684222
6.672075
6.759826
6.644785
6.714378
6.72952
6.677916
6.719497
6.712726
6.702872
6.673946
6.708006
6.660711
6.708308
6.700491
6.723384
6.690942
6.678296
6.716155
6.693712
6.681875
6.649598
6.727611
6.713476
6.759979
6.705941
6.708219
6.737167
6.698733
6.704509
6.706783
6.702198
6.668437
6.689449
6.70898
6.699305
6.669197
6.659747
6.669009
6.644714
6.736908
6.740981
6.732411
6.69941
6.702648
6.67763
6.694114
6.722555
6.689369
6.715365
6.680487
6.722452
6.667936
6.714973
6.690475
6.697569
6.737678
6.738793
6.716315
6.716725
6.729649
6.668259
6.769176
6.727343
6.714598
6.700606
6.732633
6.735053
6.692403
6.665257
6.729041
6.666184
6.702275
6.735457
6.693067
6.689048
6.704321
6.762814
6.708488
6.661818
6.710716
6.666363
6.679222
6.694184
6.715937
6.682568
6.723404
6.711531
6.764468
6.69784
6.686916
6.718529
6.728942
6.69757
6.716639
6.723918
6.711494
6.703216
6.711648
6.717898
6.734507
6.681086
6.748873
6.742623
6.719786
6.675559
6.71162
6.705542
6.743167
6.696182
6.683804
6.613336
6.699224
6.683682
6.688244
6.717597
6.727994
6.717624
6.683055
6.668247
6.694425
6.680129
6.740372
6.674589
6.64648
6.686831
6.718648
6.67406
6.671991
6.639628
6.676364
6.707863
6.705539
6.686994
6.656886
6.62091
6.700596
6.700745
6.685012
6.730526
6.758509
6.709658
6.692082
6.656158
6.699655
6.718823
6.713073
6.718552
6.728569
6.709977
6.74016
6.730822
6.735455
6.714756
6.650969
6.687497
6.685931
6.71684
6.677862
6.668716
6.700289
6.682809
6.691005
6.680403
6.712105
6.718107
6.715665
6.683152
6.68419
6.727327
6.664167
6.708979
6.718686
6.69847
6.736927
6.716642
6.649882
6.720217
6.735421
6.65837
6.700387
6.674149
6.655692
6.676756
6.732976
6.686551
6.7316
6.72621
6.664464
6.643411
6.753604
6.718572
6.66799
6.691941
6.657785
6.715927
6.67988
6.748895
6.685669
6.674925
6.710026
6.715081
6.687338
6.75015
6.670042
6.661953
6.713617
6.720048
6.672173
6.722108
6.715701
6.657674
6.776781
6.694469
6.737177
6.661388
6.723426
6.699765
6.73765
6.748783
6.729025
6.688829
6.762302
6.677977
6.750323
6.711723
6.710328
6.699499
6.717844
6.675187
6.704778
6.645118
6.672357
6.646256
6.68376
6.691496
6.674876
6.662621
6.714176
6.682576
6.711669
6.626101
6.647435
6.690525
6.677932
6.667541
6.675724
6.698392
6.723227
6.661603
6.706149
6.711307
6.709639
6.705509
6.746033
6.754571
6.683413
6.651715
6.662093
6.701089
6.670233
6.70317
6.667593
6.695015
6.66653
6.695155
6.723089
6.737878
6.692855
6.717621
6.653919
6.71209
6.687374
6.712982
6.738534
6.741012
6.759519
6.716709
6.673449
6.686188
6.699374
6.692615
6.697207
6.694854
6.675045
6.689981
6.731907
6.708396
6.717113
6.689394
6.697106
6.69054
6.730107
6.73463
6.703089
6.671279
6.738551
6.702018
6.693063
6.647886
6.640003
6.688068
6.6937
6.74111
6.719583
6.682585
6.645206
6.654874
6.720416
6.6756
6.699129
6.712225
6.746031
6.686214
6.760542
6.665184
6.70088
6.682346
6.700225
6.727511
6.701518
6.702844
6.702462
6.704546
6.739328
6.734617
6.71634
6.685675
6.717286
6.735364
6.706536
6.739633
6.694785
6.647625
6.720177
6.669189
6.717518
6.7206
6.741951
6.685937
6.64715
6.708093
6.729005
6.697524
6.678111
6.725058
6.700486
6.711153
6.695348
6.720716
6.72134
6.693784
6.668121
6.677363
6.701653
6.751791
6.737543
6.729843
6.725601
6.688706
6.690997
6.72579
6.694314
6.696621
6.682409
6.687617
6.699558
6.734257
6.748812
6.739817
6.678579
6.775238
6.72838
6.704862
6.772281
6.727324
6.704557
6.672451
6.715172
6.682932
6.680226
6.684971
6.707037
6.686957
6.709906
6.711021
6.72782
6.656973
6.718956
6.670009
6.672643
6.719662
6.726559
6.71133
6.679897
6.764504
6.737845
6.740854
6.735347
6.712947
6.70849
6.715398
6.721566
6.705966
6.717777
6.68943
6.717967
6.743186
6.704939
6.661005
6.678317
6.681378
6.698869
6.71034
6.739912
6.742544
6.681883
6.66054
6.703959
6.715723
6.656169
6.697807
6.682761
6.695775
6.716253
6.712835
6.693802
6.618754
6.637288
6.704917
6.706451
6.66395
6.660044
6.660005
6.719957
6.678043
6.680324
6.70716
6.642071
6.755218
6.666922
6.730289
6.715442
6.74528
6.663562
6.639943
6.74942
6.696003
6.719599
6.680714
6.7436
6.690901
6.696084
6.721135
6.638935
6.660212
6.738652
6.662786
6.724592
6.746992
6.68383
6.754211
6.746065
6.70496
6.672711
6.722477
6.661275
6.724087
6.740387
6.723385
6.678205
6.751803
6.672906
6.667838
6.710681
6.670699
6.770082
6.718616
6.709999
6.66571
6.704289
6.674549
6.720366
6.701087
6.711193
6.680577
6.74632
6.668214
6.731153
6.633816
6.701164
6.6596
6.729719
6.720987
6.690042
6.712946
6.745721
6.710694
6.717548
6.719235
6.666441
6.668438
6.731906
6.635974
6.731128
6.7044
6.769756
6.697433
6.700026
6.700389
6.733413
6.731928
6.670612
6.703582
6.654344
6.747726
6.715843
6.684136
6.70202
6.6831
6.691928
6.684065
6.710197
6.722552
6.687164
6.748607
6.7094
6.717095
6.722936
6.654635
6.71999
6.69622
6.731787
6.667229
6.705406
6.664529
6.733453
6.70141
6.685598
6.670374
6.722832
6.677462
6.716389
6.716517
6.712981
6.665052
6.719317
6.707617
6.703657
6.693901
6.657753
6.723701
6.660232
6.727803
6.738729
6.712323
6.729455
6.694928
6.722374
6.74141
6.667681
6.683112
6.651429
6.694814
6.710008
6.681877
6.736893
6.6944
6.725309
6.639556
6.678255
6.73282
6.723061
6.689939
6.698553
6.672711
6.675976
6.707557
6.684589
6.713462
6.701424
6.720086
6.717207
6.60637
6.682789
6.695309
6.739413
6.677353
6.731815
6.676715
6.691215
6.691592
6.727428
6.715254
6.685896
6.731366
6.7094
6.704608
6.717543
6.683443
6.698416
6.706138
6.685951
6.69072
6.731217
6.718017
6.714279
6.701893
6.672378
6.66925
6.723125
6.710037
6.705381
6.684628
6.660659
6.723676
6.661568
6.734835
6.72816
6.726037
6.688407
6.640953
6.689627
6.712924
6.730037
6.701099
6.652288
6.708689
6.718186
6.731765
6.760612
6.736766
6.64312
6.794151
6.723493
6.724831
6.717445
6.724087
6.707458
6.714176
6.686537
6.653037
6.740514
6.700218
6.703182
6.740321
6.731125
6.717027
6.672046
6.703209
6.706844
6.702791
6.679902
6.715571
6.651469
6.686779
6.683456
6.734327
6.7033
6.70767
6.670579
6.746767
6.741476
6.740716
6.743981
6.748068
6.69592
6.713429
6.644812
6.672197
6.70092
6.733914
6.722724
6.689665
6.657174
6.772771
6.706442
6.73479
6.712133
6.73555
6.691012
6.657839
6.664122
6.701795
6.634675
6.713963
6.669087
6.71957
6.684688
6.715267
6.689482
6.711163
6.693766
6.697988
6.748145
6.737838
6.691712
6.645852
6.721014
6.676063
6.672169
6.705288
6.675012
6.710889
6.734256
6.719852
6.651961
6.697799
6.627278
6.681186
6.646886
6.653928
6.704275
6.682806
6.659264
6.644311
6.704216
6.705972
6.637097
6.678768
6.721388
6.647128
6.730189
6.711336
6.718036
6.674272
6.705248
6.712939
6.687734
6.675573
6.717818
6.703659
6.756332
6.682449
6.752402
6.79961
6.704805
6.763152
6.703981
6.712216
6.705829
6.700291
6.755858
6.627937
6.643168
6.714237
6.674898
6.715025
6.693748
6.674941
6.685997
6.745476
6.620879
6.665167
6.745151
6.692103
6.710878
6.721018
6.619912
6.709148
6.7135
6.690397
6.679178
6.687646
6.733951
6.704622
6.662241
6.726024
6.725745
6.683805
6.708028
6.702326
6.653626
6.693743
6.692036
6.74459
6.70665
6.699439
6.706735
6.71962
6.653775
6.668025
6.768672
6.708875
6.707679
6.718971
6.708175
6.644242
6.708908
6.662603
6.722598
6.700772
6.685651
6.729841
6.69806
6.709223
6.735249
6.710297
6.654333
6.713369
6.720996
6.720015
6.684237
6.697617
6.725255
6.6705
6.700185
6.709125
6.681402
6.703991
6.760226
6.71479
6.708399
6.750774
6.628299
6.685213
6.716377
6.740886
6.718163
6.709238
6.667439
6.691893
6.671318
6.704625
6.727914
6.704736
6.665328
6.713111
6.712022
6.667793
6.687591
6.674439
6.659017
6.695904
6.732621
6.7274
6.720335
6.701868
6.71837
6.673977
6.673144
6.712411
6.66776
6.699593
6.751434
6.698922
6.728178
6.703032
6.751134
6.692149
6.740108
6.704784
6.740124
6.645258
6.69014
6.673722
6.693966
6.687404
6.705184
6.671948
6.695389
6.695342
6.685597
6.700586
6.676815
6.739114
6.749174
6.711899
6.677954
6.673801
6.70292
6.748529
6.641997
6.671779
6.687853
6.672931
6.672367
6.715301
6.695601
6.725153
6.734723
6.696921
6.728702
6.694668
6.657748
6.739879
6.698255
6.702697
6.743991
6.675722
6.687132
6.710727
6.74404
6.724549
6.653893
6.727618
6.700865
6.694194
6.701131
6.721228
6.725661
6.715467
6.688784
6.688477
6.696782
6.717628
6.708486
6.689605
6.719576
6.675872
6.724314
6.671318
6.657323
6.719632
6.731496
6.719939
6.727996
6.699893
6.707569
6.722399
6.670921
6.701896
6.785696
6.689645
6.701874
6.705823
6.728545
6.701734
6.626626
6.697433
6.726838
6.698435
6.759899
6.670517
6.691785
6.68999
6.728898
6.700273
6.732427
6.70425
6.705616
6.720108
6.692395
6.699294
6.699332
6.668463
6.755671
6.724994
6.685102
6.701828
6.661948
6.641968
6.719238
6.694263
6.646185
6.743333
6.671841
6.695055
6.716203
6.681342
6.699438
6.747978
6.662099
6.703567
6.685733
6.68511
6.6871
6.730213
6.70181
6.676125
6.706589
6.709038
6.711068
6.704133
6.755389
6.677415
6.705035
6.710334
6.712946
6.713985
6.702236
6.707558
6.711463
6.719448
6.685841
6.716907
6.705619
6.75694
6.692908
6.712197
6.693778
6.708618
6.666873
6.71194
6.707605
6.713231
6.675272
6.697996
6.760786
6.701344
6.712989
6.686988
6.657682
6.651744
6.709833
6.678405
6.712361
6.686721
6.704146
6.700452
6.718963
6.720082
6.741194
6.707464
6.691003
6.701955
6.698439
6.634121
6.679571
6.695799
6.672771
6.672876
6.710571
6.709979
6.725574
6.728827
6.707502
6.655931
6.698024
6.645488
6.68898
6.702838
6.713982
6.696987
6.693634
6.752321
6.706441
6.681525
6.70653
6.733073
6.702575
6.689661
6.693308
6.72905
6.74977
6.71561
6.718132
6.704905
6.680202
6.730325
6.687484
6.729731
6.746042
6.661008
6.679431
6.660749
6.750949
6.697467
6.677796
6.719618
6.663435
6.68025
6.711348
6.692061
6.787523
6.741304
6.638625
6.688357
6.676183
6.631563
6.659717
6.705077
6.709751
6.668655
6.758319
6.681904
6.711584
6.742028
6.710161
6.718552
6.667358
6.700577
6.713682
6.713331
6.673035
6.704436
6.687212
6.662862
6.753611
6.705771
6.708319
6.708004
6.730487
6.735624
6.677191
6.72591
6.748188
6.740973
6.730037
6.664677
6.695293
6.708572
6.699769
6.725579
6.716938
6.680701
6.713156
6.688647
6.693142
6.694417
6.706176
6.708457
6.756045
6.791766
6.685678
6.67882
6.636482
6.698247
6.731287
6.683218
6.624573
6.744347
6.685756
6.675981
6.647678
6.739203
6.731193
6.64415
6.697454
6.733772
6.671248
6.747269
6.720412
6.707476
6.712278
6.745365
6.682764
6.712683
6.655337
6.687454
6.723806
6.69859
6.670188
6.665676
6.651151
6.761245
6.668327
6.724099
6.702239
6.725599
6.695034
6.724594
6.659783
6.626865
6.673726
6.661681
6.741024
6.684167
6.7717
6.718719
6.762242
6.736543
6.688008
6.696158
6.649338
6.712286
6.67899
6.736894
6.681046
6.712619
6.687472
6.662006
6.703792
6.741634
6.73814
6.72659
6.712505
6.672649
6.701163
6.748182
6.687525
6.702431
6.738324
6.644567
6.69076
6.713859
6.684071
6.717669
6.697997
6.706951
6.652789
6.693575
6.668095
6.741721
6.680091
6.70996
6.712345
6.680111
6.690645
6.717456
6.703066
6.660961
6.676164
6.682532
6.673722
6.675335
6.69182
6.719855
6.704158
6.786349
6.698712
6.703118
6.697033
6.685841
6.719567
6.70693
6.71902
6.667216
6.64634
6.678279
6.6992
6.686702
6.716693
6.699613
6.688195
6.720172
6.716375
6.781027
6.649766
6.725185
6.711902
6.691076
6.684883
6.751107
6.713995
6.702309
6.671222
6.729799
6.725368
6.673936
6.72553
6.679206
6.682717
6.72775
6.674802
6.699408
6.748076
6.635749
6.70108
6.696583
6.747467
6.729551
6.729246
6.679978
6.661854
6.718808
6.66234
6.675721
6.709912
6.668678
6.649452
6.661048
6.70025
6.69072
6.745642
6.733185
6.724298
6.702256
6.690641
6.684848
6.74362
6.662446
6.772384
6.776322
6.709652
6.709849
6.708605
6.681398
6.736449
6.701887
6.727045
6.71354
6.739852
6.705232
6.789992
6.709255
6.696116
6.734285
6.729948
6.627753
6.72894
6.638266
6.636061
6.683788
6.692128
6.72996
6.688803
6.698769
6.665925
6.733529
6.726987
6.713264
6.682906
6.657894
6.704229
6.731646
6.668496
6.741367
6.68949
6.703477
6.646041
6.767034
6.707501
6.681705
6.695663
6.728211
6.711698
6.690969
6.666641
6.699224
6.717717
6.69873
6.75662
6.744556
6.711542
6.75186
6.71796
6.662181
6.667452
6.705086
6.729595
6.643381
6.663336
6.695123
6.656938
6.685071
6.68435
6.70166
6.721078
6.691483
6.678675
6.638481
6.684131
6.71989
6.723819
6.691309
6.753067
6.634582
6.74588
6.736154
6.673443
6.736934
6.684862
6.648635
6.704018
6.647203
6.724822
6.710396
6.642074
6.659599
6.690733
6.703655
6.693206
6.677589
6.676414
6.663136
6.677917
6.659124
6.703305
6.688463
6.64289
6.686575
6.685803
6.727845
6.712375
6.731293
6.674539
6.723008
6.69242
6.71777
6.722815
6.701468
6.693234
6.69978
6.725625
6.678003
6.755258
6.704783
6.683678
6.687826
6.694675
6.737151
6.65622
6.747298
6.735191
6.76366
6.781586
6.673902
6.774801
6.700367
6.725304
6.731025
6.658582
6.718534
6.691268
6.741442
6.696138
6.707548
6.725523
6.675607
6.730713
6.722784
6.693059
6.687405
6.645272
6.695324
6.677952
6.750335
6.699638
6.679159
6.709792
6.719433
6.696602
6.706087
6.696714
6.623031
6.730265
6.634889
6.69028
6.722347
6.681696
6.669287
6.669107
6.699959
6.713929
6.710131
6.70332
6.695884
6.706286
6.689075
6.760032
6.743953
6.686194
6.712376
6.672279
6.680601
6.672886
6.743529
6.71013
6.704047
6.718969
6.726123
6.702509
6.699934
6.687842
6.643631
6.669154
6.664162
6.645133
6.675885
6.670642
6.640344
6.659621
6.727961
6.705471
6.687709
6.672675
6.761933
6.703982
6.751618
6.693159
6.730824
6.739132
6.721177
6.75706
6.714528
6.642736
6.683467
6.685038
6.704245
6.70139
6.693669
6.677647
6.648382
6.676814
6.692433
6.69613
6.654834
6.674863
6.72262
6.715653
6.680666
6.690455
6.73102
6.683128
6.681952
6.664369
6.635391
6.696705
6.719337
6.654227
6.685436
6.699112
6.707558
6.716164
6.67177
6.670302
6.669647
6.702064
6.68213
6.618559
6.683917
6.687502
6.726008
6.703131
6.687774
6.722315
6.739359
6.667326
6.709354
6.748745
6.720448
6.719394
6.68812
6.699323
6.691921
6.6967
6.716572
6.729984
6.750189
6.69577
6.711106
6.664227
6.716654
6.668502
6.784155
6.691346
6.688214
6.728799
6.707361
6.757816
6.707983
6.698535
6.710537
6.671185
6.643836
6.762399
6.691652
6.702736
6.707795
6.731695
6.72895
6.749767
6.646247
6.664035
6.673747
6.637029
6.749771
6.697597
6.699037
6.713747
6.744102
6.695011
6.661349
6.667242
6.733568
6.732435
6.706972
6.71118
6.731829
6.694784
6.705502
6.750989
6.73363
6.69004
6.749939
6.700559
6.711414
6.74081
6.720069
6.714629
6.678216
6.695653
6.699453
6.709067
6.708182
6.706021
6.71361
6.749524
6.701349
6.685153
6.681941
6.683792
6.764202
6.705695
6.714199
6.70432
6.695594
6.740033
6.725821
6.659556
6.670295
6.738483
6.685271
6.717649
6.695469
6.746862
6.6551
6.695928
6.723313
6.714435
6.754497
6.705541
6.698273
6.696027
6.744012
6.729003
6.702367
6.658985
6.774405
6.696731
6.667139
6.66674
6.699766
6.732329
6.656312
6.636536
6.738126
6.676725
6.717202
6.637057
6.707741
6.693953
6.683301
6.741522
6.713409
6.655225
6.68432
6.736344
6.700535
6.677329
6.693415
6.704518
6.613125
6.691444
6.687218
6.701071
6.677357
6.698639
6.725482
6.686818
6.730458
6.706176
6.660235
6.668642
6.701064
6.738284
6.717381
6.725971
6.719468
6.666374
6.718443
6.642167
6.684353
6.72539
6.635191
6.716262
6.732929
6.691166
6.721039
6.673907
6.680402
6.713721
6.75872
6.677241
6.671174
6.677957
6.654157
6.762659
6.727018
6.626908
6.678961
6.729338
6.675519
6.69542
6.710544
6.708297
6.67831
6.691605
6.673328
6.66207
6.733593
6.702175
6.704648
6.685017
6.664268
6.695419
6.718388
6.771914
6.710936
6.720617
6.704514
6.719042
6.653954
6.720981
6.692526
6.715664
6.694784
6.707964
6.747659
6.701859
6.684513
6.737176
6.693259
6.6734
6.676769
6.7024
6.703562
6.755301
6.687414
6.748062
6.707597
6.7042
6.730274
6.692473
6.730433
6.645433
6.74229
6.746844
6.727926
6.689742
6.705151
6.752304
6.726598
6.715914
6.698615
6.741989
6.6862
6.710871
6.671185
6.685996
6.659471
6.704275
6.747125
6.72724
6.713181
6.694158
6.713172
6.744536
6.744084
6.672016
6.695262
6.675637
6.7065
6.734783
6.745616
6.701723
6.706923
6.70385
6.678101
6.716322
6.707814
6.620628
6.716758
6.684505
6.695995
6.752193
6.6964
6.734973
6.721401
6.717317
6.728118
6.647576
6.784948
6.688595
6.689282
6.680384
6.732784
6.668584
6.704655
6.71109
6.709049
6.729341
6.728464
6.732033
6.730387
6.679306
6.71232
6.688544
6.677156
6.735882
6.665346
6.653903
6.69834
6.740526
6.738606
6.688855
6.714076
6.707684
6.695989
6.722578
6.674238
6.64557
6.719184
6.683032
6.651237
6.700153
6.694445
6.729795
6.72395
6.714551
6.699879
6.68493
6.724073
6.701895
6.70325
6.713729
6.74521
6.690251
6.680666
6.709948
6.720691
6.734577
6.720804
6.654797
6.633423
6.708917
6.670498
6.724636
6.704437
6.691325
6.678711
6.670946
6.683199
6.702471
6.697939
6.687481
6.75389
6.73238
6.653717
6.674864
6.65403
6.68127
6.695008
6.670586
6.670013
6.72733
6.709655
6.684688
6.729691
6.690699
6.706813
6.682225
6.711779
6.630562
6.723582
6.699931
6.716182
6.727961
6.687614
6.665924
6.683409
6.679987
6.689245
6.677641
6.712313
6.709331
6.690353
6.685542
6.735761
6.74257
6.719327
6.722991
6.655329
6.667943
6.69036
6.734818
6.720486
6.698685
6.732037
6.673805
6.774655
6.686876
6.702903
6.747994
6.704487
6.64062
6.718241
6.696173
6.696383
6.71249
6.67596
6.701209
6.733867
6.689294
6.670679
6.687226
6.673657
6.669045
6.721065
6.671537
6.72907
6.704897
6.73577
6.67994
6.680795
6.777252
6.717782
6.694406
6.71227
6.707588
6.624636
6.773561
6.699878
6.740125
6.692681
6.774749
6.716628
6.700729
6.78081
6.688909
6.723821
6.702023
6.722075
6.723906
6.71906
6.743574
6.724971
6.724662
6.740784
6.656548
6.722087
6.749839
6.681491
6.677455
6.722165
6.729678
6.672512
6.801147
6.679678
6.725446
6.70187
6.68581
6.704314
6.712089
6.718762
6.718386
6.724329
6.681757
6.728924
6.667713
6.685121
6.703878
6.673123
6.672636
6.703388
6.691963
6.70812
6.702602
6.659386
6.618133
6.686921
6.697908
6.688167
6.658558
6.736195
6.740502
6.702381
6.671488
6.69745
6.714941
6.65438
6.676521
6.697495
6.735369
6.694191
6.724681
6.688076
6.713046
6.709376
6.715658
6.719712
6.686172
6.67656
6.726238
6.707495
6.720326
6.757177
6.719465
6.747407
6.701358
6.689758
6.7048
6.6841
6.687232
6.70916
6.677955
6.682852
6.713242
6.693422
6.678875
6.722099
6.708093
6.678845
6.704043
6.74382
6.732812
6.712633
6.667871
6.673337
6.720301
6.710235
6.711332
6.747909
6.709461
6.741509
6.70525
6.668615
6.766969
6.729278
6.756765
6.722928
6.674768
6.718469
6.694477
6.712117
6.734199
6.719233
6.70592
6.705889
6.694873
6.689347
6.695057
6.665099
6.72324
6.686295
6.695904
6.711138
6.713599
6.691938
6.726969
6.703126
6.756655
6.707686
6.729856
6.755382
6.740106
6.702718
6.656785
6.678537
6.783664
6.749893
6.678469
6.696976
6.660516
6.730836
6.738699
6.717248
6.697385
6.661059
6.672568
6.70104
6.683279
6.690188
6.733302
6.638942
6.756011
6.72104
6.737193
6.679137
6.715886
6.695069
6.646681
6.701707
6.733588
6.681241
6.655609
6.756075
6.717874
6.673794
6.732894
6.710886
6.661525
6.651373
6.665291
6.662866
6.69096
6.750907
6.705233
6.684649
6.740649
6.684154
6.726845
6.667827
6.681799
6.738873
6.697887
6.742392
6.739886
6.740623
6.69479
6.656055
6.654882
6.74576
6.742221
6.712909
6.696602
6.648097
6.69513
6.749594
6.733425
6.695059
6.731797
6.728514
6.731999
6.694345
6.693844
6.717756
6.657616
6.719536
6.68404
6.673246
6.698117
6.709579
6.658182
6.720824
6.679119
6.65931
6.687759
6.691057
6.693971
6.705505
6.683223
6.710899
6.708628
6.687709
6.681182
6.709245
6.74516
6.746367
6.72794
6.738088
6.685588
6.691418
6.681292
6.685412
6.666221
6.697121
6.704867
6.665155
6.699204
6.677622
6.729641
6.679987
6.726888
6.707013
6.723851
6.677255
6.704802
6.723382
6.677509
6.689551
6.687685
6.713141
6.694953
6.715449
6.7026
6.704815
6.716449
6.689707
6.67768
6.684228
6.707059
6.692764
6.738968
6.691109
6.703844
6.727551
6.642447
6.686001
6.648492
6.700562
6.709158
6.681546
6.709126
6.683461
6.682956
6.741925
6.688682
6.6742
6.688045
6.708085
6.672186
6.716819
6.696456
6.716432
6.675006
6.749113
6.7233
6.675023
6.691318
6.679746
6.681687
6.699313
6.688151
6.696003
6.731172
6.755136
6.714001
6.720815
6.666406
6.665434
6.641202
6.682764
6.695699
6.740732
6.713915
6.69055
6.650185
6.714846
6.709232
6.735691
6.755352
6.727058
6.640976
6.720764
6.714553
6.757947
6.713078
6.730112
6.67506
6.663438
6.724726
6.742125
6.698261
6.65883
6.661265
6.677215
6.717592
6.687045
6.664806
6.748828
6.679879
6.636032
6.739223
6.678842
6.694066
6.718713
6.661665
6.67893
6.732879
6.675713
6.743425
6.671521
6.743887
6.749724
6.730089
6.691505
6.746683
6.745397
6.675466
6.687275
6.705082
6.66466
6.659109
6.658168
6.692624
6.744008
6.671586
6.693728
6.759379
6.645212
6.703756
6.708108
6.690022
6.671979
6.750643
6.731875
6.714559
6.721981
6.685935
6.738062
6.723279
6.697609
6.724971
6.71365
6.710495
6.663159
6.702409
6.687678
6.69094
6.698642
6.701119
6.67917
6.676926
6.704675
6.71288
6.726975
6.675284
6.681737
6.737996
6.750219
6.678776
6.702715
6.681182
6.709419
6.709992
6.755534
6.729528
6.663958
6.679843
6.707029
6.645105
6.663008
6.717261
6.70987
6.636461
6.70732
6.752828
6.7162
6.716571
6.675065
6.669759
6.700194
6.672798
6.690532
6.698892
6.730732
6.684131
6.688243
6.748505
6.683557
6.675512
6.667725
6.673524
6.693355
6.68857
6.687327
6.684352
6.674282
6.66967
6.72108
6.722704
6.669797
6.741618
6.669537
6.751557
6.70844
6.693764
6.667315
6.693792
6.709141
6.675518
6.63598
6.686628
6.704433
6.67714
6.701504
6.712653
6.682495
6.674421
6.731405
6.647929
6.700055
6.720756
6.704553
6.682811
6.684709
6.705323
6.746089
6.730544
6.664001
6.706419
6.690186
6.713155
6.596309
6.69604
6.643047
6.713086
6.675798
6.680146
6.717483
6.65695
6.705617
6.742663
6.672473
6.70046
6.703726
6.712008
6.709362
6.66146
6.714734
6.720981
6.677124
6.678389
6.647365
6.702502
6.718529
6.651035
6.655282
6.676536
6.719751
6.671833
6.69585
6.67146
6.696694
6.733941
6.721432
6.686837
6.742138
6.621054
6.738752
6.643227
6.730259
6.696108
6.678417
6.68398
6.687074
6.726999
6.704959
6.74331
6.705541
6.726535
6.721211
6.680784
6.587562
6.686936
6.652617
6.732989
6.754781
6.717292
6.713529
6.655261
6.733501
6.662622
6.681475
6.692719
6.678159
6.711423
6.707462
6.697227
6.732841
6.701634
6.691746
6.725912
6.628035
6.63794
6.676952
6.663232
6.726173
6.656044
6.743763
6.697934
6.682727
6.709662
6.772057
6.69772
6.674493
6.692357
6.713972
6.741035
6.69908
6.713933
6.68352
6.7081
6.705125
6.704339
6.654689
6.670227
6.680296
6.742665
6.673095
6.753625
6.750487
6.720833
6.745442
6.666851
6.718838
6.755482
6.720002
6.711522
6.73366
6.665628
6.689369
6.722032
6.668385
6.683795
6.672489
6.742451
6.703096
6.727048
6.744134
6.63616
6.698779
6.664492
6.716757
6.655418
6.694339
6.704456
6.776387
6.721635
6.685216
6.70161
6.687827
6.716257
6.699891
6.703324
6.672101
6.680799
6.697914
6.626018
6.67445
6.675149
6.729888
6.710445
6.741774
6.652728
6.723362
6.711234
6.733871
6.702197
6.660896
6.681395
6.739627
6.670599
6.736764
6.703949
6.702269
6.696641
6.752325
6.682018
6.722783
6.687015
6.661964
6.702101
6.698355
6.7369
6.713905
6.645614
6.675148
6.731006
6.720993
6.706666
6.6588
6.690868
6.733684
6.720027
6.695159
6.624899
6.687709
6.673126
6.657899
6.700588
6.716106
6.701618
6.722311
6.774305
6.749984
6.725098
6.706004
6.695755
6.691877
6.745799
6.719422
6.677329
6.618166
6.663474
6.717784
6.678331
6.682007
6.67346
6.694639
6.657976
6.712274
6.724959
6.661562
6.710008
6.692647
6.693738
6.668484
6.725417
6.670952
6.74065
6.741582
6.653963
6.717487
6.730766
6.708682
6.686953
6.708553
6.70443
6.771091
6.688281
6.675904
6.67373
6.69127
6.662506
6.753859
6.685919
6.711893
6.680488
6.664431
6.67784
6.73921
6.694774
6.780506
6.700582
6.728541
6.713472
6.663205
6.690105
6.691963
6.715374
6.741854
6.658535
6.759342
6.715045
6.699547
6.634856
6.711233
6.704775
6.7054
6.722845
6.681949
6.660786
6.690782
6.685744
6.710741
6.738255
6.715553
6.710811
6.696397
6.719243
6.670482
6.713585
6.683244
6.714584
6.731936
6.719541
6.713947
6.714513
6.721191
6.680222
6.714735
6.701748
6.677799
6.721324
6.731403
6.682681
6.715581
6.699021
6.684833
6.664509
6.717476
6.689584
6.707881
6.676418
6.720451
6.731603
6.68302
6.668696
6.687508
6.722656
6.686599
6.717063
6.688258
6.718054
6.710152
6.735661
6.764105
6.656372
6.689513
6.71483
6.686092
6.69257
6.713943
6.698374
6.764201
6.686449
6.724553
6.695321
6.69757
6.731113
6.684285
6.695384
6.714811
6.732874
6.703527
6.690484
6.748558
6.660099
6.699798
6.702634
6.720623
6.756296
6.710906
6.680667
6.701594
6.698088
6.718565
6.731328
6.675483
6.715592
6.680253
6.666538
6.751264
6.676616
6.679838
6.698748
6.703433
6.677854
6.703946
6.663299
6.742569
6.690613
6.706516
6.717931
6.713797
6.698987
6.718381
6.680566
6.708451
6.704666
6.630718
6.765625
6.679653
6.682906
6.750551
6.741749
6.704776
6.667024
6.705465
6.710458
6.65823
6.659306
6.700557
6.684716
6.715516
6.707286
6.641856
6.670471
6.701097
6.644801
6.702413
6.707466
6.712726
6.680572
6.682425
6.669928
6.69743
6.685969
6.697846
6.716232
6.711508
6.671026
6.707323
6.694103
6.66666
6.726903
6.646536
6.697927
6.710273
6.656022
6.692255
6.751562
6.701421
6.747335
6.712516
6.718633
6.735007
6.686493
6.681781
6.74035
6.728764
6.738493
6.685684
6.731301
6.666054
6.702062
6.676117
6.684713
6.679336
6.689746
6.736651
6.735556
6.696363
6.692896
6.643339
6.722634
6.748507
6.677773
6.723936
6.726311
6.683711
6.682703
6.69257
6.657903
6.73285
6.706038
6.749375
6.709841
6.762442
6.733722
6.72328
6.67239
6.680646
6.709482
6.676483
6.719483
6.704151
6.698239
6.696332
6.750675
6.694929
6.653578
6.687744
6.733716
6.647081
6.699173
6.657927
6.7326
6.660102
6.66689
6.673622
6.698655
6.724561
6.725881
6.654148
6.727626
6.687458
6.707826
6.689085
6.701451
6.702834
6.70841
6.696616
6.700248
6.761269
6.687534
6.728831
6.708555
6.702906
6.651492
6.711004
6.689228
6.727424
6.713875
6.755409
6.681085
6.730978
6.715988
6.761085
6.691297
6.676533
6.695914
6.67479
6.676697
6.728651
6.688594
6.682864
6.672426
6.691695
6.697409
6.665939
6.698535
6.644961
6.708238
6.679356
6.701493
6.717334
6.685565
6.777541
6.735938
6.682455
6.696962
6.67298
6.696904
6.690681
6.670437
6.712714
6.678352
6.681015
6.65109
6.736806
6.683713
6.700654
6.707409
6.726626
6.750001
6.721242
6.687077
6.723106
6.708674
6.700232
6.691178
6.684262
6.720905
6.674258
6.703138
6.673914
6.663226
6.682596
6.690677
6.707093
6.71099
6.6695
6.690873
6.714913
6.739835
6.70438
6.749609
6.693412
6.705281
6.692596
6.66228
6.777016
6.701274
6.73663
6.681395
6.677787
6.677461
6.691619
6.689663
6.724821
6.723618
6.717657
6.684011
6.64926
6.678562
6.730739
6.678405
6.709385
6.754435
6.706291
6.706338
6.687462
6.683732
6.673753
6.666516
6.733888
6.733838
6.722744
6.688473
6.707738
6.668462
6.677619
6.659216
6.626778
6.650375
6.703038
6.681607
6.704299
6.626396
6.698397
6.690103
6.699203
6.710743
6.671502
6.722373
6.687804
6.693487
6.691994
6.665228
6.676796
6.692984
6.748624
6.709998
6.714909
6.732169
6.759604
6.740737
6.771802
6.693238
6.721005
6.660676
6.676544
6.687948
6.682257
6.674739
6.714272
6.709868
6.75728
6.646477
6.651338
6.676314
6.657156
6.736162
6.698424
6.685382
6.713322
6.748532
6.703564
6.721112
6.695874
6.691374
6.688473
6.694563
6.706503
6.677506
6.714159
6.715736
6.788685
6.662726
6.73208
6.691141
6.69988
6.684174
6.729593
6.679444
6.716112
6.684843
6.722243
6.654661
6.71027
6.674077
6.699356
6.656564
6.693672
6.681689
6.674805
6.712459
6.709422
6.702055
6.67825
6.687604
6.703093
6.673107
6.687335
6.725064
6.740113
6.657144
6.700979
6.733199
6.70941
6.703168
6.71379
6.696358
6.680803
6.672425
6.689838
6.696754
6.726289
6.69538
6.729786
6.70148
6.718699
6.669168
6.701585
6.728594
6.717784
6.721514
6.743473
6.685716
6.666179
6.737391
6.704614
6.722161
6.776516
6.697014
6.656126
6.748241
6.67654
6.673017
6.709726
6.697946
6.682001
6.715685
6.709597
6.726699
6.681878
6.691906
6.687367
6.675279
6.721753
6.692374
6.627683
6.69726
6.679858
6.72456
6.706664
6.635824
6.691124
6.698238
6.667529
6.754141
6.695156
6.683339
6.751168
6.694443
6.689542
6.73359
6.668381
6.702546
6.719527
6.677854
6.709863
6.719823
6.699258
6.689951
6.709046
6.693594
6.715556
6.735548
6.718065
6.654681
6.719634
6.685132
6.710961
6.683621
6.705862
6.667026
6.715585
6.679312
6.697373
6.727526
6.701077
6.744561
6.732842
6.71119
6.688928
6.698405
6.699496
6.757068
6.718134
6.719232
6.732682
6.682159
6.659356
6.679516
6.704949
6.706538
6.754805
6.691077
6.702046
6.712141
6.661744
6.659259
6.754389
6.736636
6.742775
6.757024
6.687127
6.705447
6.69869
6.744069
6.686767
6.684356
6.742962
6.671004
6.701771
6.692372
6.725555
6.725817
6.726636
6.729071
6.767528
6.78686
6.668296
6.705092
6.684727
6.733947
6.730579
6.701798
6.675549
6.681666
6.719206
6.744618
6.736405
6.769339
6.738177
6.689148
6.692826
6.762916
6.695542
6.725307
6.717631
6.659725
6.719649
6.733605
6.713706
6.719237
6.673922
6.703119
6.636582
6.710462
6.675254
6.715514
6.671332
6.651045
6.729169
6.694557
6.711562
6.682704
6.747181
6.717435
6.715839
6.644332
6.718359
6.743277
6.671116
6.751149
6.714967
6.657688
6.683989
6.742961
6.641102
6.716882
6.733598
6.684932
6.74638
6.691701
6.709114
6.719994
6.791822
6.670286
6.68005
6.717815
6.794705
6.721945
6.656029
6.702914
6.688428
6.65966
6.721003
6.711998
6.710295
6.704313
6.692118
6.663187
6.736066
6.678454
6.713881
6.746203
6.685711
6.763918
6.667639
6.674826
6.651087
6.704929
6.736023
6.707355
6.738453
6.656357
6.691419
6.705525
6.706735
6.694428
6.711695
6.674386
6.667745
6.68634
6.717613
6.716157
6.668818
6.694528
6.699273
6.695237
6.756038
6.757224
6.755824
6.656304
6.687376
6.680368
6.705637
6.651324
6.747104
6.722757
6.723664
6.64346
6.760456
6.706561
6.707123
6.687125
6.746312
6.658142
6.716501
6.700481
6.687948
6.699128
6.696209
6.728816
6.716671
6.696782
6.69824
6.715456
6.738691
6.718111
6.637331
6.632896
6.72011
6.728229
6.714178
6.663187
6.700924
6.700351
6.719091
6.719096
6.69992
6.697793
6.700103
6.658621
6.697928
6.701193
6.708648
6.722467
6.675179
6.703414
6.658308
6.705919
6.764525
6.736641
6.727992
6.693699
6.716057
6.756402
6.765825
6.633124
6.723903
6.732086
6.707993
6.730588
6.680595
6.668682
6.657374
6.751423
6.704198
6.742051
6.659306
6.700808
6.661358
6.697168
6.691383
6.717416
6.660635
6.676374
6.715631
6.640655
6.712366
6.690794
6.693682
6.718245
6.673142
6.700388
6.716103
6.705987
6.665926
6.69921
6.744992
6.724553
6.693772
6.703436
6.7095
6.661054
6.666838
6.689733
6.685641
6.732351
6.678979
6.692456
6.671255
6.714254
6.711053
6.647829
6.690249
6.740591
6.695491
6.646212
6.720853
6.678138
6.721259
6.722246
6.661033
6.69748
6.671783
6.702656
6.702191
6.70642
6.686474
6.708534
6.705594
6.68134
6.702721
6.680058
6.699762
6.696349
6.689679
6.701612
6.728764
6.722038
6.650224
6.699308
6.6697
6.733354
6.74339
6.701357
6.664084
6.746052
6.745061
6.694123
6.744876
6.708165
6.684308
6.705391
6.734598
6.712462
6.669113
6.718406
6.692306
6.722217
6.67503
6.681107
6.69878
6.738261
6.698197
6.69118
6.66702
6.743364
6.66441
6.713847
6.692913
6.7265
6.704233
6.706362
6.712541
6.728604
6.653083
6.645412
6.771538
6.711887
6.665381
6.639484
6.650958
6.682437
6.748321
6.710885
6.639295
6.670768
6.643419
6.760312
6.665614
6.738734
6.651099
6.670842
6.722156
6.730146
6.663264
6.681722
6.704747
6.737324
6.719827
6.683808
6.671324
6.633101
6.701024
6.672855
6.59638
6.702391
6.75146
6.677211
6.704457
6.707271
6.706197
6.719875
6.736461
6.701103
6.717202
6.740354
6.738147
6.715586
6.692609
6.775109
6.676116
6.668531
6.676883
6.67842
6.721155
6.682058
6.658526
6.649224
6.663877
6.65835
6.763079
6.656662
6.746077
6.717091
6.678253
6.695508
6.718078
6.685427
6.707955
6.722361
6.678072
6.731984
6.714163
6.685005
6.672303
6.730444
6.684724
6.678203
6.69967
6.699489
6.708805
6.715291
6.722978
6.640427
6.687043
6.712493
6.721024
6.667811
6.690553
6.758273
6.677689
6.704919
6.6928
6.696585
6.752
6.698036
6.670155
6.657309
6.752458
6.709607
6.704219
6.698838
6.701535
6.69062
6.76056
6.700023
6.627192
6.714488
6.719042
6.660826
6.725364
6.669818
6.716
6.672986
6.710727
6.718075
6.699641
6.673574
6.691579
6.768507
6.723184
6.66185
6.67454
6.728809
6.718877
6.682904
6.707718
6.76353
6.662196
6.724671
6.654088
6.677201
6.710653
6.720012
6.755628
6.732379
6.734461
6.685504
6.731157
6.676497
6.668643
6.72297
6.735707
6.680586
6.727056
6.691771
6.732408
6.726031
6.720287
6.726675
6.736062
6.666847
6.699424
6.702864
6.720564
6.673613
6.704484
6.665418
6.721462
6.743109
6.673608
6.725686
6.62523
6.675718
6.699892
6.695391
6.711935
6.68331
6.707016
6.697557
6.738548
6.701239
6.672607
6.662288
6.737582
6.69102
6.667776
6.704366
6.682515
6.703765
6.711359
6.727846
6.76039
6.698244
6.733782
6.676301
6.759061
6.711312
6.687877
6.722177
6.695783
6.735137
6.702884
6.709018
6.649719
6.708056
6.68758
6.703191
6.684988
6.739938
6.631436
6.744157
6.713735
6.728832
6.646614
6.680433
6.724691
6.657833
6.704517
6.679204
6.716968
6.700252
6.712272
6.687008
6.738121
6.688758
6.707505
6.678822
6.663669
6.746243
6.639466
6.712759
6.671061
6.658942
6.782108
6.690611
6.693051
6.701191
6.713689
6.686675
6.697576
6.740226
6.694875
6.709407
6.664655
6.69123
6.699714
6.718986
6.682394
6.71127
6.666196
6.710494
6.748552
6.709559
6.666754
6.704093
6.659636
6.730728
6.69957
6.771318
6.698417
6.73353
6.669602
6.629708
6.668497
6.723995
6.738965
6.700611
6.711808
6.742164
6.762994
6.742933
6.718994
6.689831
6.67627
6.735021
6.636756
6.704166
6.739188
6.660259
6.635277
6.63979
6.689916
6.711061
6.738374
6.667145
6.744763
6.736274
6.744835
6.698094
6.741105
6.797918
6.68663
6.718466
6.678221
6.708167
6.72955
6.696447
6.704269
6.715858
6.727597
6.712976
6.686925
6.676633
6.741455
6.708887
6.67623
6.694836
6.690495
6.705569
6.647711
6.742879
6.681399
6.756464
6.737095
6.695202
6.665262
6.722017
6.703258
6.718399
6.701812
6.742038
6.651675
6.699814
6.691145
6.701015
6.675848
6.680209
6.650069
6.709695
6.691373
6.727274
6.66182
6.701735
6.653454
6.693638
6.691901
6.741037
6.719914
6.663382
6.720767
6.664406
6.72603
6.745302
6.67117
6.696284
6.673993
6.675962
6.685448
6.718318
6.667278
6.686853
6.704552
6.651561
6.679862
6.692878
6.692475
6.714988
6.702894
6.740695
6.737772
6.694158
6.677326
6.629663
6.727767
6.681374
6.73263
6.733716
6.686723
6.751759
6.68678
6.722902
6.719492
6.673733
6.704345
6.71065
6.689601
6.663949
6.713982
6.659716
6.669278
6.695199
6.701756
6.708293
6.710833
6.676531
6.717334
6.693166
6.73593
6.645862
6.655895
6.75432
6.708851
6.720987
6.688186
6.682935
6.655172
6.716366
6.630345
6.673617
6.760755
6.742621
6.734772
6.707644
6.746991
6.677697
6.695859
6.694015
6.711741
6.711483
6.676155
6.723724
6.695959
6.708973
6.697864
6.723259
6.726807
6.71037
6.71281
6.723631
6.652468
6.75548
6.704073
6.773665
6.689022
6.716086
6.707672
6.667102
6.739673
6.727767
6.674538
6.735371
6.736363
6.71646
6.763346
6.73149
6.69087
6.698194
6.661299
6.695069
6.716645
6.732773
6.747052
6.705158
6.694127
6.726243
6.717259
6.694225
6.662161
6.657597
6.656607
6.712928
6.736419
6.6774
6.671287
6.681222
6.649489
6.668842
6.665952
6.71189
6.697688
6.724182
6.793691
6.69318
6.676779
6.700291
6.665743
6.707913
6.675365
6.715946
6.699208
6.697778
6.725516
6.679386
6.685426
6.679185
6.710936
6.670317
6.661701
6.661247
6.73427
6.722416
6.653691
6.671285
6.7327
6.733469
6.71259
6.742808
6.699917
6.700554
6.686788
6.681287
6.779743
6.675029
6.674084
6.752718
6.708518
6.745232
6.668513
6.709978
6.738964
6.717061
6.658551
6.710325
6.756016
6.702936
6.749863
6.715482
6.695836
6.724865
6.707044
6.783926
6.66676
6.702452
6.681978
6.700562
6.706924
6.716232
6.649286
6.697841
6.700877
6.694314
6.712955
6.721261
6.743622
6.770928
6.7168
6.703967
6.712263
6.679563
6.654864
6.701739
6.738557
6.701491
6.681
6.715172
6.665663
6.720467
6.734595
6.721481
6.674982
6.692599
6.664852
6.720632
6.669232
6.660315
6.753107
6.697711
6.705068
6.708397
6.748603
6.625765
6.765068
6.703021
6.772806
6.7062
6.638809
6.646312
6.690005
6.727344
6.690089
6.696478
6.758523
6.644393
6.713535
6.689342
6.644162
6.680098
6.696598
6.69728
6.695608
6.690914
6.705055
6.745596
6.734093
6.697456
6.705726
6.66357
6.746625
6.7313
6.737188
6.714244
6.74689
6.665881
6.698167
6.679894
6.670926
6.718764
6.750239
6.719229
6.73534
6.659561
6.734815
6.643482
6.745394
6.716466
6.69699
6.657928
6.703069
6.719288
6.777296
6.703228
6.687698
6.676068
6.68307
6.703189
6.723366
6.740386
6.774935
6.685982
6.743524
6.692305
6.755758
6.693074
6.665795
6.696842
6.678729
6.673355
6.705498
6.706162
6.703608
6.736225
6.677734
6.676479
6.67075
6.735806
6.707612
6.729393
6.78304
6.69266
6.686789
6.690463
6.69213
6.710035
6.712315
6.702238
6.733421
6.70999
6.678838
6.630694
6.718041
6.691041
6.691487
6.695067
6.718764
6.7175
6.681718
6.768881
6.659764
6.787908
6.698306
6.70588
6.673012
6.718614
6.701444
6.652343
6.698935
6.683235
6.694382
6.729361
6.678782
6.749442
6.653309
6.679403
6.668711
6.690299
6.636723
6.727705
6.703207
6.691849
6.684095
6.682177
6.720282
6.686059
6.711738
6.684478
6.690543
6.733788
6.745543
6.70533
6.650918
6.753113
6.71101
6.687441
6.704022
6.706335
6.720776
6.682481
6.714361
6.730122
6.6638
6.684222
6.671325
6.671187
6.693505
6.684726
6.657425
6.694469
6.680479
6.680656
6.690755
6.693454
6.720466
6.663728
6.667159
6.787365
6.743646
6.721039
6.672667
6.679571
6.705622
6.685563
6.681611
6.67949
6.77136
6.715844
6.695405
6.638006
6.640009
6.674549
6.685524
6.615707
6.637546
6.749271
6.702132
6.678956
6.750426
6.66392
6.727962
6.737493
6.701757
6.688888
6.709813
6.659414
6.693758
6.699281
6.664814
6.739679
6.700051
6.718835
6.758864
6.646048
6.705278
6.714932
6.737807
6.755987
6.736531
6.641918
6.6783
6.73454
6.751932
6.664184
6.683583
6.664659
6.696285
6.65354
6.709178
6.629006
6.742711
6.723043
6.733449
6.741565
6.676428
6.688667
6.681773
6.671041
6.739154
6.699949
6.696513
6.713419
6.739413
6.67249
6.718317
6.672187
6.68202
6.704331
6.631965
6.752059
6.714399
6.709722
6.685854
6.70711
6.710959
6.667423
6.642532
6.707685
6.68376
6.655895
6.682062
6.664578
6.651356
6.635053
6.68095
6.647631
6.686199
6.713451
6.665499
6.666485
6.719197
6.686902
6.715048
6.680921
6.712911
6.697361
6.677126
6.666101
6.786155
6.68304
6.696968
6.755472
6.74013
6.668854
6.713419
6.695251
6.697507
6.660121
6.715871
6.718831
6.634603
6.723191
6.725389
6.684233
6.695441
6.689335
6.668595
6.693333
6.666751
6.732758
6.706592
6.725545
6.660823
6.704594
6.668955
6.705378
6.705826
6.726907
6.708771
6.704142
6.676581
6.713392
6.704708
6.711952
6.729598
6.65731
6.687105
6.740389
6.698039
6.710008
6.706729
6.714077
6.701341
6.684828
6.729541
6.657882
6.686686
6.673945
6.684378
6.748542
6.69691
6.672333
6.710543
6.760964
6.663398
6.749623
6.746349
6.702531
6.741226
6.651658
6.617368
6.735509
6.726404
6.753433
6.706559
6.697796
6.67057
6.717902
6.713168
6.621833
6.65483
6.678324
6.709437
6.745483
6.67789
6.753223
6.690912
6.730194
6.701976
6.70329
6.71637
6.735926
6.735843
6.75763
6.734285
6.696301
6.676156
6.7421
6.654423
6.668514
6.647932
6.743414
6.68755
6.70697
6.741985
6.718434
6.694996
6.760134
6.703763
6.643699
6.708193
6.718623
6.697724
6.691169
6.735426
6.719134
6.721959
6.700523
6.742769
6.735782
6.703169
6.713061
6.70809
6.653061
6.712263
6.653577
6.64564
6.65864
6.769294
6.726254
6.691047
6.684055
6.677216
6.641462
6.698546
6.707261
6.674192
6.65424
6.700598
6.695745
6.71947
6.669828
6.747777
6.723129
6.720774
6.67995
6.722711
6.65051
6.700768
6.696365
6.691372
6.659289
6.739428
6.756458
6.70821
6.715569
6.733069
6.693052
6.653564
6.674499
6.676496
6.71651
6.718057
6.665191
6.714494
6.663263
6.750017
6.764215
6.699391
6.721362
6.697399
6.640498
6.64018
6.700052
6.708508
6.682463
6.730484
6.698323
6.740953
6.642005
6.772275
6.623551
6.741125
6.664312
6.703041
6.713988
6.711039
6.716825
6.766927
6.673042
6.694219
6.642443
6.674987
6.725688
6.670556
6.644606
6.732517
6.729615
6.682942
6.672093
6.700697
6.7122
6.659698
6.673103
6.661847
6.74493
6.629571
6.754431
6.693491
6.72258
6.66258
6.713545
6.739992
6.729233
6.685133
6.690514
6.722508
6.727196
6.733591
6.738137
6.667214
6.711362
6.703447
6.738452
6.72588
6.672384
6.758293
6.689052
6.672972
6.707838
6.728741
6.730701
6.723976
6.687937
6.745053
6.684005
6.730843
6.666202
6.740097
6.686269
6.737203
6.673797
6.676303
6.704912
6.721309
6.724507
6.709476
6.678659
6.648744
6.662879
6.642564
6.766436
6.723137
6.79628
6.754923
6.67787
6.687462
6.711968
6.686698
6.662134
6.68618
6.65266
6.74014
6.728297
6.732611
6.708131
6.736176
6.697221
6.720432
6.753495
6.628344
6.624046
6.673546
6.668637
6.696344
6.708923
6.670024
6.719119
6.692858
6.678789
6.698366
6.728765
6.729308
6.689885
6.708765
6.73044
6.689157
6.697382
6.698446
6.684573
6.700605
6.716624
6.725119
6.746486
6.676717
6.657233
6.700736
6.695819
6.696155
6.703195
6.664938
6.753865
6.769214
6.692142
6.669053
6.667265
6.760813
6.746328
6.733427
