25996.83
26691.53
42739.46
39938.85
60741.33
47868.79
47126.35
72603.9
47736.15
64809.27
33049.98
63923.98
56384.15
54222.74
54656.55
59158.26
72095.92
58225.69
56775.58
71004.7
59923.51
33624.19
41161.35
33470.58
57805
36059.51
41256.25
34157.63
78137.73
71199.55
59870.93
48912.26
63438.06
35137.13
84990.61
32963.67
33255.11
34817.28
31888.36
47212.29
56133.53
54128.43
51137.13
33880.12
54695.09
46991.75
38970.72
22575.47
48307.72
37201.14
43410.76
24150.69
31752.3
75235.75
23379.11
42252.75
32128.93
41747.05
46783.19
37472.82
47196.32
34760.21
46214.2
49646.54
36015.73
50762.75
26185.71
40122.72
59677.62
58278.75
53249.64
61182.39
104003.4
55576.57
52027.55
39876.38
68046.51
50601
66343.25
35042.7
37880.62
72360.28
43866.56
48764.13
42779.79
48381.12
56684.67
43063.84
76252.74
51099.44
50550.91
42892.56
55039.91
28148.9
31657.87
37438.69
28782.99
45563.24
45597.38
27252.61
34531.26
26736.04
47020.43
34516.24
46380.16
32451.86
29347.55
22111.52
38318.48
63708.26
37041.68
30979.54
35855.86
28294.76
58304.26
57575.5
57881.15
59515.18
32221.97
46364.93
27281.77
37019.33
74573.78
34345.27
41650.34
67317.75
43133.23
39800.21
28744.54
35623
29128.48
36872.22
43382
45263.83
18299.46
35263.34
49353.58
42405.76
27621.76
41423.62
37184.32
50855.7
58739.41
53117.37
54122.29
82257.86
46777.43
51551.32
59890.13
56878.22
44203.63
36125.78
26353.76
14032.92
32618.28
31295.06
24100.99
41891.74
30839.72
30457.56
55559.36
47388.5
31675.77
27617.54
17402.81
36627.83
43121.64
23643.03
27019.54
14904.12
31911.65
32848.61
32426.86
19305.42
57416.44
22654.48
28346.54
36866.79
27637.68
22382.57
29986.22
42401.21
36710.84
33007.89
20969.66
30983.28
27680.15
39693.47
39292.71
69451.15
36935.6
29315.17
25832.9
22083.56
28701.43
54647.29
31532.42
46319.4
57295.41
46733.88
55815.29
54027.04
42271.24
46837.7
44238.14
27965.71
27702.87
16807.06
31769.72
28518.56
34821.51
29889.76
20970.67
25716.93
36975.93
18017.72
19652.34
40123.58
35847.68
35170.64
41047.11
59522.76
49005.69
51993.25
30045.4
53925.28
41633.38
57095.99
56992.14
51900.14
40300.14
36243.39
68467.7
47681.83
47592.98
51443.66
32746.15
37139.78
34587.62
37814.95
97333.72
48205.81
61549.41
40469.55
40042.69
43746.45
42562.63
16424.94
11539.86
27599.84
17205.24
62666.17
19677.52
27956.46
61673.05
38579.47
59706.99
65457.25
71629.83
30744.79
41453.3
64755.88
34526.28
91115.66
56668.18
72071.08
33119.67
43521.08
59072.92
45971.07
31893.72
29487.1
36223.52
39763.47
31428.67
49982.72
31744.61
21666.2
38923.95
23220.55
32287.55
24447.49
45633.03
27372.48
48348.85
32623.71
19342.49
28285.39
51936.72
46935.99
42380.96
53368.61
43777.66
68764.81
46506.11
48957.24
25567.56
36096.52
47833.45
62588.51
44136.88
38108.75
57973.19
32989.73
48910.83
27554.86
36579.09
48380.65
61724.44
51606.29
43468.58
54090.14
47210.25
30329.86
33040.44
31550.4
26953.43
42731.76
41434.79
21421.44
36629.37
64257.25
45911.83
50141.07
60260.32
56780.87
35643.35
70014.85
32216.51
40481.32
56855.95
25726.94
41673.61
45867.92
52719.82
34396.83
44095.19
65213.69
68936.06
40894.7
40790.49
41273.94
36964.52
32761.46
34529.09
59539.32
60911.06
49442.65
69923.2
57984.32
41335.19
38119.13
49727.93
52464.52
44675.67
34653.02
41384.57
31662.22
38212.96
54833.09
24747.41
19299.17
27401.01
15428.15
20266.81
14693.95
24413.6
24480.24
39859.47
44395.28
25014.15
41610.44
29949.65
20415.53
28726.09
61948.94
34428.05
35794.82
53690.13
34017.88
42785.91
44232.44
40969.72
58613.34
35780.46
42262.97
56212.36
37084.56
38724.08
45827.61
53418.57
65284.48
17443.52
48162.72
38241.44
58630.79
47104.81
64943.56
33894.34
67283.59
41041.71
46676.49
42488.27
42042.7
21824.58
62723.49
41504.13
70560.48
37415.99
36592.51
31902.37
46397.81
24117.34
22139.76
52466.54
35390.08
50918.57
46414.79
34066.35
41700.43
43669.55
57584.51
59109.27
44326.41
58480.21
56206.36
84011.04
59493.25
42935.12
22193.35
23425.3
29194.71
52473.13
101961.9
61356.97
61814.84
44121.26
27845.79
37203.18
34344.8
46579.85
23129.06
51824.63
23853.69
24848.05
57414.21
79205.73
26994.35
27009.09
47333.38
33981.13
41763.81
53215.17
41869.61
47582.82
23789.22
32167.09
58726.96
65079.28
56430.39
56864.12
52372.88
28917.12
37845.56
39676.24
38654.16
19657.25
32033.83
38983.81
41257.99
48017.71
55785.51
41853.71
55318.05
46230.26
30998.09
34188.41
18950.22
25569.83
39073.27
32914.88
25825.16
29122.66
29974.34
44127.91
36244.88
81016.91
43932.36
25221.21
31432.64
49076.66
48047.67
27196
34377.5
44245.33
23299.83
29727.91
31994.67
23405.75
25216.87
30423.91
45534.16
29166.81
45857.2
53273.01
26464.69
35328.69
47582.52
67181.9
42635.29
62409.4
27872.26
48114.04
64090.23
44983.44
24666.05
23236.63
32066.28
28358.03
65673.65
46995.47
52503.48
29988.88
45438.33
40577.6
86348.97
56333.42
24025.43
35295.26
28316.69
26980.24
35821.4
21431.76
20473.93
20845.91
28302.66
15391.1
18558.8
14337
13094.21
19405.84
39553.93
14726.97
16666.48
24053.81
25341.75
80120.34
47713.12
22934.64
19562.45
26415.95
44017.27
16660.26
42626.01
23857.56
69035.51
47798.65
30708.45
28864.66
56688.3
62218.05
27814.74
44488.9
41370.06
25576
48960.96
67833.3
43785.46
35291.93
24168.57
26039.03
48718.3
35519.39
37592.78
63740.84
27810.72
23478.99
28486.09
19461.46
17214.55
16159.47
31236.37
41571.97
33019.47
41178.25
27748.04
43390.8
44372.3
29167.37
13587.17
33342.62
34470.14
34345.83
23348.98
35746.53
43723.72
34596.18
20324.24
16785.58
24751.76
39405.61
16589.62
32268.63
60434.37
34343.79
20157.53
12167.47
43289.77
28978.3
64238.13
45984.12
25902.76
48777.55
28830.79
35538.03
34386.95
84367.92
62615.28
41486.48
52967.67
42634.33
38978.98
27481.61
26106.88
27942
19309.93
17918.61
28590.51
31504.41
27818.62
41879.96
42831.56
64343.68
45158.9
46928.53
36776.67
36450.42
35211.93
20380.01
19159.72
46297.7
20923.51
46716.84
68527.57
49844.06
31134.41
43333.78
36809.51
31641.11
42247.06
35327.06
54697.88
42418.59
24996.95
30522.44
28079.67
32813.49
52316.9
32715.64
71260.14
65981.72
50439.68
58966.23
75942
39925.03
25529.56
13535.08
33876.4
34926.63
64716.59
44095.55
43720.83
46979.19
56287.41
76662.2
55475.78
20695.16
42421.01
45784.69
88881.66
41077.53
56107.22
40551.49
28822.22
41281.36
49372.76
41525.42
77868.18
82298.96
54354.8
38543.05
86813.39
62964.57
62946.02
44042.89
48704.45
54461
53678.44
48874.85
17408.74
47550.33
34856.77
21499.07
31583.45
37527.75
30975.06
45554.24
61998.46
52304.57
25132.41
39146.92
37302.91
28618.03
53311.15
49625.7
25022.2
23244.06
17954.95
25300.19
32152.99
48929.03
18804.55
28153.72
27578.12
35928.02
31583.49
47362.77
18111.82
76538.57
38808.92
57643.59
31930.13
32441.93
27201.01
58398.78
32018.71
51573.09
33889.9
40692.67
23044.88
55729.53
34771.81
37843.69
45136.49
30312.99
48986.14
40018.64
37928.28
77310.64
42472.8
53059.28
43054.29
36667.06
38772.28
30099.13
33232.44
36794.41
54160.1
41514.46
42009.18
49167.17
38503.27
71067.95
43146.11
47693.92
43784.48
75540.1
62913.11
51865.76
51319.83
30888.53
44851.88
41100.35
58907.74
47954.74
26616.05
38966.23
39641.8
43376.16
64371.43
58534.47
36325.61
21527.86
28374.89
27537.77
17007.03
34050.68
34366.38
30540.65
39630.61
42405.58
48546.09
33752.09
43524.24
42182.45
46248.58
59195.76
30531.4
36870.37
23434.47
34067.47
22850.14
21006.73
40206.62
29307.31
29553.81
28656.94
28329.97
23856.28
37930.85
60648.54
43624.29
26070.53
26186.06
68666.63
54773.3
47143.2
36493.9
57427.16
62652.91
28338.79
23677.9
34609.44
36826.41
48578.14
51718.01
37332.94
31834.68
25124.04
62601.78
30014.01
33700.05
20517.54
27246.95
41264.06
83110.65
46230.24
23935.48
28151.72
33920.41
64622.9
34407.7
32379.78
52047.05
39395.53
32814.12
26820.4
64816.47
39213.46
39021.93
51337.07
39909.82
67809.78
40033.28
53152.09
41896.11
63813.71
42356.75
43466.19
36968.11
80731.17
61018.38
84269.87
40885.15
44295.44
53913.81
49981.35
50792.56
45662.24
54480.65
42372.88
48454.21
64096.38
92487.34
58480.94
26494.26
20078.56
19135.39
52535.43
24854.02
39998.18
64889.6
45879.45
40116.76
49919.58
31704.22
37337.99
57673.63
55964.84
43133.77
42941.19
33524.9
22321.54
35917.89
32131.41
25474.62
31959.82
46241.1
30083.81
53097.45
39284.5
24039.08
32626.53
34546.02
30919.36
21331.41
38258.68
33665.09
62522.29
32639.5
53977.51
52921.78
52977.67
34480.41
43034.83
44437.58
42421.32
68412.15
56065.88
46240.18
37515.97
43675.1
40401.37
40498.5
28226.11
36632.2
30524.81
39343.5
58586.36
31829.49
39072.18
42889.14
51243.99
34689.35
36658.57
51584.31
31858.9
27313.78
34105.47
41290.85
20949.52
27842.67
24627.9
36223.5
48612.92
37298.27
44289.71
71350.75
47646.34
43521.1
55873.21
41780.6
31422.98
22697.11
18493.3
39624.8
69401.04
70697.43
32271.75
43779.67
57814.24
50618.82
32941.46
28982.1
42684.81
40648.53
36652.66
42903.61
37488.78
36641.71
31661.37
28687.52
48871.22
40588.72
58150.79
43654.08
70511.83
61611.95
54515.83
32340.02
44818.41
43526.77
60716.8
37233.21
57399.87
27886.66
30045.03
37343.55
27764.56
64926.71
28876.8
59042.7
64747.06
46090.91
45945.56
46329.07
29964.64
32354.95
49043.29
27629.96
31536.59
32312.54
22373.31
27787.88
32632.47
48743.75
20130.8
27050.62
31461.84
19605.13
36654.42
35660.7
31271.16
16500.09
35969.17
64048.18
47417.58
42882.92
64103.83
65354.89
43326.25
32976.38
28065.85
29635.72
24228.4
29129.55
31623.71
41136.56
33296.73
42383.53
28175.9
22306.8
34639.78
37236.81
27027.6
27318.8
31168.28
51216.2
63754.58
46965.22
41271.08
46061.37
63638.76
69765.4
39920.33
77278.58
34948.06
29675.68
43322.76
46365.31
42030.83
35610.63
32960.45
25899.65
53635.46
47782.26
28192.58
37479.49
20500.09
28029.23
25517.33
46549.36
44280.58
44215.17
73613.26
52032.52
42857.29
45524.15
45119.99
46176.68
45430.57
48669.91
31407.32
49553.82
51993.05
51115.74
47852.01
40467.58
91989.28
36786.36
37696.18
44972.73
58750.96
57273.66
53644.47
72646.4
57661.52
58173.09
44266.62
35532.36
53043.48
53743.38
66390.43
49951.83
44733.45
47906.9
68877.74
44146.83
43773.83
50592.86
28027.07
39427.43
47407.21
41089.67
39729.11
30460.63
36528.57
40263.06
35652.14
66901.54
46568.34
37337.27
49346.72
45511.8
63766.63
50170.2
53447.59
34272.16
57828.68
39124.4
80644.31
49793.57
22538.94
27846.84
41847.68
46676.29
47329.76
38909.42
68229.99
26455.1
38366.64
36849.23
52964.89
61319.7
45427.81
49419.54
63734.72
45980.13
62320.11
53350.62
50838.01
68702.54
60853.79
62291.52
51062.68
66512.96
59660.2
35496.69
45153.12
41956.77
38465.25
49987.91
53372.49
59484.87
46239.86
53393.84
33810.51
23713.57
44031.58
51952.56
38210.87
41724.95
29446.57
70792.14
54009.25
48590.92
40229.38
49444.38
36796.58
49747.86
35355.81
42784.45
51498.99
61594.12
60567.96
42460.27
41565.43
47822.61
41143.72
50238.83
43531.6
23613.46
32687.42
27691.65
45243.58
64689.87
36212.74
66966.19
74290.49
34776.32
49889.27
43984.44
45701.84
71515.14
60890.96
42362.71
44669.21
36170.36
47315.29
42804.83
49344.71
34068.13
48513.97
35610.03
53880.9
69657.97
55673.18
44090.65
53713.97
50007.85
72567
34469.27
51707.47
49501.98
52590.95
54765.44
45612.19
45006.64
49895.79
44894.74
69624.54
58796.93
54290.48
58048.7
65682.91
69664.46
54591.53
84392.96
89703.64
53380.26
77675.27
72113.85
60231.32
71441.66
48971.22
48203.33
52192.97
35737.23
50714.72
60017.81
68865.94
42229.87
39434.71
62157.63
59607.89
58471.72
69634.41
51718.35
54191.36
83328.49
45664.9
48508.85
32054.16
45457.06
48811.57
49439.34
55498.88
50361.63
32988.51
43018.32
46216
46243.82
24066.83
48219.64
26336.78
31395.1
22466.43
23394.44
19607.82
21187.95
41632.76
18167.69
33405.86
24348.88
41523.44
43138.11
35522.35
56899.21
29522.32
71011.59
47311.59
32964.83
18637.88
16193.06
18892.4
27337.72
54256.31
29172.78
33183.1
35959.54
36015.88
29363.2
51971.04
35199.48
47848.28
41093.47
46680.29
36171.26
26172.65
47164.2
23206.72
24625.45
34256.79
64523.13
38589.94
20907.93
50732.34
38794.43
40731.91
70649.61
58719.19
29105
43999.41
39275.1
36123.48
23656.38
42211.8
37409.54
44108.88
44697.98
39193.25
58224.26
55479.07
44012.33
28029.64
40048.05
24011.35
14773.35
38562.43
28661.73
30840.92
57613.03
37087.77
29895.2
32528.57
50018.08
27914.81
43670.66
25933.36
65626.89
30018.63
51008.93
45307.77
72967.2
51939.97
43231.14
48703.82
22666.5
30383.86
63850.83
43586.61
82388.67
51301.07
43576.2
46262.42
35314.74
64114.69
26639.19
46676.08
53686.18
43212.71
35890.21
57153.79
42128.09
41687.54
45470.44
38283
53185.33
29814.16
51848.14
42991.29
63105.82
64099.46
48984.65
23800.95
45825.19
49476.74
64192.79
29219.38
39707.05
35940.98
50454.25
33069.86
56948.09
65334.95
22921
42915.87
36427.03
35963.8
30932.73
86197.99
54432.37
26655.35
40032.83
51081.65
54170.53
38424.05
42194.74
65290.02
52526.4
55628.35
61988.33
59487.35
47493.23
47943.07
35467.71
58225.37
57274.99
49227.9
53462.33
46910.48
42113.25
41762.34
85002.41
41012.52
22516.42
62785.04
27263.5
38674.33
32879.43
41448.93
26806.6
46322.75
35460.86
34609.95
28191.51
37173.62
24159.08
32242.38
19501.27
31682.04
45587.02
33690.02
25450.4
20445.21
23910.36
27118.69
37279.53
32161.64
33437.87
22006.34
17121.59
42222.61
26033.26
47182.06
44713.92
39854.69
73144.89
34731.32
35951.1
38019.52
54412.37
69153.13
47456.6
45150.47
62056.93
79788.66
60307.21
45810.58
30189.89
55699.31
50532.34
46270.48
30604.85
39693.14
34185.15
33957.91
57239.05
56563.8
51605
51754.21
57095.02
58923.13
41504.11
21558.05
29626.52
52570.2
34815.76
36882.38
15228.76
19580.17
48857.54
46748.99
38456.78
29986.85
27216.92
68827.16
50544.28
38474.52
35438.11
25989.12
10879.71
15505.31
39633.13
24117.59
20839.49
30999.64
31303.33
21167.77
23007.43
26388.68
23354.16
31843.49
27371.27
26055.89
34473.73
41392.92
72981.81
34953.98
56931.65
26575.98
46205.06
41923.29
46677.9
40892.81
27553.43
35313
30775.49
40118.44
54117.39
20977.75
18145.26
34178.76
39028.67
54350.01
32652.39
28147.64
34019.48
44603.77
55228.03
40215.54
51499.55
29000.83
27221.74
35495.88
45687.33
27779.77
42841.16
34811.99
30078.64
37932.58
26195.71
31614.22
48962.92
39250.33
29290.87
24221.23
24385.72
32668.22
43859.56
31570.59
20676.71
21609.36
23529.4
33593.42
22888.23
14526.92
18025.81
11990.39
32266.38
26442.76
40883.49
39745.33
32508.79
10217.08
20436.16
25635.62
55881.4
20428.29
29897.78
31276.83
24875.6
16378.21
18021.28
23660.75
39171.69
42328.81
26285.62
27836.38
24048.81
47927.39
54767.51
37172.36
56096.12
46044.75
54541.39
77596.35
34719.98
32852.92
50178.73
45255.19
32398.04
37187.11
57607.91
46917.91
43200.33
49675.27
56159.51
60698.11
47312.05
27509.62
64564
31766.8
52442.43
49204.67
41269.12
48384.76
37410.99
26507.94
47873.74
39002.84
30718.64
63983.97
41859.42
49476.02
44858.98
54478.39
57842.73
51663.78
43022.12
24332.09
48970.11
84472.65
37041.52
22050.97
38121.45
34844.7
54929.44
30300.08
32605.09
36196.2
40640.05
33333.8
45473.21
62634.29
31025.8
24779.03
31471.45
46759.18
45611.71
59493.22
47007.07
47955.97
57635.59
46642.32
95503.29
59957.11
53616.42
55240.7
50029.66
32794.45
52213.05
30280.64
38057.9
55300.49
41380.33
38234.62
28472.76
23034.08
31100.2
25051.23
17898.46
24500.5
29286.59
47192.68
32843.48
28923.84
65829.64
49882.55
26818.16
29230.62
44152.5
38216.69
41591.43
50996.05
52282.87
54117.46
48895.74
45874.52
49188.2
30381.86
24075.12
30320.8
41240.63
29049.21
46054.45
49848.41
20635.31
18233.47
50338.55
34821.51
37075.92
37596.02
39631.01
47351.29
34301.78
60976.35
28138.48
30366.44
60530.07
32610.53
37087.59
39828.24
55432.72
48801.05
51530.87
55001.56
73491.09
57823.54
27787.74
56279.68
52669.49
44181.18
59201.26
41309.38
56219.28
30259.77
28474.3
52594.11
59602.08
51814.39
36860.23
53186.62
20074.58
32993.62
20273.18
27438.98
35804.54
52818.89
34698.95
44643.81
56641.2
47733.95
50855.88
86834.85
73022.17
31653.18
65159.14
36741.22
45617.76
46358.9
40842.24
39923.33
31627.76
65722.33
65538.65
34921.42
45938.58
57497.01
53212.56
52957.64
46189.35
35646.39
64957.21
72681.92
24329.39
50856.25
52878.58
39316.38
44181.23
35930.9
16524.5
42107.51
50415.84
59573.96
43400.58
19378.15
30859.71
37507.53
48492.33
21096.31
24402.03
27238.25
42149.28
39409.54
38637.74
47116.03
48408.95
33808.55
47881.92
48938.72
46708.34
54750.5
28619.52
32297.36
65568.43
84267.95
40886.09
66136.48
47344.92
52706.13
40499.68
92191.01
57796.93
39117.33
44782.69
40362.14
86608.5
40372.24
47870.39
28390.75
33717.43
45146.75
30797.94
67470.72
31986.59
59867.84
40198.64
67881.25
50613.72
42041.24
30040.07
37980.88
38760.39
31389.67
33693.78
25571.18
33243.25
31253.29
47516.29
49664.48
32586.61
53803
45084.73
35556.53
42062.77
56439.41
34813.88
73332.45
54442.72
42600.61
28448.63
26834.2
49611.76
55179.72
31378.41
41178.68
35205.04
47152.53
35033.94
63865.75
44907.81
19170.78
28572.97
22401.15
34763.17
61598.24
36310.71
48730.81
91680.96
25079.15
64246.83
57318.49
56391.55
51983.47
57987.13
43415.15
48648.75
40244.25
47381.61
50992.1
55798.69
35402.11
38308.93
76429.68
32232.44
24321.82
27209.18
27149.58
29181.54
43806.34
36569.02
24938.03
25296.79
40285.5
68016.91
45540.07
35855.69
34312.79
41783.3
47536.23
23043.65
33225.29
24389.99
29908.38
51222.35
44853.32
57817.52
54891.25
36332.14
31573.84
31373.36
31829.29
26272.05
53411.9
70852.87
56480.79
50044.75
42853.46
66635.7
65971.96
68451.85
31239.32
25673.34
41788.77
63529.13
56496.2
51817.85
43599.86
30681.37
45003.49
50514.44
73449.76
33085.57
57306.81
44481.75
30172.26
32662.66
25948.53
24818.14
22761.02
49384.5
38570.22
34535.14
28504.07
53839.77
40216.49
80815.78
54926.65
34835.63
21467.42
39189.14
32493.01
27699.19
43677.61
53327.28
40638.69
59460.92
32425.26
53479.26
49794.26
47084.24
52250.14
41040.48
60374.1
80584.18
38155.78
63309.49
63438.99
35628.94
26352.45
25582.58
85227.77
66140.73
70935.21
55502.76
31999.2
46103.87
26720.12
33688.38
21444.82
39909.15
44933.79
42244.9
34949.68
46054.74
32361.52
57939.01
64711.17
54948.08
43063.99
34815.75
37157.16
19220.68
16592.66
22491.54
23125.69
34301.75
33200.02
42843.89
60000.12
55672.37
36603.06
44619.95
46029.51
46812.02
42644.48
43557.43
26007.46
35603.11
44950.47
36181.61
34048.19
58820.08
45238.03
46490.26
52937.4
25765.3
30015.39
25354.75
36352.94
46316.01
30255.24
48630.81
47681.42
49573.91
68878.02
62799.54
71817.12
40464.11
60350.68
45751.32
20024.57
49509.22
37657.91
43067.03
71557.87
30166.25
45210.35
33415.96
32978.67
31096.75
25959.12
32723.1
19796.82
26927.22
54165.85
32499.49
59362.1
53353.84
44834.28
46507.73
89617.05
48082.78
44669.68
34649.11
36511.46
47496.82
43120.48
39585.23
66022.04
18179.73
23133.98
49563.79
28125.67
57157.89
22124.75
49610.55
45892.91
43005.54
40951.18
35008.29
43957.23
24572.06
14203.82
25990.38
24383.5
23700.37
32114.33
29781.28
56463
45350.27
46852.33
38746.3
41563.78
41450.82
45741.94
54566.51
74300.6
43985.17
41916.58
49725.6
50329.12
49664.19
55251.83
71382.22
58231.27
42519.36
49568.09
19551.6
41075.13
27997.5
46165.57
35682.6
41881.78
60241.59
50667.69
48063.88
52116.52
29528.9
31967.04
30849.06
18447.13
31114.38
17456.2
28404.01
30845.09
17567.33
11308.33
13229.27
35841.75
16977.78
43219.74
57341.96
35033.24
50585.8
44233.04
29468.7
46104.29
36424.03
81871.8
84532.06
23487.58
22057.57
32958.02
34871.52
38514.39
32774.87
48835.31
41668.39
56358.02
54883.54
35574.67
63396.72
42624.48
45320.83
33868.64
37729.33
28314.51
42690.67
36927.03
34721.93
38362.77
57884.97
54604.73
58546.78
57794.19
53140.54
35589.67
56347.26
27297.72
48890.38
37655.34
55081.05
58166.88
42632.27
41505.93
44279.77
36836.93
36126.89
32938.19
30130.11
28937.25
58613.25
41170.98
43420.45
36434.27
28559.74
37781.64
29736.74
40985.99
53380.68
31399.67
22311.44
36799.31
42018.74
58066.34
47974.96
62180.38
60559.47
60336.74
77906.92
63601.4
57021.42
42630.03
55013.84
56878.92
27045.66
24999.58
37037.79
44556.79
19532.49
40537.43
39892.19
52633.19
36419.31
30645.91
43073.88
48912.72
26076.94
49972.11
56182.44
46090.91
36864.23
42325.76
46408.48
56762
30339.29
44182.8
51521.01
62972.82
52968.28
46432.81
42225.94
40219.13
43191.18
47870.83
42889.61
73926.69
20895.95
21534.43
64490.47
55841.58
52683.24
39908.01
29718.03
45771.63
55800.07
59778.85
45550.86
68385.57
60486.78
40727.05
54700.91
44837.24
65634.3
23223.31
25325.82
59437.24
35844.99
52879.28
66602.44
62020.43
82463.6
33823.56
18512.7
33343.14
35307.04
25953.95
36174.92
39964.19
67644.05
54399.74
67322.79
52879.96
38471.79
59973.5
52373.02
33496.78
79482.69
44358.21
65276.61
56726.55
52316.75
53944.57
37018.65
56920.14
46847.81
70569.08
86619.42
28863.93
36954.74
29976.34
30506.19
25663.39
49818.56
58112.39
34808.98
34016
34625.04
20100.72
26591.7
31320.92
22568.43
28881.7
21422.18
19970.65
34730.23
23431.62
46266.02
26282.66
41970.71
16308.96
36356.21
27649.17
18990.22
26275.42
25604.52
39225.58
36279.93
33224.97
28833.73
29519.22
31832.53
66978.7
36511.96
50111.83
26045.82
24428.59
42778.67
41269.71
82634.8
52012.96
46845.81
49964.6
34193.87
49697.07
41752.77
47164.12
34063.63
55274.03
38142.68
61502.14
70364.23
43856.28
48815.16
45397.02
49806.82
34399.16
46033.35
46052.56
36194.15
44128.78
20600.6
33064.35
46231.44
40394.23
20996.97
21281.9
42105.21
40593.74
30436.51
54510.2
53729.47
28764.78
47861.36
40097.27
67862.97
56827.27
15680.63
45950.03
56715.86
55166.24
40665.4
42035.67
23371.45
35465.03
61901.94
58839.84
34250.37
48744.35
38119.96
36544.7
45806.19
35727.12
23412.47
40697.19
32063.7
40173.35
47708.66
47053.32
18627.39
34337.91
51359.06
41753.27
56909.07
15184.72
28348.33
61457.72
46979.88
41463.86
38881.23
16345.83
25827.74
30186.83
34503.03
34489.81
41967.43
29788.3
36028.31
54708.95
23126.9
38518.27
21019.13
35457.42
37717.04
17672.48
17963.47
33248.97
40392.01
46844.95
25201.5
45959.58
62849.76
60020.55
47841.1
26593.34
36761.56
46805.46
47083.38
60196.8
65289.72
69362.13
47068.86
39926.08
59409.96
49565.16
51356.79
47329.42
65404.85
68039.21
28628.98
23666.01
36188.11
39975.07
26266.36
32783.4
75146.16
53297.83
23341.26
33223.41
24394.87
37526.15
29661.71
22949.34
51203.44
70108
55265.62
58177.12
57507.75
52747.42
56615.33
45236.87
49029.56
22097.42
28980.42
13156.87
45577.24
35508.57
66704.27
60500.86
48813.69
24436.39
19125.21
38876.35
50741.03
53906.65
24859.81
48381.39
32634.98
40394.74
26543.38
24443.08
20654.13
15461.74
45136.22
41504.52
40287.65
45891.44
49736.95
35223.69
21420.38
18889.59
43902.31
58369.48
72549.33
65724.71
41232.85
48798.05
74221.58
62005.64
34241.35
46141.22
87872.89
60120.63
61801.7
38495.46
44452.53
58840.68
68838.95
40396.72
46610.73
33737.94
38733.87
38020.43
48054.01
54776.04
16539.3
38865.89
55111.82
28336.42
69112.58
42542.56
34745.09
33104.54
27210.63
30846.74
24066.98
16584.71
24539.76
32048.6
31530.16
49786.7
53696.24
27597.37
52418.35
36490.3
16301.26
18978.1
30192.25
14345.06
28681.61
24602.75
28971.91
21327.89
21750.7
47123.44
70298.27
29812.5
25010.9
22606.06
36472.06
56040.88
121217.3
48851.43
37670.95
66808.75
77980.9
18229.18
12208.23
32706.42
37193.29
49886.99
44502.49
40117.14
58837.44
37788.53
36919.48
69434.37
38016.69
28645.74
30607.26
44414.49
31048.5
42672.05
53759.36
64895.62
17200.79
29406.41
26223.65
80233.47
34522.25
34430.41
52285.29
35941.96
48484.66
69116.83
36987.22
47852.63
41261.75
49258.8
31313.14
38876.35
29761.37
30469.65
30652.45
40758.77
39038.61
26125.42
74892.86
40336.82
28785.3
38961.26
16738.82
40002.9
32538.59
21727.92
55859.65
53858.2
57116.19
65730.76
44304.69
30138.71
19016.82
26275.59
28021.7
64613.74
57049.27
39925.15
45358.1
39992.33
46782.72
66047.91
47073.65
38399.93
49931.17
46528.56
52683.7
22127.77
26750.91
33557.27
33197.03
54645.8
45253.08
36648.14
61040.39
22789.13
30837.74
32696.16
64644.74
27605.62
41463.82
40998.23
32516.98
48658.6
56479.37
36153.12
55946.81
48977.3
54159.74
54812.45
45073.28
21989.03
39692.32
65283.85
29635.56
37751.73
13562.21
21557.16
45013.97
47378.92
35631.92
60083.29
68602.22
28185.96
28752.56
45510.69
39352.5
38905.64
39639.95
34046.29
85773.89
57148.09
46846.08
86087.65
32229.4
42024.31
41817.62
33112.19
22702.04
57517.03
44205.72
46101.65
64763.98
47976.75
69252.25
60970.55
33042.91
22725.8
27108.75
31169.08
42804.11
49819.38
57953.26
22541.97
44737.73
39737.44
37350
48199.76
52506.25
23501.81
60608.96
32659.82
34266.78
28348.78
52175.11
50144.02
32972.44
31530.37
56361.71
34099.89
61353.84
81356.07
31380.88
22701.54
21864.27
23208.29
29386.91
23714.86
23979.43
37174.9
51101.5
44395.3
41078.68
60163.54
40932.17
19435.61
33034.79
26779.01
66142.16
45678.66
21379.71
49752.76
24641.66
29436.4
52466.95
43704.5
35841.36
25943.77
32619.89
39027.66
47221.81
48278.33
84412.87
47905.75
23348.74
35543.03
47157.31
31903.33
35896.78
40619.45
13838.05
18413.16
24828.91
31415.77
43107.49
26383.3
25243.95
51818.85
42452.78
25047.59
45487.21
31809.21
30497.22
36934.25
40041.4
37320.57
57402.54
61777.82
48686.76
32184.48
23328.38
21338.86
44550.83
24793.75
26901.1
30216.58
47536.11
58336.95
49965.3
52712.95
54978.58
41680.48
43840.51
46170.82
23495.98
46948.2
37797.27
46273.41
43575.39
52330.05
22545.97
46139.15
29604.84
30564.41
37890.33
54088.32
28719.14
67038.93
35958.03
67564.78
66245.7
68567.6
48136.16
52648.44
31708.99
26213.31
26486.38
30398.65
47601.66
38493.24
43835.3
43986.25
36087.27
34084.72
28445.2
31147.37
31518.43
27137.93
32627.59
65434.21
47875.22
42134.98
87655.34
87601.5
32475.74
57446.25
43043.38
39790.65
60452.31
27335.01
37095.86
34507.82
49986.14
44805.15
30025.46
50555.52
22277.16
35501.35
34203.65
20232.04
37729.94
46158.17
52965.55
27316.07
35615.51
35058.03
54499.4
46388.58
27086
29236.13
40585.9
27796.27
31039.14
21156.63
36178.12
19386.77
19285.49
33904.54
16167.58
33167.65
27371.42
20731.25
20947.15
32794.5
37362.12
31466.44
45893.46
59139.68
37271.19
47140.02
41595.94
72510.16
63333.04
46896.81
90138.1
66754.97
54031.44
40115.59
61271.83
37856.68
30412.79
46785.78
22234.82
37697.05
14675.22
27104.48
28425.86
32680.95
49806.36
54362.95
30470.54
43730.86
45996.14
17186.3
16315.74
35441.99
46609.07
43731.33
42794.17
25241.45
59574.66
31277.33
55985.48
43276.38
46118.85
44084
42909.05
25800.26
71377.82
31429.27
27501.4
43140.18
28344.93
34385.39
26926.42
37178.65
41956.83
29067.44
24364.57
22384.61
44737.14
28835.65
36146.35
28248.17
18846.67
41228.42
50673.05
34409.45
32813.37
72805.16
56005.09
27459.62
35989.43
26403.21
42305.36
30135.68
47105.81
57128.49
49031.13
43628.47
47450.72
32547.78
82367.39
44821.64
64267.17
37316.7
39226.34
44383.31
39478.72
27426.2
25371
33657.05
22101.76
30268.15
34390.69
38404.98
53056.02
45897.79
63324.45
61916.07
50514.02
37999.11
38697.37
54818.29
62558.01
41220.04
39819.53
76175.48
47014.04
48334.49
47851.92
39588.57
60397.1
69863.52
25467.79
38818.45
49499.54
25686.96
33890.15
28293
41683.55
60311.31
15806.39
25183.91
30270.78
38043.23
35105.16
57250.55
44784.92
26027.68
15814.43
43856.37
30028.24
39047.24
61832.39
46423.49
42713.93
40361.09
38140.66
47813.98
30333.31
22377.12
25611.5
21369.53
22403.79
21445.61
24218.99
22632.58
49410.42
27462.48
33385.29
42606.41
29651.51
28733.56
46238.5
31329.39
29441.36
46544.38
27075.46
66705.64
44402.82
61798.93
20050.86
30246.08
41607.43
29457.96
26174.95
22754.26
23221.89
34956.17
63583.92
40848
47992.07
38660.76
34313.1
38948.8
27698.72
31424.05
29176.49
39472.32
53495.47
45119.53
49666.2
65164.68
57910.88
28564.32
29679.16
17385.36
30548.3
19552.6
21618.16
20007.24
36729.93
46217.64
32576.84
37224.32
85115.12
29988.33
35679.43
29716.46
21714.23
36915.86
32913.83
45902.01
56947.3
47508.23
30569.31
39743.23
35841.52
27163.75
35769.84
52813.74
55649.77
39397.98
34734.19
33882.64
25726.66
21110.88
35409.09
26507.63
48822.17
25456.25
27084.93
59235.63
38145
29501.45
45841.95
26509.97
74846.13
63604.26
58122.46
49650.31
57750.46
59254.71
59175.22
35569.47
61026.23
33883.97
70298.1
31091.59
28340.34
60394.11
41070.22
34144.83
18077.65
22799.07
29166.48
31616.38
30575
33369.06
40764.37
39430.19
36088.92
56350.35
45267.11
47873.88
49338.61
20679.12
28554.51
12092.26
19515.66
25316.44
25704.86
18670.92
45124.62
36632.66
48149.36
42202.27
29265.35
29009.52
30274.49
44963.21
20469.5
34049.59
36412.2
38140.34
60655.52
68816.88
57284.02
56468.23
37153.4
57002.13
63596.33
57438.3
16620.51
18145.59
15285.52
38556.23
57789.54
42198.92
51283.92
49914.16
41492.2
34936.33
29364.04
38477.31
47761.88
31400.49
27332.25
38553.31
22870.99
37544.43
47937.88
51858.14
21647.98
31167.85
27293.21
36711.48
52129.85
35835.18
30720.37
38966.01
33093.96
37337.58
29324.89
33175.06
54058.37
38985.98
24072.88
29771.23
51552.14
33080
44618.85
25056.37
64078.89
63652.69
55126.78
46017.61
32560.66
30568.85
29823.16
29934.42
27511.44
38378.83
45615.94
39087.22
29742.06
22016.48
17498.13
16716.65
29361.83
57406.46
24700.52
40145.92
26836.98
33134.84
20547.55
51715.38
34255.75
60286.25
50037.77
41306.76
24133.52
43276.91
38068.85
36026.69
43928.7
21582.14
32909.67
53255.65
42658.45
59738.96
34613.93
33066.86
22341.49
47628.11
47990.06
16815.15
36809.74
26870.26
25494.76
31230.35
11610.23
31880.62
49733.21
26560.74
48771.83
33344.76
42511.9
38622.94
55925.46
56541.43
32466.96
51404.83
22059.62
42983.16
38831.2
42503.45
39073.8
60984.64
86240.08
58447.64
36596.82
38288.39
24483.15
51035.43
32840.68
25429.74
52294.67
62936.77
38648.79
40575.83
26521.89
45312.85
39949.17
31642.52
47209.44
31673.34
60414.33
27824.42
45294.73
61583.17
51573.74
75451.16
63610.5
28327.63
35185.56
64847.91
38138.24
52544.13
61927.2
31948.07
31601.84
51316.74
45718.54
34345.21
51050.24
54625.66
37772.01
38475.56
27073.31
18424.77
24641.03
59029.93
30154.18
24454.26
29158.84
37813.46
37278.21
69578.99
78099.46
44519.37
27258.77
21964.3
10208.32
26152.09
13487.44
24323.18
33012.24
46639.04
40969.58
40663.49
52377.29
59851
53634.47
39820.68
35258.24
49388.11
78570.74
65480.57
39054.24
49433.4
40686.15
50361.22
39167.23
97750.75
44592.37
23503.43
44905.93
44036.71
37273.09
43772.27
33789.42
71297.11
42347.57
34201.57
71374.71
31183.34
30452.24
46535.23
32038.13
34150.55
58701.53
49908.55
36019.81
66603.41
64783.87
40098.77
38655.13
53739.03
77735.86
36836.85
48287.34
53402.49
33662.64
46168.44
32491.1
53852.85
36165.32
29550.88
36921.32
41262.89
36731.63
42696.81
42578.9
38737.86
34091.01
50271.45
54221.03
42289.92
42025.5
34335.66
40014.63
48380.1
41143.26
27645.51
58746.43
38266.41
62231.17
51826.22
46608.61
56571.2
52401.17
31722.53
46349.8
56687.39
35058.25
45350.24
50049.44
40926.41
48424.2
32714.4
40282.57
30966.7
49527.96
58369.07
49993.74
61615.18
46454.53
46846
34686.37
59170.86
38468.91
34096.92
36542.18
60726.67
45207.95
35138.23
27446.39
48206.1
45608.35
39651.85
62122.25
45186.21
36866.72
38711.96
40019.5
38001.61
45484.72
36000.76
44328.17
50758.77
85248.26
19425.96
31635.2
24668.9
37700.77
35323.74
20686.15
39464.04
47303.16
55010.97
27982.55
64755.32
36733.19
25344.5
35276.29
36346.45
26403.78
34092.86
71244.91
30149
29358.62
67089.12
50018
24285.25
38251.82
41690.36
27653.67
38364.39
36129.53
40510.54
38695.01
32910.33
39436.44
35449.97
48619.94
33256.6
38622.94
34185.71
87914.39
51422.15
48401.41
29690.34
25636.29
29082.35
41174.38
68562.07
70576.32
40664.26
51792.32
34964.2
59534.36
37298.88
76178.8
66849.7
49633.26
39512.99
58148.42
47791.89
42748.91
53378.81
56917.91
26526.38
55502.2
43076.51
56498.76
49467.13
37036.87
89490.58
42701.09
59357.33
41453.05
37430.48
33162.62
36787.61
39265.12
61190.97
41980.46
61829.82
30634.7
23382.46
26815.91
40810.79
33944.87
58206.6
61692.38
26509.41
47146.62
31680.03
29537.88
48776.99
49563.27
34783.32
44750.15
70709.69
27120.31
26529.47
32122.18
52822.51
45274.86
49980.7
40062.18
31401.99
64285.76
88556.94
47947.89
33272.02
52868.22
63905.5
56647.1
47808.06
34723.34
61755.24
38970.53
41153.39
40445.57
26195.27
40467.45
33432.28
73249.47
39743.34
69566.11
38187.8
30641.82
23268.4
56176.47
38549.05
53409.37
33428.92
29757.64
51340.34
45590.35
36715.42
44098.15
41032.08
23710.31
37186.15
39696.51
42303.52
54902.84
38943.55
44855.29
44294.57
47927.53
40893.17
54546.12
57882.55
90895.44
50414.98
26495.21
30604.04
29704.12
25620.04
57523.71
37530.68
46696.43
70370.84
42067.95
54707.82
34502.41
55002.38
46218.72
40807.17
56432.87
31383.31
17162.3
27005.71
46603.82
45795.48
49067.52
46545.74
36897.38
42569.86
46363.05
54179.1
66007.33
44855.14
48514.34
84861.54
33839.21
47771.62
39592.93
35478
50188.77
39386.88
23270.51
25603.92
36031.38
62697.89
65042.96
40446.83
76587.17
75388.14
40325.37
47536.32
29528.39
24006.26
73837.97
24811.37
39936.75
35735.54
23740.68
20193.41
39863.3
75329.82
31124.31
31921.2
35853.13
56801.71
61828.12
62788.23
66962.54
62939.41
34271.71
60735.68
82804.91
65488.75
46533.56
36838.69
29646.33
20577.66
27338.03
47841
34030.15
47531.59
56898.26
49594.25
61401.93
34688.25
42731.01
40751.39
58333.76
45094.25
36690.91
61593.61
52623.34
46017.96
55529.11
56744.96
41498.37
45700.57
39033.6
40098.13
58286.12
49500.34
60067.62
43826.7
26386.93
45130.23
15295.07
31705.71
47838.59
40798.44
17988.2
24339.58
21278.83
14472.93
18776.72
37552.67
52847.36
51179.84
56733.38
44768.28
39092.66
75478.33
41361.97
57120.13
46728.28
74381.97
33588.14
45622.43
50110.87
74431.33
63249.97
52585.33
98066.14
40196.15
40221.11
35101.26
37644.07
36863.62
45035.13
71334.88
42588.03
30509.71
43140.33
42397.05
40281.96
49880.67
36955.65
20260.97
32995.69
24716.13
37357.06
33125.95
61010.29
45776.14
59952.01
50735.47
34125.83
50431.07
55672.35
48353.49
60219.71
28551.65
89546.73
53668.31
49666
67210.39
47280.87
42841.79
26631.44
36496.89
47458.03
54506.53
49657.29
73162.06
82857.41
52358.1
63587.21
60218.93
63253.01
42011.79
51820.18
39951.13
48972.66
57838.23
53015.81
45197.39
63416.66
34544.88
41331.65
64416.7
40320.53
31374.41
37832.07
40094.5
48152.7
62061.62
40192.14
63706.42
45634.48
31212.72
29897.13
39309.86
43878.07
45611.94
60577.23
45150.3
68241.56
34428.86
55266.85
57467.73
48557
40672.66
32264.9
48534.91
27185.47
47687.62
59979.15
49126.29
47774.3
57088.25
48859.01
43824.95
66628.86
70923.2
40015.92
57592.71
50863.57
41878.64
50056.47
41491.34
50383.59
39224.14
39781.72
45584.14
65671.84
55287.42
56040.46
43002.22
31517.06
56246.9
40037.57
34788.15
80708.41
40043.64
69826.61
42306.41
50895.47
45027.2
47764.75
44347.99
46035.5
29841.9
58020.1
45595.98
30039.04
41798.06
75336.8
43133.26
50453.38
70759.55
44187.1
42002.18
38642.98
34235.3
34436.85
74955.16
42960.57
52005.02
44847.38
56673.09
31980.01
45056
43581.49
32600.63
49760.11
35201.2
25684.45
53473.05
60727.45
47379.69
58057.19
65342.32
52148.9
47484.88
61232.34
39630.62
41789.43
49690.38
63506.83
79254.43
59942.44
24628.56
30722.46
42364.74
43925.89
25658.71
71917.53
49115.5
23877.36
50997.43
31396.43
40064.17
42346.45
67236.96
37343.22
18295.81
54350.64
24921
20390.35
70206.17
39976.9
35444.8
60693.14
58746.55
37462.15
29771.69
55070.51
37242.72
41175.68
48128.96
29144.96
18780.58
26196.5
29707.34
67534.56
96236.79
47325.5
26944.37
52893.29
68387.08
82655.18
50680.2
48696.51
40742.42
50500.8
34935.45
63756.21
37648.23
40269.61
67518.96
96091.56
57572.11
49093.15
55754.56
56043.78
78830.13
54035.95
43337.07
120229.7
50654.29
24831.25
48017.94
36194.8
31980.11
13882.42
14829.65
23934.26
41630.61
73587.38
53020.93
48366.18
45692.96
55165.26
41398.88
32024.47
75780.47
47863.52
68995.41
69879.04
49465.88
47230.89
66455.09
53021.12
31975.49
52661.53
54506.52
42142.21
42261.67
48965.74
25652.86
26333.68
37384.81
35752.12
48974.84
52792.55
54133.97
27888.93
40626.76
77819.3
63878.75
34511.9
26049.05
32355.03
24567.25
38093.32
51476.06
54875.69
36742.94
54367.83
29002.86
42190.41
35004.32
72681.19
59473.08
53845.19
32366.41
50124.9
52492.77
28829.43
33209.22
37623.92
50244.67
42789.03
51035.45
23259.37
45839.91
57594.58
31511.92
56755.49
52399.11
68925.01
58748.9
31425.22
52611.12
68862.92
35465.98
40018.43
34085.8
41044.02
49725.32
44919.84
42014.94
40431.67
50621.34
30285.66
40046.13
33001.1
53548.15
52789.85
53298.13
37857.37
37921.44
55926.33
53251.29
45170.01
30943.88
40479.15
58350.57
45032.08
41519.57
45112.19
87453.83
61369.97
33022.48
50194.93
40327.49
55799.53
50276.46
49634.83
35901.09
52031.78
39178.04
47498.03
50250.46
57596.17
65884.68
50054.57
42487.65
49455.93
35484.41
34031.63
65926.67
19125.22
35450.68
42031.86
54517.12
41029.39
44770.45
36155.94
35292.28
46826.04
42693.99
34313.22
70104.36
88388.2
40426.99
28365.04
18710.19
41396.44
41623.39
38162.34
38166.03
40757.14
35012.53
28928.02
38745.45
35584.97
40190.53
27675.24
35839.98
43861.76
42199.7
52192.88
61316.48
37809.39
47183.4
56865.1
49246.2
30893.61
39961.93
55734.86
47762.97
43824.32
67678.13
61437.53
64896.39
32292.33
30662.85
57248.69
48586.56
43767.6
73777.77
31811.52
37155.38
18486.01
24613.12
52883.69
71101.66
62302.12
23509.69
52072.14
28693.87
14147.59
16411.78
52104.35
46274.16
56557.69
56838.55
49225.23
46823.66
30748.6
43747.91
75713.13
39483.61
57088.28
34346.28
70405.33
77060.8
40940.59
51327.97
31628.3
24540.6
34779.4
38784.97
38243.76
48291.1
65039.56
39756.58
42830.43
43039.57
42536.02
49512.58
32875
71037.13
47556.37
69879.06
40789.43
34593.27
68940.16
55918.04
38574.57
41165.73
26411.82
25648.95
44968.48
61212.5
45114.97
63014.58
65274.65
60887.94
72660.34
41222.66
53812.23
34876.9
59522.07
43630.96
56698.02
51692.28
46644.56
41701.55
35151.04
62934.69
50832.08
56054.36
62495.63
74455.37
56037.97
69252.45
45446.09
54070.81
38527.83
37241.33
46701.51
41092.5
46590.63
46501.67
50705.3
58198.81
62545.51
34236.4
54340.24
33292.86
21831.26
19296.93
21535.48
46280.93
79687.66
55722.4
30879.01
13348.72
56972.27
54010.12
25282.1
18319.44
39956.79
59835.46
35098.98
51555.88
70368.61
56041.12
49197.46
88001.62
41618.37
57814.63
42865.09
39989.05
27965.37
60633.69
25888.61
58116.22
52256.23
18005.39
37490.28
23095.31
34044.54
49611.27
30592.2
34336.38
24284.22
29853.84
44046.91
66934.61
58425.73
41877.1
37829.66
42781.31
56593.36
51580.68
52629.6
51726.12
43933.99
54268.84
80245.53
53772.98
34547.24
34257.01
43186.86
48324.28
47141.61
30863.46
25058.93
41454.36
50723.9
50448.18
41101
38016.6
39842.54
53559.44
48362.33
51325.38
48316.03
47547.72
38625.4
35704.44
33817.52
49826.57
37520.32
42532.71
29388.55
53193.08
32732.9
21106.33
32228.39
40186.95
60342.76
30381.19
32499.17
40894.03
47201.38
115820.4
56956.52
43273.62
42008.25
44346.63
23710.26
25113.09
27006.43
25924.33
25384.56
58085.89
62684.52
60812.98
43888.58
62967.5
46820.98
51962.56
66362.94
42437.59
26424.14
26031.62
37031.39
46906.28
52947.1
54363.44
36155.89
39045.46
60822.75
35666.23
36031.16
67564.57
53633.47
73798.93
51095.67
38585.96
26939.34
30647
39855.81
30416.46
43665.74
53514.82
46171.85
29552.64
28016.47
27458.97
48281.54
57471.23
51703.33
57386.55
30583.95
43275.37
46785.56
26102.55
20643
31375.23
83279.81
55579.14
37490.56
35030.49
31451.74
57261.67
52410.12
59387.83
43834.3
28759.6
41938.55
58956.52
56043.13
63957.33
29099.02
21668.34
45381.27
39489.72
52116.21
64213.91
34741.94
42409.66
34644.07
41552.83
55485.23
43786.4
48612.75
90258.32
53535.8
52335.73
29566.32
34774.2
30236.37
75182.67
55642.94
38460.22
50865.83
70442.03
29532.03
18644.62
32606.58
23774.6
19377.12
31192.91
59314.89
59196.7
39368.38
43517.67
72381.94
42463.32
30182.54
80685.38
36481.88
31975.43
44493.88
45852.76
48079.24
115517.6
73604.99
57305.62
80442.45
41861.93
75666.52
47395.49
27489.1
40119.61
30813.88
27030.32
38537.86
61530.77
54259.5
29668.47
28617.94
26901.46
46287.1
33827.57
58714.21
53419.37
58757.17
85829.76
27152.42
36171.14
41286.65
48368.1
24752.38
40955.54
40741.85
57966.86
27689
27632.43
33066.45
47309.63
27880.6
19976.79
20916.68
29027.35
49041.17
36643.27
120931.5
29656.23
44223.15
19436.67
74696.9
39825.52
54375.51
50195.4
35284.44
52943.11
58696.61
51313.67
49293.48
32095.9
56570.8
36026.9
30052.27
49793.34
63124.77
59485.97
38316.43
75819.29
52589.82
55533.9
44668.04
46564.9
37257.28
47853.67
19114.85
31836.73
35904.38
35358.54
43943.34
29998.25
46550.2
45135.58
46825.42
26765.3
39850.37
62060.76
27001.51
29191.13
91381.36
57950.94
57289.3
49757.38
53495.45
75775.46
30198.9
36457.6
19490.49
28670.16
12441.64
61419.25
41456.01
33811.54
54635.13
60004.36
36963.91
31595.99
56920.69
42282.86
54487.71
64698.62
65572.76
45055
41400.68
30511.14
31690.99
38614.26
55762.35
45247.57
86624.71
50338.58
59410.66
59029.46
21765.02
47564.56
53442.33
72777.89
55332.83
36453.43
37839.89
58796.19
49453.72
65272.94
63306.16
88169.52
48110.78
31024.28
34947.84
43853.33
49769.01
22736.17
33005.35
20926.5
42776.21
26134.19
40331.66
37504.72
62803.57
69351.48
43299.68
42348.33
51206.38
25981.53
47265.87
53087.36
64798.09
61216.66
41345.03
49852.53
37871.46
52754.95
27112.62
15357.34
28938.33
54921.81
42449.74
53838.25
59131.2
35719.8
66942.64
30718.25
45065.42
37958.54
69555.19
35084.55
58665.61
44813.02
38768.69
56318.98
56200.42
27510.2
36141.63
41976.89
32638.35
41515.21
72942.82
48738.26
49068.99
48788.35
70430.24
46870.32
52885.52
37043.95
46617.75
33392.4
49485.26
65489.72
50869.81
40346.14
58736.05
38754.85
49227.98
53746.72
31121.52
57106.89
48921.07
34277.5
37330.18
44049.71
43036.49
26570.64
32153.47
54011.59
51317.92
48537.71
35875.89
63359.01
54278.52
23540.85
24063
32110.92
36762.54
54683.8
35238.79
49556.75
50436.29
34870.2
69629.26
56015.07
54541.77
39351.76
42719.46
75695.65
43222.42
32595.01
69918.66
26569.74
31337.74
16193.41
28068.41
22323.09
22392.73
43659.55
43443.74
41333.24
69385.35
34825.26
57581.85
51484.97
43763.35
30052.03
60599.12
64998.56
39830.08
36031.07
71578.68
44553.14
33474.25
61642.38
35161.77
41856.37
42644.89
35430.12
66262.78
53436.28
50146.92
66273.55
46116.29
42596.76
30233.28
40418.2
30729.68
57049.61
29002.88
43118.08
33424.94
35225.19
56969.82
53535.93
35515.67
67336.61
53274
53709.54
47136.15
61748.3
33915.21
49483.93
46348.48
37893.83
54633.48
41905.64
62335.73
38564.84
47021.75
42455.32
72577.43
36587.13
47926.29
59787.38
35495.72
39783.07
69794.8
66068.83
47600.11
72441.27
73484.75
57319.31
45676.39
41602.14
48889.09
60782.95
64544.67
48270.51
43325.61
44968.37
65192.2
68040.67
32960.9
36213.97
53556.06
60889.89
25350.82
37515.14
49607.07
33793.9
59792.65
26541.47
57456.09
31045.88
35768.29
55459.27
37304.01
25585.1
35577.56
39809.61
46567.21
33913.93
30902.69
48608.33
47678.44
44700.23
52757.45
57943.88
44024.19
41794.63
89388.05
35541.62
29846.99
21173.56
32432.19
55523.04
52754.24
47368.42
38283.58
56766.04
30183.49
31411.58
42925.32
61164.87
41919.09
51010.77
18778.24
31418.46
40384.49
75391.31
71228.08
50111.95
58415.64
26472.08
37082.15
39462.89
28598.98
55336.17
42585.96
43723.99
23439.55
36307.81
46586.87
43174.66
60676.74
62914.43
46597.08
44011.99
66373.31
43629.6
50603.54
67151.91
47689.42
49381.62
64398.02
37598.57
36045.35
62165.71
49668.23
47149.42
46517.65
36591.26
10585.1
30468.49
30798.53
44466.39
62438.14
38173.83
28352.62
60763.43
39515.1
17275.26
22290.54
32860.02
62147.15
20168.33
41127.26
49999.64
55145.28
39397.85
29202.59
51347.52
40000.46
60275.58
57729.88
33577.66
35040.65
49191.98
63000.11
21034.99
33147.24
39450.69
46307.7
29678.41
38531.03
47553.87
28886.66
30162.98
30127.67
39483.73
61272.67
31410.03
16503.88
30422.15
19789
46934.93
30157.22
37745.02
22012.15
34061.01
40688.01
41436.18
43994.64
38609.08
43154.66
55546.5
54901.32
36996.49
37061.87
36186.17
46229.9
49351.39
50150.65
83932.77
50858.86
71440.71
49434.4
49808.07
71662.56
30914.74
53830.35
43516.86
44872.44
37998.91
20006.31
33780.28
39233.22
38445.24
39376.63
28678.88
46781.37
45372.37
35970
63494.47
50063.88
37563.5
99577.48
47895.74
55130.13
70837.54
54880.65
20576.67
82726.91
50465.36
70166.22
35094.13
47755.08
55767.2
50804.42
13188.59
42472.66
33660.75
36579.6
27886.18
34451.45
30962.79
32609.66
45978.8
47146.27
37112.36
29263.36
61914.83
39169.55
51318.76
39855.68
47674.86
62541.71
52382.25
34521.43
39027.63
55508.24
30876.29
41747.6
47634.4
30171.9
49796.5
29291.32
24424.91
25973.78
62435.33
45714.3
34059.96
32533.44
56157.23
78104.03
29378.31
77179.65
50325.54
40336.28
39525.98
52407.27
46602.13
34438.34
43137.53
25809.15
40101.34
37778.42
73356.22
65011.59
61955.52
48576.95
71154.35
32045.96
35914.18
41876.6
49335.28
49309.74
60356.7
39788.38
27887.5
40300.6
47404.72
55917.74
64401.59
41888.95
77191.03
27247.01
38446.67
51985.84
64649.34
60047.32
80397.94
30102.9
34860.16
47039.64
73163.8
34558.48
73380.87
43456.06
59422.39
64265.23
33673.68
21905.32
22593.98
30733.1
20550.72
23632.97
28052.92
34091.95
29930.59
61801.48
73034.92
24935.2
58910.45
64530.49
54470.71
48925.25
36366.48
49186.88
68585.22
38476.27
45716.69
43099.97
42635.01
50265.54
40587.59
48143.06
21067.6
33135.95
30639.2
38014.92
31844.9
26426.82
34965.15
38240
49254.66
53612.16
31342.98
40009.41
48898.21
43199.07
29256.03
43536.15
45226.87
68527.63
44173.67
65173.87
42888.37
60720.6
32548.37
42098.82
39788.93
58000.04
81237.33
48057.47
57663.83
50997.07
31916.02
22364.22
30722.9
17285.58
41914.26
50245.97
57077.79
58902.03
73566.87
36844.37
62020.17
37456.35
42286.39
66510.05
48267.19
35907.4
53119.91
50159.55
70927.4
73473.29
48103.35
41288.99
29976.2
35381.02
47681.76
35165.38
39629.51
80394.94
27937.19
17192.6
42722.76
58652.33
37386.03
54736.81
46986.87
56497.47
44093.21
37378.69
56370.08
52606.66
30247
36129.25
33676.83
88310.77
56504.49
48853.44
69644.57
47559.19
42817.79
29081.59
32574.55
20625.57
38363.25
25955.28
23989.36
38142.09
27802.83
37408.89
20744.18
29250.57
17551.52
42615.74
59237.99
83719.67
52409.25
43178.04
35776.97
66893.52
46627.64
25124.51
45341.9
33741.7
61560.95
35380.01
55035.2
37808.5
69743.35
68087.89
44994.7
48903.04
49033.39
23179.38
33906.69
48225.75
31275.42
43957.3
49106.97
48308.65
59815.51
59297.08
40494.41
45649.25
42632.12
59818.96
48646.06
53875.24
56248.65
43477.15
54320.55
45578.88
67464
45635.44
35321.77
35880.95
29323.74
45230.1
61162.49
49168.84
62053.42
60449.33
46096.25
64221.32
38828.21
37689.84
42932.52
49872.35
37082.41
38116.4
39951.1
37909.87
40883.38
49182.6
30929.91
27402.65
45768.48
65132.18
66925.78
59716.05
50329.62
43145.5
71159.8
38196.84
69297.71
54186.9
53040.86
69463.01
71956.88
30928.47
59567.68
28992.88
35171.56
48806.97
64243.42
56295.19
61904.08
56103.3
35926.25
56742.71
56956.43
27136.27
24084.83
30747.25
39098.98
53953.42
33117.54
45016.33
51697.72
25883.96
48997.63
88553.02
52696.39
65195.2
55167.53
42119.39
46657.24
45847.84
31310.84
78606.15
85013.66
30363.79
44394.32
34208.83
25009.48
22656.43
23110.69
70663.19
51598.19
51810.98
53730.86
27617.72
41195.28
37197.96
51882.82
50170.39
64926.27
46808.84
46301.93
51550.61
31628.6
46393.93
71838.27
41107.21
44419.29
49656.91
39500.02
35331.04
14632.43
43524.58
41998.16
27872.93
26436.6
38244.53
50131.55
73920.79
38205.39
53633.29
41637.62
50329.95
44724.23
48508.4
31993.05
63510.77
41353.28
66994.84
61570.13
50321.32
30671.54
58436.11
60105.92
54541.78
32849.79
44929.7
70856.96
42699.68
44536.9
40648.09
40479.16
37902.88
48252.12
40562.27
45489.73
42431.54
83588.29
21052.24
21643.2
37917.85
28888.27
31422.1
27941.58
33735.15
55013.87
39421.05
51915.7
56184.56
45673.85
80538.08
71157.22
44162.41
59379.72
55019.23
28359.73
31713.74
47539.17
27572.93
35059.03
33893.86
62593.41
23461.72
21624.52
32544.68
61143.96
36137.72
52644.79
69450.81
48680.77
68777.41
33906.71
57090.42
35241.17
40136.23
46063.73
60943.18
34486.59
46670.77
22311.29
26557.38
47330.86
46234.3
37297.75
32898.29
22469.63
32364.96
32192.4
41758.25
31794.06
53995.16
43897.01
40631.82
54812.75
34054.52
40495.81
24387.19
33680.49
34427.02
15373.16
29188.89
39883.52
23314.06
34431.77
29854.03
37401.36
54249.97
38561.96
44898.1
56966.27
24910.35
36300.24
36403.45
67827.03
52205.4
55584.72
29396.9
42144.39
43308.32
80183.03
34816.58
80819.84
64242.87
54405.8
65294.54
40129.05
40670.31
38854.79
68412.28
51701.93
57542.81
56504.49
71622.97
46825.85
48177.2
45531.3
61030.56
62701.71
32283.45
80094.41
47896.02
66420.29
72710.43
79520.71
38405.86
50122.11
51664.27
50386.96
24529.33
28454.89
65201.9
46013.06
74782.07
44152.77
38617.28
56756.56
54398.27
39424.3
67384.46
83821.49
34840.7
47199.77
54498.46
40699.77
21458.18
45023.71
33874.5
69834.18
32958.67
49767.86
53267.85
74503.97
63799.87
43068.54
42731.45
30872.43
21102.69
25224.06
21205.95
27789.37
32330.2
43722.5
48684.02
35737.19
64843.38
35461.09
35524.73
57596.04
54823.39
29237.42
47077.84
39233.77
59027.34
45059.61
36069.83
59970.6
52895.12
50414.13
14656.51
26058.48
41266.98
57296.92
53193.33
34529.97
48408.11
62522.89
41849.37
29098.12
55949.36
67293.1
31613.26
60185.17
40498.77
48185.13
31229.82
47872.57
37925.02
37935.9
36215.29
45767.54
83173.35
54194.62
38608.52
20020.03
29301.77
24148.76
47063.41
56207.9
64193.2
37686.25
84273.78
46060.66
72658.2
62111.43
44569.58
66708.86
39937.96
28720.77
32360.95
43606.61
67281.86
50115.23
75035.18
42777.98
55875.65
55627.23
41904.83
84921.9
54039.06
46582.14
55721.33
55835.31
52434.45
49769.88
51985.93
32270.43
59803.86
51946.11
47424.97
64076.85
50645.5
47249.42
39946.19
37942.25
42953.1
55189.42
28838.48
57829.4
41524.84
79972.8
40606.57
31343.28
23748.38
24744.94
35502.1
44779.12
42290.78
58689.67
63226.18
58125.62
56573.8
41530.89
58960.46
49593.57
53049.75
40278.01
35907.79
45317.94
54525.6
71400.62
27591.18
40616.25
36792.36
66204.21
49358.58
35003.37
63699.96
48907.91
68692.48
30389.34
25699.83
42709.6
46869.77
45595.46
63266.72
51642.58
52200.4
69481.16
49059.49
63586.31
22243.27
32998.69
63295.98
41731.62
64322.39
61757.09
35606.9
74187.38
53468.1
41198.08
47462.95
42973.19
50571.05
57017.96
40201.36
39707.63
41199.77
38338.67
66279.36
79221.78
42038.84
55940.57
52533.89
68914.91
101543.9
49146.1
52138.51
25938.5
78144.86
65698.32
67301.59
41725.21
53171.65
50390.17
64922.94
40104.93
42210.12
50442.56
47886.12
71098.4
43623.91
31559.32
70070.97
56931.07
37273.35
29218.95
41555.81
37212.45
38215.77
35897.18
41189.57
26755.7
50547.74
41123.73
40851.77
52296.21
50128
31782.88
50476.24
54378.02
56710.75
55607.81
52389.1
53589.24
88419.79
48615.08
51092.77
34224.83
50560.21
26311.53
15212.09
20508.42
24446.95
38558.5
40033.29
81242.1
39186.17
49679.68
54276.05
75077.41
37007.77
31833.09
36157.41
28677.83
50733.83
39044.39
88392.55
70655.14
39091.7
46097.86
33587.9
46970.97
59380.02
34577.4
61501.63
60520.17
34800.53
50121.45
44647.92
32101.67
39440.8
55775.01
32973.92
59704.57
28793.01
45671.09
39010.3
38069.53
37311.18
43021.4
61592.52
53547.77
36349.59
41022.92
55159.67
61743.3
49801.86
32822.35
38862.64
43073.84
47986.56
42764.24
40377.52
62710.93
22754.54
34548.64
49245.01
41335.38
72861.17
54760.8
35614.76
39726.95
49303.81
69786.54
30308.44
49906.29
110760.1
25893.64
42489.15
62068.97
81999.56
52182.06
53220.91
40549.56
42698.86
35161.3
63970.03
54362.35
68939.52
33975.03
33516.82
58082.1
64705.71
56143.57
33098.55
52926.52
53267.75
68330.17
49511.74
42272.87
41378.67
55259.29
45174.13
73010.29
68280.18
54375.8
52931.08
68517.82
55170.48
33691.97
52575.56
80609.43
37840.97
36979.69
38991.67
52124.08
49295.84
38279.41
53485.86
50925.79
33404.47
66854.05
72694.07
71379.97
43965.8
61421.02
63284.66
48940.37
57586.07
42169.22
52031.47
47152.42
66046.04
56287.9
62780
56379.26
73354.73
28437.24
25146.53
45930.67
22719.21
37911.57
46612.04
74579.39
79640.09
53566.51
58440.51
50282.83
51593.24
46508.85
56559.62
50104.75
48908.35
43452.58
63605.24
49354.75
39100.96
59114.26
45527.76
49040.28
42187.35
35923.38
67843.15
33804.26
66402.46
59543.44
31857.57
37359.26
79807.05
49796.68
57736.4
59848.63
40616.8
24270.99
44091.4
54836.9
48642.91
45801.61
23650.03
67178.09
58535.76
52535.17
41359.76
42148.39
41911.81
92491.25
61033.26
47777.98
62049.42
54202.45
37437.22
47953.7
44616.29
48246.57
42498.13
62033.68
46208.54
66308.68
40104.45
46133.24
43571.26
27141.97
73949.09
90418.76
44244.34
83314.82
32637.82
65809.01
52901.28
49371.7
43003.24
52392.32
54562.1
60175.87
45488.26
25308.58
52446.8
45154.56
59338.95
55651.35
59574.21
56074.5
79971.18
43032.38
76125.56
54286.26
51638.14
65330.27
86143.02
53307.55
45584.8
59699.16
69166.97
61637.02
45515.63
54123.3
60348.43
32498.21
86159.78
28424.78
57146.84
37207.89
63246.24
58279.3
26442.61
33197.98
51661.24
47997.87
85537.59
61756.68
55343.86
41206.06
49670.56
52479.2
53301.88
37091.94
51739.06
62969.91
33632.23
46663.92
34956.82
46962.34
34585.35
56817.03
36435.06
37628.08
54913.06
74837.39
28486.92
73722.01
51461.18
55855.95
58994.74
49498.4
59461.84
53390.68
69542.4
79195.06
44817.55
40631.71
52298.61
54775.21
52399.2
42286.72
38112.92
44566.68
55989.22
62989.64
31899.95
47217.78
39782.86
62247.68
59657.29
48393.62
52188.93
58082.37
34855.94
21372.95
24480.63
38270.93
54143.24
37845.22
78806.49
49124.51
71071.67
39465.99
57808.63
46664.18
36958.68
27893.15
81840.21
45494.5
50971.03
48463.19
48838.5
43147.24
41479.26
64958.64
65735.57
33140.62
37166.14
48001.64
38973.47
33911.51
54903.24
58017.28
91475.8
46771.72
45527.17
75839.47
52460.53
51143.65
69301.46
36577.15
33889.46
24370.57
44726.34
41365.51
50073.33
75105.1
79771.11
67414.49
39699.45
24323.73
56102.1
44175.86
52978.62
47167.29
37205.91
61195.79
49448.64
31070.97
55645.66
37584.65
51192.39
53880.32
80564.21
45836.9
41626.21
43002.85
77193.83
48512.88
71418.98
46531.39
57640.97
61340.2
54668.27
47501.6
64519.02
39794.83
48549.97
68746.93
37734.37
72418.35
42504.06
42582.09
49178.55
32039.1
31584.78
40536.27
46739.68
44802.02
43179.29
61649.39
58486.09
33518.93
31595.33
55550.47
50072.34
31993.89
43245.58
47666.48
38846.35
31035.67
42375.06
74006.23
59775.6
45933.63
29101.42
31975.75
63614.41
36725.52
29902.86
71314.09
83775.85
40353.02
21694.35
30934.98
43296
68207.37
38035.2
39031.56
74823.96
33059.75
46887.07
46199.68
49356.34
42715.85
46455.26
58528.94
53048.31
30467.98
41113.12
69772
47931.6
48313.3
50783.55
67255.11
91739.03
50326.51
60925.71
60943.89
24775.47
35866.98
43227.28
53812.98
44879
42237.16
26804.1
29006.42
35458.28
50749
33577.45
64609.52
44231.81
40210.95
37992.32
33752.66
63081.42
42021.63
56585.15
58182.69
37490.14
44090.12
56896.04
59475.54
50287.73
43660.56
44605.75
61453.17
65232.6
34557.17
76249.79
