130.1039
127.7866
124.8825
129.3636
124.0525
132.5656
135.4942
125.18
128.9296
126.9924
121.0806
131.6421
131.3672
137.1784
129.579
131.0322
129.4777
131.3837
133.138
120.4469
131.5253
129.7377
134.704
125.4185
117.6013
129.7542
127.1
133.7354
130.8468
128.2356
121.4911
129.8965
126.7977
130.6666
124.1696
127.2352
128.7907
125.4615
130.1349
134.7078
125.9603
125.9161
132.0193
128.2965
130.9523
132.1569
130.0044
127.0838
128.7372
126.2601
134.5837
132.1184
128.9517
126.7812
135.0423
123.7655
131.0613
127.9586
129.7412
129.4127
135.8013
131.4404
132.9992
129.5
126.0675
130.7056
129.278
132.0565
131.9829
127.6748
132.1518
136.1883
124.5415
127.6089
135.0938
128.0379
125.794
127.8
120.5714
122.5673
130.7696
132.9336
126.0789
128.4284
123.604
132.8458
126.5496
125.4672
125.8233
130.9806
132.8767
127.8367
135.3388
133.586
124.8035
123.5818
129.9828
122.5072
129.7018
124.2669
127.362
124.0906
120.2305
127.041
133.939
134.3502
128.149
132.368
123.8215
126.7905
130.1833
128.567
120.7908
128.1554
124.9271
127.0304
132.4262
121.6796
135.4694
129.5112
130.9921
126.2595
125.8472
125.5741
124.1243
131.1459
120.4873
127.7538
133.6816
133.4168
124.0187
128.1129
137.5925
126.074
136.202
129.4201
128.3007
130.0718
129.9677
126.4825
141.801
130.5387
129.2183
130.4773
135.0119
132.9381
134.072
135.2336
128.0286
128.1431
127.625
128.4235
124.935
127.028
129.4423
125.7519
127.6835
129.8955
124.3796
131.6183
124.5276
129.5246
130.4778
127.3818
130.7026
123.9161
131.8292
130.9446
126.9519
126.4854
132.7156
127.4149
128.3843
124.8484
130.7255
128.7919
131.1772
126.2961
121.2576
136.2873
127.6487
124.4004
130.2989
124.5509
130.6073
126.4081
127.7586
132.4922
129.4015
123.2317
128.8583
126.3842
126.8469
129.281
130.7815
126.9883
129.3434
123.6346
126.8569
129.8577
135.2692
131.4474
126.4517
134.5644
132.8719
122.1136
126.891
126.4788
129.9563
132.9442
131.6735
132.6959
128.0815
124.6537
122.7728
131.1347
127.2961
128.6291
124.5133
128.6348
136.8686
123.0555
133.8969
128.161
138.102
131.8405
125.6014
122.5259
120.9168
138.3603
125.8564
132.1318
127.5882
134.8945
134.2509
142.3836
127.1348
128.7496
128.6382
124.1857
137.1843
128.4449
125.2324
122.9031
127.4114
130.1699
121.0877
130.5592
127.3375
133.4782
136.0317
135.306
128.6353
121.4086
127.0079
130.3902
127.1186
128.9123
127.3915
128.8129
127.5761
128.1087
131.2212
123.537
133.2435
123.0614
126.3542
132.9107
129.1807
127.5221
122.4779
123.8457
132.6486
129.9622
124.3933
130.5296
125.2424
125.1886
128.2
115.5777
125.4921
124.7507
123.0445
121.6959
126.1824
131.2607
131.7485
127.6184
132.3193
131.1116
137.3251
137.2054
134.1951
124.1094
125.689
136.5338
127.8432
121.7724
128.5525
124.8996
126.1418
127.5427
133.0742
127.0245
132.9717
131.7939
124.8467
136.0433
120.9975
125.3595
125.7081
135.1852
125.2355
123.5629
126.5432
129.3574
135.4026
125.9702
129.2696
129.6405
119.6676
131.8464
123.8201
128.738
130.5828
124.073
133.2091
124.9463
123.3516
138.7688
124.7299
127.283
131.1165
126.7895
129.6898
130.0583
124.2517
133.6241
126.9434
124.8355
135.6294
129.673
131.9213
124.6639
127.2488
124.2361
135.9436
129.5947
128.5158
127.8615
129.4521
131.4949
134.7361
135.9876
127.9877
127.5751
137.7493
129.7769
129.2591
129.7268
132.0473
133.1443
128.6177
131.81
132.4205
123.3456
135.9897
138.3725
119.066
127.2988
133.719
128.7442
125.7263
129.5446
128.3062
124.0124
125.9897
130.1116
123.4839
131.0027
127.8628
130.3444
121.1801
127.0865
129.1099
129.2938
126.4881
128.6794
127.1716
121.6176
130.5997
127.9179
126.685
130.1323
123.592
126.5535
123.7996
133.8453
125.4091
123.0221
126.8921
131.8651
123.7681
127.7053
126.9824
124.9763
127.705
124.7317
124.7119
127.7378
133.5058
132.2048
125.2453
128.0574
129.6278
131.7786
125.9518
139.2105
126.6289
125.2116
123.5553
129.9516
130.8881
132.1481
122.013
132.5217
128.6678
129.4614
136.2671
129.0663
127.4217
120.3713
124.4658
124.5905
132.8604
125.6175
124.2888
131.0674
137.2928
129.258
138.9775
126.2961
132.8533
128.7112
127.5745
129.2071
124.6314
127.3082
130.8435
135.9946
139.3159
125.9876
119.9682
133.7882
124.2676
130.8664
129.1326
128.5011
127.9313
127.3783
129.3096
125.7038
125.6117
131.7923
133.6716
127.3738
132.5562
128.3593
131.1526
130.202
130.1004
133.556
130.2271
126.9272
127.6992
126.905
124.2196
128.9786
123.4036
128.0659
121.4641
126.0128
135.093
130.6356
127.7593
132.9701
131.2999
128.6486
135.9965
122.0053
130.2868
127.1874
138.2089
133.5703
126.0891
132.9537
128.8192
129.7501
122.5389
135.6769
125.837
135.1616
131.8761
124.5193
141.5433
130.9157
126.5401
136.4617
138.8044
130.8696
129.2703
126.568
127.883
124.7474
129.4004
133.1017
128.7331
127.6259
132.8916
129.4047
131.0791
127.6554
132.889
121.1326
129.3848
127.5241
131.0538
131.8633
123.0827
131.6504
127.5576
130.9475
131.7682
122.5052
130.2514
124.8157
123.0221
127.1984
131.8597
120.4062
132.1746
127.5866
128.7698
122.7034
125.7277
121.9218
129.0746
136.6398
124.9521
129.727
124.8395
129.3194
126.1195
126.2996
136.0766
129.2086
126.3783
125.9296
124.0476
129.8337
129.1908
127.382
137.1489
133.1322
125.1657
128.9794
130.0503
133.233
129.9146
136.4034
129.9081
133.8772
132.3807
132.4402
139.3225
136.2396
134.956
129.7495
125.801
129.1661
127.6627
124.3622
126.7043
127.1573
131.7643
131.5054
131.7809
134.4131
125.8618
130.5318
125.4785
123.4566
124.9462
130.6571
131.8567
125.3253
126.6821
131.0921
130.3819
129.7758
125.6433
123.349
131.3471
129.8409
133.4674
120.8272
128.5467
124.8327
137.1029
131.5443
130.963
128.239
132.2641
128.3334
132.6806
126.4847
138.7773
126.7396
127.6627
134.4095
127.5174
126.628
126.1512
126.339
134.7887
129.4362
116.4405
128.7058
130.738
130.7194
127.5166
126.2719
133.9262
128.4884
126.4166
129.6495
131.5372
132.9299
129.1773
123.5695
132.7446
129.6343
132.8762
128.1004
127.8588
129.1488
131.4228
126.9686
132.9087
132.2173
130.8126
123.9992
125.7639
132.2815
132.6704
136.7799
123.1568
130.6339
125.7152
122.2557
120.8257
123.6169
134.768
128.501
121.4785
130.0824
129.8073
130.3195
124.9011
127.0406
131.8262
133.0146
125.9096
129.949
131.1468
127.8085
127.5785
134.7023
130.6935
132.1834
124.0447
122.4724
135.4775
133.1328
132.9329
129.9516
130.97
130.4516
131.2256
132.6172
130.6043
133.7284
132.3384
129.4703
133.8762
128.1005
129.3031
138.5695
133.4191
128.2818
129.1471
126.7328
135.6698
127.5958
131.5427
129.0825
129.8635
137.1608
131.1248
133.5374
124.9261
129.4847
137.1843
123.4868
126.6812
127.2994
126.3744
134.8014
124.2781
133.3218
125.8675
124.6642
129.3693
129.2208
125.0597
136.1619
132.6248
124.1888
124.517
127.7747
127.1783
136.9404
129.7283
134.1574
133.4043
125.4608
126.2202
125.6492
128.5518
133.5767
135.67
133.0447
128.8616
126.6658
130.7337
128.091
131.8887
130.6784
134.5022
130.7071
127.7531
132.3455
137.5599
125.6894
140.9491
120.8267
131.5164
127.5801
127.981
139.0061
128.0965
130.7672
130.7273
128.1924
129.1133
131.0917
135.5786
126.5021
123.7442
128.1167
135.3195
127.9191
127.1101
129.6662
126.9738
127.1226
125.1231
134.9246
133.1149
132.5101
127.2148
132.2137
130.5407
129.1402
129.2326
133.1673
133.3897
129.0587
125.992
135.9937
126.25
129.2831
125.4665
126.9352
127.2287
123.032
136.7236
120.7415
131.1141
128.387
131.7879
134.2912
124.5692
124.519
129.8676
124.7398
128.2868
136.4735
131.9963
123.5556
124.8661
127.5523
133.0572
128.2184
130.2212
129.7421
128.4125
127.509
126.1116
130.2739
132.5068
128.856
128.3393
129.9376
131.8653
129.3167
124.4486
138.0913
132.3082
132.5455
136.6435
132.0239
130.9155
126.8667
133.0223
130.9438
136.6361
133.4556
135.5169
128.6947
128.7679
131.8172
127.1079
126.0292
124.8997
125.7644
132.7351
126.2354
130.5307
127.3255
133.2439
134.0364
127.7211
125.2507
129.1748
132.6947
125.3354
126.2292
133.5821
127.2786
136.5973
129.2101
133.4195
132.9415
126.0141
135.3141
132.2915
129.0014
125.1291
131.5443
133.9228
137.5772
127.9158
126.6473
128.6834
129.0667
119.9096
127.0777
130.916
131.0582
130.3392
128.7538
126.0111
130.5479
124.0998
131.7849
136.5615
129.3374
131.4547
124.2436
131.2047
128.3086
125.6478
132.6338
133.8872
129.8628
127.5456
127.0153
130.5352
131.8288
125.4204
129.5523
136.0486
124.0561
132.5077
121.6212
127.3129
135.4036
126.3889
132.1072
135.4836
129.5111
130.6592
124.0334
126.848
129.7582
128.6231
130.9132
132.4503
137.0337
135.5707
130.2941
123.9481
133.5298
134.4314
136.6427
127.907
125.1914
132.303
122.2192
131.1311
130.9431
129.1279
132.8323
128.2296
133.9831
128.4356
133.2714
128.0117
127.3774
126.6452
129.527
127.6488
131.2684
137.0099
134.437
130.7529
133.47
132.7904
129.692
126.902
128.1868
125.5375
124.5533
128.3388
133.3304
123.2808
128.6803
125.4602
124.9163
129.5559
132.7278
129.7036
125.0946
124.0084
126.8752
123.327
131.2238
130.342
128.372
127.2155
130.2676
134.3144
126.7163
129.9625
131.9075
134.1042
132.8468
134.4389
127.3429
136.8002
134.8143
136.3597
132.3544
127.447
130.817
127.1808
132.6751
123.8474
128.9001
134.169
130.8944
132.1135
130.1397
123.3646
129.9367
135.3951
128.1394
128.3528
127.9661
131.0181
138.6446
121.2166
129.898
127.5776
128.2501
132.9715
130.148
130.0383
125.8969
127.5891
119.3683
124.0291
128.5275
128.5331
125.2007
120.4649
135.0092
129.9174
123.0631
131.6399
125.213
127.2007
124.6004
132.6115
124.1129
129.7838
128.5986
129.9282
128.021
124.6771
133.0134
124.3959
128.0405
130.7525
132.2978
126.0441
129.5058
126.3408
128.7592
131.7411
134.6011
127.3912
139.9418
130.5507
133.1401
129.8917
134.9859
129.8219
128.7529
134.0106
123.0328
128.7743
122.6711
124.4821
127.2969
134.7064
132.6369
133.8734
132.7804
124.8459
131.2589
123.8603
128.3889
134.4542
127.1418
131.5994
133.6033
126.1903
125.8827
127.5724
127.6603
127.4531
121.1924
124.7689
126.4534
128.3634
126.8028
129.9661
137.9699
125.5043
131.4077
129.4161
129.0076
123.7676
133.5228
130.8128
128.7363
131.6618
132.5921
126.5639
126.9459
127.2841
130.1914
135.0551
120.7262
131.5054
125.7908
124.617
128.1339
126.3279
129.7844
135.3948
125.8222
130.1969
131.4958
125.8422
124.5883
126.9368
132.9066
128.0528
129.2467
124.9562
129.3841
127.3102
124.9139
129.3534
131.3155
127.9245
126.3166
123.6173
131.7396
134.2549
128.6681
120.7378
125.7522
128.9756
136.3159
124.9171
128.3067
127.9275
133.5484
132.419
134.9733
127.3236
126.826
135.4418
132.4416
126.5045
128.4607
133.3787
122.6964
129.7389
128.3382
128
132.851
130.1414
129.5586
126.813
123.2259
122.8878
126.3864
130.0646
134.486
131.9699
125.4149
131.3733
126.4184
129.6526
128.9102
124.7205
129.0764
127.4986
126.4082
130.9537
128.2019
128.2551
127.0277
135.1835
126.2115
129.7224
129.2407
133.5671
131.4198
130.7124
132.1465
130.1468
130.5292
132.612
123.3322
129.1401
120.8967
125.6156
128.2179
132.2775
122.5348
128.4867
121.465
130.5609
136.945
125.3486
128.9101
128.5815
127.7392
129.8096
122.5727
129.652
129.2022
135.6233
126.3952
134.7055
129.0696
126.8466
129.3133
123.086
124.5032
132.0811
130.6976
126.5165
130.5019
124.9702
127.6779
129.8384
134.1192
135.1862
121.819
127.9583
120.931
128.5357
123.4682
129.9082
134.2423
129.4995
123.6584
129.3678
132.6346
125.5784
126.5425
136.0208
127.5391
129.1291
132.0122
124.8171
130.9398
137.921
131.0973
127.9234
122.8954
133.0049
135.4029
129.1168
133.3965
129.1887
126.6153
128.4755
133.4799
132.5721
129.24
130.1979
135.0445
129.7325
133.8735
131.7137
127.3661
124.4026
128.3902
130.2624
132.7773
127.5172
133.3443
124.6638
129.7989
130.0484
126.6283
127.7758
128.6968
131.0392
131.8739
129.8871
128.9727
121.5211
127.3651
125.3602
130.9946
134.6259
123.3052
134.3167
128.2472
124.5578
131.0799
134.2364
121.7577
122.9969
131.4545
138.9504
134.1678
124.8156
123.6879
125.7139
127.9922
130.8875
127.7544
127.1147
127.7903
124.1371
129.1365
132.278
134.2081
134.9295
130.6443
129.3434
124.6753
127.5137
131.8416
125.6386
124.8171
129.3826
130.8814
132.6087
129.7114
125.3885
119.0744
128.0317
124.7688
131.0108
137.7219
132.5865
125.9638
130.7468
121.715
129.9521
125.4389
132.9102
133.0245
126.1272
124.2525
125.7831
129.2784
136.2643
131.1207
127.9353
133.1223
133.9319
140.696
119.4761
131.9487
125.217
133.8132
129.0034
133.5265
128.9834
129.3935
133.052
129.4917
124.6622
136.0518
129.015
126.6622
129.961
130.5764
132.9049
127.9075
131.5516
125.3753
129.6012
130.3704
131.13
123.3218
131.5204
129.9003
124.7215
131.6373
129.3446
132.9226
126.6382
131.6219
133.9946
135.5206
129.8574
118.7584
121.0151
128.1523
125.0356
134.2434
130.1492
130.1317
133.1796
127.2026
124.8438
131.2093
127.7613
134.9353
125.0631
125.3155
138.0149
130.831
124.2931
127.7082
124.5274
131.1093
136.812
124.4052
131.3568
130.1454
126.7562
131.5363
136.3036
127.8471
125.0556
130.0064
134.9342
134.212
130.4027
134.3531
133.4725
136.4642
127.8011
129.5668
137.8325
131.1344
123.3038
126.3996
129.3467
124.8664
124.0907
132.056
124.2843
130.3388
135.2628
129.7002
131.9903
136.6603
135.0867
124.531
134.9106
132.8927
127.7768
132.1669
131.8876
123.5339
128.6852
132.2465
128.327
125.4154
123.0873
129.6507
134.647
133.2092
127.7385
123.2105
130.0343
135.9621
129.6483
129.8057
128.6686
128.6892
134.4501
130.1996
128.9706
125.2667
123.3367
130.196
125.7476
127.4934
123.9677
126.1487
131.829
129.3444
131.4204
120.6233
132.0372
135.0307
133.3526
126.1006
125.15
135.1293
134.3976
127.1192
134.6512
122.1249
131.6726
129.8915
126.6584
134.6086
132.0519
130.2266
128.9361
135.5623
127.7309
125.2351
133.7086
122.3833
131.8475
128.3741
129.517
129.4783
125.7116
124.9311
132.8408
127.3737
136.6637
128.6918
131.5732
125.7633
125.9256
130.7165
132.5466
125.0933
132.899
130.1239
131.879
126.4303
133.2044
127.3995
129.6461
131.9009
127.3472
127.9702
134.2816
132.3144
126.0067
130.9595
129.2346
133.0619
131.774
133.7499
127.8107
127.8012
129.3644
132.5206
132.2898
130.5598
131.2375
130.0071
124.0977
131.1043
124.2188
127.4352
130.2178
124.0845
132.9204
138.0043
135.1979
129.3905
130.451
131.0275
126.0333
128.9769
129.641
126.9412
134.93
126.6069
134.5645
128.4078
129.8052
130.5484
126.247
132.1524
135.5453
128.0234
132.4282
123.1301
134.5471
126.2691
130.4878
129.8367
124.5922
125.6078
129.0977
129.5281
130.9346
127.3328
134.7503
128.5287
132.2023
128.5828
129.2828
127.9252
138.1406
127.4064
119.1023
130.5692
132.5563
133.8901
126.9807
124.766
130.3603
128.9726
126.1247
128.224
128.5251
130.7405
127.3033
127.3562
127.0352
130.2958
123.4384
128.5387
130.7627
126.6431
125.8851
134.3297
129.0952
125.3688
131.1953
131.8466
134.3977
120.6805
126.538
125.7964
124.9261
127.1522
131.8266
132.6039
125.7936
126.3668
131.9916
124.3766
129.4214
126.8138
134.6344
127.268
132.5839
128.206
131.1324
127.5332
132.5718
138.7524
132.9551
130.3312
131.033
124.9599
127.0993
130.7312
128.3938
130.8233
131.2893
122.1991
128.1213
130.9637
123.6648
128.6002
135.7521
125.6256
129.9798
131.7053
133.0526
134.2116
131.0961
136.7793
125.8296
128.4042
129.789
129.2839
131.0966
127.7433
126.5528
129.7316
122.3576
126.6482
134.1372
132.7851
135.9445
125.1033
126.0923
132.9742
137.1541
127.0508
125.0615
130.2311
133.2839
130.8451
126.987
121.7776
127.5959
133.5598
128.6099
126.8317
126.2791
134.2009
129.9203
123.1683
129.8575
126.4286
128.8346
140.077
121.3769
126.796
133.9687
130.4297
127.0678
132.2802
130.5306
125.0317
127.6017
128.8086
119.8519
138.414
132.1211
124.1988
121.3307
126.2666
123.106
132.5265
132.5465
129.4955
124.7481
131.4148
132.702
128.3325
130.6768
123.8702
129.2308
125.9085
130.5802
129.1742
135.1124
135.2168
131.9014
124.8694
126.4376
135.0452
127.2783
135.139
128.4852
132.8111
129.6352
130.7873
123.541
122.8116
131.9846
130.3823
134.406
128.7969
132.1402
126.33
131.8669
128.4723
130.7091
135.5187
133.2129
133.7193
132.2935
132.3735
125.2741
132.5182
129.8589
127.5461
132.6644
129.4427
129.0144
125.6217
131.5839
131.5884
132.7777
130.2084
126.3146
132.7029
131.2285
126.2554
133.0715
126.6321
131.7821
129.407
129.8402
129.89
132.6636
133.4606
127.91
135.6555
127.269
127.6928
134.0152
130.4568
132.6444
129.959
131.0243
132.4367
135.4214
126.8538
119.7177
124.2931
130.8239
132.0953
120.8708
127.9316
121.0224
135.9355
122.4519
127.6829
120.8926
127.0659
128.5739
121.172
130.9412
126.116
134.6215
135.976
136.6555
134.6311
125.185
134.3321
129.7217
133.0261
128.9379
131.7465
132.037
133.7876
129.9289
134.8327
123.4543
128.6837
127.4377
133.1708
128.801
125.6299
124.2733
128.1823
134.474
124.6955
131.5359
130.1415
128.3808
134.0711
133.4225
131.084
131.7702
124.9985
138.9698
122.8545
131.0367
128.6464
133.7142
129.182
131.376
128.4475
127.7141
132.244
120.233
126.6619
131.3772
126.1363
122.3931
131.4217
127.6334
133.7143
131.6102
131.2463
129.6807
127.9563
129.2977
134.2442
131.1383
136.5702
118.9793
123.4997
129.7374
126.2073
136.1338
132.2676
120.6347
135.864
127.8731
129.1176
121.2728
127.3769
123.702
128.7826
131.149
134.5712
129.3266
125.9627
133.8768
132.4951
132.6927
127.8927
126.4423
125.1651
133.6616
130.3358
128.0171
133.8277
131.675
124.4163
123.1878
129.3611
124.3058
135.336
123.5422
133.678
127.8602
127.8671
129.8455
135.9042
132.0077
125.735
134.9596
140.5754
126.7092
129.4287
120.446
132.2859
129.4435
122.5393
126.4092
127.2294
131.2366
132.5538
132.1084
132.2422
126.2914
126.9113
132.0284
125.6454
130.0765
131.8199
127.2578
133.5575
126.3435
127.3872
123.5718
130.4434
129.9448
130.5679
125.0045
128.0805
125.2326
131.4617
129.326
132.5966
129.5519
128.7969
140.379
137.1282
128.8094
131.1735
133.441
130.533
130.18
125.7108
127.9058
129.1893
129.8913
130.8304
125.3466
127.0748
129.9404
128.6757
123.9072
127.3946
131.4295
130.669
133.9616
128.8308
128.884
122.3681
130.1623
127.0554
128.5742
122.947
130.6866
129.8653
127.17
127.5167
132.5764
131.1063
129.9522
131.3774
130.3946
127.4895
130.3961
132.2369
127.411
126.4735
130.6721
127.6444
138.09
126.8944
129.2023
125.3411
130.7419
124.4717
126.4562
131.0429
123.9977
126.4417
121.9723
128.3496
124.9262
130.721
127.8542
127.8226
131.1707
130.1441
137.355
130.7272
131.6142
132.1245
124.9709
127.319
126.7171
134.1609
132.7771
133.4119
127.0966
129.9833
121.0919
125.5506
135.2235
127.425
143.8587
126.433
123.7305
126.9787
128.5278
126.2438
128.3727
125.2716
125.7724
131.7637
123.9694
123.852
130.7684
134.495
127.969
128.4489
126.9043
126.8168
126.6277
134.3499
133.4699
126.1233
123.0671
130.6871
130.5124
127.8296
128.6207
128.4489
130.1474
134.2555
126.0786
129.2361
125.9448
128.266
124.08
128.7504
126.1818
127.6248
124.8357
135.321
127.8455
121.9039
130.7274
125.4154
121.735
126.367
125.8884
133.5556
125.9534
132.0186
129.9328
120.8982
131.1074
132.7784
128.8214
121.1256
135.5442
128.4455
127.3389
129.2463
129.1761
127.7009
128.4026
130.5867
132.3825
128.3049
133.1827
131.3339
130.9852
123.3967
128.1679
134.0184
131.6154
127.5109
126.5205
128.3219
128.0091
126.6452
130.7119
130.5874
138.298
124.2765
124.6147
124.999
131.714
127.2468
131.5328
132.1945
121.245
125.778
125.6203
131.2194
129.1564
125.684
131.3472
126.423
129.8763
131.2379
124.4479
126.5546
131.7642
124.6294
131.4057
119.3594
125.6744
129.0042
134.7737
118.6751
127.5848
123.6532
127.6852
120.1911
118.9225
129.2116
121.5369
126.1747
130.4178
134.5451
131.2511
132.6266
129.2638
133.3563
131.4995
137.2613
136.0998
128.0707
133.1393
131.2151
131.3262
131.814
128.547
129.803
125.2771
124.7965
124.7157
132.0333
134.1756
129.9835
130.2252
132.8898
132.4942
134.3647
132.8451
125.3793
123.8666
127.7135
127.8792
123.7034
128.4581
133.8857
130.2812
128.617
128.0381
127.5739
122.6899
127.9413
137.6232
135.3452
130.2013
132.9332
134.2557
129.5282
129.7185
127.7813
129.9623
127.2622
125.5834
117.9836
122.4811
126.9734
127.3347
133.0273
126.7997
125.9716
121.1058
127.6823
130.5841
128.0357
133.2802
129.8687
130.5857
131.8271
128.2881
126.8958
125.7354
128.4817
132.6953
128.5272
133.0131
120.3803
124.4795
126.5067
135.0617
134.8416
133.9595
133.275
127.7388
131.2446
122.9192
127.4485
134.1829
134.9409
127.0797
126.3977
123.5822
128.7999
117.8248
127.9785
123.0825
135.1968
124.2126
125.6725
127.3281
129.278
129.9506
127.3521
127.2963
131.719
121.1464
126.7877
138.5785
126.464
130.1847
130.3468
124.7844
128.5928
128.5289
127.6671
123.1851
125.4319
128.4195
131.9721
133.6808
124.4451
142.9004
117.4822
136.8558
132.6829
126.6097
126.6196
124.6077
129.2055
129.7822
126.187
128.7514
129.1872
130.6374
132.3954
128.2126
132.1708
125.7137
128.0512
131.5204
130.4789
127.1828
127.9219
123.774
127.183
125.6183
119.739
123.9905
126.9608
131.2307
129.7382
130.6292
133.4325
127.3993
121.6929
129.9811
125.4938
128.4851
125.3861
130.1123
129.8476
130.582
126.9063
127.2183
127.7457
125.5271
130.7912
125.8663
131.8599
131.8802
129.1477
132.895
124.4525
127.0526
132.0563
130.0242
129.8159
126.3338
124.9671
121.5439
123.3015
126.0725
128.85
128.1093
134.6305
133.6882
133.4567
130.4627
118.4857
124.7662
130.8915
123.538
125.1441
134.8808
123.5592
127.4046
124.9845
122.7569
129.4011
131.4902
119.7787
138.5955
130.2
127.3083
126.4908
126.0747
136.3166
124.3924
131.7622
121.1324
126.945
127.6628
129.8598
127.5656
134.0445
123.5697
131.4567
121.6487
128.8599
126.7644
130.3148
131.6261
129.3349
131.1179
124.4422
129.8378
128.4489
129.7714
127.6365
124.9693
126.9024
130.9048
127.5645
128.1052
131.7628
138.5682
129.2747
132.1925
129.9835
130.2663
132.5942
129.9628
126.8897
125.8774
125.8217
125.7555
125.8018
127.545
120.9929
123.2078
132.4439
139.4435
132.2097
131.3002
130.1354
128.9322
130.1248
127.5376
127.7627
129.9655
129.0703
127.0378
122.9714
127.0192
129.0088
129.0555
123.6924
130.176
127.0019
129.4119
125.2667
131.6163
128.2795
130.0034
134.0144
133.2827
131.4372
122.4948
129.1875
123.3086
121.6044
133.1098
134.6291
127.3759
122.3244
124.0377
129.9153
124.5097
126.412
132.9108
130.6442
132.7114
132.8302
127.4635
126.2491
128.2504
133.2799
122.0628
124.0803
133.1822
128.8206
127.0543
127.7138
131.1055
125.6055
124.5819
127.6334
130.0741
127.7091
131.7844
125.6131
127.3308
128.9194
132.0404
130.8905
132.3423
124.1029
134.1266
131.6837
130.5009
130.2653
130.6278
128.885
130.0438
133.1425
133.2948
130.709
126.976
124.2626
125.2299
128.8994
123.9082
130.9171
136.0028
126.773
132.6729
134.1977
126.5779
131.3907
124.9488
130.1632
127.508
134.8156
131.7125
126.9339
130.1205
130.0919
136.13
128.8121
128.2919
137.0741
125.0025
133.4413
131.1208
128.3006
132.857
128.9961
131.3985
130.8187
129.2239
131.6983
138.2587
134.0868
133.2107
130.5603
133.6547
130.2283
131.4887
123.5486
125.4697
123.4003
126.0909
123.2307
131.0011
129.2264
133.0135
125.3176
132.515
132.6803
126.4515
134.0104
134.6613
126.74
128.5268
124.4799
130.32
129.6945
123.7099
131.3061
127.3499
124.8252
132.0508
128.5558
126.9398
131.703
125.7282
128.9359
130.5643
131.4436
128.1756
131.0551
130.0789
128.0287
137.0855
126.8981
125.1917
127.4668
135.427
133.2809
129.0027
133.9408
130.24
128.9082
130.2913
124.8339
123.0931
129.441
130.731
125.5906
135.0547
131.8997
121.7739
127.286
132.6318
127.6488
128.1291
132.2383
131.2438
132.8551
126.7472
123.6921
133.7257
120.1981
127.7885
126.7962
118.7711
133.414
139.4237
134.1257
121.7893
124.914
127.5286
132.1384
128.0424
120.3331
137.5527
128.034
134.4464
126.1735
131.6071
121.2284
124.8795
127.5505
130.6686
132.5191
128.7293
124.8025
137.7491
134.8128
130.02
126.2605
131.222
139.9332
129.3807
127.7292
128.4261
130.7688
129.3548
133.625
128.1954
122.5706
126.872
127.313
128.2419
134.3032
127.9122
130.6789
125.9527
129.1836
139.3357
135.4182
123.8803
128.7215
125.4373
129.9455
129.588
132.236
128.8364
126.3845
126.4244
131.7547
132.2319
130.0669
124.0606
135.1435
135.7514
125.5156
124.4504
126.3993
130.7976
126.5703
129.3581
125.9091
121.8552
128.7112
130.5472
133.6405
129.5711
132.2514
133.7939
131.6504
129.3268
127.7178
125.1699
125.4068
126.6142
131.3624
132.4601
125.7197
124.9244
128.4761
135.1423
131.0024
131.7218
129.2677
121.8017
122.3454
129.8596
129.5246
123.7155
134.2187
126.5157
123.7166
128.4225
126.9494
129.8128
132.8708
134.0062
133.5553
134.7005
130.2787
132.4315
129.0359
135.419
131.0381
132.8065
125.6734
132.2459
132.4142
127.5371
132.2632
120.5729
135.1285
124.4583
136.3878
129.6541
129.0488
128.401
133.8723
132.4371
116.1955
127.386
123.3668
126.5746
131.9061
132.7233
130.427
133.1739
128.9404
127.3192
123.0171
126.0966
126.7339
125.8141
129.4872
132.6742
131.3826
129.2704
131.9183
132.598
124.858
125.8054
124.4792
126.6973
125.8491
126.2099
126.2185
127.2134
131.1971
133.8198
133.228
129.8764
131.4248
130.6573
127.986
126.9364
126.8747
125.8178
130.7989
130.9589
126.3662
131.6594
128.2812
130.0718
137.3605
129.2702
127.7178
137.984
132.673
129.3026
126.5821
132.0372
128.3554
118.205
129.6452
135.787
131.5332
135.8811
127.6597
133.0671
136.6039
126.1007
128.2239
127.5753
127.1743
124.099
126.7661
125.6465
126.5523
128.5108
124.4853
130.8349
131.5653
127.8084
122.179
131.9663
132.3621
122.9819
130.7952
134.8521
130.0557
134.5909
124.4418
134.7819
126.6069
128.5607
126.1215
122.3274
122.7095
128.4393
131.7568
128.9263
126.5708
127.5511
127.833
134.1153
128.795
132.1606
129.1046
121.4569
128.9728
122.9783
133.432
124.5232
129.1665
124.9391
126.6832
124.339
126.5576
127.9336
126.9696
133.8207
133.4363
128.2084
137.6673
133.468
130.7513
121.9189
126.4209
119.4474
128.7431
127.5652
127.3639
131.2919
131.4582
126.3824
126.3775
125.8859
133.0098
124.319
128.3503
132.1644
123.6856
119.0676
130.7486
133.437
134.0763
125.7942
131.6889
131.1248
126.8185
126.0089
132.8494
129.2824
125.1191
126.1645
130.9379
124.6508
128.0653
132.4816
130.2737
127.9226
125.1572
130.943
123.2436
130.1943
131.4677
124.7533
132.8234
127.1554
135.8056
128.1746
124.946
129.9981
129.5562
127.1651
128.1457
135.6974
127.8319
131.9095
134.3377
128.1191
121.7699
128.0392
127.6862
126.6276
131.1422
126.3256
135.3757
128.8057
124.3836
127.6781
129.8247
130.4296
124.0192
122.1108
136.2878
127.6123
136.4001
125.8016
127.6765
130.1658
124.4717
133.848
125.3197
137.6677
118.8192
131.2776
128.8497
123.861
123.4119
126.8649
126.302
124.2478
137.1881
117.8694
129.3593
131.3805
128.4138
125.9806
128.1405
131.0193
133.8827
128.4746
125.8818
127.4528
126.5
127.7016
129.2844
127.449
127.6742
128.1572
129.0683
127.7438
132.7873
132.2155
129.5181
125.4206
121.9267
130.0532
127.8062
132.2314
128.2703
122.5023
133.7519
132.0191
126.4451
127.6023
129.4357
136.1483
130.9207
133.2699
129.1178
128.8434
128.3955
130.6013
126.5135
130.4539
125.1352
130.4601
131.2412
131.3409
123.2247
131.4709
131.3576
130.345
123.9759
127.6917
137.2781
131.5502
121.5096
129.685
129.7904
127.405
127.7275
131.3465
127.6677
132.5987
133.2043
132.7539
126.8511
121.607
132.8248
132.6192
137.3954
130.8284
128.5445
131.5401
132.5731
129.7355
138.296
127.1839
134.4467
132.3674
137.8947
130.9837
132.8372
127.241
132.8832
130.4678
125.3905
142.0752
123.6682
124.1622
128.3447
132.2778
123.9729
130.0414
126.966
126.0681
131.3106
130.1939
124.8875
125.8789
128.009
129.5916
131.2159
128.0295
123.3665
129.7361
131.4016
122.4862
133.1471
129.927
124.1403
126.9051
130.8003
131.7992
124.1251
132.294
124.1785
130.7174
129.0088
135.117
125.3541
130.9437
125.8001
129.7058
131.2723
125.6976
130.5239
129.1538
127.0499
132.6009
129.9826
125.1216
131.5685
131.3914
127.0329
132.8439
131.7375
124.3284
132.781
125.1973
127.7237
134.7126
128.9494
126.4392
124.182
133.5691
124.3445
129.9774
126.0153
129.0723
126.8162
130.7838
124.7667
132.4546
129.9536
125.2766
125.603
119.707
130.5193
130.1684
130.2571
128.6672
125.0694
126.6333
130.4592
136.6882
133.3335
129.2639
130.9182
127.0138
128.3304
129.9088
121.4775
128.5659
129.6537
131.1789
130.2677
132.865
127.0658
131.2705
123.2922
132.0824
134.0408
129.1168
127.2977
131.883
132.1555
127.4117
132.2096
130.4578
134.4973
131.3406
129.4639
124.7288
133.5365
129.334
133.2085
125.9431
130.3954
128.5302
139.4781
126.1342
135.1136
133.2057
126.8669
130.977
127.5448
125.0362
126.8279
124.5761
130.3131
126.2972
125.9338
130.1424
121.1877
128.4783
138.3963
123.7059
130.9447
125.1883
130.6929
138.9987
132.3281
133.6511
130.2868
120.7644
123.3131
129.0667
129.9501
128.3192
136.3998
125.0647
130.1817
133.435
128.1378
129.3909
132.6267
131.2786
130.1127
134.1992
132.2052
125.29
131.8719
127.2903
128.0091
129.4205
131.7014
126.2423
133.5692
125.4327
129.5444
125.1221
133.0011
122.437
130.8583
134.0052
126.1253
130.6345
128.5012
126.1141
126.5042
129.9948
126.5379
132.7906
123.5206
132.178
129.6411
127.0232
129.834
124.6055
122.8855
132.5724
132.3854
130.0241
130.154
123.4917
124.2416
132.7423
133.8954
131.7522
123.7264
129.3314
133.6124
137.7828
135.1901
141.1047
134.0788
130.3302
123.6305
129.2807
126.024
132.8993
132.2978
132.6685
131.547
128.9783
126.7416
128.3257
133.6029
129.422
129.2829
128.6186
130.4196
127.5024
132.0662
127.0636
123.103
124.8693
135.8047
129.4372
124.557
136.2157
130.7282
127.4253
130.1617
123.0843
134.6151
130.0335
125.8807
128.158
132.5403
135.0254
129.3101
131.176
132.3851
125.4678
131.9452
126.1649
139.3846
131.807
128.3124
133.1226
129.2518
134.7446
130.8351
131.2931
125.9986
133.804
128.607
127.0334
127.2225
131.3169
130.0153
133.0076
132.7851
127.7811
128.4767
126.6445
133.95
140.0105
132.3689
130.5886
129.899
126.1185
131.0008
124.2631
132.8197
127.9381
127.8272
124.1063
129.5843
128.7849
128.5493
126.75
130.1579
127.1154
125.8814
124.1487
130.1692
128.5098
126.1023
120.7498
129.867
130.4873
126.4596
124.7361
130.1444
128.5044
129.4819
125.8608
128.3729
129.2513
135.0597
134.2837
123.8797
123.0071
132.5201
132.0466
129.4711
119.5448
138.017
131.1518
126.7369
127.8465
124.6973
122.6986
127.8541
128.4627
121.9755
123.8825
128.7762
128.4989
123.8875
129.1301
128.411
130.6219
128.455
134.4154
124.193
116.0679
126.0256
132.4713
122.3289
130.999
124.1039
129.0473
129.8113
137.2192
130.7097
123.7878
126.2612
127.0994
133.8475
128.3296
129.5779
127.0033
129.4683
130.5183
128.6052
129.7739
136.2511
123.8207
128.1316
126.4896
126.7237
125.6802
122.7571
134.5363
127.5436
124.509
127.8894
138.2833
127.1221
128.0906
130.3909
134.4412
131.4679
129.9703
132.5205
129.0817
122.387
130.4954
126.0361
129.1855
124.156
130.0923
139.7194
122.3804
128.5936
126.7879
128.9688
121.4819
129.5622
132.5444
124.804
126.7381
129.1113
128.2921
126.9676
123.9699
128.5625
134.9249
131.9678
136.3557
124.8685
132.2923
127.5648
125.7406
130.4789
124.3318
127.596
132.0148
125.3533
131.2454
129.6413
130.6089
135.0381
134.0288
130.4067
133.5801
126.0383
123.0714
129.7482
124.4318
125.9109
130.5744
124.1593
136.878
125.3291
130.9226
126.0747
132.486
136.5116
135.531
131.6034
132.575
125.5393
129.1315
131.9766
123.1438
128.7097
134.7005
128.4771
126.1948
118.2452
131.8544
133.1033
131.2898
125.0099
125.0491
124.4204
131.4214
124.0593
125.4051
130.839
127.5081
128.6523
129.5785
126.4114
124.5142
130.0122
132.4779
127.4877
135.5404
119.5702
124.895
122.3327
124.2534
137.1556
125.7094
134.4309
129.0037
126.2329
121.1372
129.5725
128.2538
123.5977
130.6607
135.3609
126.445
129.5104
130.6757
132.7729
127.4948
126.7605
130.4934
128.8155
127.4184
132.8536
124.158
133.6354
136.0397
117.251
125.1693
125.5221
125.1495
130.43
130.7762
131.1361
123.0982
130.2649
122.0844
124.32
133.0042
127.7912
124.2919
125.481
130.7675
127.4432
128.0205
128.8544
123.5635
126.3036
128.9406
125.9356
133.3734
129.2293
129.8654
131.5221
134.0438
127.7767
131.001
128.0604
130.4611
123.1579
127.8629
125.4552
127.7524
121.8788
125.1037
125.8861
128.2898
133.4896
124.4408
134.8893
130.8673
127.436
124.7679
129.7356
128.8787
126.4454
132.0614
126.8824
133.7547
129.0871
130.2965
137.5163
123.7548
129.2409
124.2521
132.3963
130.9328
126.2343
121.9088
133.8853
133.2287
138.6569
136.9057
136.9358
125.5418
130.7821
132.0184
125.7717
129.36
125.1142
124.5913
125.3095
130.6645
123.955
132.8892
126.4453
133.2185
128.8454
126.9124
126.9942
120.0495
130.2549
126.9279
128.1094
127.0994
127.8141
131.4445
130.2713
129.9516
125.2837
131.971
128.2337
125.5368
131.9221
128.1356
127.4821
129.3321
130.4884
124.3805
125.8212
129.8101
137.917
124.1868
130.0507
133.38
127.7555
139.7563
130.5728
122.3221
130.0182
129.0811
125.001
126.18
129.6628
122.9161
126.7198
128.3471
127.7519
131.6182
122.3387
125.3106
125.2908
129.6064
129.9093
126.8926
123.3516
134.012
133.6013
128.2786
127.154
128.3104
142.0557
132.8155
131.5144
123.5476
128.5242
127.4813
128.8409
133.0573
134.0999
127.8837
133.1604
125.0612
130.3469
133.1951
132.2679
129.873
127.554
120.2541
125.0394
122.6481
125.3506
126.2703
118.5473
124.7725
131.1217
126.7487
128.9784
132.7948
126.8249
128.1237
125.1952
126.0764
135.04
123.0665
129.8732
125.3747
127.3268
132.475
127.0323
133.0145
131.2
135.4969
134.0478
135.954
124.6175
133.2371
130.443
131.159
136.9245
126.0512
134.1061
130.4477
129.2345
125.8822
130.1811
124.669
135.831
121.8086
131.8913
127.0959
125.6506
131.0075
131.2385
128.7075
131.77
128.9551
122.6865
133.2273
128.7169
125.7622
130.758
129.4765
122.4726
129.2511
122.6799
131.1794
134.1284
126.7652
137.2683
135.5883
127.1909
126.6836
133.082
128.6732
123.5328
128.644
131.7003
129.1336
124.6022
127.7242
128.0271
127.3531
131.7604
128.2515
130.3428
132.3008
128.9645
128.8638
129.688
132.5752
136.6958
137.4556
126.3703
124.4295
127.0161
129.5639
131.8793
132.2393
128.7943
136.109
137.1622
133.4102
127.962
129.3903
132.2449
127.2672
133.8314
124.4926
118.1892
130.0237
134.0194
130.3393
130.6633
122.1891
131.1288
125.0217
128.8749
130.3037
125.0635
137.1967
131.4054
130.2069
128.6052
133.5689
127.0294
132.3332
126.9507
132.2811
128.7347
131.9736
133.5786
138.9434
125.7415
130.9883
134.3533
127.5917
132.2484
131.5297
125.4803
127.135
124.151
136.2642
131.0664
123.4812
139.9826
129.8083
123.0505
129.1564
128.5012
132.2607
128.412
133.6992
131.3595
131.9857
126.0138
133.75
122.1151
125.6869
129.1788
126.9802
129.0555
129.7755
127.9143
124.9051
129.8474
136.1029
130.0721
132.5112
123.0897
128.2329
127.0649
127.0056
134.1798
126.1583
130.9087
124.4702
128.8586
122.9831
133.7287
126.8003
129.7132
119.1432
130.9707
127.4265
131.8035
130.5502
129.1268
127.957
134.9298
126.5127
128.2553
116.4631
126.0553
126.3205
127.4639
131.4273
131.1919
132.9706
129.8222
126.7554
127.1407
126.7401
127.8024
123.1066
129.4487
135.3072
132.4723
127.9324
122.314
128.7261
124.4451
125.7926
126.2587
123.3974
134.3163
130.9789
134.8336
130.4995
132.7312
135.7591
132.5609
129.7674
126.549
128.4787
130.5918
124.1424
128.4699
128.6402
127.3831
130.6411
124.7537
129.8557
117.6779
127.6473
130.8803
123.4078
127.4852
134.5221
132.1801
124.5865
129.2959
130.7256
131.4381
137.0046
137.84
124.7984
130.6103
132.201
135.2758
128.1304
129.5126
124.7766
130.5688
127.6629
132.9491
130.4152
125.903
124.8678
126.6942
134.5889
137.1072
140.0121
128.1918
127.6895
128.7928
125.9405
126.3929
128.4926
127.1185
132.0758
125.8598
131.6783
127.468
128.7738
135.5274
132.4087
126.7183
128.6971
128.253
131.9096
132.5373
126.1515
132.7338
123.8281
127.1729
125.6838
129.1565
130.1837
128.0423
129.6304
130.2203
127.5354
129.8896
127.7703
135.1999
128.8492
123.8475
120.5851
137.0051
122.7879
134.5415
129.4915
131.2959
133.3255
130.9036
129.3192
130.9159
136.2785
131.4307
135.8324
127.1833
123.9239
127.6435
127.6156
130.4726
133.2206
130.3504
130.4723
129.6218
133.3487
132.2735
127.0593
130.4652
129.0339
128.8158
127.4065
129.5506
121.499
125.194
125.1508
128.4065
139.4662
125.0321
128.6334
134.8962
119.5387
126.6626
124.5544
128.3448
128.99
131.1666
129.0131
127.0308
127.5852
132.3942
121.4735
129.1151
138.0993
127.3488
138.7771
133.2315
132.3047
136.0366
121.8949
125.0913
130.6457
130.8552
128.4376
125.5698
125.8269
123.493
127.8214
128.3706
127.4595
135.07
129.0794
127.4042
124.0517
125.814
134.056
136.2445
133.9536
128.9033
132.7058
121.7358
127.4839
123.4351
129.2557
135.0296
125.9028
125.2813
137.3509
130.9448
134.6852
132.9248
126.6622
118.0551
130.3915
127.8009
132.9533
135.2165
123.563
134.2577
126.8815
125.0216
122.8165
132.125
134.5914
129.6911
133.5501
131.9071
126.4446
134.4705
131.0042
129.067
133.7839
132.7312
128.9514
120.9881
126.4313
131.6115
127.5735
123.324
133.2182
132.4539
131.2219
132.3397
131.1736
124.7354
127.0278
130.0851
130.9331
131.8912
133.2628
122.0031
126.3986
132.0247
129.6913
125.0783
129.1614
133.9539
130.084
127.3462
128.7468
128.2926
130.9455
131.3411
131.9009
131.3782
126.8222
129.0212
124.0269
128.6293
129.7441
123.4131
127.8913
132.7596
136.5447
131.41
126.5384
131.0328
131.3196
130.9127
132.0531
130.0797
131.712
130.7989
127.9058
130.855
127.9587
133.595
127.9384
127.0987
119.5116
127.5607
129.9865
127.3
128.2545
126.3679
135.2237
124.8252
119.2786
132.5569
134.1394
125.3681
127.9343
122.0922
123.4604
120.2195
123.9042
129.3926
118.2934
132.9817
128.8557
137.0579
131.3622
128.2574
130.65
128.5884
124.3784
127.5193
126.3143
128.7024
136.0807
129.8107
123.7337
125.4515
127.105
132.7288
133.4645
125.7117
127.1922
131.0256
126.519
129.4105
125.5975
127.018
134.9818
123.1848
120.0189
127.8448
135.2455
126.0417
129.3448
124.0367
130.5476
128.9767
117.5989
125.8981
130.4061
134.7109
133.5769
120.5646
119.3512
125.9917
129.5034
131.3494
134.9987
134.3341
135.7059
134.6714
131.3441
135.0598
122.0096
136.1643
134.6286
123.917
126.2992
133.908
132.6438
121.0846
127.8012
137.1256
130.9018
128.2126
129.9676
128.4595
133.2131
130.8111
132.9053
128.298
128.3967
122.2292
131.0627
130.7281
126.9774
127.1631
129.3107
130.9317
131.2813
129.1758
131.36
124.9311
127.813
125.9034
132.3993
128.0697
129.5645
133.8287
125.0141
130.5721
125.0033
133.6206
130.6328
121.0213
125.8518
118.111
126.3979
129.3858
129.6879
130.2089
129.3141
123.8676
127.7891
130.9585
127.8093
129.6086
128.8297
130.1369
134.0017
123.9335
128.2333
129.1629
124.6779
126.7985
133.9983
131.3389
128.7776
129.0705
121.2773
129.2616
124.2623
131.9411
133.6192
127.2419
127.4519
127.175
135.3352
124.9915
126.7262
130.264
126.9112
129.8654
123.5312
130.6401
128.3019
122.9631
128.4525
124.4811
133.8837
130.5083
130.1701
137.7813
131.5431
128.892
126.1265
130.4458
131.2615
129.1046
137.0855
135.047
126.9691
126.0442
125.2477
127.0753
134.4519
133.0112
135.4863
128.613
129.3126
125.8084
131.3746
125.1152
134.5585
127.1915
122.6621
128.8619
127.8758
136.903
124.9777
132.788
124.9183
132.8733
126.6626
130.3067
129.7342
124.1271
123.3038
127.4361
127.8796
130.9665
126.5295
134.5838
137.7306
129.9117
130.4195
131.9005
130.8445
124.0405
132.82
135.0611
130.6355
125.1208
131.5576
130.9879
118.7731
127.0666
136.9868
129.617
132.03
128.5076
125.1399
132.5463
124.563
119.157
129.6494
132.9745
132.6312
124.945
130.8126
119.5873
126.7478
133.7433
127.7062
126.7199
127.2032
124.6376
131.4201
125.5797
127.2874
133.8648
127.1629
124.7787
132.046
133.9568
135.1655
126.5753
132.5867
130.1944
127.8824
124.1547
133.2559
128.1518
128.4867
132.4741
130.212
129.6227
124.9083
132.9989
125.7706
125.2939
129.6741
125.6681
129.4151
127.7434
130.4604
129.661
128.5336
135.7566
120.6412
124.4581
125.6114
131.7458
124.4456
132.5158
135.0985
129.8703
131.7532
137.6882
128.1294
137.2482
129.3722
129.047
130.6168
123.8367
136.7411
132.4282
124.9774
124.4507
131.7116
134.3523
126.8947
122.3945
130.2508
128.953
131.1391
127.9512
133.9837
127.1543
131.0966
124.4326
129.5788
123.554
125.9399
125.8429
133.053
125.7457
128.4132
125.7404
128.8599
126.667
136.3416
129.5144
120.4428
124.4624
133.1472
128.5364
130.1011
136.9
126.5761
120.8122
131.3771
129.2441
128.5498
130.5875
125.587
127.6914
130.8072
135.6387
138.0625
135.0776
127.743
134.6466
130.5613
125.3568
129.2144
130.9307
127.0761
126.6213
128.1942
128.116
133.4405
127.9937
133.1984
125.4486
133.1191
131.2319
134.6869
126.9678
124.5882
125.2414
128.5697
122.2314
129.2536
128.1285
127.8729
132.8448
135.3004
128.0391
132.359
121.9229
132.4095
132.4945
127.8821
135.763
129.2355
120.9005
137.1314
128.0847
127.1768
127.1841
129.2034
127.1275
134.7782
128.5778
123.1528
129.1576
135.7969
129.4636
129.2976
133.7135
127.7828
129.0792
124.9911
130.4788
129.1807
133.8718
132.9851
128.3095
131.9229
127.5069
123.7743
126.4765
128.1988
123.2413
119.5671
130.7181
128.312
126.4289
130.8246
137.8503
134.0322
130.6327
130.9186
132.756
137.7071
124.4932
131.3305
129.3451
127.2334
135.5759
126.2238
134.4964
128.0547
132.6132
132.4022
126.404
131.521
128.7224
125.2403
126.8979
135.4869
119.2529
132.2463
135.097
129.0552
133.2181
124.7299
134.1988
131.4051
132.9734
133.1585
122.2429
131.1477
132.7836
128.6399
125.4471
132.8892
135.059
123.3283
135.6369
129.7076
122.9433
128.8897
126.3984
125.4215
133.4782
130.3201
123.1391
127.5826
126.4094
130.5993
128.8338
129.7979
122.8015
131.5537
129.0049
132.6427
129.0828
116.7798
128.4189
129.6317
125.4011
127.1784
128.8982
129.4829
128.7481
115.4775
126.9825
129.2473
131.362
125.8519
118.2775
132.2394
126.2179
130.7492
130.9347
134.1644
127.0583
127.1679
128.278
127.2923
129.5097
136.277
124.5271
122.7078
124.7646
136.4925
124.9403
128.23
129.7973
122.4036
129.4268
128.1836
132.9728
128.0177
129.7012
133.1678
121.2437
126.9721
128.9983
136.7168
119.4147
123.2567
124.2072
136.2683
128.2142
125.2731
135.5282
132.5621
128.6007
133.355
133.0184
122.6789
128.6874
130.8121
131.4235
129.011
130.9961
126.7642
132.5575
125.31
127.4512
137.2946
127.8538
131.1479
129.8471
125.1002
132.3969
134.128
125.2749
128.1898
118.6201
131.4292
131.5311
132.7765
129.5964
130.8709
131.9989
118.6223
124.2456
131.7885
132.7558
128.6723
131.267
130.1386
133.0762
132.9812
128.9864
127.7527
130.7095
132.9562
127.1632
128.1323
123.7468
125.1672
127.958
124.4147
133.5248
131.6915
125.6339
125.4161
125.3996
128.4617
126.5798
131.4285
123.6527
127.8416
128.4465
140.5557
127.9572
125.7511
125.88
133.7326
126.1684
132.0557
124.855
131.5641
127.5211
135.3224
128.4568
129.8662
128.1881
129.8678
125.0823
125.962
130.7874
125.0092
129.3681
129.7666
133.1576
129.7611
125.3976
127.0128
134.4789
121.0636
132.1792
132.7028
129.9615
123.9561
133.0876
132.7135
128.2577
135.1828
135.1422
130.1684
128.1371
127.6593
131.6365
128.5974
129.9657
132.6148
123.8581
128.2961
126.228
126.7729
126.1522
128.3723
129.8489
136.0034
126.0789
120.8841
122.8684
135.7199
128.6225
132.3612
135.5094
127.3234
131.2497
133.2055
129.5589
131.4627
127.6137
128.527
131.1001
127.6786
129.5866
128.6155
124.6391
124.6919
129.4866
122.1931
128.1519
129.3772
127.001
123.9518
131.1809
132.9684
131.9082
127.3875
132.1448
119.4858
131.9646
138.1485
130.5804
125.103
132.2616
133.1525
129.6884
135.4283
133.8002
125.5596
125.5382
126.0796
128.4021
128.5047
135.3487
125.0019
124.6089
128.0143
126.7383
128.1215
129.7644
129.5365
134.3563
126.273
122.8685
130.5024
126.4718
129.5178
132.3492
126.2865
120.4237
130.0069
121.9283
126.5607
121.112
132.7574
133.0006
125.4417
131.3019
132.1903
136.7472
131.3058
125.2522
128.9633
124.5397
126.0459
128.6945
129.3269
130.8684
129.0212
129.8095
135.9685
128.7521
130.036
130.7122
122.9992
129.4437
135.8397
126.5964
133.3344
126.9056
121.5761
126.2878
129.3618
136.955
124.8628
127.9029
133.2614
134.3292
133.637
134.7704
121.9523
130.9476
128.504
124.2758
125.364
131.1852
129.0334
133.9615
129.1453
130.3722
136.0957
123.7848
123.8121
134.6772
130.778
122.9974
128.943
129.4407
127.8247
136.537
130.0038
126.2669
125.1324
130.0223
129.0035
129.4526
129.2564
129.7015
132.5149
129.0171
138.4038
125.8376
129.3321
135.7457
131.0958
129.8309
128.5388
128.6705
133.8458
133.9181
133.0535
138.8156
123.4587
129.1132
132.17
129.8336
123.9729
130.2546
131.7184
125.2816
127.6951
134.2307
126.834
131.9435
133.1538
134.3703
124.4148
129.2319
132.1784
128.4483
135.3357
129.3177
132.928
134.9073
124.5732
120.3002
133.8175
123.6587
126.6038
129.9612
124.5091
126.6904
135.6992
127.562
130.0293
131.3486
131.8231
124.8892
127.5903
125.5102
125.3868
131.4754
133.8178
130.0337
129.6327
126.816
132.302
123.4022
122.1265
133.3832
129.5775
131.93
133.1944
134.7274
129.3016
127.943
131.8599
138.1696
128.2835
134.3208
120.9402
135.9465
129.8331
128.0161
129.2715
133.5407
130.9011
131.8068
130.4442
131.945
132.9979
129.7223
134.0236
129.1913
128.38
132.3942
129.1734
128.8795
129.7494
124.3544
133.5857
125.6239
126.7931
123.0191
131.8291
127.9954
123.4726
130.9115
125.1009
131.9599
123.1311
131.2758
125.0561
133.5139
127.2469
137.8802
127.3539
131.3966
129.7043
130.2092
135.9931
134.5246
127.1236
127.9107
132.4092
128.8818
126.003
127.7054
122.7695
124.4228
127.0624
126.5962
131.0957
133.7669
133.1098
130.8934
130.7008
126.2182
123.9238
123.389
132.669
124.8307
132.3226
130.8668
132.5831
123.9178
123.1374
125.3331
129.8712
131.1727
125.2846
133.579
131.8638
122.2022
125.9153
121.1949
128.8548
126.1376
132.2675
133.7951
126.7879
131.5142
133.301
128.287
132.8178
127.875
130.7646
124.0445
129.4715
122.9612
122.2096
122.302
124.0836
127.1866
127.7939
122.3569
130.7148
120.1608
128.2651
131.029
120.7474
126.3713
127.7627
125.6554
121.5843
130.8094
128.0943
128.0317
124.8667
125.5296
122.9631
131.1937
126.3675
131.7665
132.0864
119.6794
128.0387
130.2592
128.5641
136.6103
125.1142
126.131
131.4276
129.8188
130.2602
125.8764
125.2444
133.939
130.3987
129.4851
132.3738
128.1699
126.5673
126.0867
119.5152
132.1758
131.0791
131.0983
128.69
125.4928
131.6544
134.1419
134.1965
126.9959
129.909
131.6629
132.7302
132.4005
122.7918
127.1735
131.5544
127.4565
128.2863
126.3004
125.2437
134.1155
128.8925
131.2627
126.8457
127.9494
122.4473
133.457
134.8666
120.0598
125.0599
125.0573
125.6824
128.2249
125.4929
138.1424
125.7428
127.7765
125.4112
137.9055
129.5903
134.1483
126.486
132.3547
132.0838
122.9926
131.6648
133.5764
129.8812
126.3057
131.169
133.6694
129.6481
126.2357
127.1602
132.7926
134.6598
130.241
123.8486
131.9715
131.7581
135.6567
130.5201
131.2253
120.8284
125.2308
135.2738
132.0467
126.8627
136.9877
129.885
121.5813
128.0575
126.1756
131.8888
124.7152
128.4278
130.3675
132.913
131.6507
135.2462
132.7836
135.4603
126.3282
132.8802
124.7394
125.9994
132.0351
124.1354
126.6286
127.2359
134.3633
135.2697
124.8038
132.5375
127.943
126.4412
133.2964
121.5755
123.9719
118.272
133.6375
135.9318
128.3151
129.9134
128.1328
131.6114
129.9683
129.7452
131.2472
139.413
134.4401
131.8883
133.6444
133.8635
128.0732
129.1435
122.9726
120.3579
132.5085
127.9232
118.7864
131.322
120.9292
126.4164
126.5268
132.1775
122.3728
133.1331
129.0504
132.4814
126.5222
129.4362
122.6626
124.6503
128.9273
126.5493
130.6652
124.1254
127.339
127.8259
130.1828
126.99
126.0676
129.085
133.1046
132.4831
128.5875
126.3827
125.8498
130.7012
131.5503
126.7898
124.4046
124.3348
126.4269
122.5404
129.3467
122.5694
135.6025
124.6018
129.3155
126.7831
131.12
130.9579
127.5077
128.1922
129.6034
119.9287
128.3665
125.6578
133.544
119.0398
139.9477
135.7156
128.161
124.0205
123.6342
130.2735
127.1129
125.9336
124.8717
127.5524
129.3407
128.5775
128.9938
139.6466
130.4139
130.9433
135.1684
129.5455
134.5049
126.3621
137.0338
124.8034
139.335
131.2038
129.3623
125.9698
125.8023
126.9268
130.0654
130.8084
140.37
125.3524
123.01
130.3945
122.2066
127.5911
137.0802
123.865
121.5808
131.4779
140.7249
130.7765
137.0136
133.2646
123.413
127.1002
129.1147
121.8808
131.8935
126.675
129.2225
123.3086
126.8107
134.3998
140.8624
125.0344
135.8364
127.0756
126.1349
124.2833
128.5248
130.1321
129.5031
134.5317
120.9385
126.9751
130.1789
127.1359
122.1567
128.4304
131.5364
126.5425
137.5366
131.2522
127.2037
125.3347
126.5351
126.2363
122.7723
129.7879
128.131
134.1847
127.0782
136.4793
120.6382
132.5912
125.9416
132.9325
131.3041
131.7916
124.2676
141.0685
124.6119
126.6764
129.7705
132.1104
133.5369
134.8978
128.85
130.0127
129.7826
131.0084
122.9751
133.5919
129.4839
127.256
130.9124
125.8765
127.2718
134.9612
130.071
127.5147
120.6675
128.0288
128.7634
122.0907
133.4214
131.1295
130.2338
132.6314
128.6371
132.9218
127.1504
135.0105
133.3195
131.2779
125.7128
133.3748
135.1517
130.0218
126.3763
132.7599
125.58
131.2625
122.0984
128.295
125.4776
127.3095
130.8979
130.854
128.8662
133.8792
133.6264
127.4058
129.2476
130.0665
131.5137
131.1141
131.829
129.4121
131.5281
126.3484
127.295
122.9968
126.6087
131.7793
129.5744
126.8951
128.8035
131.1248
127.037
126.8434
134.4687
131.6646
131.36
129.1537
139.2104
130.9861
132.3303
129.5613
123.4615
130.6626
130.2114
130.3434
124.855
126.8952
126.3251
120.7366
131.0095
129.7441
128.0343
121.9635
124.3684
126.8785
125.7605
124.6278
129.9046
131.4818
127.1613
130.7493
128.3827
124.7349
129.2204
129.8785
126.3296
134.514
135.3687
126.4499
129.7086
126.1519
127.1789
123.408
130.1726
126.0041
128.484
126.6219
126.8997
126.8371
127.6053
128.426
131.6608
127.0867
131.2144
129.9283
136.3783
132.5008
136.1395
132.3382
128.005
130.0034
135.1427
132.5926
128.7283
130.6613
131.7201
125.2209
123.4655
128.1027
131.743
125.6912
132.2827
128.3677
133.8037
131.0637
122.7751
129.6569
128.0596
127.4361
132.262
138.159
131.0447
133.7223
122.0213
127.4145
130.9402
132.5708
123.7779
126.7875
135.3794
130.4802
131.5159
128.0257
131.097
126.5086
126.4046
123.6247
130.855
134.6594
126.2853
130.4901
130.3228
129.6993
125.5818
130.5381
125.0174
134.2875
123.0396
136.947
128.7487
131.0718
133.3606
129.4388
134.0066
124.7133
128.2114
130.2522
131.5059
130.2298
122.9726
129.0765
132.793
130.7127
126.9705
128.9385
130.4286
130.8185
124.4719
132.0236
133.596
123.917
129.943
129.5173
127.7217
122.1065
125.3368
135.2026
127.8296
129.3465
132.5053
129.9609
138.7134
130.7641
125.8693
129.6387
125.3655
131.9442
131.493
126.7264
129.3082
131.1544
128.8869
132.4009
129.0959
127.2119
129.4685
125.5398
126.6856
130.5578
124.8277
128.9221
127.3343
128.3085
132.8033
133.0473
125.1292
132.1122
132.4321
124.2684
126.0175
130.7222
128.4656
123.4005
125.8168
132.3405
125.2905
126.8797
131.6979
132.2765
129.6989
126.9069
129.6356
137.6344
125.7121
120.2381
126.7686
128.6858
125.6993
131.4735
129.8747
128.1919
129.6445
135.97
124.9101
122.0749
135.3002
127.5087
130.7614
132.0353
126.119
131.9438
133.6066
129.3577
131.9823
129.2918
128.3649
125.2872
131.5593
137.8377
134.1314
119.7452
129.7647
137.1594
123.4293
127.6399
136.9522
130.6339
129.5622
131.2724
129.702
128.7103
129.4774
128.3734
128.9681
124.0357
130.4293
138.2275
132.4203
127.3656
121.5788
127.5821
124.0862
127.9813
129.5448
138.1758
127.1138
131.1788
125.4162
128.7428
124.5531
131.0465
129.4506
127.5997
127.2786
129.9765
124.2174
126.2305
131.566
126.402
130.3629
139.3921
129.2133
121.8945
125.7642
128.8298
130.0354
124.932
127.4163
130.5037
132.7872
131.0373
127.6815
131.581
125.8408
126.3595
124.6691
134.1823
131.5902
128.4501
128.3548
125.4245
124.5332
129.3416
132.3536
122.6172
130.3095
131.2224
131.2881
128.5252
135.4795
129.2153
129.0167
133.1977
119.6696
131.9253
121.388
128.5057
126.3387
124.6342
124.2701
135.0251
127.7584
126.1565
128.2665
127.5404
127.6484
130.5916
127.8806
123.3867
124.3138
130.4299
132.9738
122.6954
133.4345
126.8837
128.9545
135.7755
122.5891
127.1025
127.39
139.4261
131.4741
130.0321
132.3204
125.9127
129.078
124.9459
134.3733
137.407
127.2557
135.5867
130.331
127.4828
129.4895
129.8359
123.4414
132.2502
124.5269
131.9213
128.2201
124.9511
136.858
130.1156
125.8177
132.9153
125.9723
124.7519
130.4995
129.3386
129.0769
131.4891
133.0273
124.4672
125.4013
131.8733
127.1945
124.245
133.5444
125.7508
131.8922
137.5388
134.713
129.192
131.5712
133.0318
128.6069
123.4327
126.9743
129.2845
130.9408
128.8233
131.4315
126.8095
129.5388
130.5539
123.4101
126.3265
134.702
133.4245
128.0422
128.9995
127.5346
123.489
134.7056
128.6098
130.6256
133.9625
127.3589
133.4772
130.6773
129.1229
127.2234
129.0666
126.4984
129.6638
131.557
131.6105
127.2059
130.5002
139.3867
122.8623
137.8526
125.521
133.1858
126.4495
130.8058
125.4473
130.4329
126.0594
130.797
125.8513
128.7602
121.686
121.3514
131.5936
134.1761
130.1841
125.8978
127.3207
131.5861
131.9046
134.7256
128.5204
124.7173
128.5699
128.2573
126.2854
125.9064
124.2335
135.0278
123.9711
127.2529
130.2071
127.9508
133.0339
129.6781
129.7105
126.8858
130.1334
134.3366
129.3737
132.9603
124.8949
122.2785
123.0536
130.1857
129.6812
130.7081
129.6514
127.6269
127.087
134.0613
127.2237
131.0055
135.5396
126.1445
137.2914
127.4402
127.1032
127.0978
130.5732
125.9426
128.9948
128.6991
127.8098
134.7866
132.1716
122.2893
132.6794
129.0994
134.0787
124.5943
125.3407
129.8826
119.4755
133.6247
129.833
134.5804
131.6462
132.2573
130.9841
127.8062
128.5398
131.2003
122.6817
131.7971
129.5108
129.3475
134.3656
135.0377
130.2527
129.4423
128.7144
123.9294
130.1479
123.5472
129.4595
130.0051
126.9331
132.6395
130.4469
119.9689
135.5865
131.5208
127.6394
131.7385
128.1083
134.2669
130.8131
129.3269
124.2426
131.4358
135.6222
127.4337
129.6798
132.186
126.0797
126.113
124.732
133.0306
126.9149
132.5212
124.6522
134.9422
131.2365
130.9768
128.2353
139.2469
134.9653
126.4769
128.4073
132.1327
132.573
130.0971
127.7315
123.8659
124.6775
122.4255
130.1975
127.7187
128.8529
132.43
135.7303
132.4945
131.8291
135.1956
125.8137
126.8978
133.975
132.8103
126.8553
131.1474
128.4751
127.578
126.6599
128.4409
130.8684
134.4901
126.2232
133.1785
124.8542
133.6219
134.5719
135.7713
124.3725
134.4226
123.2987
126.6418
124.7345
130.6758
128.0446
129.1687
131.2098
130.8988
128.0859
129.548
133.147
127.8262
127.3977
130.7194
132.4872
123.0911
131.9658
132.0925
131.65
129.3505
123.6959
135.8806
131.1601
129.816
133.1566
123.7957
128.0278
131.5323
128.024
126.3556
127.4366
125.298
131.712
132.8779
131.5603
123.631
130.9684
127.9609
128.2389
124.6585
122.1994
131.7763
128.12
121.3034
127.5076
133.0994
133.0334
131.5195
128.6237
124.1723
134.2681
127.6518
131.9999
124.0562
127.7635
121.119
126.6353
127.0606
131.7396
130.2645
133.3409
132.3544
130.2346
130.1714
125.1947
126.9675
130.8766
131.8763
130.207
129.694
129.8439
125.5792
122.9901
125.6291
136.7625
122.8792
128.439
123.2615
134.3699
129.0007
127.5707
129.7777
124.8302
129.14
132.5412
129.9536
126.5403
124.2329
130.1889
127.3813
128.2618
126.0585
124.8231
133.2728
121.4097
126.1389
130.0409
130.0585
123.5846
127.0883
122.0788
134.7576
129.9908
130.1574
128.8054
136.6579
131.0231
124.7766
125.9068
126.316
131.9399
131.6364
