797.3589
802.1182
798.9188
797.9677
759.6376
808.077
792.8262
798.6474
805.2361
808.6676
789.7664
793.1087
807.0576
774.2182
820.5825
800.7127
839.1649
794.3728
750.3912
804.7388
791.9173
818.696
782.2627
817.5311
812.9827
826.1629
836.6152
797.5397
789.8252
788.0742
810.6682
850.6345
783.8571
783.5841
808.8846
798.43
797.7126
804.7725
796.4977
790.4149
805.7871
796.1661
783.4172
787.2268
799.3238
792.2251
794.3653
799.306
791.612
753.7728
776.8533
799.3775
757.4998
834.5509
803.079
778.0315
792.1385
787.2959
779.1385
819.9614
787.2601
830.3687
783.5569
815.8789
812.0486
790.346
823.2431
793.8975
810.8624
753.0112
784.955
806.1232
783.5536
844.3648
795.0034
782.392
785.4012
817.6366
836.5912
811.349
797.1537
759.0068
812.7964
818.6182
791.8475
804.0044
806.5725
781.495
804.5759
792.7055
830.7153
796.5658
778.8823
785.247
808.9603
814.2637
830.5426
793.6254
808.5001
795.7324
810.6318
789.1511
799.6459
855.9812
800.1626
788.7779
795.8799
805.0192
797.3873
804.0663
806.3968
768.8344
773.565
805.2787
792.6938
801.9573
806.4365
799.8617
808.1635
751.0129
827.2168
787.1304
820.1914
830.2552
815.7555
755.9301
789.3654
805.0866
831.5709
795.2047
786.9258
793.3235
830.428
859.5695
803.8927
819.5517
773.8683
778.5932
801.0517
806.923
812.0073
830.033
791.9004
801.6537
787.6315
781.188
808.9743
796.1122
794.1399
814.4858
811.48
823.9977
813.3438
801.084
789.9943
802.0148
831.4104
807.4466
764.9773
804.2165
808.4324
807.7077
791.6875
777.9225
795.4559
805.0551
802.9947
815.6791
795.8377
824.8671
797.5938
792.22
777.136
785.8113
807.1021
805.7
787.1643
804.2824
790.544
812.7569
781.6801
804.2309
805.4535
807.3996
794.4136
784.2106
787.6938
810.3644
801.3778
820.6901
799.6401
812.7572
776.5855
800.2798
788.28
810.6124
826.4308
800.1215
790.6125
774.4133
863.4204
808.1882
807.5837
766.5393
811.511
784.6909
823.9981
784.773
804.6081
803.5225
817.8899
832.4818
815.997
835.3293
794.4424
819.8742
828.7759
804.7702
787.0123
805.7935
785.9095
818.3922
803.4053
824.942
820.885
808.8066
788.9445
832.232
837.9798
793.5746
821.0258
778.0574
796.8119
794.6437
768.366
790.919
791.6546
807.7192
759.7311
811.4107
823.9936
838.299
828.4378
798.3348
823.8766
811.2561
796.4587
791.3609
799.733
799.1577
809.8406
806.5735
801.4467
811.1618
798.2182
798.7372
805.0757
796.2466
793.6827
802.0432
795.3061
794.0702
814.3539
807.7878
797.874
810.6161
782.5075
789.0068
783.9405
797.9275
797.8402
779.351
816.1986
811.3543
807.1694
799.4722
775.1988
829.0061
795.7419
807.1122
799.4348
792.3747
792.8662
783.6865
823.1886
811.053
773.0029
790.2512
797.6975
819.5657
814.0842
752.6933
828.1147
813.3579
814.6516
827.1435
765.5212
800.9592
815.7789
804.2872
797.2087
827.9825
798.8722
838.2451
824.3393
809.3598
850.724
800.1427
803.2711
833.8692
792.2706
853.1166
770.9962
803.4309
796.9454
788.4066
831.6209
821.71
836.7779
806.4456
797.2842
779.8548
820.8834
806.9157
819.0291
800.2719
806.4693
804.4225
784.4926
808.2885
814.9416
793.4092
805.0118
787.9238
783.4826
809.7357
767.4289
804.5552
801.1237
802.438
805.4835
800.9031
788.5073
830.1157
763.8372
795.0255
794.1467
806.1317
833.3843
793.1817
836.5614
800.7561
810.4893
804.7053
785.2577
814.0216
775.3885
778.2698
806.88
822.5232
797.1626
790.3277
759.2317
808.1621
801.2975
807.7704
800.8082
821.9889
800.0049
805.7007
800.2162
820.9467
818.3296
789.927
809.3279
797.9404
804.0331
799.8659
792.936
798.5086
797.0056
840.558
802.3881
792.3465
822.8438
817.3225
794.2426
806.3987
827.5307
831.6862
798.3434
810.2793
792.7792
780.2516
813.2714
793.7601
769.5431
787.8671
789.7815
805.6648
783.4565
814.3462
803.0286
794.1745
812.6085
790.6421
799.1781
804.9118
807.3238
795.9503
781.0222
802.441
801.7934
796.4142
788.3672
825.6632
803.6779
800.228
805.0372
801.8024
794.3813
783.9063
826.8039
757.1385
810.7246
796.9383
800.2687
790.6469
789.0239
800.684
787.2461
785.3801
770.2126
780.9638
796.7634
809.8708
823.979
810.0387
810.6218
830.1713
814.0788
816.2237
817.0058
774.6831
793.4499
765.2558
829.3493
790.5277
793.8792
798.0498
773.7969
789.8179
795.0943
794.9906
779.3086
806.3972
784.9373
808.1129
787.8771
789.6479
792.5494
798.0912
827.6069
801.0472
798.892
781.5204
770.5955
788.2544
800.128
790.9197
796.372
801.8126
820.2184
786.9283
808.6547
793.5853
826.282
782.4829
800.5981
794.772
812.3729
776.9238
808.6292
835.8955
780.6961
803.6138
792.4883
812.3756
809.1098
792.9716
776.9586
825.5975
812.9106
813.5143
775.6477
790.1272
799.2731
802.3441
806.6758
788.4059
792.9807
781.8177
806.352
796.4368
785.9584
820.2889
813.0388
786.2696
812.0835
791.8296
789.8897
811.6539
805.3614
779.5143
807.9249
818.3512
813.6268
807.7033
826.9665
798.4977
806.3169
784.7163
808.7604
788.4092
834.8262
806.0389
791.0932
822.3427
770.9242
809.7904
823.9462
785.4747
785.1584
815.6636
800.3146
813.037
787.3536
813.3024
799.9066
789.3192
808.6953
800.1855
824.9413
790.6093
809.1052
800.0286
818.8975
774.2404
804.3272
789.2104
817.0558
803.5429
831.5564
800.5324
801.9752
829.6215
775.1695
796.9181
787.2026
791.9981
792.1075
836.6393
800.8474
827.9079
779.7075
799.0308
783.3287
798.3322
792.2083
784.4247
797.6633
810.4827
793.5175
809.8307
791.1774
806.0875
828.4317
778.104
805.7845
788.6836
783.3789
800.6577
831.055
792.9088
797.8318
803.5728
792.2468
867.1236
792.0918
821.2631
812.1093
778.8274
814.4956
779.601
805.6874
829.7381
797.2719
798.8654
754.2101
820.8586
833.8112
787.0417
802.7813
756.3928
774.7566
806.0812
793.8696
801.8694
797.0152
787.0246
799.2691
773.9394
792.2649
768.3478
783.2836
799.8652
781.6608
807.7951
812.4966
765.4661
839.3217
805.5183
810.1578
797.3974
808.072
790.863
781.7631
810.0473
835.928
806.4841
787.1687
781.4007
776.1407
804.7117
780.3896
837.2168
764.8964
793.8537
814.2124
813.3999
810.0755
798.6493
797.7176
794.1242
817.4403
798.9134
802.0607
798.064
828.6539
774.6237
812.4224
806.4384
794.002
821.5606
800.0182
814.8798
762.9287
813.5155
780.0978
781.0574
791.977
811.9533
794.6063
808.0658
763.7377
808.8298
784.3663
805.3335
854.5514
778.5851
822.5345
795.6332
802.7638
767.5701
819.2628
869.2383
797.0448
781.4422
803.3812
792.2496
753.8824
823.5885
764.4261
791.9851
801.858
788.1236
778.8626
764.0091
824.5411
800.9711
808.1169
831.5139
830.5068
779.7877
794.9835
826.0826
819.2468
836.1166
768.2843
818.9723
794.4348
807.9673
819.5317
805.1749
840.7032
783.9985
802.1655
797.5376
829.7834
811.9869
774.0337
795.8742
805.8631
799.9732
812.1084
815.5537
792.3448
806.3425
816.0463
803.356
805.5769
819.3942
812.2779
801.814
816.1871
795.9317
788.236
786.9211
783.0569
794.0613
799.107
787.2823
796.0031
777.2772
821.6914
773.0741
812.0434
829.3877
790.6045
793.131
822.2669
790.5297
782.9262
825.228
810.0439
797.9397
776.5377
783.6522
803.1312
779.8833
770.9849
778.2094
772.7159
791.7827
788.0871
799.2941
768.6571
850.2765
815.5903
819.3083
798.1399
792.6261
818.5809
838.6254
791.3811
796.4169
798.296
799.2293
779.0105
789.7349
839.5686
773.4307
792.3128
782.7083
807.7632
795.0117
811.021
783.0594
794.2515
739.1856
782.3926
784.3458
840.9323
806.8183
809.3939
761.2325
796.73
779.6875
795.6727
821.7599
816.5895
810.8499
803.5981
836.4711
803.9158
799.2189
810.1964
792.96
809.1654
796.9646
767.5535
835.6291
802.3426
779.576
799.8129
792.1672
812.4807
802.1198
786.9437
825.7903
800.3562
809.7674
822.2333
792.1907
790.6741
785.5682
810.033
795.1058
799.959
807.0284
799.2258
818.7045
791.9762
780.8768
815.4323
794.7604
785.514
779.6564
780.5089
794.0731
830.4379
800.9437
787.9141
833.0248
810.1918
771.0543
793.1464
810.8049
786.3662
780.5602
790.074
773.8036
794.2763
800.6276
819.1026
836.0283
807.446
794.839
831.0562
803.3135
794.4107
821.5742
778.3048
823.0525
804.246
829.0622
798.4193
845.9946
775.3413
827.3364
787.2343
781.5921
813.2656
812.2063
797.7889
803.4125
810.2544
778.5493
808.4094
816.5273
801.3885
779.9509
820.0695
818.9231
784.8136
764.8302
820.1558
798.2346
807.4828
800.2744
766.1033
782.3532
805.5462
811.0528
789.9913
804.3663
769.9378
815.3429
802.0683
809.232
810.553
781.7711
816.7464
815.1971
778.9571
786.7161
794.9273
831.0156
808.267
805.669
786.8274
826.6793
797.0174
812.2341
788.9247
744.8502
806.5737
778.8938
802.7403
800.7404
813.7583
812.0918
796.5491
787.5731
806.6748
811.0934
778.171
791.3855
800.9896
793.591
825.5082
797.7096
827.4128
810.9682
814.0074
811.8558
806.9968
818.7464
839.9968
806.9704
797.9835
795.6911
792.7618
821.6602
796.8691
802.7524
807.2694
797.9703
795.4075
800.2564
794.614
797.5996
822.209
802.7881
818.013
800.3087
780.5123
777.6722
805.149
805.8041
810.1422
789.9385
799.2354
801.1932
780.8607
764.9707
812.4424
797.4385
756.1606
843.0875
780.6605
810.1269
831.6831
820.4381
780.41
800.5045
832.5391
813.9238
775.3634
814.8444
790.4778
808.3357
816.3227
830.7968
803.3178
795.1605
777.0856
806.0771
812.9313
803.5508
805.5171
772.1487
819.9685
795.6644
802.1542
797.7832
794.2864
811.2771
830.7379
780.4145
781.7928
793.268
803.9425
815.2892
813.7506
825.1593
770.7206
759.8643
821.303
813.8993
778.9166
810.1689
795.4498
814.5311
793.4608
802.0854
797.6185
828.9415
818.9764
790.7433
804.6035
822.0215
776.3099
793.648
802.0834
824.2514
815.3774
821.8172
827.2262
788.2659
834.4588
802.2722
835.4058
808.9694
808.7557
801.5988
800.3183
822.9653
797.1234
777.9872
817.6979
770.1845
818.3869
807.1269
803.8132
798.0183
813.6866
798.4983
818.7473
809.5442
797.1772
790.298
769.8336
846.6788
771.8081
789.3454
788.8716
809.1491
780.1895
797.2968
808.2896
814.034
788.1116
792.2061
831.6413
823.0582
812.3913
812.4699
809.601
783.7617
819.3567
795.9315
816.1575
776.6574
811.2229
813.1208
784.4935
802.6167
819.3581
776.1557
822.0619
781.3661
763.6482
788.9369
794.4525
851.9104
789.0724
810.4467
811.2754
788.5478
824.3765
801.9322
786.8024
799.4297
800.055
810.9576
835.3436
797.7611
795.4699
790.9775
806.0864
777.328
777.5623
812.7516
809.4325
833.691
791.6522
822.1069
814.237
794.7479
753.893
807.4675
760.9324
847.9071
821.1002
830.0374
794.136
822.2521
791.2049
793.2155
817.0563
831.426
769.2066
802.0596
762.4664
759.5094
804.9753
819.0781
808.1633
828.8398
790.4156
831.4455
810.5182
780.0876
791.3043
806.68
772.7347
796.0036
790.6331
802.4332
792.0193
812.8401
801.5793
822.7795
811.8338
798.1196
818.974
812.0927
793.7589
799.6316
802.1414
781.2732
787.6345
797.0739
847.3586
785.1143
821.7382
823.909
823.6682
809.3458
789.4552
818.2134
835.5474
766.9789
785.9415
822.869
814.9717
781.4308
790.9943
810.7331
798.2978
799.4977
811.3989
804.1296
822.8593
782.4566
812.8205
841.67
819.9
814.7721
787.0997
823.3034
820.7636
776.1951
801.5923
813.9626
777.5239
803.3525
803.6838
800.4881
798.0566
790.2075
820.4218
807.3213
785.0272
805.8934
815.1716
767.3596
812.8495
812.8458
810.7977
765.6867
801.4833
831.4547
850.8775
803.8185
796.8332
802.4904
791.6595
810.6576
797.5363
792.8538
801.6385
795.205
821.7929
758.8893
774.501
818.5168
793.5653
798.4273
822.4773
827.4578
796.3021
822.2449
800.0479
835.2597
820.9
817.5308
838.2526
825.8552
824.8149
842.5959
799.8425
812.6483
788.7953
803.8548
802.0196
794.4867
801.2913
801.2842
830.0969
810.6319
770.0912
770.173
806.1114
806.5837
823.2982
787.6969
786.2844
793.0608
756.945
841.8913
830.184
767.415
811.3212
782.8741
814.8117
807.969
837.7702
760.5909
782.9494
805.9764
818.7786
831.9003
850.0398
815.6738
784.9543
792.2976
804.6996
818.3582
811.764
789.9354
793.2926
806.6479
801.2558
769.1204
793.6222
757.7458
765.3961
789.9624
801.343
781.1569
789.0666
821.9065
826.177
816.7456
809.4093
817.2221
813.7745
805.9584
801.8293
811.8581
793.9657
794.5472
818.4906
813.0853
798.0313
822.1849
798.5562
802.8947
781.5285
811.1109
819.9767
784.0984
766.2441
773.5308
786.5876
811.0624
784.7739
828.2266
779.4915
782.1685
790.3206
797.2239
773.5929
807.3249
782.078
825.8175
800.7702
812.4712
792.5527
787.2588
824.6654
790.4084
824.1705
818.5082
812.4541
789.0149
808.1852
792.8138
805.4551
745.3874
792.9975
775.9803
796.1979
801.7066
826.1272
816.655
794.7382
778.6793
824.2545
810.3754
787.0475
826.5779
826.9935
891.4605
770.0246
825.0197
807.3982
844.6046
791.8099
790.8203
815.3012
789.47
801.8557
776.1479
789.0696
802.1508
784.1205
827.2058
810.3606
782.8878
799.1519
779.9501
829.8277
817.9636
785.6785
828.4182
795.0596
778.8323
838.048
805.9704
803.9105
800.6698
796.9279
784.0274
809.8429
831.4486
804.9514
790.2022
817.0174
796.8486
774.654
797.7906
785.4019
801.7943
789.1542
805.0982
822.2102
798.8673
820.1961
781.6018
802.6361
787.2658
800.0377
790.7841
797.0898
805.0397
790.4167
799.1969
781.8465
796.6743
806.761
788.2038
789.2494
769.765
809.12
812.1442
812.3207
840.8463
794.0847
794.7403
825.3296
815.4438
816.0311
771.0739
795.6079
829.1087
798.1915
776.2462
823.3617
774.26
809.2949
803.1673
769.0022
838.5001
802.4675
821.2209
787.3037
805.3619
805.3653
781.3038
859.2546
794.5494
792.8713
793.8465
819.7868
798.4368
814.1909
804.7309
798.7792
776.0665
814.5983
810.2841
814.3848
799.7741
827.7951
813.5427
802.3369
787.814
804.6315
826.1797
840.929
818.0199
783.4935
785.9945
791.1385
789.9511
826.8201
811.4045
783.4756
828.815
791.673
805.9236
820.5051
834.0047
818.0029
768.8182
792.4533
802.078
764.9867
774.5364
784.3877
809.6876
792.0354
843.1275
817.3232
804.2132
791.2495
804.8943
782.8429
769.5316
825.0759
803.7902
793.395
822.2197
829.1193
805.6653
801.5865
770.6479
807.0196
767.7548
788.5595
787.6478
795.7047
798.6405
793.4136
745.1201
795.2029
813.0631
814.8322
809.261
784.0104
804.6894
791.8547
782.7179
811.2064
821.3791
789.1841
799.3026
792.2489
815.7835
771.032
801.7281
793.4038
800.9324
782.8244
807.3121
784.9079
786.7154
755.4964
807.4807
829.3575
767.5879
756.1778
778.8696
829.3914
807.4679
822.2809
775.7598
776.5143
805.8741
791.3328
804.6463
822.2058
793.5078
822.7976
801.534
807.6828
829.5463
794.4706
765.9228
802.0478
764.4087
814.9731
825.2285
812.5096
804.6549
762.1576
796.117
806.1698
815.1501
791.7809
773.0138
798.1558
799.3904
823.692
804.1412
796.5232
781.0657
801.8473
782.875
813.5036
837.3788
802.6742
827.1553
788.9475
814.6671
791.1914
792.2204
799.3883
795.2308
836.5
803.5495
834.808
799.9197
773.8031
840.4696
808.743
794.46
759.0962
768.0792
804.1124
818.9063
825.1059
808.1365
792.705
793.4474
774.1028
769.294
800.3984
806.2251
794.9776
804.5605
827.9157
806.5079
802.4276
797.7796
836.6922
778.2889
827.0185
801.09
816.4818
803.6678
787.8777
775.3265
796.1981
778.1339
806.1108
842.0034
801.1533
808.6697
812.5371
777.5937
809.219
805.6546
801.7229
818.5062
789.2623
810.9668
845.0813
813.7637
734.5687
804.0344
809.7023
787.2254
778.4034
798.2952
830.0306
812.4887
834.6414
818.8037
823.4961
798.1856
799.8062
793.1909
818.084
788.6507
807.7861
796.6448
821.2414
788.9817
819.8352
832.0578
782.5859
806.1134
810.073
809.5909
779.1747
780.2324
818.7595
805.9167
824.1369
798.9032
805.1734
823.4976
792.3199
793.5186
814.4378
782.008
840.2926
737.7151
801.6365
783.3715
804.1413
826.9435
793.7054
833.562
836.3883
793.87
784.216
827.6763
822.1792
796.1631
806.2575
771.2132
780.8648
796.4677
821.1437
832.3083
819.2648
790.7717
805.0797
768.8676
794.6453
834.9478
802.8169
840.0873
778.5526
799.3527
827.0233
830.9662
800.9071
788.525
777.4712
811.3131
832.0272
827.3873
833.1314
838.0204
818.4014
792.4075
773.9444
803.2868
788.875
780.3818
793.3678
831.7241
810.6052
794.1607
824.0746
802.5707
790.203
805.5355
784.7767
789.7845
795.0624
771.9963
833.2887
805.8134
802.9493
798.0123
829.9679
834.6247
779.7281
802.0265
791.8945
788.1592
801.9955
780.5034
807.0891
823.3206
803.1179
800.2481
809.5078
787.5826
799.0952
787.7738
799.9351
774.3522
817.7288
801.7911
788.1168
806.6526
800.7977
782.034
799.9566
802.5912
797.6617
791.3737
797.4502
804.4658
783.7256
798.5541
773.9018
796.169
804.7215
823.3038
816.3796
807.8435
806.9851
797.9679
802.7306
796.9547
838.7337
801.4466
814.075
791.5283
814.8776
823.9951
802.1478
821.8838
797.1504
803.8054
785.0127
806.2928
782.3538
812.7545
823.2942
812.9107
787.6177
778.4569
820.4698
792.3888
787.4095
792.1273
775.4556
795.9647
825.0049
775.6132
794.2423
831.5012
799.3438
822.2023
816.2915
794.0496
828.8279
800.6331
823.1524
807.9501
817.6676
804.7969
779.2046
788.5355
806.6094
778.771
801.863
810.5734
827.3637
787.3577
812.4625
753.0986
817.168
811.8589
792.8276
809.6905
780.7741
804.8026
814.6099
797.5686
816.8791
763.9613
810.6146
772.9131
821.8625
818.1116
800.2754
785.9223
810.3291
808.4171
817.3789
833.1936
800.3799
777.7013
804.9043
800.1932
783.4977
823.7217
791.8226
824.9925
816.4341
813.9523
805.4749
828.2463
759.3255
805.8041
830.8322
803.8901
764.5155
785.1048
823.1922
802.1561
780.6479
815.7813
835.2015
792.53
778.3787
802.9508
838.0396
790.3399
759.9288
787.7392
768.2999
793.9048
813.0807
801.8541
833.0891
785.9382
826.3838
793.4526
835.1325
793.6549
817.2331
808.5839
814.1465
842.4062
791.6055
811.4161
827.9668
770.0404
797.9637
805.3742
819.1586
827.6323
798.43
811.4076
782.1268
816.7104
808.9182
827.7394
787.4226
820.7817
790.3068
782.5875
793.293
794.5125
785.7743
806.7571
806.8316
776.7554
795.2075
809.2084
844.1555
805.1674
789.5452
781.9117
785.9108
818.0693
847.9459
829.0191
779.5247
805.8493
805.3876
801.1143
808.9816
848.4774
818.0929
810.4336
787.9126
784.5715
838.6317
805.8047
806.7462
765.7247
799.0916
792.8331
816.626
803.06
832.977
823.6629
789.5469
787.8142
823.6434
800.1219
816.7793
808.8698
784.3322
835.0154
816.0123
790.5763
799.9135
801.2134
763.256
812.6572
805.2465
798.5123
757.4517
799.4499
801.1218
791.7389
841.1205
793.4121
817.8951
819.9135
798.4986
812.6756
838.378
794.1737
797.9873
831.185
765.1276
806.1295
821.3434
780.5648
782.559
787.597
821.044
810.9743
799.5575
815.9051
798.4411
794.1161
825.4449
816.2602
797.8756
780.0864
814.4298
801.1571
777.7505
800.3275
790.9742
792.3471
812.3882
809.3591
817.3998
815.033
828.4359
778.8489
797.879
772.9729
762.7092
796.7902
829.8446
815.319
789.7126
819.9413
783.2524
773.1756
759.0514
795.27
820.3266
793.2445
789.7881
814.034
819.2492
828.2848
798.136
809.6461
793.1345
813.8768
802.7445
803.6169
796.6257
782.8776
801.8203
810.303
813.6963
795.546
809.9889
816.7652
810.6036
796.7113
792.6445
758.5238
776.8656
795.004
768.2341
796.6838
783.2326
782.4649
782.0019
812.4856
803.0941
791.0753
780.6583
793.0389
791.4635
775.8999
801.2419
794.5688
824.519
811.8953
802.6094
802.2287
789.0277
817.9714
754.9448
805.2091
799.8949
761.7062
776.8184
730.5792
803.0748
795.4243
771.2025
788.5485
816.6093
816.1564
809.1979
795.378
822.3939
793.058
808.4931
806.3508
830.6234
808.3803
808.337
779.462
814.8471
808.7644
814.3167
824.6025
792.8846
784.3648
798.6784
824.5522
800.8566
822.106
809.7192
753.7546
780.892
814.0072
796.3146
814.5304
817.3829
787.4108
754.035
808.5153
838.7
807.7573
817.224
802.5856
839.4505
791.7206
827.797
796.3853
812.0606
768.1268
819.9226
800.0796
808.3172
778.6466
819.7749
826.1516
771.3338
839.5624
780.1018
807.3332
791.8325
798.6057
782.0406
828.0119
812.9875
810.6631
799.2259
793.0687
773.1479
794.1734
804.8177
809.7709
824.271
819.6873
807.3671
808.6653
806.8473
803.8972
819.1913
792.9857
789.08
784.9664
812.8317
792.131
801.1598
757.7202
783.8992
815.626
771.4876
805.7839
794.029
809.8517
758.5506
819.8646
830.0292
789.3907
821.2262
842.7106
769.8925
792.9169
807.1169
800.4641
788.971
811.3402
843.3778
812.2044
802.3154
800.0504
777.7494
807.0551
804.2103
796.3719
770.0917
797.5194
787.9799
802.5742
811.4487
805.6391
800.5481
816.8192
799.0721
811.2008
822.5858
820.6546
801.7461
812.9533
831.2731
792.1442
807.361
807.0764
807.6409
784.9763
775.952
839.9257
814.7128
835.25
814.9111
815.1796
824.4463
800.2908
783.6053
805.205
812.8063
808.2617
795.7287
749.7624
803.0807
799.6116
821.3048
846.0876
796.3005
807.5608
778.1217
802.4774
823.3264
803.8103
795.9367
824.8575
815.0857
787.5203
762.6268
797.8364
823.1616
821.34
829.708
811.8597
801.315
795.0587
782.6559
822.9093
798.6095
777.8044
813.9701
805.1536
831.7554
780.4528
821.554
836.2695
781.4507
830.0755
804.4148
795.5926
795.2871
802.1425
816.5662
811.0795
810.8528
818.1343
792.9968
810.5052
794.0597
808.5101
806.0871
764.8287
779.2562
791.4304
827.9441
776.2799
786.4369
777.8455
766.2628
821.3431
816.6696
811.7517
822.2211
805.6041
798.28
780.5189
812.5078
770.6157
778.3969
801.2539
818.6739
770.6982
833.6855
803.1292
794.3236
824.1218
804.8977
805.0874
816.4535
797.2254
776.6318
828.3844
788.8774
770.5869
799.9933
794.2041
812.7395
787.0356
799.1115
771.0687
806.1894
805.3941
759.6508
821.2192
818.0051
787.0532
810.3138
791.816
785.8533
799.6804
785.5179
824.5528
836.9231
795.4833
818.212
788.5615
799.1946
839.5188
803.2196
812.8414
772.3917
851.7779
858.165
803.33
830.5199
804.2741
815.7507
809.8615
804.9186
769.9958
797.1783
808.9767
813.1011
795.8384
797.4963
803.7646
810.3273
819.804
787.6564
824.2892
834.4555
783.8191
784.8747
797.0439
805.6796
773.1099
785.4171
782.3425
809.3749
817.6308
808.9601
830.6731
799.1533
814.0458
794.3271
803.5048
807.1313
789.9232
754.2682
811.4215
816.0146
801.2606
811.2168
808.0582
791.4098
812.4184
798.169
793.2162
816.9021
772.9448
811.1886
827.5394
806.6551
783.7014
799.8758
775.7553
803.6377
786.8045
806.1445
792.7306
794.9399
813.8929
812.5009
830.6647
769.6063
816.9691
785.9056
801.4047
796.7127
802.1317
826.6191
814.0283
798.4416
812.7817
832.5779
825.3991
809.0984
821.7065
822.8338
825.7987
767.6197
790.8926
787.2359
820.4135
830.1241
806.5586
841.3961
783.8048
774.2773
828.9689
811.3374
801.1113
806.9604
787.2055
785.8606
800.2505
820.852
791.991
775.2248
793.5766
824.488
806.3589
810.0051
818.057
764.0181
803.0345
788.1205
798.8971
797.0389
805.2154
827.3913
855.3483
803.7302
786.9148
821.8732
794.1657
819.4636
799.4896
806.5209
792.7802
784.7691
768.6526
824.2737
798.5146
782.9986
796.2965
815.422
811.9861
811.3198
765.6337
837.9764
850.6085
781.6881
798.0708
800.5469
826.2794
827.5397
790.9363
801.6339
769.148
791.1839
803.1067
773.5253
815.3672
818.0061
824.5914
818.6863
834.3457
771.5667
777.9868
806.7768
855.5936
785.5798
835.9715
835.5166
793.0063
819.6185
784.9911
837.7353
784.0499
784.4316
821.8792
788.2433
795.4465
787.6523
791.9437
841.2497
777.7304
777.4541
796.524
816.4868
797.5006
852.034
769.7896
776.4193
796.5557
789.8814
769.5563
839.8463
794.9428
792.3696
809.97
815.2841
814.9861
807.2773
792.5674
824.108
801.8005
806.5912
812.7555
809.1034
778.969
806.9508
814.9459
820.0901
848.6546
800.5747
798.0335
807.2435
817.1848
799.0713
789.7115
813.6955
787.3285
795.5189
801.3694
786.6535
820.5488
773.8653
817.3645
783.4056
803.7893
802.7557
793.4349
809.1898
821.4634
800.4975
827.2669
816.2399
796.1737
790.3858
809.7747
812.2034
790.4458
811.6268
806.6424
791.2707
815.2698
793.0191
797.7027
814.8962
806.7428
790.0658
792.9262
795.805
812.9787
805.9815
803.0846
804.1218
808.775
805.556
792.0428
813.1716
844.6394
785.7824
812.8957
807.6404
809.7229
807.7154
768.3055
816.8477
802.2737
788.3357
804.1533
795.1439
825.9488
777.674
815.5954
786.4067
838.2331
842.2052
792.0992
816.3154
827.4686
811.7673
845.0985
797.5231
804.7461
796.013
782.2196
822.9393
805.3909
784.0421
790.0016
785.5971
816.5281
815.5856
802.8375
802.8268
814.6898
822.7684
824.0824
807.2013
819.3497
799.5367
774.8395
820.1652
793.2493
784.204
789.5824
800.0932
791.2843
809.171
817.7897
826.4368
798.5177
814.2697
808.331
799.7542
791.4994
808.6342
833.0037
783.0406
800.7496
814.8181
794.4036
802.7634
828.0489
830.9241
819.9507
796.1796
844.6628
850.9514
812.7832
794.3587
799.9136
823.1187
810.996
800.8249
788.336
817.7863
839.1076
790.2041
811.0241
779.0758
790.8054
810.1879
785.7765
806.6504
811.8492
798.7618
791.1129
803.9376
811.1531
802.3921
824.3975
777.008
789.8995
754.4894
806.062
794.8118
832.0251
786.437
841.4411
782.2065
830.2073
811.4143
824.0154
815.0316
808.4684
815.565
823.1574
797.5312
791.8921
792.9493
816.9123
776.5069
806.4904
837.1103
750.2963
788.8952
807.9936
799.0203
790.2782
797.593
793.6401
792.9083
802.266
805.9251
839.6409
795.9772
805.993
817.6784
785.8294
830.9575
780.6794
831.5322
799.4219
769.9039
782.3226
822.6216
771.9439
805.5458
789.3115
784.7934
778.6955
834.9679
782.826
811.6232
777.8111
770.8866
808.541
781.0005
770.0979
787.7715
752.6623
811.4815
813.3304
799.0699
774.3361
813.5581
801.142
803.529
830.5652
797.5821
790.1516
849.9078
806.5169
782.1199
774.2917
840.9672
804.089
786.6647
802.5495
823.4277
787.8485
769.9459
784.683
798.9797
805.0706
773.7553
821.0454
799.5269
815.6254
800.4717
806.1236
803.4458
805.0134
818.05
794.6236
800.0937
777.7853
775.4824
794.3813
798.817
793.2194
797.0802
821.7369
804.77
826.2968
805.1471
794.6348
793.9265
805.3691
798.7689
809.0371
807.2179
815.1832
809.9892
808.8651
813.3503
811.0183
802.7455
787.9775
822.4395
792.5448
802.7398
797.6039
779.6116
779.2409
796.9106
810.4934
813.5936
784.12
791.5876
788.6651
785.7312
790.378
813.6051
821.565
819.8458
811.8424
829.8706
812.2956
797.8738
787.4871
837.0913
806.3433
814.6229
813.1138
803.5051
797.3069
794.7328
795.7985
781.7186
785.8315
777.1638
815.0115
807.438
791.505
795.9593
784.516
817.133
792.8929
788.8667
828.2829
810.5833
813.7257
795.9242
763.8874
777.8919
826.116
803.771
796.9967
786.404
780.7109
767.9605
799.7634
832.3368
786.9399
792.5753
780.2597
808.2731
841.0104
836.665
815.3434
792.6215
775.8344
751.5606
801.6531
792.5152
819.3886
792.8456
808.0492
784.0336
806.4601
778.0678
817.6324
774.5999
795.8466
812.4765
784.0856
782.6669
812.9512
767.1208
760.5826
825.2485
802.7515
794.9084
815.0057
788.7646
790.5648
791.4188
799.4079
806.1747
789.182
799.1785
809.5549
798.7386
791.0117
788.6271
799.1824
812.497
777.7188
796.1457
821.4414
815.2959
808.4542
773.3591
779.4468
806.4979
866.4373
820.8713
783.1502
797.9833
818.7507
837.839
765.1734
846.7475
790.9704
805.2094
804.2406
790.4027
810.7986
810.9252
800.5666
791.2089
798.6473
795.2162
847.3757
771.611
788.5044
806.8684
814.0755
787.8838
824.2446
811.0087
785.0103
772.7252
801.9514
813.3523
816.6562
798.1856
803.3695
791.5525
790.0492
767.2686
804.9199
797.9397
819.5426
815.8402
828.8089
828.0924
837.7143
795.6595
767.4338
787.9258
789.86
804.3764
784.2351
813.0072
795.5368
792.0266
822.8585
812.4948
815.4313
780.3437
772.4889
780.5158
792.555
786.9655
828.2281
794.0064
792.1504
801.0227
820.7251
799.7508
832.2156
801.6958
802.8224
787.6252
805.8553
785.0194
773.1795
815.3541
784.7152
814.1547
786.642
777.2886
814.0337
803.3387
817.6403
801.4465
807.5317
774.878
760.537
812.7941
785.2573
806.1965
793.017
835.4743
797.4093
805.2885
801.0818
795.423
760.2473
797.4411
820.8869
804.1408
802.8244
800.0288
790.3225
815.0008
771.6577
756.3405
797.8675
795.6904
815.0069
812.6384
790.1419
790.5909
771.5953
791.8542
819.9349
814.5943
789.9834
789.9666
796.3578
810.0174
808.2672
792.2373
820.7037
789.2446
764.5976
789.1013
790.8095
781.4844
796.8607
812.1146
787.9826
798.9254
800.6734
814.0033
810.6428
799.1965
829.6157
776.2877
783.7983
796.2227
813.1945
793.9253
786.5246
804.8969
807.7176
848.7408
798.5816
806.9344
783.4326
798.004
830.9917
810.5971
794.258
791.2942
791.0977
784.8195
821.6683
823.6376
800.6548
799.0545
799.0428
848.0481
827.8468
836.5338
795.9143
767.9443
792.3262
819.6171
780.2862
823.6873
810.9649
803.6571
803.0853
791.8144
813.4831
808.5346
792.1834
799.52
814.1292
808.6804
815.7168
826.5991
834.7102
840.7014
778.299
822.0894
804.2227
767.6338
790.1312
771.7417
781.5196
843.1097
792.8731
783.4128
814.3699
783.3068
795.8099
794.8097
807.7619
805.4099
812.8992
787.6933
823.9443
800.4511
825.357
793.5458
817.1284
814.0499
795.8312
780.2551
801.9249
805.3367
813.7367
785.0817
824.1928
763.5888
831.4056
800.5565
796.9056
820.149
794.5962
840.0091
793.2918
816.7264
800.6188
807.7393
815.3492
809.7332
801.8459
798.6575
809.7918
795.2693
767.6175
814.1058
797.7663
791.3796
789.2725
801.945
797.8725
787.1044
791.7159
807.1021
829.8327
779.8798
807.5569
812.794
796.962
793.1101
791.532
807.5389
767.4768
805.2927
816.9214
807.3883
796.2708
823.3245
787.5418
802.0907
822.768
792.6841
817.0017
811.9428
790.9278
792.3814
798.3723
816.6975
767.3914
790.2333
823.6684
780.8683
800.8113
786.0226
823.7088
779.1388
795.1312
778.8994
813.2972
802.4756
788.134
779.452
840.922
820.1963
776.6088
851.3157
845.6331
826.1065
804.7412
808.8286
823.0855
783.7157
806.0163
803.8092
782.8389
811.8482
810.8271
829.6359
799.2966
798.8461
742.7306
823.0607
811.2494
771.6936
802.4572
806.293
803.9103
817.8159
818.7207
810.9217
808.4299
838.7282
838.5916
792.9391
835.0255
797.6588
792.4758
798.1862
786.8602
778.3799
763.1532
808.7639
799.3645
820.4962
804.13
830.4435
790.8465
798.1532
782.4992
806.4111
826.4173
792.7649
799.7266
816.2338
772.3691
804.2784
768.5443
771.3553
798.286
785.4054
808.2151
766.7424
796.2184
797.4022
825.8507
832.9099
802.1044
808.306
775.9821
791.4253
764.0713
816.5833
784.104
836.1307
812.7134
815.9155
796.5886
796.2161
813.7128
798.2908
794.3279
823.1353
837.1766
815.5924
807.5246
818.4887
803.5327
780.189
790.5594
791.0579
795.9397
818.89
802.2012
808.4515
794.7014
815.4529
782.3042
802.1939
786.5803
842.4031
800.6544
827.5518
781.2486
768.0987
785.9495
802.3907
821.9793
817.7098
795.5033
783.3261
829.3998
784.7668
779.2472
795.4976
801.0229
792.9016
772.5053
757.0746
818.5732
781.0569
810.1338
817.8866
797.0156
769.7218
807.7665
815.0784
809.4133
806.7919
819.5927
787.9935
760.8814
812.3279
814.4793
804.9866
821.8279
809.5573
790.726
774.2645
826.9616
799.5098
798.9429
826.9953
812.7223
789.8974
795.1023
824.3667
825.9201
812.6392
807.2971
789.9312
813.0206
766.7749
767.7953
778.7519
799.8332
787.3769
774.1515
799.5434
804.0837
803.1241
776.7822
800.5793
803.4907
817.0534
780.9733
818.9774
836.0863
817.787
791.6518
808.477
791.9826
810.0088
822.9224
811.3143
782.644
813.3189
790.1133
820.7639
822.5259
793.4185
781.4791
795.6514
813.5656
807.3003
769.9584
829.1886
803.049
803.9016
829.704
799.0732
767.0297
820.663
755.4557
811.6287
816.8021
843.7158
783.3303
821.3399
828.2954
799.0497
819.6841
778.1106
809.5704
773.7762
801.4444
838.9963
777.737
827.7855
814.3534
844.9255
817.0015
781.5665
809.7619
815.899
757.5363
810.3168
784.6516
834.8013
797.0971
824.5477
794.9726
806.8745
815.359
845.3614
809.0743
792.6695
770.7586
808.4659
816.5029
808.6711
792.7509
818.5517
829.7868
788.287
778.4441
812.8917
786.2534
781.9236
816.9049
816.9778
781.994
810.5653
818.3709
781.6724
790.7079
812.7663
785.9614
781.6884
795.2501
790.1887
786.0784
791.9518
810.1184
799.3556
806.8409
783.7524
812.1247
808.8337
808.4815
802.1125
817.7291
808.6142
811.0199
778.2458
798.3504
814.2541
802.9795
811.0741
797.4994
827.3852
783.8725
776.5255
825.8322
817.9422
819.3797
788.5768
775.5643
807.1749
830.9231
793.1784
810.1226
781.6517
762.3171
826.0214
790.9229
803.5956
790.3394
799.5214
767.5888
810.4527
801.9344
804.3967
798.9929
786.1499
803.2054
806.3283
810.9724
806.7735
783.4134
832.7568
815.6225
841.1566
795.7731
821.9085
792.6807
765.399
757.9095
823.4794
784.3299
816.3379
775.24
782.5791
777.2112
794.206
819.1784
809.7181
800.9025
761.9768
812.4279
809.3323
802.313
817.7405
782.7938
783.294
804.0481
795.8699
804.3845
796.2866
727.2637
792.1239
787.2072
813.1472
789.5515
801.3541
822.6225
810.06
788.0639
804.5635
818.6618
792.8865
822.4171
781.9107
827.2072
792.5637
797.8984
791.2987
811.6268
765.6894
819.1709
798.3055
794.2474
802.6499
812.5413
813.9203
783.7146
782.4865
792.984
822.0791
791.5083
776.2869
811.2488
800.4711
782.1317
770.3878
812.8141
775.9608
796.8675
786.6893
832.0843
784.4721
813.8324
773.6565
795.4639
778.6242
806.2733
788.3961
845.737
769.804
769.0178
829.5688
753.1705
835.0213
798.8014
771.3136
814.031
806.9061
812.5457
794.2185
779.9629
784.8752
787.7614
815.1821
812.2967
803.9413
806.4687
790.3167
846.3032
815.0152
787.6842
801.3344
759.6989
795.2385
819.7272
772.633
790.8072
830.2293
804.1435
808.3307
777.6372
812.2861
827.6904
810.3838
822.6251
798.3742
787.4204
808.2198
827.9755
810.4012
769.9573
820.0245
800.9003
798.9687
833.0165
837.4083
799.7016
778.2185
801.4011
815.8614
805.1252
797.3194
777.6997
836.2667
791.9815
809.2085
804.9226
810.6264
806.9314
807.3142
802.4968
787.0155
812.5324
785.9132
773.3151
818.0604
834.8003
760.5547
807.3749
795.7501
768.8336
806.9827
817.7665
804.2109
761.294
826.0425
821.9434
774.6699
785.9505
785.58
820.7681
776.3197
840.8392
809.4449
791.0117
793.4193
831.011
836.339
773.3411
766.7732
803.8645
816.8581
837.3312
827.1108
794.6088
797.7884
824.9917
827.146
800.9641
759.2936
852.6597
786.1751
799.5986
782.4057
825.5859
778.6377
830.7786
825.5423
789.3908
809.9813
808.0647
831.6281
807.7082
826.2588
784.1459
821.569
827.0059
820.5357
819.3482
814.3112
749.4674
800.7363
808.1001
848.2042
816.5801
786.3947
802.7178
835.722
814.4999
798.4795
817.4492
826.2132
776.1316
839.7578
796.298
819.9925
797.7766
812.5936
803.722
770.1165
824.5139
798.0271
800.7034
732.1362
764.0562
802.5996
814.9979
774.6231
810.846
763.9387
836.5968
792.0544
806.1818
771.1551
848.1017
808.7886
793.7592
802.9586
835.7724
778.9867
864.105
808.5446
817.0785
796.8282
792.5892
803.7077
786.3634
841.8372
771.2426
796.77
785.9026
779.2228
822.3828
773.1448
794.6486
782.9759
834.9791
800.1523
804.908
829.4257
828.2156
785.4847
799.2167
815.9572
752.2117
812.0985
800.3036
796.9325
796.7102
796.0339
814.3817
817.9865
763.522
779.2061
796.255
796.5394
784.4387
814.2612
793.8351
773.0448
826.1244
781.0507
823.3675
793.1627
788.5841
800.6097
786.611
783.4172
810.3092
818.6089
814.6094
805.4424
810.7789
786.6244
806.2541
800.3014
827.7558
759.0269
799.2344
812.0758
792.2111
839.08
797.7212
793.651
782.3112
815.7157
794.0244
795.4239
797.7259
816.4726
789.948
782.9957
783.6376
782.8928
805.123
795.1995
778.1263
779.3533
789.9207
780.6416
792.642
757.2908
782.8334
773.6774
806.8692
806.7201
822.5557
828.505
823.824
778.5834
800.1224
813.0184
820.1651
788.6084
807.2312
760.2811
815.5952
818.6111
819.3995
813.0597
775.8989
805.2322
795.1382
789.5722
791.8857
798.7796
819.2435
793.2294
839.7284
801.3974
758.5601
756.081
812.1813
794.6616
809.2118
804.8493
822.858
786.9008
776.138
809.7467
827.2359
778.7893
824.4621
784.0361
785.5432
792.1942
794.7582
803.1971
781.5316
804.6856
810.3978
791.2247
808.2839
795.6532
774.665
820.601
793.1023
816.4775
806.7792
801.5007
788.6977
792.1367
815.2781
798.678
758.9491
784.6958
846.3842
819.8345
788.8889
814.3253
776.0172
807.9728
804.2758
776.2369
798.2619
816.0675
770.2294
765.4238
788.37
794.6
782.0258
778.9093
796.9083
786.6647
814.2092
803.3361
834.4316
795.4168
774.0565
790.7556
830.13
811.1147
810.2864
781.4652
757.7094
784.2993
795.6785
800.6196
819.7637
806.6899
799.8725
797.749
803.9886
782.925
776.2248
790.16
800.0851
770.132
802.9625
815.7557
812.6219
773.7682
792.2934
806.3527
817.0695
819.2348
789.9331
801.9643
795.6079
787.5536
803.065
830.4668
789.4869
794.9244
835.5365
819.875
793.2452
801.3973
796.0534
784.8999
767.2776
782.4955
768.1371
789.1332
797.4268
794.9709
803.1109
777.0215
811.3882
811.5056
814.7651
777.797
772.6128
788.2281
808.8949
806.843
778.883
803.9498
793.2413
772.7549
803.294
790.0293
800.6212
793.5735
808.7694
820.7816
780.6944
808.0086
812.2198
785.2506
807.4042
808.7944
828.836
777.484
813.1043
812.6252
824.2823
786.9938
764.2385
804.0618
795.0484
829.2335
780.1684
802.8628
799.5356
831.4505
803.0553
831.7893
767.8301
784.6074
810.2051
788.6601
798.3687
846.8097
805.3887
787.9767
785.0483
830.8218
793.2021
790.8921
820.1336
813.0345
778.9027
770.0754
789.522
752.5074
802.142
777.0733
806.9916
768.8659
813.4227
811.2514
891.6761
821.4307
808.4473
780.2137
798.7118
784.9914
779.586
803.4513
819.8575
813.0407
815.6888
774.9259
802.962
798.7284
772.0689
789.3059
821.6309
810.6364
779.2301
784.4723
762.066
808.9877
780.5482
791.1694
818.334
811.7857
807.6731
807.3285
791.6351
804.5479
813.3486
803.7755
810.2234
782.8807
776.9301
829.2877
815.7609
811.9271
816.8064
820.1051
786.6932
742.7992
802.9021
783.0069
754.4278
798.2319
794.8665
802.5575
807.5504
791.1526
843.2857
816.1681
792.7518
808.6411
815.3981
788.3211
837.7899
814.3261
781.3866
806.4431
782.2562
795.2101
789.3952
828.446
791.194
819.3757
824.8886
793.4592
792.8037
806.5149
786.5085
812.1167
787.655
803.3645
768.3116
804.1885
820.2695
791.3689
805.7596
797.5477
817.5223
767.2816
814.5461
809.1131
797.7588
818.281
820.6123
794.154
818.8845
787.1902
820.4847
791.4064
788.4113
778.079
835.0004
817.0064
786.1748
780.5497
823.6145
774.4443
773.7605
837.3158
785.1055
796.6139
778.6247
781.1966
801.8147
788.389
735.0598
771.9777
759.1857
752.0559
784.8101
775.4178
787.5136
804.4126
780.0749
783.5951
797.0217
803.0206
827.7856
765.7813
808.8524
818.9432
804.4094
808.0783
828.8044
810.8133
794.9258
823.6073
814.3549
850.9268
809.226
810.2424
798.2076
800.6103
844.1375
825.1319
809.449
810.5736
802.5978
786.9597
810.3249
812.241
825.4364
781.5828
814.2905
810.7089
774.6705
799.7032
826.5313
787.6905
782.0124
770.8474
802.0042
815.6389
780.0881
814.6745
796.8278
766.2259
807.2842
827.6944
787.2115
788.9402
780.103
759.9981
771.9674
804.0313
809.745
806.928
792.3854
815.1025
822.0476
762.847
804.8413
802.6594
819.2629
751.7751
772.1579
785.7814
799.1725
825.1513
793.137
750.5809
813.8466
795.6888
772.2755
795.8497
810.6102
775.3683
776.6164
834.8729
791.1974
808.0845
792.7175
803.4502
796.1732
808.5179
799.3519
818.504
781.8048
813.3038
827.3866
789.4864
820.8672
797.6877
790.8537
807.2068
792.6315
793.0857
818.8505
797.0891
788.961
813.3556
776.4141
797.6775
814.6453
800.758
810.8241
811.7834
815.7689
798.462
786.4699
802.4784
788.871
796.1871
777.3968
828.704
834.3289
789.6883
773.0142
799.957
792.3804
818.5341
805.64
786.0084
810.8466
784.9154
812.4339
775.0635
761.5548
814.1947
799.1081
802.4131
785.9962
817.3822
802.0816
778.5232
793.4226
809.9436
810.1118
782.2729
818.4627
771.8219
810.6706
796.0114
785.0144
808.669
826.5235
803.666
816.4244
839.6433
779.4135
815.4537
802.0634
818.9352
802.2284
779.0566
770.9475
802.5732
788.1061
830.8352
795.561
819.9363
788.7805
772.4142
818.4475
807.3337
814.9913
827.5037
787.4649
781.4403
789.0878
794.0499
801.9191
804.7988
823.6065
801.1821
782.1814
821.6628
813.0093
799.7517
812.7295
806.7713
798.2277
766.7765
802.2316
800.2976
813.9884
798.8639
778.8724
813.9345
804.0371
779.9627
789.1896
782.2359
805.3199
759.6225
797.6349
774.6037
781.5286
809.9458
778.1342
803.1623
771.1367
795.6242
804.5571
784.222
797.2836
817.949
838.7465
819.5231
824.4717
778.8831
798.3708
790.1965
786.755
789.3482
809.8922
833.8313
831.0109
827.5776
807.8045
817.4438
806.6754
825.8816
828.5369
835.1649
798.8122
804.8451
805.9016
810.5337
850.8708
803.2471
816.9467
814.2767
801.3436
841.9677
771.3388
810.1203
799.5967
785.1167
821.0161
812.2095
834.2904
814.2069
786.4577
786.0996
789.8315
830.2649
824.4688
804.5573
782.9487
822.2702
822.9301
804.7067
801.1212
802.5956
820.7423
806.408
770.0561
788.6875
816.8479
793.6323
810.4121
795.1238
793.0243
806.8698
800.7839
816.7135
807.5464
773.2317
799.2305
843.339
834.8924
823.2252
794.9448
857.0113
828.998
773.9802
771.1139
776.9335
808.3117
814.5105
804.0178
789.6567
785.3702
808.6903
797.3911
788.6538
784.3804
809.3277
821.3668
806.9268
789.2982
792.4418
810.25
807.9319
779.5854
788.5423
799.8901
774.551
819.5222
791.7478
774.6387
802.9888
808.5818
770.6289
793.9572
803.3135
813.8574
788.8861
797.4994
826.0554
812.9665
805.3756
800.481
817.2306
801.9178
766.5658
804.679
798.0568
799.5975
813.0274
825.2959
804.7163
783.9335
835.6328
792.4897
807.8085
767.0752
825.7532
812.6778
824.1205
801.2011
820.939
789.9592
776.7177
781.44
809.8038
806.3769
798.9161
806.7109
796.0766
828.0578
810.0691
790.5807
803.1976
790.1109
808.0116
801.0369
801.1966
807.3393
822.2132
802.6412
786.7643
795.7815
805.0455
810.6236
800.3063
795.1689
816.2974
801.5323
789.5127
787.7134
839.2919
793.7997
779.9417
815.4839
803.3295
785.5889
785.8879
807.1386
806.6387
807.7301
824.5385
815.3363
800.9323
810.2122
801.6171
770.1931
793.4075
795.9363
813.8588
803.5949
777.3987
816.0797
801.9224
821.7708
808.3895
789.1258
814.4724
796.9925
784.0335
801.0425
798.4502
819.3104
812.1847
809.9035
803.9062
799.8319
802.6172
802.0451
815.4073
810.9863
788.025
784.6334
804.5935
789.2732
792.7755
810.5892
804.2301
846.8871
781.957
828.0101
821.5179
794.2443
812.7582
841.3195
805.1163
802.4403
822.81
789.4777
776.9881
802.5258
816.0809
807.4649
785.1745
796.9572
801.2212
798.4816
821.5878
813.2636
794.9085
812.4887
823.4636
797.1213
792.7902
770.2444
820.4466
802.7404
799.9991
817.0814
787.9979
816.4682
779.8255
812.3613
799.5315
799.1068
816.4677
810.2367
782.728
816.864
748.5979
800.8384
799.7014
828.739
807.3246
801.8571
820.1672
808.5819
805.9927
788.2687
817.8173
793.0875
765.2204
831.8244
777.6251
756.3278
776.0763
767.6223
821.2073
804.6671
812.6036
802.7519
797.0533
821.7625
825.0189
804.2816
830.2948
806.7506
793.1744
814.6585
804.64
796.4339
803.4118
823.8681
798.1949
808.0457
810.0729
788.7298
817.0486
824.2856
836.799
771.1131
821.8554
804.3429
801.7365
786.9017
778.2209
779.386
811.7837
807.4676
799.1263
768.0816
792.017
829.5446
771.1873
777.7573
781.7188
789.5105
772.5173
795.2089
815.058
815.154
831.03
787.9117
763.4659
795.1579
818.7809
790.5288
808.9087
807.5788
797.6079
821.1476
790.484
855.1119
818.3851
809.3593
817.1686
773.3379
795.9564
787.314
806.1423
811.991
801.957
785.941
815.1232
805.3864
829.3777
793.3567
794.8869
803.9406
804.2656
825.2242
774.9183
803.4107
821.1748
811.0317
786.4006
812.4569
788.2716
757.5728
803.9554
841.9118
804.441
799.6875
814.0872
801.4906
812.2266
783.138
817.633
783.3487
793.9406
767.1317
827.2547
823.6015
790.0822
815.5097
794.6614
808.4973
806.4997
799.7885
802.0453
789.5052
796.7337
781.8799
801.2123
790.2984
802.5956
787.8898
826.181
809.0031
808.3476
787.6104
793.5754
807.1615
793.1292
770.3511
814.08
781.3912
801.3075
813.3866
830.1481
808.8654
816.5581
815.6845
831.1195
829.325
779.9856
816.3497
816.8918
774.8001
823.2765
806.858
780.897
780.413
798.1737
805.3366
767.5556
770.5379
788.5319
821.9383
813.2714
828.0736
786.8539
793.7431
794.4246
800.2478
793.3116
811.3119
812.0893
784.8645
845.8234
808.2783
744.04
782.2798
774.0979
782.787
784.9647
821.5583
786.0077
777.9116
836.3875
806.5181
816.9232
778.549
762.1129
778.0501
774.3015
808.047
782.7189
791.7787
795.8008
800.4413
792.7423
817.8555
811.7639
803.2536
780.9198
787.7515
796.9465
822.407
825.3787
792.1172
811.7978
811.9367
805.0141
799.9576
830.0334
800.1931
799.4702
803.7212
794.9765
806.1933
786.557
801.6718
806.5061
798.5071
773.5107
814.6597
838.6309
791.4632
768.8241
803.7199
804.6807
800.8509
796.7623
810.6995
805.5748
794.4111
783.9129
817.7308
812.9684
801.9056
807.8655
818.5016
814.8193
812.4215
827.9629
842.6333
810.5462
796.976
850.6462
775.3328
782.7946
808.1641
789.2984
817.2137
811.0779
816.3345
799.8026
808.9476
806.966
796.8492
781.0192
812.7216
837.3204
807.0097
795.5464
755.0584
824.7264
789.2862
807.9223
813.6949
811.2683
813.227
779.8162
803.6333
817.0548
780.7511
814.0563
837.6723
769.7331
784.8517
813.5371
819.9966
756.3544
805.235
805.7276
764.7406
796.1992
768.0606
753.1684
795.1115
781.3208
801.0349
840.6675
761.0608
814.4822
835.3291
798.1974
803.0672
827.7218
798.6211
779.9523
795.51
819.3299
793.0805
796.0519
824.1026
822.4762
785.9684
813.2361
785.964
807.6222
801.478
812.5544
757.8851
807.0858
825.6008
843.3066
787.2043
784.8098
811.0862
805.3783
758.1578
797.1122
807.3579
818.2019
807.7466
767.8003
814.071
807.8908
841.7216
801.5645
800.8736
789.7602
813.0374
773.4981
824.438
779.5168
801.1716
791.2444
825.6969
754.7272
816.0912
774.8597
813.5015
830.4793
797.2853
817.7564
794.0985
781.9381
844.0746
770.3567
819.9352
778.7365
761.3756
806.1264
774.866
780.9218
790.941
828.0101
817.8008
811.5198
788.398
803.765
822.7783
816.1905
769.7004
811.5712
785.7691
787.0565
817.6009
790.7416
798.9546
797.1006
760.4299
804.1798
778.8932
770.6022
802.6571
804.6067
831.9714
832.1714
793.8985
771.3687
818.6362
821.1652
814.1023
829.1005
805.2744
801.1765
788.5666
801.3992
838.51
833.002
814.3071
820.7381
805.9695
792.5612
808.5056
808.0176
777.2955
808.8805
789.9041
823.5105
786.2152
811.5515
795.6318
793.8526
829.3434
828.0154
797.0522
794.6601
795.0937
788.4256
789.9409
814.8421
805.0734
790.5428
792.6547
820.8595
802.0496
787.9198
756.9719
778.4755
822.9909
813.8875
805.384
784.4471
798.2434
806.0192
820.8443
794.7838
805.0896
814.3884
817.9388
784.2698
789.5639
798.999
828.462
820.3672
791.176
826.5766
790.8793
836.5971
773.7939
831.8911
819.3285
808.5263
799.555
832.824
892.0024
777.5402
832.1894
764.8433
819.2454
780.8159
813.7555
808.2024
767.8685
824.5924
846.5396
797.0236
815.4946
812.7037
792.9415
795.1633
811.9691
833.4939
796.3276
752.4845
807.5323
798.9185
802.7615
814.1696
815.9207
825.5601
785.9715
825.8395
793.5128
782.4518
817.4912
809.4717
793.6793
798.4404
795.4302
844.1544
800.3509
798.1877
784.2285
806.1995
807.0754
814.2597
824.9281
805.7561
799.7606
822.4268
822.8452
777.0106
818.0056
809.729
786.6946
781.0964
820.4371
755.2911
819.8223
795.888
801.6089
792.0121
804.7698
788.1264
827.7894
818.3307
790.5158
803.4741
799.784
808.5348
802.9893
827.9748
759.9406
811.2487
770.7241
781.7537
809.3847
815.3225
804.5024
803.2995
800.1335
799.3618
773.8369
819.6497
771.2732
799.6974
830.7361
799.6064
804.4159
784.1694
780.0441
770.8005
814.5951
789.099
817.5478
786.2905
768.001
799.4587
804.409
846.8777
787.3067
831.6418
797.7989
763.4715
805.5677
797.9497
831.8595
818.5068
782.5923
815.0297
790.9226
793.3701
821.8998
795.9575
785.1031
814.6242
764.393
802.4176
849.7386
810.9245
777.3669
793.2327
791.7969
812.0126
814.7561
789.7782
824.6531
765.6544
782.386
806.1268
786.9476
825.1548
789.2117
780.0853
834.9007
819.9094
799.2523
791.7794
782.2664
805.0586
810.2455
814.7597
802.7701
861.9584
779.4002
802.5032
828.9812
804.9997
806.4332
787.3419
816.0171
789.4939
782.9651
810.2406
806.1398
807.1268
804.2172
819.9824
795.8883
773.5063
827.324
827.928
783.4468
797.4844
836.9724
808.8129
812.7043
785.8074
818.1244
831.3261
833.7195
801.5051
804.9555
790.9467
791.3219
821.7813
803.6686
806.6599
795.5325
795.5552
807.2499
788.619
791.4714
805.784
840.7854
791.6037
771.6884
826.2927
798.6331
800.0761
805.3481
808.0621
808.7223
793.3666
789.7519
792.0131
804.2817
786.8613
782.7118
820.0703
776.4168
777.4883
797.6866
791.9724
789.6954
794.7301
783.6565
802.226
801.5467
774.5168
861.8588
804.1787
781.2747
794.8496
805.9442
820.1149
810.1948
836.8268
799.359
780.6721
778.2112
827.8856
773.7
795.5159
832.6968
801.259
798.9553
784.4648
755.7896
793.8279
796.0837
822.0792
797.0546
811.7128
820.0169
834.2268
808.8161
789.907
815.4663
799.5358
806.3761
817.2345
810.2753
794.1315
820.1745
807.3378
777.4797
781.4805
772.7044
819.5366
772.0765
807.471
810.2323
777.657
776.3044
789.8474
809.2174
815.6377
823.7056
825.7329
808.7563
777.6413
788.5468
796.961
810.2572
805.3647
780.2007
797.72
802.7306
801.1651
806.794
805.9568
812.004
829.6948
823.1379
793.332
807.8169
830.374
796.5033
811.1291
803.6048
814.5172
812.4216
810.625
799.6795
823.5726
791.6207
797.7378
778.758
805.8429
791.0653
828.2611
786.477
777.5425
791.6651
812.1143
795.9904
791.2523
809.1903
803.3353
793.8677
786.541
810.6156
783.7205
788.8011
797.4254
797.125
788.322
810.4618
847.5346
793.3741
771.0448
794.3654
794.1483
818.3103
814.0312
839.2974
789.0428
777.1933
766.9299
829.8235
820.5422
796.9267
796.5839
816.8946
744.9768
797.7783
806.4185
788.9049
797.34
819.9425
793.3841
807.8992
781.8131
789.7915
772.053
780.8017
806.5244
815.3639
778.1388
782.4354
801.3917
811.9102
800.9817
794.9406
808.7354
819.4393
800.8642
850.5803
839.7502
805.3111
832.233
797.6819
789.8972
786.4809
845.4824
811.7852
809.6262
798.6079
811.2556
805.1897
796.3925
805.1735
817.9954
806.6653
806.4114
838.9087
801.2891
805.9629
857.5204
825.9777
788.0306
805.5797
817.4315
819.1833
799.1723
795.307
799.5975
813.7287
779.0294
765.8844
775.089
805.8862
819.4694
774.1156
772.3486
797.6095
790.0677
804.0418
812.2111
835.4262
798.5232
783.9754
812.5498
796.94
782.3965
817.7208
791.8798
795.6108
811.9232
797.9768
794.6297
813.5496
768.2691
773.2492
779.8193
792.4908
810.5737
785.359
825.9678
792.3721
784.3745
788.6956
821.4212
782.1294
817.7731
813.6119
781.3943
818.3621
834.3256
785.9597
796.0893
782.724
796.4102
798.1905
785.9899
779.183
827.2659
811.4138
824.7851
788.2266
816.755
793.1162
755.3919
786.5598
814.7238
771.6004
801.3337
798.0446
777.9415
821.622
808.3313
803.39
814.0116
808.3822
809.9936
812.644
781.3829
784.8156
764.8126
815.5476
793.2013
785.6569
812.0748
802.8044
805.4059
792.8702
812.2323
808.8011
830.437
815.6936
804.1749
818.1804
783.0197
816.2093
788.8065
808.1783
821.0021
819.6202
751.8401
788.1601
815.2597
836.7445
818.9198
825.8428
814.0496
773.0128
768.0401
792.9978
803.9563
774.2668
794.8191
822.9555
828.5742
785.7465
800.0052
800.0527
806.4058
794.7619
804.1788
816.3721
826.0964
793.1522
843.6845
814.0088
815.5391
836.0081
787.8826
779.6507
813.6134
785.9299
797.616
824.1375
790.4877
796.9324
788.4403
813.1524
780.8255
816.2869
804.6087
838.7129
792.4695
770.4458
847.0203
817.3789
787.7467
782.8139
793.8101
828.5799
817.8066
820.4027
806.8111
819.2735
760.8091
787.388
808.7515
787.6054
812.4927
822.3832
819.4763
807.0598
810.4309
782.7821
801.0513
813.0004
800.8908
805.3246
797.0641
799.2476
802.9524
821.985
806.7581
823.5128
806.8507
810.6206
799.3518
845.894
824.4645
808.3009
781.4809
813.4848
807.1523
808.1266
764.7102
830.2883
816.1489
821.3747
778.7307
798.4615
762.3941
792.4054
800.3118
806.8207
812.4624
783.3343
803.9624
784.862
800.6079
786.3462
805.9343
794.191
803.3128
808.5111
817.1665
757.3719
785.9022
790.6071
820.3067
823.611
793.9779
821.0056
792.5682
794.8542
814.9932
811.6983
821.8314
837.4802
763.512
807.6276
798.7401
803.4809
784.6787
788.543
779.3743
825.0673
774.9307
809.7054
781.494
760.2045
827.1667
790.2563
790.3655
807.8542
806.4125
799.9952
787.4349
795.8964
811.7908
812.7695
812.6022
800.2161
816.2868
800.0825
790.1565
783.0125
797.3949
797.919
796.3622
785.6654
797.7161
802.9761
801.0254
847.7157
802.7538
820.0564
779.2822
784.4913
803.7109
813.6619
804.7968
774.7168
795.466
783.4356
801.5065
805.5032
844.6426
776.7219
799.2178
802.2071
809.5458
780.0175
782.1661
769.404
791.1905
792.0525
776.3535
788.3087
800.9231
790.029
822.9281
815.2871
827.8059
805.1983
776.6368
789.6416
801.1026
785.9739
784.7107
804.6413
828.1986
817.6205
797.5406
819.9053
801.2818
799.0363
805.957
828.3914
823.2927
809.95
812.8169
801.2179
808.1289
814.0165
812.2572
796.8633
810.7739
806.9935
794.9999
815.8308
821.5993
785.5997
779.2722
798.9657
804.8933
809.3107
795.9753
809.0917
815.9456
787.8312
801.6412
792.9545
803.1968
802.671
788.7655
803.1364
805.5522
809.3185
767.4399
801.7579
788.0466
818.3528
761.0841
811.3526
782.8508
800.5366
869.4819
808.6283
827.5237
822.0529
832.4008
773.2767
810.5035
791.1814
791.9668
759.4855
802.7346
818.4717
805.4966
822.2032
806.0947
785.0681
826.2917
809.5906
794.1434
833.8948
861.3223
809.521
837.8988
813.7216
806.9366
775.0997
807.2289
785.902
817.2078
776.0678
770.1571
800.0779
810.4344
792.6302
818.4293
809.0041
816.2188
826.636
776.9034
802.7853
795.3708
816.6231
834.5072
800.7738
812.2774
834.6796
793.8287
814.2904
816.4067
772.1229
807.2931
803.5096
793.9185
780.9697
813.5115
792.8317
793.5147
809.6588
805.9609
804.3814
807.6124
811.9072
794.3789
806.0212
774.3895
800.8267
819.9045
834.5623
799.2668
791.8741
819.2632
802.1228
805.9499
787.9888
771.2434
828.9391
779.022
787.0486
786.7268
842.7124
795.5563
778.4162
818.7202
803.5901
833.4833
815.5316
796.4567
787.8884
788.6477
799.1627
822.7695
797.1388
812.4659
792.915
811.9566
808.8049
802.083
835.6724
805.1913
805.2429
807.4802
807.5035
779.6227
791.7617
768.5674
797.4963
810.2059
829.1456
823.3143
828.5316
817.5326
804.2779
811.7712
826.598
819.5433
802.0015
821.6476
793.9847
834.4373
782.0652
790.5441
770.2342
808.8518
802.1618
822.0491
786.9998
802.6097
811.3881
804.9208
796.8822
815.4976
835.7041
806.8639
802.6669
784.0895
806.9241
842.1388
803.0527
768.5026
780.4148
794.8915
793.023
804.1033
788.595
792.4897
802.9009
771.7055
815.1643
818.0992
791.353
820.5003
780.968
789.1825
774.3646
776.536
818.4967
806.0535
768.128
811.0964
792.9982
813.613
790.5695
796.7097
804.2531
795.5883
754.9963
778.8541
830.2249
816.4463
779.5948
819.8228
804.4253
791.701
819.1453
824.5466
770.8469
800.7311
793.0937
761.8653
807.0279
796.8962
805.6278
818.6196
806.6709
797.1656
838.9757
765.6288
817.2666
812.0032
787.1281
793.4465
840.6808
819.3469
808.1137
827.0452
780.9432
814.2119
810.7228
783.1889
784.3808
774.2225
810.5318
816.3866
773.1294
755.7313
819.0555
792.456
813.6823
798.3796
793.6488
827.2811
794.3279
794.3539
776.7433
788.8368
779.0918
776.6476
825.3151
826.1502
784.6027
770.4706
832.2445
805.744
842.1663
819.3273
805.4592
821.8303
780.7339
825.445
795.841
805.3398
792.2346
780.2998
802.721
767.4133
818.7318
793.9294
824.1132
802.5806
804.832
794.3723
809.5965
821.0231
777.9622
822.0329
797.2078
770.6896
793.2505
795.8583
818.5103
786.993
819.3031
804.008
793.5699
822.6965
766.7206
808.3957
794.4504
790.8479
809.272
856.128
794.048
817.0295
820.887
792.1232
853.4359
813.0224
778.9225
793.936
819.3925
793.9582
815.2791
810.7443
819.0424
773.6408
817.7502
819.1595
812.9359
826.599
787.44
772.4682
817.0441
790.1172
811.3396
789.8727
763.7864
805.7238
789.8435
791.2219
825.6865
797.4369
790.4187
771.2039
817.1748
802.061
818.5283
804.2406
773.9745
817.5381
773.6452
804.6828
795.1481
782.9356
801.1362
829.4565
811.0912
812.4119
801.8203
791.6349
794.5857
813.7337
773.2475
822.0297
803.3099
799.6744
798.8885
790.6978
799.1288
797.0688
807.4297
799.1283
786.1058
779.9562
772.385
786.6255
800.9708
771.0527
780.4866
805.7668
797.2498
819.7692
790.5599
801.4723
794.8508
822.5781
794.4548
788.1006
814.0221
806.6822
805.4633
810.048
818.9145
804.4239
796.241
786.1752
804.4686
778.036
775.3794
