0.2949231
0.293459
0.2873266
0.2931394
0.2880179
0.2894963
0.2968391
0.2958858
0.2872753
0.2952799
0.2885766
0.2969304
0.2897657
0.2898965
0.2937723
0.2895704
0.293865
0.2867141
0.2906691
0.2945827
0.2966486
0.2921811
0.2936612
0.2931277
0.2982761
0.2958146
0.2930089
0.2933491
0.2943638
0.291268
0.2871909
0.2958388
0.2992689
0.2961318
0.2896698
0.2904785
0.2916361
0.2934238
0.2899669
0.291522
0.2931565
0.2942851
0.2913868
0.2936319
0.2924519
0.2930524
0.2886562
0.2959276
0.2936175
0.2841621
0.2979654
0.2937343
0.2933369
0.2953043
0.2970187
0.2920019
0.2885461
0.2888524
0.2897016
0.2973653
0.2857456
0.2918782
0.2958363
0.2928949
0.2948188
0.2914366
0.2927006
0.2914722
0.2941808
0.2947701
0.297523
0.2952343
0.2912547
0.2970779
0.2897756
0.2937544
0.2944353
0.2943889
0.2950906
0.2890597
0.2947251
0.2889532
0.2930429
0.2975751
0.2929629
0.2987479
0.2957578
0.2925704
0.2972762
0.2909232
0.2947641
0.2899909
0.3018366
0.2903259
0.2884792
0.2953633
0.2930977
0.289965
0.2922082
0.2924587
0.2944673
0.2953425
0.2986028
0.2968038
0.295789
0.297517
0.2916215
0.2933571
0.2916083
0.2902056
0.2924215
0.2902319
0.2965605
0.2929005
0.288596
0.2918319
0.2925172
0.2891501
0.2888722
0.2954656
0.2907774
0.2912585
0.2894609
0.2895838
0.2931461
0.2910364
0.2878048
0.2956195
0.2941624
0.2920649
0.2905215
0.3003053
0.2907354
0.2966453
0.2886792
0.2909886
0.2853382
0.2923542
0.3007772
0.2954608
0.2871933
0.2896744
0.2935857
0.294765
0.2890987
0.2889665
0.2974272
0.2954274
0.2928275
0.2943178
0.2869266
0.2899329
0.2872264
0.2939136
0.296986
0.2969682
0.2975959
0.2895884
0.2883005
0.2897579
0.2918088
0.2944293
0.2928999
0.2859221
0.2963881
0.2973317
0.2911587
0.2996988
0.2919116
0.2961711
0.2884353
0.2964742
0.2835752
0.2937222
0.2930011
0.2903954
0.2950684
0.2905116
0.2919721
0.2922372
0.2845375
0.2908006
0.2848875
0.2936859
0.2966579
0.288915
0.2935542
0.2917767
0.288629
0.2914135
0.2904595
0.2826428
0.2915775
0.2916254
0.2918738
0.2970514
0.2928315
0.2911054
0.2959312
0.2906974
0.2906214
0.2959105
0.2929982
0.2909355
0.2917435
0.2931362
0.2940658
0.2843668
0.2918255
0.2933165
0.288065
0.2916126
0.285024
0.2905622
0.2918567
0.2891038
0.2978922
0.2904261
0.2923004
0.2958727
0.2883051
0.2854467
0.292719
0.2952559
0.2948407
0.2861914
0.2934238
0.2918032
0.2883178
0.2899526
0.2893999
0.2986583
0.3005615
0.2855106
0.2930744
0.289776
0.2936455
0.2932864
0.2933148
0.298951
0.29452
0.2950833
0.2912097
0.2909031
0.2906419
0.2901189
0.2957255
0.2912754
0.2938746
0.2930277
0.290678
0.2888237
0.2878645
0.2959407
0.2912931
0.2849757
0.2864941
0.2909799
0.2877382
0.292426
0.2898409
0.2878215
0.2884345
0.2902932
0.2927357
0.2968369
0.2947689
0.2969333
0.2900865
0.2927886
0.2879032
0.2900538
0.2955154
0.2861982
0.2889129
0.2852667
0.2933105
0.291811
0.2939269
0.2947774
0.2903313
0.2887981
0.2902865
0.2902577
0.2873923
0.2921598
0.2859812
0.2877404
0.2955957
0.2926605
0.2984266
0.2908909
0.2968201
0.2959666
0.295512
0.2892379
0.2938301
0.2874717
0.2834289
0.2919449
0.2940652
0.2918183
0.2913841
0.299152
0.2913521
0.2961954
0.2937811
0.2928873
0.2921116
0.2872487
0.2927379
0.2865875
0.2910373
0.2919487
0.2967544
0.2903609
0.2915776
0.2907372
0.2908826
0.2859376
0.285516
0.2914344
0.2964101
0.2908657
0.2966047
0.2920332
0.2826481
0.2929611
0.2845344
0.2981394
0.2871573
0.2937898
0.2923165
0.2913859
0.2950679
0.2892056
0.2972419
0.2932278
0.2935509
0.2945366
0.2867655
0.2932367
0.2894958
0.2911586
0.295755
0.2878098
0.2931439
0.2907407
0.2849729
0.2875846
0.289067
0.294401
0.293046
0.2940676
0.283576
0.2855563
0.2832141
0.2935969
0.2936251
0.2866587
0.2919632
0.295292
0.2848411
0.2959351
0.2931631
0.2886591
0.2895239
0.2921127
0.2874554
0.2983094
0.2870566
0.2896605
0.2942813
0.297994
0.2912667
0.296057
0.2937562
0.2911245
0.2936181
0.2929249
0.2900553
0.2888581
0.2931434
0.2906248
0.30021
0.2896361
0.2991037
0.2870865
0.2984524
0.2876862
0.2921339
0.2914424
0.2887841
0.290449
0.2930041
0.2940623
0.2877207
0.291113
0.2953875
0.2878438
0.2968967
0.2953455
0.2880184
0.2941949
0.2976795
0.2916074
0.2886734
0.2944722
0.2937141
0.2957084
0.2863135
0.2975473
0.2866781
0.2908098
0.2995555
0.2910343
0.2904835
0.2909392
0.2919922
0.2933661
0.2906068
0.2847188
0.2988338
0.2982249
0.2904274
0.2915963
0.2929283
0.2974619
0.2940738
0.2922391
0.2928921
0.2860423
0.2901323
0.2922624
0.2921395
0.2930359
0.2918657
0.2928805
0.2930606
0.2916189
0.2920608
0.2871203
0.2855024
0.2914698
0.2918741
0.2961051
0.286651
0.293252
0.288432
0.2938942
0.2812514
0.2896627
0.2935092
0.2963124
0.2876976
0.2943258
0.2914357
0.2959391
0.286641
0.290953
0.2918904
0.2853778
0.2939428
0.2902046
0.2923392
0.2868725
0.2943595
0.2920249
0.2948089
0.2859138
0.2935014
0.2962264
0.2908052
0.2926202
0.2980865
0.2851006
0.2928016
0.2935243
0.2891335
0.2902573
0.291066
0.2955233
0.2918703
0.2925481
0.2891218
0.2928871
0.2913903
0.2889354
0.2918473
0.2958451
0.2875429
0.2913088
0.288522
0.2896958
0.2979457
0.2858988
0.2974752
0.2848062
0.2962246
0.2883975
0.2931609
0.2908166
0.292734
0.2871903
0.2970298
0.2851956
0.297287
0.2906788
0.2952306
0.2974226
0.2868147
0.2923213
0.2813205
0.2924348
0.2945236
0.2882875
0.2891945
0.2913627
0.2949982
0.2926639
0.2927813
0.2896482
0.292381
0.2906176
0.2873401
0.3010745
0.2993836
0.2909695
0.2961615
0.2883596
0.2859558
0.2927351
0.293445
0.2924792
0.2810541
0.2967947
0.2895219
0.2874442
0.2914533
0.2904051
0.2946129
0.298968
0.2956983
0.2926264
0.2898029
0.2853977
0.2970392
0.2931367
0.2924561
0.2895235
0.2877187
0.2942809
0.2902704
0.2896061
0.2887854
0.2922047
0.2907365
0.294644
0.2915345
0.2974702
0.2965763
0.2938758
0.2913184
0.3005866
0.2940442
0.290952
0.2904489
0.2849433
0.2933383
0.2898458
0.2875241
0.2952234
0.2842022
0.2952134
0.2925444
0.2872627
0.2884971
0.293079
0.290215
0.3026033
0.2952745
0.2877168
0.2892072
0.2938852
0.2937332
0.3004723
0.2909165
0.2923445
0.2834628
0.2919278
0.2883675
0.2870377
0.28901
0.2878774
0.2944612
0.2964137
0.288715
0.2878884
0.2920825
0.2878735
0.2899148
0.2955648
0.2901572
0.2916195
0.2988484
0.295233
0.289809
0.2883503
0.293478
0.2926916
0.2951681
0.2934001
0.2908632
0.2883796
0.2858026
0.2905734
0.2980202
0.2911222
0.2919619
0.2890239
0.2899577
0.2917872
0.289805
0.2978582
0.2947825
0.2968076
0.2894938
0.2991283
0.2956194
0.2916069
0.2930813
0.2962681
0.2936929
0.2902266
0.2920037
0.2935036
0.2913344
0.2858851
0.2883797
0.2909318
0.2905894
0.2926768
0.2898562
0.294751
0.293041
0.2920749
0.2889063
0.2931057
0.2979647
0.2900925
0.2910061
0.293368
0.2928439
0.2906238
0.2934037
0.292824
0.2929315
0.2938486
0.2868209
0.2945363
0.2889213
0.2956381
0.2962403
0.2912522
0.2980745
0.2881065
0.2907392
0.2888505
0.2926006
0.2921647
0.296317
0.2942909
0.2919625
0.2955988
0.2992882
0.2911595
0.2950991
0.2918692
0.2878134
0.2932357
0.2882957
0.2898362
0.2946237
0.2915328
0.2958177
0.2919365
0.2918709
0.2884201
0.2846735
0.2938402
0.2845767
0.2934316
0.2948362
0.2936949
0.2933728
0.2939046
0.292625
0.2869227
0.2912337
0.2925924
0.2887794
0.2942256
0.2949625
0.2981855
0.292491
0.2890349
0.2978026
0.2896623
0.2881701
0.2946029
0.2957292
0.2882389
0.2898639
0.2899699
0.2907967
0.2882522
0.2978054
0.2907532
0.2882796
0.2903981
0.2896511
0.2883144
0.2915348
0.2962523
0.2917416
0.286884
0.2936139
0.296871
0.2943614
0.2971177
0.2902727
0.2944766
0.2993585
0.2905405
0.2926646
0.2931573
0.2969504
0.2946473
0.2884013
0.2865046
0.2889564
0.3007849
0.2909574
0.288597
0.2921428
0.2905008
0.2924568
0.2883141
0.2852998
0.2952651
0.2967743
0.286616
0.2936324
0.2908236
0.2875385
0.2892434
0.2917818
0.2885233
0.2859995
0.2895913
0.2904239
0.2921151
0.293646
0.2948323
0.3025459
0.2905684
0.2915929
0.2917729
0.2898216
0.286459
0.2919992
0.2920936
0.2916181
0.2899705
0.2920669
0.2871172
0.2885125
0.2900835
0.2855834
0.2864989
0.2922109
0.2898401
0.2902448
0.2912496
0.2900023
0.2946897
0.2841375
0.2945209
0.292705
0.2937578
0.288839
0.2914485
0.2882148
0.296149
0.2871433
0.2857502
0.2860561
0.2881449
0.2956391
0.2942219
0.2884624
0.2927727
0.2897705
0.2931315
0.2910591
0.2884924
0.2937758
0.2921543
0.2973234
0.2897409
0.2873251
0.2898638
0.2958182
0.2866834
0.2953126
0.2928125
0.2974093
0.2946569
0.2921413
0.2939871
0.2936351
0.2948891
0.2916274
0.2939418
0.2872223
0.2927017
0.2911608
0.2910585
0.2918916
0.3012087
0.3000043
0.2881727
0.3032884
0.2943283
0.2919097
0.2894626
0.2864877
0.2887336
0.2892738
0.2900805
0.2918651
0.2909781
0.2910161
0.287645
0.2945572
0.2937754
0.2922785
0.2909442
0.2910845
0.2910645
0.291876
0.2897389
0.2892298
0.291247
0.2862105
0.2918377
0.2878151
0.2913709
0.2892622
0.2904924
0.3027129
0.2935365
0.2885286
0.2932019
0.2929937
0.2906326
0.291246
0.2933646
0.2912564
0.292409
0.2839682
0.2994937
0.2912964
0.297018
0.2898679
0.2901051
0.2916824
0.2948431
0.2903706
0.2884792
0.2928028
0.288489
0.2906876
0.2944588
0.2908797
0.2859499
0.2962455
0.2914914
0.2991256
0.29398
0.2919788
0.3031401
0.2867125
0.2954076
0.294004
0.2954034
0.297046
0.2881016
0.2889479
0.2928535
0.2996558
0.2907743
0.2878585
0.2910452
0.2900745
0.2897569
0.2941847
0.2933179
0.2993815
0.2870672
0.2917992
0.2933778
0.291142
0.2867071
0.2847165
0.2894466
0.2923404
0.2912019
0.2948406
0.2896352
0.2932942
0.2975953
0.2977055
0.2926831
0.2896672
0.2993051
0.2924791
0.2906034
0.2853517
0.2902991
0.2926711
0.2940822
0.2953373
0.2888135
0.290211
0.289058
0.2975654
0.2935525
0.2939341
0.2916085
0.2970805
0.2872494
0.2946604
0.2916214
0.2927448
0.291632
0.2896267
0.293832
0.2896857
0.2900324
0.2907791
0.2895912
0.2894013
0.2925789
0.2873335
0.2958351
0.289125
0.2957126
0.2902774
0.2914839
0.2901948
0.296395
0.2974994
0.2896368
0.2910735
0.292316
0.2881831
0.2919891
0.2951135
0.2892898
0.289728
0.2890146
0.2932043
0.2981328
0.2928726
0.2860913
0.2895644
0.2925688
0.2921123
0.290406
0.2925918
0.2948864
0.2974834
0.2933585
0.2892278
0.2879344
0.291286
0.287196
0.2931224
0.2900301
0.2894086
0.2934639
0.292402
0.2822293
0.2904049
0.2911277
0.291953
0.2901695
0.2962238
0.2889086
0.2913121
0.2912617
0.2897923
0.2927288
0.2939131
0.2890954
0.2903901
0.2959208
0.2888083
0.2952869
0.2844554
0.2994907
0.2854033
0.2927428
0.2944177
0.2910871
0.2912673
0.2957322
0.2939022
0.2951629
0.2956386
0.2941861
0.2915149
0.2936922
0.2875243
0.2903735
0.2851354
0.2898685
0.2905489
0.289588
0.2823805
0.2979973
0.2921402
0.2891082
0.2951655
0.2955674
0.287875
0.2935613
0.2947193
0.2951016
0.2893532
0.2958344
0.2917124
0.2910099
0.2880428
0.2896641
0.2910305
0.2921501
0.2950511
0.2995612
0.2952425
0.2858499
0.2890502
0.2937846
0.2961499
0.2917799
0.2920607
0.2921198
0.2885652
0.2896065
0.2914735
0.29154
0.2877897
0.2942112
0.2889972
0.2950757
0.29135
0.2945333
0.2950549
0.2938841
0.2898327
0.2879241
0.2969434
0.293276
0.2895459
0.2889966
0.2899459
0.2924711
0.2898829
0.2922107
0.2914219
0.2900147
0.2951082
0.2917458
0.2880993
0.2908095
0.2924761
0.2922311
0.2908806
0.2947565
0.2931078
0.2937598
0.2885216
0.2947564
0.2928626
0.2900069
0.2961339
0.2873619
0.2923824
0.2917935
0.293391
0.2868485
0.2877818
0.289497
0.2905624
0.2902317
0.2976877
0.2895239
0.2860749
0.287643
0.2910908
0.2917117
0.28616
0.2873299
0.2928343
0.2972465
0.2886873
0.2928537
0.2971843
0.2938114
0.2879668
0.2945217
0.2926658
0.2908106
0.2945414
0.2833474
0.2884588
0.2874076
0.2952858
0.2906408
0.2935167
0.290586
0.2940276
0.2933847
0.2910128
0.2950098
0.2943548
0.2895994
0.2958097
0.2878862
0.2918734
0.2892972
0.2930372
0.2938061
0.2919577
0.286718
0.2920257
0.2917425
0.286571
0.2928439
0.2927539
0.2915314
0.2912213
0.2937487
0.2978308
0.2993598
0.2939876
0.2900735
0.2991698
0.2930693
0.2907374
0.2989566
0.2967122
0.2875594
0.2928462
0.2891398
0.2900424
0.2916703
0.2874255
0.2944511
0.2896478
0.2978087
0.2870008
0.2840834
0.2908459
0.2934421
0.29522
0.2912763
0.2928054
0.296678
0.2810252
0.2914218
0.2906213
0.2898409
0.2952459
0.290584
0.2917768
0.2922037
0.2904721
0.2913946
0.2927593
0.290794
0.2929268
0.2939357
0.2934374
0.2918035
0.2890381
0.2951145
0.2965927
0.2947831
0.28897
0.2923288
0.2940116
0.2882281
0.289218
0.2903047
0.2917845
0.2929507
0.296401
0.2940446
0.2918263
0.2877372
0.2926384
0.2934543
0.2944245
0.2926946
0.2896617
0.2913694
0.2870695
0.2881689
0.2941768
0.2916276
0.2931197
0.2998359
0.292424
0.2942404
0.2935747
0.2931237
0.2917389
0.2915158
0.2936067
0.2942551
0.2879555
0.2924122
0.2873223
0.29186
0.2892931
0.2939649
0.2997754
0.2884085
0.2941247
0.2897225
0.2903276
0.2934296
0.2896468
0.2864968
0.2945692
0.2855656
0.2906509
0.2908414
0.2914087
0.2976226
0.2908664
0.2956706
0.2926049
0.2925414
0.2887746
0.2916065
0.2919819
0.29207
0.2912531
0.2924984
0.2935846
0.2896157
0.2907581
0.2955475
0.2883562
0.2895675
0.2921832
0.2932154
0.2944544
0.2924253
0.2899217
0.2939787
0.2964943
0.2908743
0.2951421
0.2924429
0.2823347
0.296752
0.2898584
0.2971204
0.2948962
0.2921326
0.2885602
0.2908716
0.2974107
0.2901788
0.2899461
0.2946405
0.2954114
0.2885602
0.293676
0.283766
0.2912313
0.295396
0.2963396
0.2911235
0.2874938
0.2853508
0.2948737
0.2936848
0.2968754
0.2943104
0.2927047
0.2950382
0.2910664
0.2936252
0.2898187
0.294514
0.2846662
0.2965868
0.292029
0.2928186
0.2897213
0.2899424
0.2944079
0.2912255
0.2955496
0.2966051
0.2940943
0.2902841
0.2925376
0.2979566
0.2886727
0.2922728
0.2920054
0.2870496
0.2843061
0.2925629
0.2911577
0.2932146
0.2895883
0.2889857
0.2900084
0.2973471
0.2926651
0.2943761
0.2943177
0.2906244
0.2898897
0.2963541
0.2949919
0.2898634
0.2869657
0.2979862
0.2860369
0.2838574
0.2935186
0.2877546
0.2941921
0.2908357
0.292723
0.2961472
0.2879741
0.2895865
0.2926585
0.2914937
0.2890702
0.2900908
0.2940494
0.2899129
0.2920748
0.295095
0.2949184
0.2935441
0.2957815
0.2922267
0.2950919
0.2895254
0.291706
0.2917992
0.2910995
0.2902322
0.2896376
0.2937919
0.2902571
0.2834062
0.2911039
0.2937121
0.292213
0.2878928
0.2904271
0.2876221
0.2932827
0.2920588
0.2880397
0.2921552
0.296279
0.2911934
0.2931572
0.2901164
0.2879599
0.28531
0.299805
0.2914646
0.2880979
0.2910321
0.2883487
0.2950385
0.2929672
0.2914492
0.2906216
0.2922501
0.2898857
0.2914864
0.2941158
0.2923099
0.2904966
0.2877556
0.2938743
0.2913858
0.2935637
0.2900639
0.2858658
0.2937569
0.2914703
0.2877611
0.292527
0.2897289
0.2973617
0.2949086
0.2944551
0.2889054
0.2933528
0.2933422
0.2948121
0.292179
0.2892108
0.2909466
0.2919381
0.2943023
0.2907483
0.2939212
0.2929768
0.2929964
0.2929105
0.2923729
0.2893316
0.2942748
0.2933995
0.2952025
0.2891423
0.289678
0.2889565
0.2874165
0.2936234
0.2893597
0.2943439
0.290978
0.2922559
0.2916897
0.299654
0.2893976
0.2920238
0.2899057
0.2841675
0.2880796
0.2890674
0.2916539
0.2927418
0.2901809
0.3002072
0.293309
0.2973921
0.2874376
0.2920252
0.2889284
0.3014695
0.2901991
0.2951961
0.2962567
0.2938885
0.2888941
0.2902341
0.2949055
0.2921842
0.2912001
0.2926146
0.2937395
0.2946225
0.2887553
0.2976954
0.2980517
0.3019603
0.2919648
0.2975767
0.2948481
0.2939557
0.2961905
0.2858348
0.2874816
0.2863219
0.2897656
0.2919841
0.291828
0.2888498
0.2930251
0.293858
0.2938288
0.2968528
0.2929955
0.294658
0.2911604
0.2894736
0.2936622
0.2896343
0.2920819
0.2966736
0.2903729
0.290973
0.2907105
0.2893321
0.289778
0.2946897
0.285482
0.2885097
0.2947993
0.2889067
0.2915388
0.2824466
0.2935211
0.2900846
0.2910905
0.2920071
0.290603
0.2859518
0.2896269
0.2921128
0.2945458
0.2932869
0.2908755
0.2940806
0.2929579
0.2915824
0.298368
0.2937823
0.2936874
0.2924161
0.2960547
0.2981967
0.2958474
0.2957715
0.2931843
0.2877403
0.2910118
0.2939323
0.2911302
0.2980031
0.296505
0.2871539
0.2872396
0.2956584
0.2895767
0.291607
0.2945766
0.292955
0.2943634
0.2924119
0.2915703
0.2922115
0.2927583
0.2883174
0.2899465
0.2955154
0.2883719
0.2936337
0.2903874
0.2948277
0.2900596
0.2904992
0.2888404
0.2891984
0.2970295
0.2902907
0.2878928
0.288569
0.2905569
0.2875373
0.2904928
0.293546
0.2899318
0.2903617
0.2986891
0.2909742
0.2911908
0.289517
0.2948484
0.295611
0.2903499
0.2883321
0.2941926
0.2913335
0.2902109
0.2923003
0.293302
0.2858617
0.2927627
0.2989687
0.2936363
0.2920095
0.2917376
0.2861984
0.284969
0.2894117
0.2949214
0.2886575
0.2934495
0.2919937
0.2932556
0.2877178
0.2918118
0.2982071
0.2953211
0.2955015
0.2861636
0.2829873
0.2941195
0.2902616
0.2858565
0.2952765
0.2904622
0.2889327
0.2918347
0.2877216
0.2939111
0.2955727
0.2947319
0.2923932
0.2898104
0.2944093
0.2941461
0.2949414
0.2965174
0.290642
0.290902
0.2879413
0.2958081
0.2900866
0.2948278
0.2847966
0.2935547
0.2948988
0.2909957
0.2935544
0.2934216
0.2880196
0.2965849
0.2879177
0.2916397
0.2821142
0.2884486
0.2969196
0.2910938
0.2970814
0.2926163
0.2873049
0.2982322
0.2923832
0.2984337
0.2861702
0.2886028
0.2870365
0.2951678
0.2951837
0.2962842
0.2899459
0.2863326
0.2895039
0.2921723
0.2991553
0.2922569
0.290702
0.2888187
0.2948135
0.2902127
0.2911523
0.2946103
0.2925473
0.2894664
0.2996444
0.293819
0.2892611
0.2929138
0.2911784
0.2919477
0.2903988
0.2918581
0.2965729
0.2965357
0.291012
0.2951893
0.292982
0.2958994
0.2895212
0.2930071
0.2846564
0.2985936
0.2950285
0.2966684
0.2927585
0.2905228
0.2952203
0.2920672
0.2945365
0.2939567
0.2868135
0.2915031
0.2897106
0.2899558
0.291047
0.2962897
0.2882981
0.2946474
0.2914513
0.288592
0.2930342
0.2870474
0.2937162
0.2881453
0.2939237
0.297967
0.2917862
0.2956296
0.2961162
0.2948172
0.2985924
0.293469
0.2911353
0.2933122
0.2899047
0.2904574
0.2938091
0.2917456
0.2946825
0.2976305
0.2946402
0.2931519
0.2978204
0.2870436
0.2889015
0.2903356
0.2916968
0.2911977
0.2901649
0.292992
0.2915292
0.2879652
0.2906269
0.2934785
0.292448
0.2906552
0.2952534
0.291564
0.292118
0.2877187
0.2948614
0.2858023
0.2846022
0.292219
0.288222
0.2892898
0.2922998
0.2873511
0.2965878
0.2977267
0.2986737
0.2939579
0.2898408
0.2952597
0.2939561
0.2840944
0.2928691
0.2953906
0.2931894
0.2866178
0.2899438
0.2971526
0.2935975
0.2899727
0.2956426
0.2934469
0.2904973
0.2883174
0.2956796
0.2943247
0.2916395
0.2936845
0.2944811
0.3023204
0.2910058
0.28773
0.287498
0.2891009
0.2942265
0.2911996
0.292841
0.2961107
0.3011626
0.2972406
0.2972236
0.2930284
0.297469
0.292965
0.2915187
0.2897451
0.2900858
0.2856527
0.2950073
0.2927002
0.2951775
0.2958347
0.3002062
0.2922512
0.293508
0.2873323
0.2951635
0.2948966
0.2959434
0.291938
0.2928481
0.2928315
0.2884154
0.2907949
0.2902491
0.2932848
0.2872628
0.2942768
0.2888617
0.289509
0.2884427
0.2881811
0.296673
0.2936448
0.2935476
0.2939935
0.2902024
0.2922957
0.2932411
0.2894079
0.2857103
0.2934288
0.2937986
0.2872995
0.2883692
0.2984306
0.2931329
0.2933339
0.2909674
0.290602
0.2918797
0.291198
0.2879157
0.2865254
0.2943637
0.2915723
0.2927537
0.2930749
0.2964625
0.2914695
0.2933784
0.2974344
0.290012
0.293589
0.2872904
0.2931633
0.3000278
0.2927449
0.2931547
0.2970353
0.2909034
0.2906738
0.2918639
0.2924319
0.2894283
0.2938922
0.2889169
0.2908451
0.2933488
0.294398
0.2938779
0.2899683
0.2945252
0.2842366
0.2928403
0.2925079
0.2911423
0.2907924
0.2896905
0.2923407
0.2850598
0.2927281
0.2898939
0.2873388
0.290255
0.2891371
0.290746
0.3003103
0.2965145
0.2904805
0.2915159
0.29453
0.2897299
0.2926877
0.2900268
0.2946777
0.2977457
0.2944358
0.289562
0.2917506
0.289623
0.2881967
0.2940063
0.2922464
0.296838
0.2898399
0.289668
0.2890599
0.2903907
0.290068
0.2936947
0.2891771
0.2881037
0.289205
0.2953746
0.2954359
0.2893504
0.2940701
0.2926063
0.2912859
0.299278
0.2918295
0.2859718
0.2879812
0.2947628
0.2903731
0.2902626
0.2925943
0.2938356
0.290951
0.2895053
0.2931783
0.291124
0.2917127
0.289818
0.2926288
0.2869198
0.2923519
0.2897424
0.2867943
0.2919772
0.2987147
0.2939163
0.2931218
0.2910892
0.2934185
0.2906591
0.29332
0.2940106
0.2872854
0.2883941
0.2907616
0.2946904
0.2935674
0.2931794
0.2946253
0.2967248
0.2938395
0.2936235
0.2918939
0.2949921
0.2915616
0.2918266
0.2889143
0.2955101
0.2907312
0.2889652
0.2909564
0.2955263
0.2896187
0.296055
0.2825974
0.2977201
0.2882491
0.2913204
0.2919192
0.2884398
0.2942603
0.2946249
0.2923424
0.2919987
0.287804
0.2869356
0.2898528
0.2932732
0.2805867
0.2906257
0.2901918
0.2898485
0.2920515
0.2929792
0.2913663
0.2961054
0.2983917
0.2919402
0.2950826
0.2905654
0.2969442
0.2927335
0.2937393
0.290438
0.2915612
0.2910711
0.2938722
0.2942488
0.2938545
0.286282
0.2971701
0.292484
0.29272
0.2939015
0.294597
0.2922104
0.2922114
0.2926474
0.2983273
0.2936234
0.2935209
0.2864996
0.2948342
0.2864233
0.2951037
0.2896769
0.2947125
0.2890414
0.2927158
0.2923387
0.2917607
0.2950913
0.2918402
0.2939145
0.2950328
0.2893889
0.2913598
0.2925859
0.2945985
0.2915185
0.2860599
0.2955895
0.289401
0.2906377
0.2883395
0.2968436
0.2879257
0.2911556
0.2951011
0.2932301
0.2946299
0.2944356
0.2911494
0.2936126
0.2907084
0.2941266
0.2912089
0.2856557
0.2928232
0.291997
0.2940081
0.2827149
0.2872467
0.2958011
0.2871613
0.2880814
0.2908421
0.2883797
0.2926505
0.2875459
0.2977249
0.2936046
0.2868119
0.2922247
0.2905038
0.2915441
0.2962594
0.2967142
0.2957731
0.29234
0.2917078
0.2995611
0.2944581
0.2876247
0.2937088
0.2921138
0.2930163
0.2958498
0.2952527
0.2942253
0.2991202
0.2951877
0.2881995
0.2907474
0.2930663
0.2895594
0.2884671
0.3009783
0.2875694
0.2980626
0.2914797
0.2893134
0.2849894
0.2964858
0.291118
0.291551
0.2860972
0.2907965
0.2865029
0.2851685
0.2939326
0.2930879
0.2862978
0.2941035
0.2858893
0.2928678
0.2996081
0.2940189
0.2875695
0.2915974
0.2879711
0.288609
0.2944993
0.2858784
0.2968887
0.2944357
0.2920086
0.2932874
0.2931551
0.2864858
0.2907898
0.2912166
0.2978531
0.2934885
0.2889189
0.2933058
0.297282
0.2957666
0.2998301
0.291838
0.2922129
0.2963222
0.2921481
0.2885677
0.2946935
0.2885924
0.2918925
0.2934973
0.2947351
0.2869926
0.2926817
0.2920021
0.2880018
0.2956411
0.2910847
0.2843884
0.2884312
0.2860739
0.2912254
0.2904913
0.2939977
0.2867491
0.2956087
0.2934376
0.291379
0.2944523
0.2934476
0.2863525
0.289292
0.2959028
0.2858402
0.2933895
0.2877696
0.2960299
0.2908084
0.2925046
0.2917138
0.2919085
0.2975458
0.2902034
0.2947367
0.2882721
0.2891173
0.2900841
0.2954322
0.290662
0.3024682
0.2915362
0.2907887
0.2890869
0.2830207
0.2926076
0.2930902
0.2982282
0.292375
0.289654
0.2900347
0.2877901
0.2872106
0.2898598
0.2948766
0.2886734
0.2902316
0.2925342
0.294008
0.2935085
0.2949183
0.2892253
0.2892566
0.2909931
0.2923506
0.2951191
0.2949147
0.2919671
0.2929446
0.2947137
0.284485
0.2893798
0.2862791
0.2979466
0.2916392
0.2858841
0.2992241
0.2884443
0.2881289
0.2925506
0.2961792
0.2905831
0.2933303
0.2976032
0.2856421
0.2922185
0.2929284
0.2928508
0.2887835
0.2942857
0.2925433
0.2928261
0.2904117
0.2872306
0.300396
0.2966603
0.2911438
0.2950408
0.2885417
0.2912703
0.2906488
0.2846638
0.2900963
0.2949558
0.3005459
0.2932399
0.2923336
0.2901789
0.290716
0.2959153
0.2987592
0.2847888
0.2915023
0.2882152
0.2893984
0.2942553
0.2858302
0.2881837
0.2896862
0.2902282
0.293969
0.29197
0.2900786
0.288382
0.2944356
0.2913445
0.2925395
0.2933978
0.2957199
0.2933749
0.2918726
0.2965237
0.2980351
0.2930561
0.2976476
0.2908744
0.2933954
0.289704
0.295055
0.2871556
0.290821
0.286712
0.2925146
0.2869213
0.3006348
0.2869668
0.2906346
0.2927146
0.2959326
0.290658
0.2877377
0.2914965
0.28995
0.2935159
0.2888986
0.2892249
0.2877946
0.2944583
0.2974101
0.2857492
0.2927886
0.2925034
0.2902154
0.294271
0.2897979
0.2963332
0.2925175
0.2922289
0.2924285
0.2936627
0.2894072
0.2996084
0.2960191
0.2958231
0.2885703
0.288315
0.2913206
0.2952108
0.2927487
0.2977427
0.2944393
0.2923294
0.292553
0.288722
0.2909217
0.2935057
0.2862004
0.2907691
0.2946433
0.2881557
0.2975022
0.290389
0.2941152
0.2849582
0.2915236
0.2915492
0.2928565
0.2934292
0.297312
0.2837877
0.2939664
0.2909543
0.2923345
0.2924445
0.2911076
0.2865624
0.2987703
0.2938581
0.2886653
0.2907656
0.2926084
0.2934382
0.2932521
0.293052
0.2945855
0.2939272
0.2950575
0.2906872
0.2873783
0.2879109
0.292508
0.2889353
0.2903395
0.2892453
0.2934028
0.2954077
0.2889543
0.2919198
0.2888012
0.2875536
0.2956199
0.2908493
0.2957095
0.2912055
0.2968771
0.2957268
0.292184
0.2931223
0.2950493
0.2911818
0.2897729
0.2868447
0.2919605
0.2927306
0.2922743
0.2909795
0.2956429
0.2946382
0.2899297
0.29225
0.287987
0.2914748
0.2970045
0.2923237
0.2964397
0.2952815
0.2956898
0.2954716
0.2897457
0.2921204
0.2885963
0.2927563
0.287893
0.2894128
0.2898043
0.2829941
0.293453
0.2881827
0.2949024
0.2903962
0.2891615
0.2913858
0.2918048
0.2922768
0.2862802
0.2897123
0.29444
0.289061
0.2942984
0.2949487
0.2837034
0.2907499
0.284322
0.2922257
0.2906414
0.2932285
0.2911094
0.2909696
0.2979976
0.2882972
0.301117
0.2942932
0.2941878
0.2951407
0.2986824
0.2871302
0.296127
0.2928964
0.2880292
0.2913942
0.2877587
0.2910665
0.2885468
0.2893753
0.2849687
0.2900552
0.2948204
0.2950042
0.2960632
0.2947026
0.2940653
0.2889745
0.2893235
0.2981006
0.2935605
0.2920414
0.2864809
0.2932744
0.2955072
0.2969748
0.2966152
0.290454
0.2843062
0.2894351
0.2908788
0.2856986
0.2940854
0.2903094
0.2947437
0.29863
0.293041
0.2961462
0.2897896
0.2973741
0.2902855
0.2893971
0.2862164
0.2849763
0.2972293
0.2843283
0.2936122
0.2906497
0.2925179
0.293205
0.2993199
0.2943762
0.2873206
0.2940495
0.2973888
0.2933065
0.2925606
0.2911943
0.2904306
0.2920172
0.2935978
0.2928412
0.2881957
0.2939705
0.292485
0.2923767
0.2914046
0.2922284
0.2884562
0.2882672
0.2971709
0.2861233
0.2970376
0.2922669
0.2980695
0.289992
0.2942041
0.2902954
0.2904273
0.2903052
0.2932881
0.2966517
0.2978209
0.2950158
0.2873268
0.286085
0.2931081
0.2954369
0.2948374
0.2957558
0.2942749
0.295322
0.2957394
0.2989045
0.2928653
0.2952692
0.2886609
0.2911256
0.2891061
0.2911683
0.2989724
0.2919533
0.297605
0.2898764
0.294718
0.2835449
0.2925272
0.2938532
0.2913572
0.2957191
0.2920217
0.2961551
0.2910453
0.2933141
0.289667
0.292555
0.2872361
0.2920257
0.2855896
0.2934148
0.2862477
0.2889512
0.2928032
0.2937604
0.2943769
0.2894649
0.2921314
0.2881208
0.2940072
0.293463
0.2927873
0.2914058
0.2989502
0.2954438
0.2936016
0.2886485
0.2911636
0.2878824
0.2902054
0.2957552
0.2936523
0.2852146
0.2909905
0.2941088
0.2863973
0.2958264
0.2850145
0.2893814
0.2942933
0.2965896
0.2856513
0.2922325
0.2947992
0.2982278
0.2971267
0.2871939
0.2911811
0.2875993
0.2893852
0.2964261
0.2906619
0.3000136
0.2906021
0.2938373
0.2900773
0.3005886
0.2893587
0.2932884
0.2930853
0.2913616
0.2984604
0.2885021
0.2925469
0.2933672
0.2846651
0.293119
0.2924195
0.2937598
0.2871996
0.2951952
0.2927765
0.2947097
0.2920914
0.2958982
0.2927671
0.2946922
0.2931797
0.2926103
0.2884782
0.2883634
0.2876644
0.2919683
0.2964169
0.2933896
0.2967162
0.2912231
0.2882448
0.2900282
0.2961821
0.2948506
0.297146
0.2902396
0.2946425
0.2927059
0.2880983
0.2914304
0.2889348
0.2910612
0.2914235
0.2961419
0.2955577
0.2878076
0.2880491
0.2912193
0.2930514
0.2923716
0.2923727
0.291863
0.294561
0.2931681
0.2956124
0.2891104
0.289363
0.2893663
0.2950253
0.2826769
0.2913997
0.2992002
0.2876836
0.2887953
0.291962
0.2952398
0.2878316
0.2879781
0.2903065
0.2907639
0.2907814
0.2978577
0.2924014
0.2983366
0.2896201
0.2978613
0.2945543
0.2949026
0.2909898
0.2949143
0.2936715
0.2910316
0.293318
0.2942473
0.2963839
0.2900238
0.2929808
0.2968497
0.2862617
0.2954287
0.2903355
0.2932176
0.2881501
0.2936343
0.2917356
0.2868894
0.291877
0.2921883
0.2950094
0.2976833
0.2873254
0.2926247
0.2901584
0.2945435
0.2982817
0.2924144
0.2922928
0.2957414
0.2958521
0.289569
0.2903175
0.2947446
0.2869082
0.2922424
0.2895405
0.2967292
0.2925079
0.2933073
0.2956958
0.297134
0.2930551
0.2967526
0.2934503
0.2912024
0.2980125
0.2950661
0.2848527
0.2983632
0.2896456
0.2964599
0.2912395
0.2928017
0.2859682
0.2930228
0.2906026
0.2899919
0.3044534
0.2859884
0.2905849
0.2915301
0.2909239
0.2924364
0.2917653
0.290306
0.2924877
0.286527
0.2882322
0.2943713
0.2843815
0.2922441
0.2917455
0.2987146
0.2850403
0.2933592
0.291697
0.2887576
0.2899204
0.2876644
0.2898534
0.2923873
0.2927387
0.2958832
0.2908041
0.2844485
0.291165
0.2949836
0.2948358
0.2898393
0.2906994
0.2900199
0.2883515
0.2912942
0.2892074
0.2950342
0.2892579
0.2909484
0.2887717
0.294023
0.2896927
0.2904333
0.2930423
0.2944208
0.2901676
0.2855333
0.2909673
0.2942703
0.2927425
0.2911811
0.2964405
0.290832
0.2923236
0.2916627
0.2886913
0.2966842
0.2919344
0.2908177
0.2971118
0.2947548
0.2957997
0.2923635
0.291078
0.2929191
0.29249
0.2955165
0.2959029
0.2868496
0.291896
0.2885879
0.2962351
0.2980005
0.2937506
0.289445
0.2942815
0.290027
0.2966314
0.2814215
0.2893911
0.290753
0.2926939
0.2895894
0.2963072
0.2927143
0.2925501
0.2915059
0.2876538
0.2882015
0.2930024
0.2860246
0.294506
0.3003079
0.2858112
0.2902732
0.2940727
0.2955031
0.2845724
0.2952421
0.2883981
0.2919444
0.289952
0.2946162
0.2917735
0.2948899
0.2877086
0.291207
0.2963824
0.2874324
0.2910909
0.2901287
0.2926121
0.2884961
0.2948352
0.2910815
0.2887081
0.2983186
0.2909141
0.2863828
0.2895186
0.2912006
0.2897844
0.29655
0.2923489
0.2910887
0.2927663
0.298227
0.2935588
0.2922718
0.2914838
0.2935139
0.2873254
0.2962429
0.2999326
0.2973318
0.2937063
0.2947214
0.2922429
0.2939699
0.2923368
0.288912
0.2947385
0.2918969
0.2947075
0.292404
0.2883743
0.2948266
0.2967849
0.2984977
0.2950368
0.2899263
0.29286
0.2878007
0.2937419
0.2917635
0.2881103
0.2929025
0.2942071
0.2944592
0.2936799
0.2965406
0.286545
0.2870403
0.2896579
0.2921408
0.288612
0.2920498
0.2933046
0.2914575
0.2894207
0.2902854
0.2952245
0.2871348
0.2964861
0.2922892
0.2930678
0.2902287
0.2896151
0.2950703
0.2936235
0.2902693
0.2926166
0.2950878
0.2952152
0.2971677
0.292673
0.2911338
0.2901407
0.287966
0.2865735
0.2973723
0.2876101
0.2869986
0.2899234
0.2939184
0.2919945
0.2926767
0.2882938
0.2920064
0.2896544
0.2878211
0.2904793
0.2905061
0.2973635
0.2914788
0.2921122
0.2979465
0.2939758
0.2882718
0.2945764
0.2896915
0.2894074
0.2957251
0.2931999
0.289437
0.2969473
0.2951328
0.2885518
0.2868736
0.2955952
0.289626
0.2941418
0.293095
0.2976351
0.2902864
0.2896893
0.2877396
0.2950824
0.3029624
0.2873981
0.2929237
0.2928419
0.2969584
0.2898234
0.2875247
0.2984251
0.2877736
0.2950726
0.2914076
0.2920671
0.2897896
0.2881254
0.2884449
0.2905397
0.290413
0.2955162
0.2935885
0.2927553
0.2935626
0.2975416
0.2913047
0.2997383
0.2962139
0.2943299
0.2916702
0.2878541
0.2905142
0.2932412
0.2884113
0.2904676
0.2954613
0.295741
0.2937943
0.2959983
0.2919683
0.2885934
0.2969713
0.2889256
0.2869399
0.2916942
0.2909864
0.2869721
0.2887792
0.2943276
0.293336
0.2919652
0.2946509
0.2925881
0.2877178
0.2953795
0.2900246
0.2852369
0.2929572
0.2860021
0.2863134
0.2868383
0.2944352
0.2898341
0.2866385
0.2918842
0.2904137
0.2894437
0.2962299
0.285915
0.28649
0.2889574
0.2923347
0.2916914
0.2854722
0.2908423
0.2928907
0.29426
0.3009874
0.2889868
0.294283
0.2921405
0.2916157
0.2872548
0.2884911
0.2973854
0.2901175
0.2849405
0.2917298
0.2919491
0.2934048
0.2968204
0.2885112
0.2868742
0.2970524
0.2954814
0.289821
0.2953872
0.2933891
0.2852872
0.2916076
0.2919645
0.2964249
0.2901338
0.2943731
0.2898285
0.3042879
0.2842456
0.2964517
0.2857512
0.2919816
0.2972132
0.2956755
0.2916273
0.2892037
0.2850585
0.2860253
0.2931821
0.2905303
0.291126
0.2895148
0.2904188
0.2987509
0.2908392
0.2916053
0.2936488
0.2854392
0.2911827
0.292759
0.2974129
0.2889743
0.2867807
0.293817
0.2911523
0.2956988
0.2929208
0.2921413
0.2903022
0.2859279
0.2947342
0.2905619
0.290747
0.2928772
0.2912213
0.2919564
0.2888663
0.292868
0.2891378
0.2959445
0.2922982
0.2965489
0.288744
0.2867581
0.2857757
0.2939119
0.2927124
0.2909105
0.2945929
0.2852252
0.2972551
0.2870053
0.2938931
0.2890869
0.292135
0.2922706
0.2938006
0.2935982
0.2884995
0.2904101
0.2911883
0.2947425
0.2923731
0.2938408
0.2969383
0.2940928
0.2900204
0.2942389
0.2929424
0.2944324
0.2921353
0.2989094
0.2919641
0.287257
0.2878951
0.2974356
0.2921509
0.2960739
0.2898097
0.2905475
0.2951148
0.2904961
0.2940791
0.3019862
0.2918556
0.2913591
0.2898387
0.2935014
0.294146
0.2913868
0.2932788
0.2911668
0.2924603
0.2923617
0.283849
0.2978916
0.2869221
0.2937634
0.2930701
0.2877203
0.294354
0.3015988
0.2912763
0.2865696
0.2938609
0.294146
0.2902541
0.2906164
0.2883573
0.2875758
0.2867883
0.2966854
0.2918799
0.2958624
0.295166
0.2947759
0.2949335
0.2873518
0.2897812
0.2913266
0.2955758
0.2975044
0.2978864
0.2913798
0.2892116
0.2929408
0.2921856
0.2906334
0.2902874
0.2987648
0.2886088
0.2901085
0.2987753
0.2917956
0.2919118
0.283397
0.2873542
0.2869598
0.2893598
0.2901653
0.2926626
0.2881865
0.2878823
0.2939928
0.292107
0.2891282
0.2933546
0.2906797
0.2967162
0.288521
0.2975302
0.2915516
0.2971283
0.2947731
0.2928897
0.2851318
0.2888597
0.2904488
0.293478
0.2916095
0.2887171
0.2895251
0.2958716
0.2974889
0.2914745
0.2980131
0.2928035
0.2915407
0.2931184
0.291634
0.2933668
0.2898352
0.2886527
0.2936498
0.2887375
0.2981111
0.2948443
0.2956373
0.2932545
0.2989614
0.2849521
0.292178
0.2886721
0.2970685
0.291582
0.29138
0.2888168
0.289616
0.2902314
0.2953313
0.2925265
0.2934914
0.294069
0.2927598
0.2957522
0.2846495
0.2910595
0.2935322
0.2914407
0.2913083
0.2927306
0.2906853
0.2955786
0.2955852
0.2936866
0.2872912
0.2938869
0.2941175
0.2905713
0.2929852
0.2891788
0.2943156
0.2841176
0.295687
0.2881549
0.2910936
0.2871904
0.2941919
0.291515
0.2937181
0.2949231
0.2934168
0.3015241
0.2955953
0.2916892
0.2846341
0.2918716
0.2940403
0.2953906
0.2926391
0.2923055
0.2946784
0.2922348
0.291631
0.2933383
0.292545
0.2901815
0.2915801
0.2861263
0.2919103
0.2906028
0.2874818
0.2990358
0.2906995
0.2949847
0.2900208
0.2918488
0.2843351
0.2955261
0.2923593
0.2861435
0.300601
0.2930139
0.2843843
0.2939351
0.3028805
0.2962574
0.2955181
0.293104
0.2954757
0.2898987
0.2894591
0.2879753
0.2915121
0.2885839
0.2898115
0.3008961
0.2930966
0.2969311
0.2978562
0.2943202
0.2940794
0.2945416
0.2928812
0.2947996
0.2891679
0.2955231
0.2977397
0.2859522
0.2932898
0.2915465
0.2925022
0.2964647
0.2871766
0.2893145
0.2899385
0.2903163
0.2880588
0.2892488
0.2909821
0.286712
0.2843175
0.2924077
0.294143
0.2903733
0.2900729
0.2897363
0.2861191
0.285734
0.2884532
0.2863381
0.2922155
0.2921013
0.2881721
0.2948147
0.2953788
0.2898205
0.2923542
0.2924149
0.2888139
0.2912779
0.2911922
0.2887108
0.291157
0.2936357
0.291634
0.2944863
0.2880397
0.2908901
0.293399
0.2940958
0.294277
0.2888149
0.2955715
0.2917235
0.2913499
0.2916937
0.2888295
0.2899068
0.2923346
0.293541
0.2965456
0.288211
0.2912697
0.2869424
0.2933249
0.2884417
0.2896389
0.2954677
0.2949831
0.2971952
0.2887773
0.2924286
0.2919105
0.290579
0.2913692
0.2940844
0.289093
0.2912121
0.2924062
0.291058
0.2893927
0.2978571
0.2927793
0.2907908
0.2908931
0.2916435
0.2883971
0.2956497
0.2875374
0.2930226
0.2903951
0.2888813
0.2974426
0.284345
0.2915513
0.2902546
0.2963844
0.2948409
0.2951024
0.2843033
0.2972108
0.2911832
0.2961881
0.294151
0.2930814
0.2901079
0.2947837
0.2914788
0.2952137
0.2881659
0.2941438
0.2920814
0.2883447
0.2982505
0.2933662
0.2870679
0.2912696
0.2868762
0.2884708
0.2970736
0.292076
0.2970523
0.2930376
0.2906413
0.2914095
0.2865046
0.2887281
0.2991275
0.2917944
0.2935864
0.2930833
0.2946234
0.290883
0.2902232
0.2934685
0.2955108
0.2910908
0.2932912
0.2911443
0.2967636
0.2924603
0.2882613
0.2961945
0.3002473
0.2988832
0.2958072
0.289366
0.2935744
0.2870159
0.2893077
0.2880362
0.2916415
0.2924035
0.2921699
0.2856553
0.2949551
0.3014414
0.2859474
0.2924254
0.2856374
0.2895297
0.2938392
0.2976628
0.2904355
0.2925928
0.2927164
0.2965418
0.2946706
0.2929502
0.2887696
0.2940983
0.2906228
0.2958352
0.2927746
0.289127
0.2939925
0.2942134
0.2869231
0.297762
0.2958778
0.2977886
0.2878349
0.2921398
0.2779091
0.2871844
0.2916933
0.2904464
0.2924266
0.2971044
0.2932169
0.2892733
0.2930045
0.291569
0.2942252
0.2906396
0.2943559
0.2867474
0.2854989
0.3012125
0.2995731
0.2889881
0.2911248
0.2925107
0.2892155
0.2978737
0.2906866
0.2891447
0.296628
0.2972884
0.2901797
0.2900453
0.2950633
0.2977729
0.2911408
0.2871611
0.2872354
0.2938295
0.2953203
0.2952381
0.2962794
0.2950896
0.2993038
0.2945459
0.2975308
0.2914122
0.2924236
0.2898865
0.2885289
0.2872866
0.2899453
0.2891603
0.2933732
0.2875996
0.2894174
0.2857888
0.2897447
0.3006178
0.2926924
0.2970596
0.2919385
0.2899416
0.2904572
0.2996521
0.2945831
0.2881375
0.296766
0.2972152
0.2895372
0.2830268
0.2978301
0.2926674
0.2949483
0.2932317
0.2960651
0.2940251
0.2916854
0.2900859
0.2912415
0.2916094
0.2899812
0.2913387
0.2915621
0.288711
0.2924653
0.2926012
0.2934828
0.2911075
0.2887206
0.2956001
0.2918836
0.296519
0.286538
0.2922148
0.292939
0.2995529
0.2943174
0.2955232
0.2967957
0.2860224
0.2897953
0.2929597
0.2946614
0.286543
0.2867389
0.2890222
0.2966313
0.2913349
0.2887234
0.2937356
0.285166
0.2944505
0.2885858
0.2947012
0.2917348
0.3008547
0.2960773
0.2870292
0.295049
0.2916894
0.2989142
0.2943729
0.2917373
0.2894646
0.2928745
0.2940326
0.2968482
0.2975479
0.2892192
0.2995027
0.2917709
0.282307
0.2931369
0.2929808
0.2908639
0.297052
0.2917421
0.2907699
0.2945522
0.2923076
0.2911121
0.2983009
0.2915477
0.2937909
0.2915462
0.2935182
0.2885883
0.2910005
0.29415
0.2924155
0.2950189
0.2877991
0.2870654
0.2931364
0.2980096
0.2953314
0.2960175
0.2879423
0.2944151
0.2856689
0.2981576
0.2936044
0.2949502
0.2954435
0.2895515
0.3013026
0.2993508
0.2949114
0.2934393
0.2916702
0.295138
0.2925609
0.2882271
0.2965752
0.2862856
0.2917612
0.2967459
0.2978101
0.291357
0.2929473
0.2896608
0.2908294
0.2887998
0.292617
0.2963138
0.2887435
0.2918853
0.2863147
0.2893454
0.2938842
0.2941285
0.2964067
0.2945834
0.2904307
0.2921276
0.2877847
0.2910066
0.2938283
0.2934706
0.2966445
0.2936818
0.2962365
0.2863388
0.3025848
0.2948921
0.2952644
0.2942331
0.2929747
0.2846083
0.2907987
0.2937707
0.2973406
0.2934957
0.2928057
0.2934262
0.2937202
0.2924159
0.2947754
0.291474
0.292316
0.2944041
0.2932588
0.2901336
0.2976184
0.2887158
0.2948864
0.2919369
0.2864936
0.2879888
0.2974626
0.2879694
0.2898205
0.2924314
0.2907985
0.2936056
0.293007
0.2901079
0.2914489
0.291516
0.2917098
0.2892137
0.2927589
0.2855524
0.2923328
0.2985838
0.2900922
0.2893764
0.2909642
0.295649
0.2881836
0.2921888
0.2962732
0.2934924
0.2948456
0.2919736
0.2916049
0.2852784
0.2900391
0.292331
0.2923295
0.2902532
0.2929941
0.2994936
0.2903731
0.2914292
0.2934693
0.2894889
0.2919316
0.2965077
0.2975632
0.2942202
0.2913423
0.2866667
0.2903827
0.2938085
0.2949662
0.2955103
0.2939507
0.2979174
0.2905722
0.294712
0.2884501
0.2920038
0.2962138
0.2834607
0.2951542
0.2900072
0.2967711
0.2904495
0.2900448
0.2858715
0.2824225
0.2879018
0.2936615
0.29131
0.2940081
0.2913672
0.2930004
0.2875146
0.2899108
0.2922379
0.2923664
0.2919715
0.2960007
0.2948312
0.2931389
0.2939498
0.2892221
0.2917473
0.2903496
0.2979875
0.2900174
0.2989464
0.2899627
0.2916862
0.2907419
0.2910231
0.2867544
0.2913022
0.2937712
0.2887343
0.2983214
0.2938573
0.2888086
0.2855247
0.2970503
0.2834222
0.2964603
0.3006648
0.2990912
0.2925444
0.2887135
0.2876839
0.2873307
0.2948947
0.2937715
0.2904365
0.2975495
0.2932962
0.292165
0.2910759
0.2932628
0.2971922
0.2890867
0.2968351
0.293129
0.2905728
0.2839475
0.294373
0.2911128
0.2970281
0.2945423
0.2880769
0.2903444
0.2976077
0.2918982
0.2958107
0.2910935
0.2952627
0.2931452
0.2895664
0.2904207
0.291028
0.297671
0.2871934
0.293563
0.2922453
0.2932927
0.2929271
0.2931525
0.2993581
0.281735
0.2906604
0.2907165
0.2972481
0.2917631
0.2953948
0.2893691
0.2956311
0.2883315
0.2898568
0.294131
0.2935314
0.2960181
0.2925908
0.2953795
0.2911763
0.294685
0.2955139
0.2911824
0.2898493
0.29169
0.293789
0.2907059
0.2895633
0.2924908
0.2965025
0.2952532
0.2876716
0.2921005
0.2884906
0.2936583
0.2899496
0.2959594
0.2931028
0.2905679
0.2965884
0.2890518
0.291127
0.2930893
0.2912002
0.2978544
0.2895563
0.2879065
0.2889558
0.2892574
0.293645
0.2914114
0.2940378
0.2887759
0.2920963
0.2927433
0.2961914
0.2842109
0.2894031
0.2929136
0.2972759
0.2880804
0.2883324
0.2983321
0.2962204
0.2949606
0.2976234
0.2930392
0.2861585
0.2897427
0.288947
0.2898436
0.2862562
0.2905327
0.2891819
0.2907491
0.2904342
0.2875462
0.2895697
0.2923858
0.2900477
0.287663
0.2883652
0.2943153
0.2929745
0.2902429
0.2882833
0.2856852
0.2915692
0.2833128
0.2894324
0.288885
0.2866959
0.2935696
0.2839877
0.2975216
0.2926768
0.2969798
0.2945282
0.2920114
0.2934534
0.2951706
0.2888543
0.2968247
0.2957608
0.2889387
0.2960703
0.2927709
0.2927752
0.2915139
0.2944001
0.2953513
0.2885229
0.2910383
0.2863134
0.2925747
0.2926659
0.2905589
0.2938925
0.2955349
0.2913612
0.287681
0.298016
0.2900214
0.2928435
0.2904124
0.2933992
0.2887375
0.2884445
0.2932215
0.2954992
0.2931905
0.2938245
0.291552
0.2923449
0.2893137
0.2936495
0.2942298
0.2892576
0.2903129
0.2921232
0.2926084
0.2987248
0.2949742
0.290414
0.2944973
0.2961379
0.2920157
0.2908431
0.2953117
0.2845506
0.2903535
0.2873704
0.2997112
0.2928376
0.2896503
0.2888002
0.2937793
0.2928896
0.2943757
0.2924433
0.2922506
0.289836
0.2921535
0.2862534
0.295938
0.2880924
0.2975717
0.2929144
0.2942172
0.2896341
0.2922323
0.2953467
0.2917498
0.293793
0.2948022
0.2946442
0.3020114
0.2869362
0.2925857
0.2909407
0.2881656
0.2911755
0.295735
0.292615
0.2898986
0.2925166
0.2939179
0.2919346
0.2915992
0.2888748
0.2925647
0.2880074
0.29059
0.2866934
0.2883192
0.2922825
0.2914933
0.2922885
0.2917056
0.284779
0.2903422
0.2872158
0.290195
0.2881496
0.2875062
0.2861554
0.2893256
0.2942625
0.2983505
0.2901918
0.2893787
0.2974435
0.2910759
0.2901032
0.2927715
0.2933022
0.2910132
0.2919565
0.2924525
0.293798
0.2897642
0.2894699
0.2926259
0.2920089
0.2907553
0.291328
0.2924231
0.2872319
0.2958733
0.2890822
0.2926618
0.2932646
0.292176
0.2943404
0.2899507
0.2948301
0.2943998
0.2894573
0.2936098
0.2864253
0.2909593
0.287786
0.2924298
0.2942852
0.2911295
0.2923482
0.294091
0.2915415
0.2929775
0.2909088
0.2964407
0.2894451
0.2905865
0.2985858
0.2866538
0.2884296
0.2844007
0.2976344
0.2885945
0.2956129
0.2978691
0.291369
0.295907
0.2926374
0.2908133
0.2936197
0.2942688
0.2902494
0.2877803
0.2953279
0.2958335
0.288649
0.292472
0.288621
0.2905217
0.2919976
0.2913092
0.293408
0.3003194
0.2957338
0.2954322
0.2923884
0.2900551
0.3041182
0.2930509
0.2939027
0.2956031
0.2933404
0.2881656
0.2918888
0.2863779
0.2883203
0.2947618
0.2916832
0.2947435
0.2901207
0.2923761
0.292539
0.2940261
0.2966806
0.2901812
0.2952165
0.2922738
0.2817605
0.2970708
0.2862842
0.2933404
0.2902132
0.2934259
0.285282
0.2907223
0.2860519
0.2851154
0.2893783
0.292399
0.2948269
0.3041494
0.283375
0.2968954
0.2854961
0.2868278
0.2891677
0.2969626
0.2941371
0.2864071
0.2846473
0.2918772
0.2932299
0.2947296
0.2934777
0.291834
0.2979216
0.2937648
0.2893568
0.295911
0.2894253
0.2938154
0.2928145
0.2948864
0.2992133
0.2957075
0.2991966
0.2949796
0.2983003
0.3001189
0.2949252
0.2880121
0.2936969
0.2924981
0.2944255
0.2885945
0.2910316
0.3014548
0.2930539
0.2953557
0.2874169
0.2934525
0.2969166
0.290937
0.2873082
0.2888957
0.2910135
0.29366
0.2860242
0.296239
0.2917895
0.2920056
0.2919703
0.2911311
0.2949401
0.2955805
0.2930806
0.2950307
0.2887661
0.2897224
0.2900026
0.2866095
0.2963116
0.2873254
0.2930391
0.2939484
0.2900362
0.2902079
0.2969981
0.2922717
0.2955124
0.2908707
0.2906548
0.2923186
0.2886642
0.2865522
0.2926586
0.2892808
0.2901084
0.2964026
0.2943652
0.2884022
0.2894336
0.2841401
0.2882384
0.2908681
0.2939216
0.2893054
0.2930244
0.2950678
0.2954362
0.293658
0.2895334
0.2936439
0.2978472
0.2928256
0.2936015
0.2922653
0.2884296
0.2881712
0.287936
0.2943807
0.2959832
0.293454
0.3000054
0.2925092
0.2973044
0.2922838
0.2973048
0.2906904
0.2971079
0.2972331
0.2998837
0.2895967
0.2912059
0.2962317
0.2930099
0.2940429
0.2922008
0.2941979
0.2886636
0.2949596
0.2907267
0.2874849
0.2953944
0.2944034
0.2974255
0.2928046
0.2943315
0.2940289
0.2872405
0.2900116
0.2924632
0.2922161
0.2943373
0.2937202
0.2852468
0.2892862
0.2979533
0.2908261
0.2884669
0.2893466
0.290358
0.2889929
0.2941251
0.2939107
0.290769
0.2947389
0.294203
0.2928695
0.2955971
0.2938499
0.2929205
0.2882757
0.292829
0.2924117
0.2958774
0.2968623
0.2883333
0.2937252
0.294778
0.2931706
0.2931884
0.2905829
0.2959391
0.287375
0.2961653
0.2956005
0.2898669
0.2891131
0.2884995
0.296523
0.2950804
0.2879715
0.2866274
0.295713
0.2886987
0.2958185
0.2941462
0.2900227
0.2911006
0.2907514
0.293397
0.2934563
0.2913335
0.2866179
0.2937809
0.2901765
0.2927605
0.2903984
0.2846363
0.2923954
0.2929957
0.2923987
0.2948416
0.3010147
0.2906031
0.2871671
0.2984521
0.291898
0.291281
0.2969988
0.2936756
0.2898566
0.2911413
0.2869977
0.2877156
0.287
0.2945418
0.2951152
0.292835
0.2878625
0.2884105
0.2999077
0.2940543
0.2927013
0.2933472
0.2916651
0.3005492
0.2853475
0.2929967
0.2919893
0.2898539
0.2990572
0.2927478
0.2964039
0.286837
0.2952647
0.2924496
0.2959239
0.2886971
0.2876514
0.2928615
0.2905195
0.29285
0.2878162
0.2928156
0.2911356
0.288421
0.2968809
0.2956507
0.291214
0.2876342
0.2907921
0.2933543
0.294265
0.2874601
0.2889889
0.2921276
0.2884735
0.2947445
0.2917805
0.2872136
0.291609
0.2843144
0.2969232
0.3000044
0.2950976
0.2868539
0.2907193
0.2897809
0.2933938
0.2938258
0.2937088
0.2855138
0.2910011
0.2973428
0.290052
0.2922158
0.294669
0.2835589
0.2920489
0.2909883
0.2926263
0.2970181
0.2949918
0.2895166
0.2989143
0.2898101
0.2963362
0.2941708
0.2929173
0.2939025
0.2876127
0.2895562
0.2918278
0.2913663
0.2939799
0.2941108
0.2889962
0.2951504
0.2993785
0.2915614
0.2920378
0.2858313
0.2913157
0.2941064
0.2956818
0.2919524
0.2956035
0.290222
0.2912379
0.2917389
0.2900384
0.2952075
0.2914608
0.2941265
0.2932604
0.2968627
0.2912154
0.2893274
0.2847101
0.2917414
0.2870894
0.2887466
0.2981427
0.2874962
0.3004303
0.2961096
0.2941813
0.2937107
0.2935686
0.2997316
0.2930529
0.296689
0.2929948
0.2961028
0.2954956
0.2882216
0.2851966
0.2960153
0.2858345
0.2922321
0.2898767
0.2875026
0.2953217
0.2909661
0.2871462
0.2816463
0.2948324
0.28917
0.2938364
0.2910055
0.2917434
0.291092
0.2861514
0.2957456
0.285131
0.2934042
0.2955525
0.2910744
0.2936427
0.2948877
0.2962044
0.2971125
0.2996648
0.2826804
0.287875
0.2970084
0.2916939
0.2861604
0.2936496
0.2917218
0.2929336
0.292395
0.2874162
0.2887593
0.2936294
0.2944205
0.2917456
0.2890342
0.2935848
0.2892227
0.2953701
0.2929791
0.2963258
0.2954772
0.2957272
0.2947085
0.2993934
0.2894876
0.2884292
0.2910879
0.299769
0.2918199
0.2898784
0.2913332
0.2936631
0.2850345
0.2900703
0.2882547
0.2871865
0.2878635
0.2955861
0.2926886
0.2977618
0.2979644
0.3006179
0.2984635
0.2889081
0.2967806
0.2947015
0.2907304
0.2879741
0.2930931
0.2970085
0.2903841
0.2938376
0.2904437
0.2961005
0.2942946
0.2915236
0.2958312
0.2958182
0.2914689
0.2931215
0.2901724
0.2895966
0.2964546
0.2938175
0.2936075
0.2936505
0.2866783
0.2910377
0.2878262
0.295496
0.2924367
0.2927357
0.2963966
0.2985716
0.2950164
0.2905026
0.2930266
0.2894893
0.2882262
0.2876135
0.2957947
0.2923127
0.2910599
0.2882269
0.2898953
0.2906363
0.2905378
0.2942051
0.2846522
0.2935014
0.2864759
0.290252
0.2895236
0.2940284
0.288462
0.2897298
0.2928464
0.2961842
0.2982908
0.2932433
0.2948406
0.2885835
0.2949309
0.2822664
0.2901687
0.2869658
0.2980525
0.2918207
0.2969681
0.2871482
0.2904757
0.2917879
0.2912197
0.2945849
0.2896271
0.2913485
0.2872821
0.2901012
0.2971136
0.290707
0.2985642
0.2909654
0.2964391
0.2929224
0.2938716
0.2880309
0.2911771
0.2906139
0.2895697
0.2955569
0.2916472
0.290391
0.287277
0.2946143
0.2983003
0.2967952
0.2870377
0.2900663
0.2932314
0.2869632
0.2857348
0.2906543
0.2906992
0.2950647
0.2951321
0.2908036
0.2855186
0.299125
0.2909816
0.29646
0.2999965
0.2892122
0.2974251
0.2915589
0.2947805
0.2940047
0.2913188
0.291392
0.287872
0.2912017
0.2961031
0.2935021
0.2917539
0.2968235
0.2893466
0.2920396
0.2953304
0.2876644
0.2902707
0.2925195
0.2940184
0.2943272
0.2941641
0.2929098
0.2914076
0.2911963
0.2981426
0.2972532
0.2945163
0.287958
0.2933057
0.2986005
0.2982187
0.2895558
0.2937452
0.2956243
0.2944811
0.2913292
0.2905495
0.2931626
0.2955225
0.2876217
0.293981
0.2914883
0.2958108
0.293651
0.2925093
0.2925539
0.2883364
0.2913883
0.2955901
0.2928417
0.2904575
0.285891
0.2900222
0.2913099
0.2921056
0.2926226
0.2875466
0.291743
0.2865341
0.2922155
0.2898247
0.2890049
0.2901673
0.28855
0.2879036
0.2900558
0.2935428
0.2917259
0.2932072
0.2925369
0.2945873
0.2957911
0.2919477
0.2939315
0.2917139
0.2968685
0.2955579
0.2855748
0.2933136
0.2865195
0.2959385
0.2917679
0.2980407
0.2959165
0.2952154
0.2968763
0.2972082
0.2832645
0.2928976
0.2924506
0.2920806
0.2963342
0.2873503
0.2899254
0.2895801
0.2892742
0.2922116
0.2893666
0.284903
0.288376
0.2851928
0.2930444
0.2868315
0.2919857
0.2948123
0.2891153
0.2888989
0.2910727
0.285742
0.2897353
0.291789
0.2930163
0.2972643
0.2937566
0.2841895
0.2993477
0.2906706
0.2907257
0.2978467
0.2922924
0.2943615
0.2921567
0.2869905
0.2909947
0.2888682
0.2901099
0.2840325
0.2915385
0.2965855
0.2946579
0.2894772
0.2912176
0.2946619
0.3034455
0.2974811
0.2987405
0.2890081
0.2927497
0.2937041
0.2899708
0.290781
0.2948228
0.2875779
0.2889007
0.296406
0.288161
0.2953959
0.294622
0.2948307
0.2943066
0.2952958
0.2895588
0.2903852
0.2930568
0.292847
0.2848822
0.2881929
0.2853404
0.2972374
0.2901697
0.2921505
0.2888157
0.2916728
0.2891772
0.289541
0.2927339
0.292697
0.2939363
0.2873832
0.2914602
0.2911055
0.2825341
0.2897418
0.2956331
0.2937261
0.2952317
0.2893709
0.2969381
0.3032335
0.2953176
0.2903153
0.2916534
0.2923304
0.2921658
0.2906373
0.2893413
0.2907529
0.2904045
0.2964348
0.2912668
0.2886846
0.2864213
0.2863303
0.289708
0.295158
0.2912303
0.2924917
0.2914191
0.2915703
0.2918963
0.2943337
0.2928868
0.2901398
0.2952179
0.2898432
0.2927757
0.2908424
0.2883461
0.2966632
0.293668
0.2912808
0.2945545
0.2880671
0.2909468
0.2876064
0.2958731
0.2865002
0.2967763
0.2905123
0.2860432
0.2919208
0.2902892
0.2935378
0.2930911
0.2875256
0.2908006
0.294114
0.2948211
0.2948059
0.2813234
0.2918667
0.289938
0.2918029
0.2882072
0.2927994
0.2919174
0.2936626
0.2827932
0.2933996
0.2858996
0.2943451
0.2906421
0.2890214
0.2899537
0.2918132
0.2967501
0.2899546
0.2969752
0.2868064
0.2925743
0.2954933
0.2957092
0.2910661
0.2905042
0.2966981
0.2901295
0.2943786
0.2898862
0.2876198
0.290293
0.2888947
0.2906439
0.2962827
0.2977644
0.2951629
0.2892827
0.2968265
0.2928473
0.290858
0.2977278
0.289886
0.2841425
0.2941985
0.2888885
0.2874504
0.2866363
0.2828704
0.2888099
0.2903723
0.2953223
0.2950249
0.2899114
0.2939813
0.2981512
0.2950665
0.2911689
0.2930667
0.2896192
0.2913621
0.2975571
0.2900452
0.2911284
0.287213
0.2926157
0.2899565
0.2855943
0.2907421
0.2919773
0.2889179
0.291401
0.2951665
0.2927906
0.2937694
0.2917524
0.2895677
0.2912235
0.2891209
0.2947782
0.2928363
0.2907425
0.293783
0.2906548
0.2878108
0.29538
0.291685
0.2892839
0.2912463
0.288428
0.2869638
0.2871646
0.2917871
0.2928037
0.297204
0.2946083
0.2877563
0.2948766
0.2925698
0.2987801
0.2927752
0.298182
0.2842618
0.2910584
0.28968
0.2903338
0.2892446
0.2864624
0.2953301
0.2890848
0.2872806
0.2866346
0.2862161
0.286533
0.290585
0.2941175
0.2951043
0.2882352
0.2871993
0.2925191
0.2939971
0.294402
0.2892564
0.2902431
0.297625
0.2946008
0.2984725
0.2950922
0.2927213
0.2934214
0.2893996
0.2897016
0.2958762
0.295413
0.293182
0.2923528
0.2934294
0.2848173
0.2930055
0.2947202
0.2963258
0.2885197
0.2867818
0.2946819
0.2878431
0.296691
0.2915031
0.2939349
0.2961656
0.2947078
0.29072
0.2911574
0.286174
0.2897611
0.2860376
0.2986273
0.2917968
0.2926415
0.2955084
0.28699
0.2967273
0.287387
0.2871886
0.300614
0.2937328
0.2906944
0.2892859
0.2920654
0.292591
0.2920069
0.2970564
0.289314
0.2847414
0.2940715
0.2922109
0.2874825
0.2919999
0.2956217
0.2892536
0.2898754
0.2927422
0.2904473
0.2946786
0.2907146
0.2888348
0.2916257
0.2906035
0.2938936
0.2970818
0.2932391
0.2929441
0.2866374
0.2956586
0.2885128
0.2906066
0.2891663
0.2995601
0.2934521
0.290605
0.287835
0.2999164
0.2949233
0.2991238
0.2870952
0.2946043
0.2918021
0.291499
0.2947582
0.2913775
0.2904343
0.2927912
0.2937851
0.29302
0.2945423
0.2941099
0.2934188
0.2905243
0.2943291
0.2897831
0.2862188
0.2920507
0.299783
0.2895988
0.283382
0.285289
0.2880571
0.2938361
0.2932874
0.2930287
0.2924751
0.2881106
0.2965969
0.2948397
0.2942833
0.2887588
0.2840405
0.2910385
0.2906663
0.2935783
0.2991295
0.287577
0.2909358
0.2979686
0.2912863
0.2934539
0.2942851
0.296936
0.2929982
0.2920544
0.2934647
0.2951728
0.290492
0.2903995
0.2898017
0.2846797
0.2947809
0.2964168
0.2902722
0.2926989
0.2897332
0.2900656
0.2950302
0.2964342
0.2923228
0.2960892
0.2871725
0.2978675
0.2932891
0.289506
0.2909922
0.2892379
0.2883479
0.2885169
0.29337
0.2916461
0.2960279
0.2870333
0.2973779
0.2859462
0.294264
0.293972
0.2943832
0.2880094
0.2949695
0.2918665
0.2924739
0.2927797
0.296119
0.2881588
0.2907798
0.2882089
0.2908191
0.2886494
0.2921795
0.2815685
0.2882808
0.3013963
0.2966873
0.2966444
0.2895822
0.2954686
0.2932174
0.2934856
0.2939582
0.29079
0.2911224
0.2905965
0.2924242
0.2880702
0.2920974
0.293265
0.291295
0.2906128
0.2891693
0.2966796
0.2945076
0.2922026
0.2932584
0.2865789
0.2933318
0.2942982
0.2945335
0.2932632
0.2924063
0.2899012
0.287671
0.2916824
0.2863197
0.2973019
0.2899881
0.2959888
0.28903
0.2909603
0.2864645
0.2914578
0.2916178
0.2940432
0.2913801
0.2919008
0.2946773
0.2942804
0.2902816
0.2889827
0.2954001
0.2863537
0.2965597
0.2901031
0.2931571
0.2956354
0.2919038
0.2935727
0.2891963
0.2934546
0.2943307
0.2932801
0.2875299
0.2878217
0.2907056
0.2914416
0.2953664
0.2938969
0.295906
0.2920377
0.2852904
0.2939739
0.2927069
0.2858094
0.2980592
0.2929028
0.2973892
0.2893491
0.2931359
0.2929143
0.2938687
0.290153
0.2882326
0.2924475
0.2916807
0.2804604
0.2931881
0.2943647
0.2907837
0.2936301
0.2932116
0.2867771
0.2900944
0.2969852
0.2902961
0.2916474
0.2918041
0.2950238
0.2915157
0.2904818
0.2896926
0.293498
0.2907571
0.2876285
0.2957244
0.289333
0.2911614
0.29148
0.2920104
0.2960934
0.2866972
0.2949686
0.2933391
0.2839629
0.291525
0.2950822
0.2952693
0.2905905
0.2909496
0.2936903
0.2953508
0.2962873
0.2990699
0.2892955
0.2915053
0.2913855
0.3016184
0.2986806
0.2915299
0.2922405
0.2928569
0.2934947
0.292815
0.2893769
0.2875051
0.2983288
0.2932458
0.2916293
0.2904206
0.2884565
0.2864649
0.2967504
0.2927916
0.2943861
0.2910046
0.2932571
0.2862856
0.2865424
0.2870472
0.2886781
0.2916185
0.2861135
0.296245
0.2901784
0.2929791
0.2927529
0.2915587
0.2950694
0.2937354
0.2960993
0.2892602
0.2952352
0.2898569
0.28829
0.2945663
0.29705
0.2909627
0.2866639
0.2945439
0.2959095
0.2926189
0.2931831
0.2877838
0.2915671
0.2977275
0.2906313
0.2882841
0.2930389
0.2959199
0.2902029
0.287308
0.2892193
0.2922366
0.2962334
0.2918416
0.2998488
0.2945948
0.2976522
0.289576
0.2926452
0.299139
0.2893765
0.2909197
0.2955896
0.2958479
0.2909589
0.294719
0.2919423
0.2933954
0.2908559
0.2847357
0.2927868
0.2937638
0.2873518
0.2919871
0.2939759
0.2938101
0.2989542
0.2927167
0.2946725
0.2951274
0.2958051
0.2923028
0.2907699
0.292815
0.2858707
0.2894851
0.2939858
0.2900953
0.2906374
0.2870469
0.2918434
0.2939964
0.2868461
0.2911184
0.2855014
0.2898618
0.2963779
0.2954439
0.2977947
0.2874741
0.2874152
0.2879734
0.2897521
0.293621
0.2971228
0.2937946
0.2932637
0.2927572
0.281037
0.2903384
0.2880642
0.2913962
0.2930486
0.2916537
0.2920391
0.2907817
0.2924302
0.2909518
0.2939186
0.2920098
0.2898033
0.2939146
0.289237
0.2974248
0.285387
0.301034
0.2983687
0.2845219
0.3013445
0.2873875
0.2915213
0.2913431
0.2933478
0.2951563
0.2883037
0.2904374
0.2909296
0.2907351
0.2911262
0.2874626
0.2921861
0.2896966
0.2937391
0.2868588
0.2922273
0.2921022
0.2830267
0.2975734
0.2951082
0.2925363
0.2876906
0.2954043
0.2873959
0.3037758
0.2881324
0.2893082
0.2896822
0.2874214
0.2929582
0.2869686
0.2944225
0.3010504
0.2897464
0.293309
0.2968778
0.2920145
0.2887488
0.2884572
0.2896002
0.2932203
0.2924816
0.2952402
0.293771
0.2920686
0.2908314
0.2954577
0.2961265
0.2893389
0.289861
0.2981401
0.2895255
0.2948632
0.2879494
0.2957968
0.2942376
0.2928475
0.2945344
0.2979799
0.2941377
0.2916189
0.2810662
0.2923137
0.2881772
0.3002027
0.2909951
0.2919769
0.292955
0.2921579
0.2946386
0.2849608
0.2945975
0.2870543
0.2929274
0.2976331
0.294014
0.2897999
0.2935651
0.2946668
0.2884559
0.2851201
0.2932273
0.2964527
0.2943793
0.289261
0.2971688
0.2930641
0.2850224
0.2873853
0.2967212
0.2804222
0.2932784
0.2919864
0.2953746
0.2926749
0.3071003
0.2903115
0.2894048
0.2972579
0.2877835
0.2931578
0.2971901
0.2961939
0.2873523
0.2876319
0.2858089
0.2880982
0.2921751
0.2994996
0.2973262
0.2920528
0.2887182
0.2952441
0.2974459
0.292323
0.2965568
0.2922622
0.2885358
0.2922035
0.2929412
0.2965947
0.2918637
0.2941155
0.2931523
0.2903675
0.2941157
0.292589
0.2870433
0.2932094
0.2919859
0.2931304
0.2852485
0.289415
0.2931152
0.2928562
0.2880514
0.2936518
0.2996998
0.2937523
0.2849845
0.2940282
0.2872734
0.2940164
0.2948852
0.2874338
0.2926382
0.2875125
0.2931891
0.2937249
0.2905049
0.2860212
0.2917866
0.2884931
0.2969563
0.291743
0.2915708
0.2887763
0.2915952
0.2859252
0.2973422
0.2932254
0.2877473
0.2862358
0.2912614
0.2989766
0.2991636
0.288246
0.2868264
0.2908358
0.2936009
0.2964049
0.2866202
0.29367
0.2925917
0.2937774
0.2983062
0.2914125
0.2944675
0.2936683
0.2926382
0.2904614
0.291607
0.2884275
0.2902781
0.2934544
0.2899236
0.2967175
0.2903031
0.2901019
0.2944801
0.2963546
0.2940236
0.2902116
0.2971425
0.2881213
0.2868146
0.2909944
0.2909411
0.2908164
0.2892838
0.2892988
0.2981582
0.2915429
0.3012283
0.2913748
0.2921827
0.2924155
0.2898795
0.2945053
0.291294
0.2899228
0.287062
0.2918631
0.2915757
0.2976302
0.2885637
0.2887583
0.2972501
0.2950541
0.2840531
0.2949909
0.2950386
0.2906957
0.2951469
0.2897053
0.2929274
0.2895443
0.2964269
0.2933922
0.2944385
0.2910352
0.2940663
0.2932346
0.2945738
0.2880555
0.2912068
0.2895961
0.294027
0.2958532
0.2921928
0.2932307
0.2978635
0.2949257
0.2952828
0.2912957
0.2912053
0.2912237
0.2883153
0.2912664
0.2936239
0.2903555
0.295016
0.2882039
0.2934569
0.2926487
0.2901821
0.2970883
0.2927724
0.2852536
0.2931049
0.2939238
0.294888
0.2802511
0.2876403
0.2926908
0.2841661
0.2897224
0.2906508
0.2882804
0.286903
0.2916085
0.2890027
0.2872705
0.2922545
0.2901093
0.2930696
0.2889017
0.2907181
0.2948117
0.2960165
0.2947753
0.2853503
0.2876208
0.2962062
0.2878371
0.2911574
0.288352
0.2921489
0.2956923
0.2878621
0.2868998
0.2969368
0.2908707
0.2967247
0.2906176
0.2891014
0.2929122
0.2903607
0.2928649
0.2924399
0.2940884
0.2876976
0.2896393
0.293053
0.2913434
0.293172
0.288951
0.2872372
0.2910913
0.2872209
0.2935038
0.293357
0.2991727
0.2969059
0.2927911
0.2910961
0.2861273
0.286194
0.2942567
0.2942899
0.289565
0.2914068
0.2899679
0.2940477
0.2916309
0.2897856
0.2903888
0.2958077
0.2946804
0.2929145
0.2938715
0.2976633
0.2908008
0.2949233
0.2924068
0.2990771
0.2917333
0.2953333
0.2948782
0.2914184
0.2995047
0.2967147
0.2947394
0.2971174
0.2918976
0.2914122
0.2940302
0.2906798
0.2899243
0.2870259
0.2889849
0.2937573
0.2930943
0.2855353
0.292128
0.2952193
0.2963828
0.2961684
0.2921511
0.2940429
0.2880454
0.2975816
0.289414
0.2942252
0.2932937
0.2921216
0.2888144
0.2934055
0.296227
0.2883083
0.2922493
0.2955251
0.2915056
0.2883092
0.2891956
0.2888449
0.290508
0.2844139
0.2895228
0.293011
0.2890937
0.2931331
0.2917481
0.2982283
0.2896115
0.2943958
0.2953008
0.2858863
0.2862221
0.2905722
0.2917593
0.2911109
0.2974332
0.2870875
0.2944755
0.2948958
0.2956264
0.2940299
0.292074
0.2907334
0.2941894
0.2921136
0.2874851
0.2896338
0.2921114
0.2935968
0.2877546
0.2907386
0.2865444
0.2911527
0.2866415
0.2953406
0.2929374
0.2894413
0.2907935
0.2915765
0.2871511
0.297228
0.2923509
0.2936821
0.2898721
0.293039
0.2871297
0.2893109
0.2895729
0.2911706
0.2922919
0.2946182
0.2912142
0.2911759
0.2890536
0.2904912
0.2907267
0.291201
0.2915839
0.2943131
0.2898672
0.2925984
0.2899329
0.2918447
0.2877108
0.2886253
0.2940521
0.2968942
0.2825868
0.2972847
0.2932706
0.2964712
0.2912764
0.2885465
0.2914883
0.287074
0.2931144
0.2894292
0.2896054
0.2972997
0.2917153
0.2941255
0.2920448
0.294589
0.2877001
0.2924711
0.2919804
0.286188
0.2910592
0.2853172
0.2902108
0.2907938
0.2908308
0.2865432
0.2925449
0.2895353
0.2978355
0.293975
0.2881214
0.2947339
0.2926736
0.2968766
0.2891698
0.2943429
0.2914448
0.293686
0.29019
0.2940786
0.294701
0.2957415
0.289609
0.2972201
0.3006401
0.2923006
0.2874541
0.2945292
0.2935313
0.2958684
0.2893291
0.2943035
