6.387485
6.391739
6.430166
6.351012
6.381301
6.35826
6.341524
6.38201
6.373145
6.382846
6.425249
6.3923
6.374685
6.427668
6.441766
6.41969
6.432424
6.325449
6.341331
6.344774
6.393019
6.375469
6.368395
6.363299
6.387667
6.418055
6.405518
6.409018
6.395659
6.368942
6.429144
6.332984
6.387572
6.342229
6.379442
6.382743
6.384912
6.399145
6.384478
6.384379
6.388121
6.387585
6.383263
6.352115
6.400944
6.408853
6.343428
6.384217
6.435886
6.385114
6.380792
6.397514
6.414588
6.341148
6.451428
6.394858
6.393957
6.37249
6.394601
6.354656
6.394516
6.403248
6.386072
6.430147
6.363404
6.370574
6.419186
6.379243
6.344685
6.404051
6.39151
6.40283
6.39525
6.374796
6.415968
6.411708
6.398284
6.386428
6.383847
6.359375
6.405237
6.378327
6.352833
6.424251
6.388125
6.434373
6.379847
6.394022
6.374107
6.355444
6.36723
6.391069
6.388759
6.402547
6.418629
6.425082
6.40709
6.353873
6.371425
6.415834
6.408281
6.38868
6.36399
6.417294
6.436816
6.416057
6.384677
6.370584
6.420333
6.34561
6.381193
6.367295
6.467065
6.368584
6.327295
6.419088
6.355343
6.407588
6.422359
6.35926
6.420266
6.378318
6.416076
6.32777
6.41359
6.436088
6.385969
6.391973
6.465606
6.367454
6.384509
6.368296
6.415404
6.435528
6.393718
6.430682
6.376979
6.345119
6.430226
6.410605
6.446798
6.401546
6.369236
6.351059
6.447139
6.349003
6.3986
6.374899
6.438942
6.4069
6.386158
6.432661
6.362453
6.374899
6.38891
6.361986
6.315867
6.373847
6.39585
6.384064
6.400683
6.379773
6.390555
6.40663
6.380993
6.335595
6.419574
6.36574
6.370549
6.398879
6.403528
6.411982
6.402432
6.369078
6.378764
6.367445
6.387287
6.456941
6.391974
6.394649
6.373181
6.393199
6.36301
6.433445
6.405137
6.406688
6.38683
6.382773
6.404624
6.4329
6.412432
6.421788
6.392515
6.389944
6.34416
6.355633
6.386658
6.35456
6.428431
6.377794
6.363881
6.39505
6.415638
6.38349
6.371029
6.339068
6.391835
6.394754
6.346993
6.346672
6.33203
6.384975
6.374234
6.379064
6.374053
6.416132
6.418366
6.391227
6.3611
6.37663
6.401553
6.336548
6.411474
6.290963
6.362475
6.390642
6.415344
6.440623
6.444245
6.381463
6.37094
6.361546
6.358361
6.371291
6.394633
6.426288
6.412306
6.455066
6.414959
6.453897
6.392164
6.427605
6.349773
6.420551
6.413888
6.423062
6.38368
6.447004
6.459302
6.382046
6.367705
6.357417
6.421974
6.408646
6.362344
6.402868
6.420063
6.368725
6.365933
6.342272
6.412469
6.409443
6.449714
6.353628
6.392164
6.407515
6.429211
6.430348
6.379789
6.365232
6.425337
6.344903
6.389036
6.3605
6.415082
6.383773
6.43409
6.408187
6.349408
6.414157
6.396614
6.393761
6.434094
6.379244
6.472071
6.453484
6.412001
6.405964
6.376109
6.372695
6.394075
6.412093
6.386918
6.458905
6.415543
6.330758
6.401484
6.391876
6.424742
6.468085
6.444727
6.378309
6.404593
6.37995
6.368201
6.393009
6.37141
6.349972
6.381709
6.369238
6.38321
6.414051
6.424447
6.399955
6.395875
6.297105
6.346598
6.43674
6.369661
6.370538
6.386862
6.398787
6.374168
6.387511
6.420733
6.367717
6.362443
6.339587
6.405469
6.403087
6.411577
6.438291
6.378548
6.332698
6.415751
6.466901
6.436871
6.394217
6.373187
6.407823
6.410036
6.424738
6.433834
6.461189
6.394871
6.408618
6.386779
6.411637
6.364137
6.363455
6.355989
6.343314
6.363698
6.345557
6.465572
6.36626
6.466793
6.343572
6.362251
6.444643
6.438014
6.383045
6.409248
6.460139
6.410911
6.39139
6.377158
6.403495
6.433473
6.422341
6.383933
6.347796
6.400456
6.382891
6.421582
6.418936
6.337876
6.370197
6.369605
6.359309
6.364227
6.375347
6.419954
6.379811
6.366649
6.412407
6.392209
6.389753
6.349812
6.436033
6.444655
6.412711
6.415588
6.378087
6.394252
6.439752
6.359587
6.406583
6.410598
6.431291
6.383403
6.367812
6.449255
6.404088
6.346823
6.422701
6.393467
6.377639
6.382076
6.411894
6.376659
6.415778
6.408172
6.408843
6.378111
6.405696
6.426855
6.364543
6.351969
6.394877
6.463816
6.383788
6.354305
6.38193
6.377494
6.381192
6.465619
6.369382
6.32191
6.364515
6.40256
6.372073
6.397455
6.390557
6.381366
6.39335
6.375309
6.379531
6.368982
6.411117
6.411004
6.433484
6.433705
6.392247
6.372261
6.381685
6.394642
6.376769
6.432495
6.363858
6.439905
6.427404
6.358676
6.427629
6.365433
6.372355
6.471343
6.347277
6.377972
6.395688
6.379032
6.376385
6.380971
6.375018
6.393784
6.371205
6.404377
6.373317
6.421199
6.355404
6.433
6.364078
6.426464
6.381335
6.404601
6.436452
6.384776
6.353215
6.327609
6.367128
6.378765
6.374983
6.353869
6.380659
6.427278
6.367146
6.389244
6.421952
6.370945
6.404875
6.414718
6.337783
6.389709
6.399609
6.41454
6.358984
6.401274
6.335102
6.418784
6.397584
6.425649
6.394085
6.388994
6.400127
6.367194
6.408237
6.419325
6.423891
6.431779
6.417164
6.432468
6.383093
6.376179
6.413972
6.356598
6.34287
6.44748
6.42342
6.409242
6.405929
6.437588
6.434969
6.386285
6.334549
6.42803
6.361876
6.371242
6.344118
6.403412
6.41621
6.429091
6.377478
6.362493
6.432746
6.403305
6.359218
6.3681
6.438785
6.394791
6.383922
6.376307
6.372244
6.411391
6.385775
6.446651
6.415636
6.367905
6.375257
6.36292
6.371773
6.406019
6.369328
6.381708
6.33588
6.37626
6.443824
6.379358
6.341245
6.370405
6.42208
6.361564
6.422854
6.398803
6.368071
6.380758
6.413011
6.402304
6.434094
6.4279
6.398854
6.387549
6.463739
6.405718
6.422147
6.385444
6.40391
6.349665
6.37739
6.413448
6.386508
6.395635
6.341314
6.370318
6.39616
6.401426
6.330018
6.365175
6.369534
6.363006
6.378299
6.35394
6.40374
6.42979
6.436353
6.407019
6.348253
6.390381
6.376162
6.367844
6.372507
6.432595
6.325749
6.453616
6.38537
6.369239
6.280884
6.379628
6.454971
6.350396
6.414819
6.388583
6.375811
6.404199
6.320339
6.417135
6.381239
6.402756
6.415581
6.407035
6.380444
6.387488
6.389257
6.389211
6.356336
6.394699
6.429122
6.399409
6.412173
6.429611
6.361455
6.399503
6.411754
6.384959
6.3704
6.347181
6.402337
6.373916
6.392402
6.418317
6.379242
6.34712
6.381874
6.398638
6.374905
6.406878
6.381493
6.359272
6.354366
6.409817
6.388673
6.394013
6.404282
6.363415
6.383592
6.390841
6.429524
6.426906
6.336826
6.376481
6.355273
6.39313
6.351953
6.419953
6.371705
6.465096
6.367788
6.414655
6.356828
6.356224
6.422635
6.443215
6.397254
6.36979
6.394165
6.405318
6.42829
6.389928
6.395426
6.415645
6.415892
6.377748
6.422369
6.394063
6.397186
6.447489
6.366172
6.391663
6.384656
6.403925
6.36465
6.384597
6.381456
6.40263
6.403543
6.363204
6.376691
6.412712
6.403525
6.414643
6.392477
6.39625
6.357683
6.407522
6.407306
6.409503
6.428397
6.380585
6.384387
6.418217
6.424253
6.405762
6.422232
6.389125
6.405757
6.401888
6.423252
6.36434
6.40544
6.412284
6.430422
6.416105
6.399482
6.35343
6.40931
6.428443
6.335274
6.398548
6.40356
6.343161
6.37315
6.414764
6.391449
6.41778
6.352327
6.398453
6.329113
6.413871
6.372848
6.380562
6.401284
6.385766
6.372904
6.379333
6.410965
6.449082
6.389152
6.382364
6.406137
6.378523
6.363666
6.388294
6.41715
6.372852
6.379503
6.356389
6.404152
6.376215
6.412177
6.36649
6.403649
6.392329
6.404214
6.372134
6.368924
6.372147
6.411643
6.397924
6.421294
6.422819
6.410643
6.345012
6.395417
6.396699
6.418199
6.401135
6.363595
6.425042
6.370316
6.386173
6.395683
6.422823
6.360503
6.427715
6.413287
6.419676
6.486127
6.418143
6.410192
6.41191
6.408289
6.418317
6.400816
6.428964
6.395226
6.37271
6.34407
6.378397
6.397052
6.444007
6.374508
6.433874
6.393984
6.417023
6.387138
6.34687
6.372985
6.414445
6.419983
6.357348
6.420471
6.399038
6.384767
6.395772
6.41446
6.371103
6.375352
6.385945
6.429579
6.394421
6.361155
6.410328
6.420851
6.352266
6.398231
6.410845
6.376491
6.377713
6.381681
6.381702
6.378971
6.419913
6.411025
6.388696
6.41915
6.405635
6.403592
6.364621
6.382328
6.344692
6.391386
6.387467
6.425186
6.412486
6.376732
6.38148
6.406714
6.340231
6.338905
6.384772
6.342467
6.425773
6.404651
6.385734
6.431552
6.395295
6.392267
6.367819
6.402095
6.37316
6.350639
6.39209
6.362089
6.383067
6.352817
6.390095
6.394826
6.369128
6.386304
6.366377
6.427371
6.391794
6.35824
6.368986
6.360389
6.378489
6.380057
6.422259
6.401712
6.435226
6.450538
6.370868
6.329888
6.419198
6.395645
6.408202
6.358973
6.45388
6.382926
6.410225
6.384477
6.419254
6.371807
6.385812
6.339747
6.429415
6.356308
6.433624
6.424756
6.339716
6.443393
6.325795
6.424856
6.360435
6.366369
6.427931
6.360222
6.415885
6.328488
6.351226
6.414413
6.371854
6.415591
6.355566
6.411407
6.360318
6.415764
6.402462
6.408679
6.365077
6.413384
6.398761
6.427195
6.34181
6.379985
6.410818
6.325888
6.359912
6.370888
6.410644
6.410529
6.360738
6.398606
6.409474
6.470132
6.409604
6.392687
6.381055
6.389703
6.420741
6.397923
6.374024
6.408084
6.39909
6.384526
6.400946
6.415235
6.348577
6.4403
6.401699
6.383663
6.428623
6.440902
6.35239
6.36859
6.402404
6.362884
6.41319
6.403722
6.428133
6.424656
6.429899
6.365987
6.392573
6.359635
6.446247
6.442342
6.400069
6.406376
6.354433
6.417509
6.355571
6.421528
6.361983
6.391673
6.369473
6.40043
6.413205
6.395893
6.357596
6.341666
6.375714
6.39847
6.381545
6.42975
6.357335
6.391818
6.3763
6.423358
6.376775
6.366995
6.409745
6.389678
6.38792
6.385579
6.410523
6.418417
6.370375
6.414922
6.386861
6.407623
6.395304
6.371499
6.437149
6.405451
6.382984
6.356333
6.407893
6.407647
6.41312
6.375513
6.362211
6.44111
6.433945
6.391075
6.378514
6.35575
6.366569
6.354877
6.395224
6.368649
6.394405
6.352581
6.396062
6.392057
6.426446
6.434967
6.437552
6.362066
6.421531
6.403396
6.393293
6.378618
6.348822
6.412794
6.3964
6.425916
6.370077
6.398628
6.479234
6.428259
6.394438
6.334381
6.378409
6.357018
6.369865
6.366353
6.366363
6.400134
6.390436
6.453831
6.3732
6.357949
6.392104
6.470933
6.363889
6.396041
6.401283
6.382638
6.408559
6.378327
6.383062
6.404863
6.416916
6.380889
6.399077
6.393375
6.410725
6.426769
6.413222
6.375106
6.344886
6.41372
6.403922
6.382196
6.457489
6.45724
6.40235
6.391388
6.382355
6.347704
6.384729
6.410992
6.347114
6.415834
6.384138
6.341393
6.383846
6.382578
6.352997
6.345737
6.342317
6.364446
6.403255
6.400713
6.391393
6.3631
6.411834
6.368598
6.377181
6.394629
6.399433
6.391819
6.341903
6.435197
6.404162
6.439385
6.348307
6.406319
6.372407
6.404852
6.378008
6.387869
6.408926
6.361412
6.360043
6.414875
6.389482
6.376558
6.425061
6.372115
6.299899
6.370839
6.398708
6.384387
6.402378
6.446805
6.380682
6.371065
6.394753
6.43022
6.487137
6.360642
6.396717
6.350065
6.376208
6.410033
6.408179
6.366952
6.382956
6.331402
6.406912
6.363903
6.385773
6.385073
6.389848
6.383107
6.391807
6.353607
6.384909
6.416355
6.427833
6.384668
6.367885
6.388691
6.349791
6.394532
6.453761
6.376832
6.379903
6.396293
6.38228
6.384767
6.379684
6.382542
6.374542
6.394557
6.383888
6.396479
6.388132
6.452059
6.368525
6.335642
6.393502
6.456601
6.396904
6.381407
6.40139
6.420579
6.372209
6.407689
6.402395
6.373583
6.378995
6.410808
6.414354
6.347304
6.374399
6.435121
6.378081
6.371153
6.357235
6.376625
6.445568
6.363708
6.407392
6.354652
6.375034
6.356014
6.401445
6.384338
6.402588
6.395063
6.411485
6.428793
6.380777
6.399833
6.382607
6.35245
6.383402
6.350895
6.365991
6.349045
6.372503
6.408766
6.397049
6.445837
6.379654
6.411283
6.407706
6.386238
6.407891
6.37672
6.408979
6.412313
6.363642
6.442814
6.455835
6.383989
6.384578
6.364325
6.375546
6.410564
6.40364
6.405155
6.444658
6.34766
6.423965
6.379451
6.330447
6.407527
6.444517
6.323476
6.429693
6.441438
6.363105
6.376533
6.376511
6.402055
6.360908
6.403194
6.397178
6.372259
6.328625
6.397573
6.379298
6.418048
6.355402
6.355845
6.432509
6.35157
6.459081
6.364825
6.434626
6.38611
6.39941
6.384286
6.421713
6.359992
6.373709
6.376915
6.366852
6.402804
6.427405
6.425764
6.381144
6.372395
6.380404
6.390788
6.393426
6.393277
6.363327
6.430166
6.394699
6.397081
6.431838
6.417366
6.396822
6.379529
6.369281
6.442841
6.407845
6.360777
6.397548
6.47906
6.366541
6.407925
6.371467
6.439132
6.39551
6.392033
6.404015
6.39818
6.355097
6.376185
6.355053
6.377261
6.353469
6.383424
6.410521
6.39124
6.439992
6.375202
6.358502
6.35927
6.359698
6.420269
6.381918
6.424554
6.41731
6.445067
6.448019
6.368202
6.380898
6.455281
6.36212
6.406584
6.431415
6.395738
6.418512
6.371739
6.373335
6.483186
6.447383
6.39234
6.430915
6.39933
6.431837
6.372082
6.341585
6.354523
6.366613
6.420855
6.327242
6.408325
6.374797
6.439763
6.370281
6.369204
6.404633
6.388032
6.354698
6.37836
6.421026
6.379701
6.374913
6.359818
6.408148
6.386544
6.418919
6.375334
6.42689
6.387316
6.41858
6.379055
6.399147
6.412022
6.373841
6.377898
6.34512
6.390607
6.413433
6.352107
6.430674
6.365439
6.362966
6.405704
6.351655
6.424319
6.452001
6.359114
6.415153
6.442305
6.349922
6.371493
6.37778
6.390891
6.432029
6.401779
6.421305
6.369027
6.367652
6.405522
6.357767
6.381065
6.347417
6.456707
6.344569
6.354979
6.370271
6.407927
6.436039
6.396952
6.365411
6.384166
6.401788
6.381204
6.339757
6.376421
6.346469
6.367796
6.389354
6.428648
6.411508
6.391421
6.432111
6.397912
6.339436
6.354954
6.408461
6.374499
6.383858
6.34806
6.398889
6.407783
6.418947
6.423808
6.343378
6.407911
6.402189
6.401744
6.369476
6.35599
6.361454
6.352489
6.383735
6.391066
6.394811
6.433024
6.410935
6.452134
6.382984
6.420348
6.387567
6.406473
6.380688
6.422171
6.392127
6.400867
6.399901
6.331121
6.369398
6.394509
6.413714
6.389694
6.383524
6.392714
6.446858
6.391491
6.342568
6.390955
6.347603
6.422541
6.402219
6.357425
6.320151
6.384178
6.402838
6.304614
6.417149
6.384639
6.383886
6.363378
6.351112
6.40016
6.358403
6.378734
6.403834
6.386558
6.377583
6.364912
6.395444
6.386612
6.384817
6.364601
6.362612
6.404338
6.291216
6.41328
6.383913
6.346565
6.414472
6.450602
6.345245
6.424585
6.325159
6.400463
6.406016
6.39245
6.38243
6.399943
6.353074
6.377093
6.405016
6.412814
6.421689
6.381915
6.34223
6.409276
6.405562
6.428588
6.367664
6.411172
6.360114
6.382088
6.37816
6.397305
6.406568
6.430679
6.4103
6.461361
6.390401
6.383496
6.401328
6.380125
6.36248
6.388684
6.381768
6.327843
6.457211
6.392012
6.358686
6.363932
6.419516
6.44843
6.355346
6.412055
6.402357
6.364539
6.342157
6.478535
6.387609
6.392321
6.40874
6.441469
6.389714
6.332556
6.42339
6.412838
6.356214
6.474131
6.408613
6.402392
6.465334
6.416168
6.336227
6.364042
6.382315
6.353202
6.376794
6.380401
6.389218
6.471489
6.351841
6.408448
6.401119
6.350992
6.443021
6.366589
6.396021
6.391183
6.337043
6.404296
6.379301
6.413131
6.389824
6.416899
6.41338
6.427893
6.400576
6.359342
6.462659
6.379892
6.394431
6.409325
6.442891
6.38561
6.354936
6.39961
6.380753
6.369003
6.417205
6.377777
6.409339
6.418964
6.419423
6.387188
6.387
6.398315
6.4163
6.422282
6.364063
6.403515
6.371572
6.429731
6.378793
6.384131
6.394899
6.423894
6.363121
6.393331
6.430947
6.458203
6.396187
6.375096
6.420227
6.385364
6.37963
6.397394
6.423921
6.418653
6.402795
6.389349
6.351971
6.361538
6.33202
6.350522
6.392035
6.361071
6.402953
6.420449
6.365797
6.445737
6.38898
6.36475
6.321775
6.356683
6.388117
6.348008
6.400102
6.436685
6.402681
6.395562
6.340821
6.369475
6.385758
6.353997
6.3539
6.385728
6.368216
6.400696
6.397834
6.371548
6.430655
6.409265
6.365521
6.363671
6.464223
6.353337
6.382736
6.375008
6.407155
6.3767
6.365365
6.385096
6.335948
6.396556
6.351266
6.395654
6.409656
6.406161
6.418309
6.350081
6.402605
6.388884
6.343403
6.397167
6.38078
6.349509
6.435641
6.413127
6.335859
6.308594
6.385943
6.421567
6.42649
6.371903
6.355992
6.373291
6.385197
6.408328
6.39141
6.408676
6.35272
6.363349
6.417044
6.430511
6.43809
6.346995
6.364163
6.419702
6.37564
6.394506
6.385923
6.362362
6.381395
6.356793
6.41174
6.33689
6.348207
6.3605
6.397912
6.350533
6.381275
6.39222
6.42642
6.44541
6.4007
6.346277
6.44774
6.405089
6.420621
6.396256
6.400157
6.396337
6.354747
6.400343
6.431515
6.382998
6.358833
6.367227
6.433063
6.36994
6.352267
6.370112
6.366331
6.389882
6.416136
6.420959
6.435403
6.384819
6.396397
6.411666
6.415968
6.378721
6.433828
6.405184
6.428014
6.399966
6.420918
6.360656
6.357143
6.426058
6.391554
6.440322
6.386829
6.367593
6.402626
6.402148
6.391387
6.384536
6.424784
6.396499
6.436974
6.472235
6.398564
6.414586
6.378125
6.394272
6.383071
6.35356
6.374949
6.398776
6.411748
6.428316
6.41113
6.369957
6.417926
6.402606
6.417121
6.389609
6.410405
6.355685
6.356392
6.388504
6.428079
6.419795
6.392331
6.411132
6.424678
6.370475
6.411995
6.425889
6.353901
6.374391
6.338633
6.393566
6.348025
6.418694
6.403543
6.382129
6.455815
6.342634
6.378386
6.469924
6.395564
6.406014
6.313521
6.431915
6.391956
6.378671
6.361229
6.399462
6.355742
6.412623
6.427174
6.410388
6.357651
6.438496
6.390113
6.373904
6.377812
6.397393
6.376163
6.428187
6.40128
6.326195
6.410499
6.411164
6.391292
6.421639
6.363942
6.407985
6.357851
6.353877
6.373306
6.40498
6.359889
6.375679
6.383896
6.366563
6.428822
6.425678
6.432638
6.413307
6.448176
6.446467
6.356314
6.421751
6.38175
6.390267
6.355169
6.413162
6.416393
6.409228
6.380059
6.399555
6.471649
6.373014
6.439426
6.394642
6.324079
6.415404
6.428305
6.41824
6.383354
6.362947
6.363273
6.359954
6.335739
6.398436
6.351408
6.372752
6.390764
6.36649
6.370166
6.396556
6.337418
6.380655
6.390355
6.407773
6.397032
6.384105
6.415408
6.424347
6.41533
6.462937
6.332049
6.437226
6.393321
6.346311
6.356692
6.387845
6.393025
6.44607
6.334293
6.397064
6.382613
6.383285
6.407439
6.37529
6.424864
6.374536
6.376128
6.334473
6.375268
6.426406
6.393081
6.361608
6.360437
6.434634
6.354268
6.370647
6.386671
6.421774
6.355618
6.389534
6.39295
6.402006
6.386195
6.442626
6.372496
6.399388
6.378546
6.340756
6.369667
6.420683
6.424663
6.356384
6.403729
6.421203
6.393728
6.406403
6.354601
6.409456
6.415309
6.380281
6.415943
6.383554
6.418158
6.425769
6.361155
6.342132
6.442859
6.407854
6.372418
6.35499
6.418863
6.367168
6.339185
6.429786
6.426021
6.467113
6.363992
6.437893
6.379995
6.385623
6.391887
6.394914
6.401153
6.419636
6.394496
6.333268
6.389055
6.407674
6.378942
6.462268
6.357124
6.371143
6.393201
6.375636
6.341444
6.417159
6.388847
6.380369
6.383776
6.405322
6.367373
6.37466
6.385028
6.399159
6.362711
6.423076
6.399157
6.401466
6.381671
6.358668
6.342953
6.396056
6.422682
6.348333
6.433748
6.343438
6.411967
6.42953
6.400567
6.421493
6.393735
6.417246
6.342572
6.392863
6.448733
6.38751
6.394631
6.402122
6.398692
6.401979
6.348019
6.471017
6.363256
6.448325
6.382682
6.406448
6.346006
6.350697
6.377984
6.407876
6.396478
6.361471
6.370047
6.396274
6.424805
6.372836
6.359984
6.41327
6.380164
6.376858
6.434858
6.373649
6.40986
6.425346
6.398119
6.377502
6.329962
6.410437
6.412738
6.392807
6.397195
6.407588
6.366511
6.399046
6.404653
6.436722
6.413418
6.36075
6.374708
6.401368
6.39622
6.34364
6.359915
6.421935
6.445176
6.354379
6.367833
6.354411
6.385096
6.439812
6.403289
6.3853
6.43052
6.381875
6.359022
6.392705
6.393802
6.368208
6.370801
6.427695
6.37308
6.38048
6.38729
6.387799
6.394007
6.365286
6.391629
6.410767
6.345658
6.386568
6.413099
6.425718
6.436004
6.375036
6.390804
6.420716
6.391964
6.371654
6.389466
6.431861
6.389016
6.387834
6.42326
6.372794
6.350765
6.338973
6.336465
6.403547
6.38945
6.35574
6.386487
6.416345
6.380127
6.352435
6.390973
6.352335
6.422121
6.434752
6.408979
6.372715
6.426236
6.375469
6.393688
6.437057
6.3956
6.38194
6.345115
6.405541
6.38188
6.418127
6.377347
6.427523
6.338235
6.391145
6.352943
6.369681
6.387335
6.41457
6.361868
6.367419
6.408766
6.306189
6.340314
6.390582
6.378112
6.3892
6.417008
6.376764
6.334319
6.338312
6.399896
6.38602
6.36566
6.39566
6.41628
6.457237
6.318777
6.384447
6.35596
6.400917
6.328595
6.391286
6.345391
6.39836
6.468554
6.382633
6.387133
6.387673
6.369751
6.413142
6.353173
6.377605
6.415571
6.453645
6.337845
6.444203
6.370695
6.399654
6.416255
6.37307
6.384667
6.389219
6.414088
6.38697
6.417714
6.389469
6.415423
6.450544
6.394879
6.397518
6.365177
6.368306
6.391088
6.419528
6.448829
6.390556
6.351204
6.407692
6.433783
6.400345
6.37522
6.390749
6.406367
6.388305
6.441293
6.363075
6.383897
6.369446
6.402758
6.352291
6.409045
6.395453
6.416366
6.375193
6.421162
6.425854
6.380349
6.485116
6.439337
6.410206
6.345557
6.376101
6.409675
6.445213
6.379094
6.403204
6.373819
6.433928
6.381402
6.411337
6.404661
6.438891
6.393867
6.446868
6.384998
6.418034
6.384059
6.401558
6.415693
6.417628
6.403912
6.379749
6.408362
6.376123
6.399119
6.417615
6.326689
6.367047
6.322949
6.337313
6.410549
6.444681
6.442502
6.36749
6.484084
6.408288
6.428779
6.41091
6.353076
6.368197
6.355165
6.394194
6.410384
6.310522
6.394248
6.401418
6.408698
6.42193
6.352163
6.419283
6.424704
6.383239
6.403741
6.363165
6.423839
6.396993
6.370994
6.415666
6.363513
6.407826
6.385955
6.375133
6.361619
6.387694
6.382789
6.397566
6.366408
6.408464
6.417418
6.365455
6.348127
6.380406
6.444933
6.429353
6.382984
6.412408
6.39882
6.377974
6.401816
6.393576
6.416655
6.420611
6.363379
6.449652
6.452727
6.37509
6.395513
6.431786
6.393776
6.402343
6.380968
6.369656
6.399823
6.394914
6.484385
6.406186
6.335491
6.398164
6.361858
6.332362
6.398913
6.426458
6.44133
6.368032
6.417498
6.370888
6.367597
6.376816
6.349718
6.378459
6.340887
6.350359
6.417334
6.400981
6.372284
6.375663
6.357019
6.40943
6.398357
6.458593
6.336336
6.404438
6.297552
6.401038
6.352568
6.406512
6.391002
6.396281
6.355545
6.366177
6.395476
6.371846
6.413211
6.425166
6.378281
6.390509
6.377849
6.370469
6.418161
6.387233
6.376185
6.38005
6.420698
6.388892
6.397586
6.404559
6.376637
6.401328
6.351787
6.392754
6.38167
6.421422
6.394807
6.392498
6.409278
6.344751
6.388748
6.372396
6.368573
6.343091
6.38341
6.370908
6.384516
6.414063
6.381976
6.397306
6.39464
6.397017
6.375748
6.289925
6.442348
6.362305
6.415632
6.382233
6.355782
6.393093
6.449789
6.396332
6.401242
6.341549
6.378549
6.365995
6.423343
6.362423
6.403242
6.408618
6.372485
6.382944
6.396808
6.389846
6.395578
6.46651
6.409732
6.431971
6.390673
6.379416
6.393684
6.402222
6.399332
6.392034
6.429959
6.388554
6.405498
6.391162
6.369843
6.317659
6.37051
6.386397
6.377578
6.397968
6.423703
6.405087
6.337567
6.363904
6.401163
6.394251
6.415094
6.360836
6.360489
6.444684
6.386878
6.383705
6.399904
6.384659
6.320023
6.391315
6.424594
6.345117
6.405682
6.363917
6.379895
6.381589
6.425075
6.407058
6.334961
6.449274
6.353022
6.380074
6.396206
6.398921
6.410576
6.414405
6.344263
6.386134
6.367803
6.380583
6.420651
6.371888
6.40501
6.386251
6.455762
6.382081
6.413435
6.417455
6.39051
6.372226
6.395242
6.423441
6.403026
6.430987
6.374818
6.460625
6.418703
6.382797
6.309465
6.356212
6.375971
6.372428
6.383377
6.365706
6.365736
6.388125
6.407066
6.394802
6.357124
6.387744
6.366123
6.431517
6.417291
6.3756
6.407466
6.39654
6.409994
6.419257
6.360343
6.320084
6.398694
6.401587
6.421807
6.376245
6.357059
6.403918
6.407869
6.372557
6.363034
6.391437
6.370486
6.347418
6.373017
6.367068
6.375603
6.424313
6.43787
6.372738
6.393568
6.37942
6.401455
6.455483
6.447511
6.366356
6.39874
6.418059
6.376851
6.397478
6.355946
6.389978
6.36017
6.361753
6.369767
6.368391
6.415889
6.403562
6.37503
6.44551
6.392227
6.445922
6.368765
6.390773
6.337542
6.380306
6.413469
6.387763
6.35735
6.408285
6.443987
6.432319
6.431592
6.378835
6.400838
6.397896
6.466988
6.43658
6.405919
6.393359
6.422942
6.38968
6.403778
6.422996
6.422009
6.387351
6.394841
6.384412
6.425669
6.318912
6.376877
6.363704
6.405116
6.414705
6.433955
6.439801
6.387355
6.412038
6.380096
6.39634
6.361679
6.350817
6.401543
6.383462
6.394253
6.42555
6.393597
6.375848
6.353547
6.367973
6.369317
6.409897
6.397345
6.361224
6.432191
6.409935
6.370599
6.453471
6.403092
6.385743
6.34618
6.407569
6.388808
6.431972
6.430699
6.370664
6.373397
6.358602
6.397861
6.365488
6.366535
6.38507
6.376747
6.36552
6.400789
6.411297
6.385373
6.418204
6.36826
6.368543
6.43123
6.356293
6.384623
6.406716
6.351511
6.39837
6.341531
6.424439
6.384362
6.38728
6.352658
6.388517
6.374227
6.35795
6.454836
6.336421
6.401065
6.408576
6.399099
6.392811
6.42933
6.391416
6.42453
6.320512
6.383941
6.425117
6.451848
6.42849
6.4299
6.414402
6.340543
6.412741
6.428352
6.401824
6.337804
6.400485
6.423146
6.39704
6.367542
6.377618
6.414848
6.409306
6.442573
6.425155
6.407595
6.352591
6.399284
6.427566
6.427382
6.435519
6.393513
6.394665
6.382704
6.357256
6.375895
6.400237
6.373609
6.363203
6.417302
6.373149
6.394962
6.42908
6.430876
6.384205
6.372953
6.393047
6.407721
6.38716
6.33854
6.449499
6.416094
6.397834
6.420523
6.412951
6.394941
6.375644
6.439272
6.379371
6.337455
6.352555
6.436895
6.445852
6.419072
6.306045
6.4119
6.420282
6.372186
6.377603
6.385225
6.357611
6.368411
6.48939
6.42262
6.357925
6.387191
6.363984
6.333272
6.435592
6.412805
6.418868
6.450439
6.418334
6.404282
6.397715
6.419993
6.346147
6.423071
6.384486
6.430986
6.408058
6.419522
6.412629
6.369416
6.427598
6.392571
6.413059
6.332168
6.387657
6.402142
6.418997
6.403564
6.372096
6.34295
6.437613
6.416263
6.411822
6.374904
6.377419
6.360512
6.351716
6.363063
6.394946
6.382858
6.396988
6.412572
6.412199
6.379592
6.433419
6.403507
6.477707
6.366504
6.418926
6.362457
6.373262
6.428424
6.336765
6.351617
6.381575
6.377222
6.460808
6.37818
6.340445
6.408047
6.379554
6.404724
6.327067
6.404239
6.40816
6.410242
6.338106
6.386024
6.338032
6.417984
6.308692
6.469139
6.436557
6.428706
6.358736
6.404803
6.37156
6.485813
6.411078
6.43185
6.330141
6.419343
6.390904
6.397719
6.417803
6.432762
6.433637
6.376407
6.408583
6.378716
6.379173
6.329481
6.381441
6.416541
6.411198
6.411177
6.403173
6.394283
6.356756
6.427171
6.34602
6.339803
6.439765
6.397075
6.405065
6.363473
6.362538
6.4266
6.336532
6.37201
6.350009
6.400116
6.375731
6.339324
6.395973
6.417754
6.381316
6.337192
6.416157
6.414229
6.34901
6.417973
6.419683
6.400901
6.35787
6.407442
6.351128
6.357543
6.416803
6.383104
6.384049
6.390846
6.386504
6.383537
6.390502
6.413267
6.38481
6.401189
6.419122
6.36346
6.352382
6.370091
6.384272
6.349487
6.357498
6.392411
6.377079
6.408914
6.373812
6.370781
6.373434
6.419018
6.425361
6.399699
6.379608
6.455715
6.390144
6.379378
6.393491
6.430638
6.405877
6.401826
6.394958
6.390189
6.388113
6.379757
6.422606
6.393315
6.390057
6.354566
6.37726
6.347871
6.395676
6.370814
6.417085
6.402961
6.396631
6.391747
6.386335
6.400396
6.385758
6.395901
6.352911
6.437772
6.394878
6.373531
6.433293
6.430448
6.393163
6.440511
6.420671
6.358878
6.374011
6.338355
6.356637
6.357952
6.377384
6.384729
6.393854
6.401891
6.440419
6.423954
6.40318
6.442236
6.372134
6.394804
6.382748
6.368055
6.398341
6.397862
6.481722
6.365964
6.407757
6.379901
6.382282
6.37302
6.43385
6.391994
6.367489
6.383482
6.366597
6.388174
6.428675
6.40737
6.355472
6.394285
6.330504
6.418053
6.329138
6.370431
6.39566
6.394313
6.369983
6.39754
6.394536
6.4068
6.408967
6.417554
6.347228
6.36148
6.402348
6.406616
6.376773
6.375768
6.362893
6.378188
6.384949
6.440284
6.347736
6.367874
6.322784
6.380092
6.374333
6.401785
6.377052
6.432167
6.409481
6.375944
6.38603
6.366588
6.367819
6.402809
6.404796
6.425911
6.451857
6.429997
6.358156
6.413217
6.388005
6.388551
6.399473
6.406148
6.35776
6.336094
6.354295
6.363066
6.447693
6.380857
6.381298
6.3386
6.394446
6.403225
6.34408
6.377032
6.338904
6.384933
6.43205
6.417387
6.416111
6.392026
6.398818
6.42774
6.437296
6.351097
6.421365
6.351767
6.34967
6.388013
6.354878
6.40272
6.416071
6.349722
6.366694
6.319436
6.385306
6.389367
6.348973
6.384663
6.385393
6.420747
6.422525
6.416226
6.40733
6.345953
6.427878
6.406956
6.379575
6.362519
6.38145
6.37826
6.367005
6.38846
6.311749
6.428455
6.382551
6.445424
6.358688
6.380914
6.447236
6.401458
6.426256
6.458456
6.365599
6.387714
6.342036
6.388388
6.331504
6.429459
6.445934
6.404715
6.427662
6.368875
6.403514
6.39354
6.39454
6.378234
6.3939
6.430541
6.426211
6.403221
6.387474
6.363859
6.341553
6.384086
6.393078
6.382632
6.41428
6.406061
6.44019
6.328879
6.463476
6.400404
6.368697
6.354756
6.382539
6.379601
6.400472
6.363623
6.415522
6.349741
6.413941
6.378306
6.371792
6.335864
6.396597
6.487108
6.409333
6.344611
6.368522
6.36529
6.370188
6.460504
6.426678
6.3896
6.439498
6.343586
6.374368
6.428664
6.377821
6.36774
6.331654
6.371745
6.361598
6.33011
6.372095
6.404164
6.41068
6.391757
6.398923
6.351651
6.457043
6.386774
6.38513
6.405599
6.387854
6.39595
6.380856
6.392911
6.410814
6.380244
6.344985
6.37683
6.3451
6.321741
6.38618
6.377449
6.408182
6.42231
6.38427
6.391558
6.352266
6.379831
6.397155
6.410187
6.384445
6.402022
6.362532
6.422067
6.376256
6.360146
6.364979
6.389901
6.343114
6.393234
6.382969
6.386646
6.412829
6.335865
6.340238
6.392926
6.364265
6.394098
6.367428
6.36415
6.420616
6.356695
6.439654
6.374559
6.398168
6.432311
6.452861
6.419373
6.363824
6.440658
6.360796
6.378268
6.40656
6.38041
6.419605
6.378394
6.368567
6.446044
6.440157
6.405997
6.391068
6.439782
6.337121
6.369778
6.423466
6.356707
6.364595
6.373075
6.404507
6.415002
6.356345
6.371475
6.351334
6.4175
6.412906
6.422686
6.360248
6.433853
6.344245
6.386063
6.425493
6.369521
6.348972
6.381987
6.409046
6.323137
6.395123
6.338509
6.407565
6.421846
6.37982
6.34195
6.367045
6.395439
6.37849
6.323234
6.405355
6.385674
6.367862
6.395064
6.412567
6.370857
6.33724
6.401169
6.455271
6.386202
6.350977
6.397992
6.388667
6.421837
6.329709
6.372009
6.383625
6.383639
6.348958
6.422162
6.430051
6.408407
6.352063
6.364402
6.450785
6.410071
6.454864
6.401393
6.37337
6.348315
6.469139
6.413451
6.382323
6.374921
6.368538
6.388861
6.391512
6.373151
6.434636
6.338637
6.390562
6.409288
6.416996
6.39821
6.38526
6.390877
6.404012
6.402179
6.420425
6.423822
6.385552
6.359365
6.366379
6.377981
6.386391
6.364798
6.399256
6.416535
6.448604
6.371618
6.412511
6.346962
6.410508
6.403333
6.385234
6.408037
6.413451
6.336205
6.37062
6.375016
6.360176
6.416207
6.426922
6.417476
6.384769
6.366911
6.31417
6.410126
6.451098
6.449198
6.402127
6.386205
6.386552
6.400562
6.409892
6.420054
6.380941
6.349191
6.455162
6.395774
6.421136
6.385723
6.349053
6.367054
6.366747
6.363815
6.387139
6.371849
6.406346
6.353201
6.397505
6.402992
6.352665
6.395078
6.352545
6.376585
6.374282
6.363997
6.392156
6.396677
6.381623
6.364162
6.398113
6.348998
6.392228
6.381972
6.339744
6.408859
6.372946
6.415281
6.393425
6.400572
6.414076
6.332054
6.432006
6.380315
6.336401
6.382601
6.316757
6.358709
6.378935
6.433471
6.369674
6.440175
6.375747
6.37805
6.387982
6.418545
6.432909
6.350887
6.409724
6.382071
6.339321
6.443392
6.413939
6.386999
6.349737
6.411945
6.390524
6.451743
6.341897
6.392635
6.403098
6.363808
6.375195
6.431383
6.366295
6.38938
6.349331
6.345933
6.469959
6.359603
6.352968
6.386868
6.432662
6.38538
6.345325
6.385341
6.337305
6.373706
6.402098
6.350282
6.312028
6.446661
6.447039
6.422016
6.371327
6.407526
6.374521
6.396301
6.368804
6.400612
6.391613
6.400599
6.392311
6.383922
6.408011
6.400889
6.346766
6.393205
6.409048
6.372875
6.379826
6.415485
6.37743
6.392614
6.380961
6.395674
6.347523
6.405681
6.392188
6.414406
6.406262
6.364498
6.391065
6.428136
6.412786
6.409104
6.407693
6.434169
6.415706
6.374503
6.3265
6.362099
6.383521
6.370684
6.385539
6.37872
6.404525
6.394747
6.338572
6.465101
6.396724
6.363042
6.350581
6.418775
6.346887
6.422951
6.349599
6.383983
6.408636
6.460358
6.410708
6.408926
6.434324
6.40028
6.374999
6.391544
6.353422
6.38765
6.429634
6.406526
6.381277
6.37873
6.409051
6.425505
6.37241
6.414553
6.40681
6.337265
6.400516
6.397741
6.389125
6.366114
6.403338
6.414189
6.386373
6.340367
6.4461
6.350047
6.356728
6.365837
6.328617
6.359304
6.386448
6.393248
6.386766
6.358809
6.406535
6.362498
6.352401
6.436343
6.382549
6.360574
6.406832
6.42604
6.419959
6.461838
6.404743
6.392883
6.468371
6.352786
6.391449
6.415151
6.397112
6.406278
6.38814
6.393774
6.433851
6.349638
6.394972
6.335742
6.387928
6.387836
6.396672
6.369935
6.393621
6.413849
6.401718
6.39865
6.404947
6.362082
6.405629
6.405677
6.417741
6.36718
6.410499
6.371678
6.445855
6.425851
6.420953
6.400619
6.403666
6.377679
6.343451
6.372866
6.373801
6.47164
6.380502
6.41835
6.465516
6.44442
6.39606
6.351881
6.389264
6.339745
6.378181
6.385718
6.340882
6.408539
6.348523
6.441646
6.42023
6.446783
6.369706
6.37538
6.385294
6.366136
6.373743
6.409947
6.367923
6.348484
6.378453
6.430167
6.38206
6.420925
6.411838
6.399638
6.365181
6.387291
6.401986
6.402472
6.376601
6.382011
6.343244
6.283916
6.372619
6.387401
6.368116
6.428093
6.400445
6.397007
6.367035
6.38342
6.359726
6.386233
6.390646
6.335459
6.390301
6.337392
6.374073
6.366979
6.444651
6.398431
6.39413
6.375195
6.354935
6.418789
6.428224
6.389978
6.363117
6.397329
6.394706
6.382428
6.416809
6.344738
6.426928
6.37585
6.356257
6.404553
6.395859
6.377286
6.345298
6.370698
6.351566
6.46297
6.390807
6.420915
6.406493
6.393364
6.468309
6.426879
6.429263
6.387895
6.39967
6.432918
6.377839
6.378268
6.394207
6.396204
6.316332
6.34977
6.445611
6.372263
6.445463
6.432255
6.319471
6.351239
6.334167
6.456442
6.412212
6.381161
6.413688
6.398906
6.364324
6.395763
6.390319
6.389772
6.443908
6.404268
6.400632
6.426447
6.406137
6.448921
6.397122
6.401102
6.380145
6.341331
6.34919
6.350321
6.4003
6.408164
6.382128
6.374979
6.347546
6.45952
6.38296
6.395099
6.38753
6.403331
6.359924
6.373063
6.460993
6.409558
6.404591
6.389474
6.445962
6.421299
6.411538
6.385335
6.424043
6.441311
6.382936
6.390301
6.411083
6.370931
6.380511
6.356208
6.41728
6.404678
6.3817
6.413347
6.366317
6.36732
6.343431
6.391408
6.362617
6.419462
6.380448
6.397113
6.405911
6.405652
6.404366
6.402658
6.373913
6.352078
6.372774
6.359215
6.347645
6.377096
6.396896
6.401167
6.431183
6.372134
6.35955
6.420278
6.378891
6.394789
6.440199
6.387766
6.391918
6.426916
6.366707
6.360368
6.371457
6.376104
6.411853
6.379026
6.402083
6.406594
6.386994
6.401011
6.336757
6.356013
6.388799
6.420568
6.368508
6.382749
6.370079
6.410241
6.374023
6.408749
6.394077
6.390149
6.441384
6.326032
6.44865
6.418202
6.442153
6.370521
6.337235
6.39137
6.406038
6.396066
6.411751
6.417777
6.390344
6.396796
6.351083
6.417436
6.388654
6.428982
6.330211
6.406777
6.416572
6.438213
6.327108
6.344521
6.425956
6.351036
6.387805
6.377877
6.40551
6.379935
6.383638
6.416089
6.424343
6.44337
6.376128
6.414622
6.384128
6.452904
6.438458
6.397488
6.459798
6.405875
6.385776
6.396559
6.423413
6.370448
6.425743
6.361153
6.441779
6.377005
6.451139
6.386312
6.397288
6.401766
6.411205
6.423517
6.432943
6.366042
6.346998
6.440772
6.423649
6.357074
6.394121
6.386833
6.460845
6.421946
6.315131
6.348694
6.399792
6.392992
6.40671
6.408024
6.413076
6.390729
6.356019
6.396078
6.35111
6.333638
6.372955
6.37397
6.367119
6.338703
6.39649
6.371573
6.434197
6.383717
6.376233
6.396944
6.387839
6.370721
6.468861
6.368047
6.42229
6.390482
6.3608
6.393638
6.364735
6.36629
6.44031
6.334233
6.405519
6.4207
6.442795
6.375705
6.330796
6.431523
6.414814
6.396582
6.339822
6.378915
6.408739
6.41073
6.405326
6.421177
6.361972
6.427002
6.410749
6.432986
6.385255
6.358058
6.391791
6.345957
6.392181
6.425709
6.393445
6.377805
6.39768
6.386843
6.378774
6.332391
6.395835
6.373668
6.405371
6.417514
6.414805
6.318262
6.407462
6.403473
6.455779
6.373132
6.355986
6.3814
6.404638
6.413166
6.446397
6.381822
6.398289
6.404506
6.447896
6.396259
6.376746
6.41566
6.360068
6.375735
6.410401
6.409471
6.331482
6.38005
6.375016
6.400502
6.357293
6.385747
6.395746
6.406571
6.35766
6.368218
6.371662
6.366173
6.453484
6.422887
6.382674
6.426351
6.361647
6.399375
6.35762
6.397555
6.363386
6.413399
6.323167
6.357027
6.399503
6.369629
6.437321
6.338716
6.340566
6.36025
6.370025
6.407439
6.396933
6.397057
6.416173
6.45689
6.437369
6.354781
6.41049
6.388426
6.392135
6.364117
6.417706
6.375732
6.438199
6.447338
6.357112
6.432775
6.393841
6.366166
6.357873
6.420204
6.377008
6.412041
6.373066
6.388552
6.409
6.421163
6.3993
6.310622
6.379888
6.386353
6.386612
6.418451
6.434865
6.406251
6.435099
6.426337
6.377618
6.328596
6.438345
6.340054
6.450471
6.410516
6.428831
6.332064
6.407285
6.459421
6.399323
6.450836
6.419213
6.408928
6.309997
6.415159
6.397441
6.370435
6.381146
6.399121
6.392076
6.345771
6.420415
6.381383
6.40194
6.401046
6.354668
6.402702
6.354169
6.403072
6.350556
6.366126
6.445217
6.471352
6.37717
6.335573
6.402769
6.442126
6.363589
6.342412
6.477825
6.453886
6.400587
6.443237
6.38723
6.37006
6.337135
6.364704
6.386184
6.402303
6.369214
6.317722
6.406043
6.401757
6.360372
6.410648
6.358206
6.378431
6.370086
6.354237
6.420992
6.392661
6.375473
6.340596
6.409498
6.434296
6.380434
6.388247
6.44747
6.391907
6.376923
6.393613
6.450688
6.383393
6.334002
6.434819
6.368605
6.398282
6.340182
6.436956
6.35845
6.409475
6.424077
6.386727
6.374365
6.418159
6.418074
6.439045
6.403791
6.388078
6.404431
6.344309
6.410517
6.350661
6.455414
6.428388
6.390944
6.389051
6.387246
6.393683
6.412986
6.322771
6.436304
6.383922
6.426086
6.33934
6.378937
6.401939
6.469505
6.386016
6.417066
6.432633
6.355603
6.405773
6.420333
6.374246
6.413644
6.425996
6.427032
6.412583
6.360819
6.349256
6.416093
6.388137
6.388411
6.427759
6.397182
6.378062
6.362518
6.371772
6.324697
6.404166
6.346753
6.386277
6.346039
6.391584
6.372574
6.36371
6.396635
6.399905
6.366334
6.419313
6.404908
6.431935
6.42924
6.411726
6.374811
6.377312
6.378023
6.416549
6.396379
6.473606
6.373133
6.397601
6.423452
6.404572
6.353056
6.296756
6.353798
6.442398
6.352601
6.391094
6.319968
6.415014
6.419623
6.349305
6.334542
6.421044
6.401493
6.3461
6.444351
6.430373
6.44584
6.459791
6.397588
6.371723
6.363973
6.378893
6.428596
6.409713
6.389872
6.332508
6.392416
6.44703
6.459811
6.390547
6.379942
6.36888
6.338978
6.43914
6.391079
6.397764
6.383123
6.372129
6.386923
6.389475
6.412035
6.362983
6.414125
6.31873
6.418927
6.430248
6.424184
6.359174
6.394899
6.400655
6.414415
6.366188
6.398811
6.402994
6.430407
6.392198
6.285198
6.341274
6.429466
6.400406
6.35247
6.385467
6.400225
6.400355
6.349986
6.401686
6.459996
6.406042
6.399112
6.339305
6.386688
6.369011
6.373119
6.373958
6.404535
6.304619
6.432645
6.392843
6.372322
6.419042
6.368748
6.338
6.360284
6.409071
6.416564
6.470226
6.420669
6.391916
6.401846
6.36108
6.374206
6.372107
6.404586
6.332217
6.412817
6.425125
6.349441
6.37746
6.389837
6.403883
6.395549
6.480278
6.369598
6.388403
6.389198
6.404927
6.406024
6.419988
6.357057
6.371222
6.404574
6.460495
6.366485
6.366439
6.457981
6.40048
6.351021
6.344103
6.35396
6.383946
6.37018
6.393337
6.39694
6.458806
6.364357
6.381165
6.435923
6.391242
6.436997
6.3767
6.405722
6.362228
6.441898
6.465179
6.389658
6.427884
6.360457
6.400867
6.420656
6.395825
6.325709
6.354089
6.434419
6.344642
6.429602
6.388846
6.42684
6.386567
6.398681
6.395284
6.410293
6.400074
6.409261
6.37866
6.421292
6.392683
6.378611
6.410538
6.343742
6.368111
6.416858
6.402031
6.434897
6.375854
6.364438
6.417938
6.402611
6.453764
6.358627
6.391498
6.40054
6.400584
6.375961
6.385819
6.342836
6.372264
6.384245
6.374421
6.423827
6.381716
6.350367
6.309847
6.442978
6.38623
6.386602
6.382649
6.418033
6.416029
6.396439
6.416119
6.376842
6.375871
6.390088
6.363576
6.40833
6.357728
6.361996
6.396222
6.426294
6.443182
6.384072
6.4378
6.415919
6.368003
6.426623
6.376935
6.387221
6.38718
6.387837
6.405059
6.405674
6.391383
6.456003
6.384751
6.350963
6.396717
6.429961
6.403325
6.38055
6.454242
6.405334
6.389945
6.356404
6.382988
6.43085
6.412079
6.369828
6.383954
6.377389
6.415368
6.36849
6.326262
6.403509
6.369099
6.373773
6.419891
6.372124
6.419054
6.395291
6.342727
6.429223
6.340242
6.390663
6.390524
6.402868
6.386093
6.402175
6.373717
6.44287
6.414954
6.3623
6.383621
6.441023
6.400771
6.386184
6.387454
6.386182
6.464213
6.401735
6.344155
6.388152
6.34677
6.439522
6.376131
6.329481
6.377943
6.43004
6.301169
6.355688
6.381636
6.367753
6.320435
6.351572
6.418176
6.385977
6.406948
6.413705
6.404923
6.378108
6.37755
6.416482
6.3832
6.374399
6.459652
6.408102
6.358093
6.384275
6.397444
6.347183
6.371136
6.425769
6.382985
6.397224
6.382854
6.391754
6.367403
6.419423
6.402365
6.389727
6.34837
6.408973
6.377411
6.331966
6.392356
6.423647
6.349605
6.374508
6.390298
6.375109
6.417248
6.405874
6.376008
6.402215
6.417568
6.400904
6.402724
6.440511
6.394353
6.344513
6.382868
6.433311
6.409239
6.334798
6.405178
6.393083
6.370928
6.402434
6.380236
6.434302
6.393791
6.408236
6.345939
6.357956
6.415108
6.422979
6.348173
6.364276
6.401552
6.425232
6.343893
6.394636
6.381414
6.38933
6.343903
6.443407
6.415868
6.413947
6.40024
6.367143
6.460075
6.380248
6.373663
6.41104
6.406417
6.401782
6.38502
6.421964
6.398825
6.395057
6.485623
6.429665
6.40903
6.386905
6.431114
6.396061
6.387337
6.407286
6.398467
6.395069
6.395329
6.338917
6.422934
6.391721
6.412577
6.348843
6.406874
6.382899
6.383415
6.417207
6.389351
6.379779
6.37225
6.397639
6.374608
6.36212
6.366198
6.416767
6.413534
6.404951
6.362635
6.384642
6.385696
6.390711
6.424545
6.364548
6.345859
6.445572
6.522171
6.415358
6.379816
6.397114
6.409369
6.45528
6.399209
6.380091
6.387664
6.346857
6.420494
6.382776
6.363209
6.346789
6.429233
6.343656
6.361484
6.351692
6.36201
6.382945
6.443607
6.43075
6.378008
6.384751
6.414836
6.348393
6.417859
6.431823
6.384063
6.433061
6.395087
6.364642
6.371031
6.405243
6.409127
6.452401
6.405876
6.3933
6.421616
6.425344
6.339385
6.425147
6.38444
6.419766
6.406272
6.397879
6.406706
6.440317
6.408596
6.371771
6.414738
6.363518
6.338291
6.326417
6.374747
6.402913
6.346108
6.391477
6.430318
6.378729
6.386161
6.43034
6.376954
6.39308
6.330019
6.40659
6.367523
6.407949
6.397643
6.316075
6.414524
6.407267
6.393782
6.356149
6.374338
6.393542
6.390625
6.383081
6.349518
6.390168
6.350641
6.438727
6.31347
6.362885
6.412055
6.406758
6.409036
6.435358
6.413814
6.383064
6.403885
6.356253
6.353057
6.347076
6.365933
6.433765
6.354646
6.42236
6.414357
6.392609
6.30788
6.354246
6.413871
6.397014
6.387136
6.369318
6.405616
6.421503
6.381017
6.387038
6.395277
6.369081
6.371895
6.389607
6.367211
6.375912
6.383691
6.394383
6.396585
6.366575
6.387579
6.409366
6.427788
6.409813
6.402105
6.424363
6.403781
6.338249
6.359276
6.379545
6.3792
6.396222
6.416814
6.38939
6.361665
6.394183
6.410584
6.379643
6.400943
6.388726
6.404016
6.424465
6.370173
6.362489
6.384953
6.358345
6.377823
6.403422
6.376263
6.43034
6.34815
6.379791
6.384603
6.405199
6.320292
6.443218
6.396702
6.363987
6.404886
6.420755
6.420699
6.401331
6.338432
6.355084
6.374231
6.369505
6.385771
6.351903
6.401676
6.363398
6.406191
6.402384
6.409363
6.430222
6.344
6.387286
6.374317
6.391182
6.400057
6.390242
6.396844
6.39033
6.437507
6.370402
6.387806
6.39853
6.440616
6.352214
6.380086
6.448235
6.410247
6.359112
6.363751
6.401629
6.425637
6.391459
6.465567
6.435875
6.395106
6.399373
6.344324
6.436665
6.360959
6.378465
6.390256
6.426462
6.437593
6.379215
6.464262
6.390152
6.49205
6.381893
6.410497
6.404403
6.372763
6.327426
6.342577
6.460897
6.337138
6.427262
6.437297
6.347708
6.4477
6.472276
6.415371
6.389912
6.370918
6.430565
6.35392
6.379403
6.397187
6.368113
6.379424
6.439659
6.39799
6.40744
6.352671
6.388163
6.358714
6.385332
6.398856
6.371614
6.385535
6.406712
6.397447
6.350916
6.412289
6.394185
6.387433
6.426705
6.426966
6.340288
6.350502
6.3803
6.364712
6.415292
6.423799
6.376055
6.462311
6.434667
6.433223
6.389851
6.336681
6.360906
6.349602
6.36343
6.385632
6.330919
6.393533
6.411986
6.396618
6.398312
6.40999
6.440224
6.386569
6.416692
6.34882
6.361837
6.376372
6.358625
6.396956
6.326656
6.3838
6.389199
6.342081
6.393772
6.421781
6.414071
6.356594
6.392662
6.434455
6.364473
6.360742
6.364838
6.396018
6.445183
6.378543
6.403346
6.398008
6.380246
6.345795
6.380118
6.377098
6.378999
6.395085
6.41577
6.435265
6.390113
6.399184
6.359056
6.334096
6.436526
6.413035
6.386513
6.426977
6.454842
6.396436
6.355718
6.354123
6.377204
6.416076
6.344137
6.442555
6.418857
6.400879
6.427351
6.392865
6.379985
6.403393
6.374299
6.416236
6.342464
6.377571
6.371753
6.379768
6.464859
6.398744
6.359835
6.405169
6.32301
6.373898
6.408057
6.420836
6.353213
6.351509
6.371449
6.406255
6.400686
6.342406
6.403199
6.339544
6.365639
6.370244
6.35691
6.435556
6.448751
6.386981
6.395085
6.461306
6.387442
6.403058
6.402198
6.384404
6.390474
6.4376
6.415069
6.370202
6.424554
6.35577
6.339956
6.372867
6.3165
6.393413
6.354378
6.373566
6.36788
6.374987
6.380541
6.365415
6.395833
6.383702
6.440679
6.446172
6.427417
6.436426
6.402291
6.374058
6.346431
6.393744
6.384611
6.416794
6.422551
6.413206
6.393065
6.346995
6.326685
6.382174
6.347313
6.409802
6.42075
6.341898
6.368293
6.344314
6.354951
6.403451
6.404051
6.445171
6.355685
6.394507
6.348072
6.437953
6.393792
6.400145
6.40389
6.380176
6.379729
6.452446
6.410153
6.373587
6.392649
6.378231
6.398659
6.38731
6.411853
6.367201
6.372599
6.391828
6.320643
6.390571
6.387533
6.421261
6.421467
6.37781
6.428085
6.372677
6.346437
6.350839
6.435714
6.410331
6.413923
6.461644
6.444072
6.356229
6.360654
6.377138
6.402734
6.381448
6.391061
6.405339
6.393318
6.39026
6.355991
6.382465
6.386101
6.394294
6.393213
6.332449
6.398804
6.374721
6.430016
6.416499
6.364808
6.424118
6.412657
6.394019
6.325998
6.38542
6.413362
6.395985
6.416586
6.375455
6.391575
6.394803
6.373384
6.357122
6.406569
6.424703
6.424254
6.392964
6.408046
6.389276
6.40752
6.369185
6.382971
6.412301
6.456829
6.320197
6.394351
6.416279
6.383168
6.328106
6.385383
6.336351
6.38005
6.359154
6.361066
6.391379
6.394562
6.373845
6.437144
6.394273
6.378357
6.428342
6.4092
6.409837
6.332328
6.395032
6.353382
6.459822
6.393498
6.400437
6.389119
6.383633
6.351163
6.335792
6.437632
6.38406
6.414034
6.368454
6.413728
6.312566
6.420154
6.365647
6.453928
6.396461
6.376666
6.358272
6.37967
6.393949
6.328841
6.359936
6.421782
6.346516
6.378039
6.351429
6.396163
6.383944
6.4459
6.400495
6.409002
6.363765
6.367783
6.359299
6.365859
6.368627
6.435114
6.389943
6.429709
6.382229
6.442825
6.408118
6.381676
6.417709
6.426237
6.388353
6.374026
6.33833
6.391195
6.365339
6.359663
6.33257
6.436126
6.350324
6.386976
6.406419
6.364662
6.373535
6.348993
6.404668
6.366624
6.405172
6.414385
6.411862
6.418441
6.316106
6.389622
6.434256
6.346014
6.379091
6.358635
6.384709
6.402218
6.412509
6.40399
6.465684
6.348744
6.354268
6.362141
6.489671
6.368258
6.37979
6.43849
6.410887
6.415834
6.469901
6.342694
6.372861
6.413482
6.422826
6.386844
6.398634
6.419507
6.376086
6.32709
6.394313
6.443753
6.376613
6.394995
6.448123
6.387768
6.361828
6.40432
6.355096
6.391106
6.446945
6.34876
6.293782
6.443858
6.341467
6.367723
6.383911
6.39249
6.455726
6.317859
6.451665
6.40836
6.395006
6.3814
6.364491
6.327999
6.368115
6.416287
6.408382
6.33891
6.359968
6.366871
6.379094
6.333311
6.367167
6.409295
6.41149
6.368288
6.425248
6.432868
6.387898
6.356142
6.3422
6.334001
6.366743
6.3855
6.395804
6.41971
6.449869
6.377101
6.359283
6.406488
6.425883
6.41375
6.390542
6.418452
6.3649
6.378173
6.353717
6.390171
6.409016
6.387726
6.344993
6.467838
6.320363
6.374161
6.381051
6.423647
6.353592
6.442377
6.382259
6.410474
6.419402
6.412654
6.318506
6.393291
6.391982
6.358053
6.397896
6.328837
6.390516
6.44883
6.342158
6.344968
6.432053
6.410455
6.342097
6.405945
6.448618
6.40578
6.360892
6.376557
6.40116
6.385389
6.413344
6.370796
6.401151
6.337172
6.383252
6.410322
6.324603
6.405736
6.375793
6.368084
6.321538
6.410754
6.401522
6.417487
6.446823
6.361711
6.347742
6.460058
6.432166
6.393893
6.41626
6.40903
6.359489
6.384217
6.40922
6.386568
6.359472
6.457711
6.413639
6.416523
6.392744
6.379758
6.386874
6.355534
6.410764
6.421221
6.396238
6.377093
6.409468
6.411381
6.33612
6.371849
6.461767
6.423205
6.388885
6.357374
6.346409
6.330673
6.415365
6.425769
6.378556
6.441358
6.415545
6.397153
6.379778
6.456177
6.361419
6.372299
6.386966
6.40386
6.377933
6.37406
6.398837
6.40565
6.400915
6.370465
6.398651
6.385031
6.334311
6.353424
6.435972
6.425533
6.380393
6.373995
6.422436
6.400159
6.396832
6.348867
6.345433
6.329014
6.396917
6.45655
6.366387
6.367207
6.362392
6.367884
6.410037
6.386382
6.402869
6.334347
6.429898
6.370088
6.398178
6.411749
6.411749
6.415535
6.349111
6.379934
6.419518
6.39672
6.367512
6.417059
6.374353
6.409035
6.392423
6.41071
6.422876
6.397242
6.405087
6.365286
6.368202
6.39812
6.393679
6.418664
6.39218
6.444253
6.399315
6.374581
6.385214
6.39069
6.385539
6.404834
6.397416
6.368896
6.389085
6.338866
6.368794
6.436056
6.365502
6.390674
6.415235
6.42676
6.419641
6.42148
6.410494
6.434632
6.346195
6.388708
6.443249
6.308503
6.403191
6.411079
6.42641
6.429628
6.40886
6.364413
6.444788
6.373723
6.357806
6.433249
6.352223
6.370308
6.409331
6.402589
6.410888
6.426974
6.351463
6.407669
6.430922
6.460811
6.382667
6.438152
6.404025
6.403073
6.393971
6.362194
6.403574
6.371949
6.354392
6.41521
6.398644
6.347144
6.37973
6.406024
6.34498
6.38825
6.365535
6.393364
6.408311
6.420638
6.406647
6.398631
6.396242
6.422318
6.357348
6.406667
6.391237
6.36067
6.389475
6.42243
6.380182
6.341787
6.402857
6.371469
6.402958
6.410097
6.379905
6.354558
6.393585
6.417547
6.374753
6.430754
6.396703
6.36337
6.418087
6.434038
6.376948
6.33637
6.38965
6.399042
6.346514
6.373372
6.401138
6.441243
6.403956
6.376866
6.366934
6.407704
6.403096
6.401004
6.403011
6.398003
6.357103
6.364054
6.386024
6.346321
6.418246
6.400822
6.39709
6.420261
6.394833
6.342082
6.377582
6.414866
6.407902
6.382002
6.42132
6.331643
6.403209
6.398754
6.320082
6.398601
6.336222
6.40674
6.437044
6.403201
6.425932
6.326011
6.354012
6.37893
6.363725
6.353285
6.385858
6.425384
6.38005
6.370305
6.444643
6.405273
6.423694
6.37584
6.397409
6.399374
6.35851
6.362584
6.401061
6.378685
6.377964
6.420934
6.426964
6.345293
6.37255
6.351543
6.393866
6.405969
6.440058
6.373005
6.371323
6.434769
6.391612
6.38618
6.403125
6.442327
6.327883
6.409808
6.402401
6.413124
6.404707
6.395224
6.395675
6.434185
6.419607
6.388919
6.373931
6.336207
6.37528
6.464731
6.354091
6.354103
6.367878
6.351481
6.384694
6.414204
6.408501
6.423712
6.357779
6.373379
6.390283
6.37698
6.342897
6.372245
6.45091
6.426769
6.368231
6.42992
6.515788
6.369869
6.392998
6.413697
6.370135
6.38774
6.425425
6.388316
6.384795
6.396087
6.411604
6.416648
6.346306
6.362087
6.365131
6.406014
6.415594
6.359159
6.378913
6.385731
6.409725
6.370293
6.388807
6.395311
6.443779
6.389437
6.382422
6.385393
6.424
6.370801
6.432047
6.373386
6.359816
6.398736
6.354013
6.333537
6.405165
6.416153
6.380446
6.391622
6.372904
6.354071
6.415783
6.337659
6.370666
6.352343
6.347429
6.354267
6.400338
6.332577
6.387017
6.305078
6.398602
6.375906
6.378871
6.417933
6.387984
6.430444
6.37025
6.350223
6.446787
6.359399
6.384135
6.452059
6.363987
6.365362
6.386454
6.404855
6.392715
6.392642
6.459067
6.414579
6.401279
6.444505
6.369818
6.377809
6.389815
6.402576
6.395003
6.426676
6.434015
6.403798
6.372436
6.451254
6.351025
6.339215
6.397
6.406409
6.385288
6.37682
6.3355
6.358115
6.382384
6.343984
6.408241
6.354782
6.419652
6.42973
6.448128
6.392757
6.379585
6.377573
6.429827
6.40638
6.418331
6.388491
6.36594
6.377269
6.354744
6.434082
6.369937
6.440096
6.399676
6.399694
6.369411
6.328611
6.379691
6.435076
6.298907
6.403485
6.407833
6.441025
6.403107
6.348099
6.401533
6.446193
6.418659
6.414504
6.368716
6.45147
6.375428
6.431889
6.359833
6.421953
6.416737
6.422196
6.440699
6.406147
6.390073
6.438626
6.429711
6.380068
6.384283
6.3712
6.442445
6.331174
6.359507
6.369955
6.436523
6.408732
6.35123
6.390429
6.378551
6.30539
6.392607
6.450547
6.423446
6.359461
6.348638
6.379333
6.405002
6.401985
6.359927
6.359591
6.398155
6.389129
6.371488
6.322355
6.376829
6.39084
6.410631
6.414028
6.44469
6.410748
6.356127
6.445113
6.401792
6.393992
6.407948
6.396998
6.355532
6.336521
6.313945
6.378881
6.359332
6.416236
6.375849
6.319661
6.352808
6.431314
6.388042
6.445464
6.330856
6.431534
6.380398
6.427705
6.315617
6.400921
6.382535
6.399311
6.406226
6.466322
6.377791
6.387372
6.35796
6.341238
6.40583
6.400592
6.359028
6.404767
6.320737
6.404708
6.397589
6.472592
6.426964
6.414467
6.397081
6.37878
6.370002
6.37876
6.472281
6.314683
6.447714
6.378135
6.467649
6.430289
6.416143
6.408679
6.458466
6.405739
6.357795
6.469299
6.370328
6.346271
6.359734
6.403721
6.393125
6.362116
6.415556
6.39344
6.380782
6.342416
6.361002
6.396607
6.354873
6.450588
6.419026
6.400344
6.365876
6.393006
6.395134
6.390718
6.405747
6.327525
6.32222
6.388664
6.403071
6.377348
6.336801
6.432255
6.366913
6.409943
6.398677
6.344967
6.403909
6.353716
6.40726
6.370241
6.396454
6.422671
6.439824
6.412673
6.393242
6.368065
6.398412
6.404094
6.335785
6.418805
6.377539
6.334923
6.360637
6.407369
6.38766
6.400843
6.399229
6.40269
6.294105
6.451604
6.345826
6.411444
6.398746
6.420844
6.376273
6.395051
6.347594
6.447366
6.372856
6.412485
6.384876
6.349104
6.362241
6.34839
6.355127
6.374542
6.404266
6.405333
6.397675
6.443245
6.415085
6.437156
6.373204
6.4351
6.417813
6.412059
6.386137
6.398604
6.285069
6.457005
6.36813
6.388799
6.313423
6.386701
6.414636
6.432687
6.434832
6.419758
6.42291
6.397304
6.361156
6.437403
6.378923
6.382259
6.413239
6.388041
6.402923
6.411563
6.407033
6.346883
6.350478
6.374323
6.446938
6.35279
6.370324
6.436458
6.386312
6.364538
6.352619
6.378513
6.381773
6.407193
6.429752
6.326563
6.413209
6.377647
6.419362
6.333709
6.332198
6.360473
6.430286
6.390713
6.407989
6.372474
6.316558
6.36676
6.415815
6.369119
6.41034
6.379176
6.381007
6.438142
6.419561
6.427246
6.32604
6.439856
6.410202
6.387596
6.333517
6.425829
6.374365
6.368973
6.402753
6.385987
6.397447
6.40889
6.454539
6.356563
6.377839
6.383124
6.364948
6.472856
6.347162
6.403451
6.391398
6.352858
6.393627
6.357465
6.379159
6.354264
6.398261
6.345196
6.34097
6.384819
6.37979
6.400144
6.375427
6.371894
6.391355
6.484277
6.353793
6.370664
6.423593
6.396654
6.459809
6.397534
6.393367
6.409078
6.42877
6.356978
6.41152
6.345635
6.398042
6.430136
6.469853
6.418851
6.413479
6.42261
6.40726
6.392963
6.474148
6.441347
6.4003
6.387479
6.397309
6.389601
6.33439
6.369505
6.422556
6.423831
6.383102
6.338067
6.369102
6.378337
6.368514
6.376519
6.377012
6.381191
6.357501
6.361876
6.36015
6.396402
6.384726
6.318284
6.445892
6.339969
6.412803
6.404156
6.366372
6.39248
6.363324
6.397407
6.40276
6.311259
6.394654
6.382267
6.355489
6.393417
6.39059
6.407989
6.358155
6.398432
6.393111
6.396087
6.446253
6.397311
6.435536
6.345886
6.454579
6.415518
6.400432
6.422675
6.358248
6.317382
6.339682
6.365849
