0.0006096524
0.001350365
0.0014913
0.001021155
0.001004327
0.001014496
0.0008992847
0.001647758
0.0009931717
0.001562261
0.0009966216
0.001032647
0.0009657492
0.001106802
0.00061682
0.001014639
0.0009016312
0.0006979278
0.000781343
0.001446475
0.0009122748
0.0009134642
0.001324795
0.001089613
0.001674802
0.001120295
0.0008706091
0.001068953
0.00113908
0.0009919048
0.0008058644
0.00101449
0.001322995
0.001318699
0.001149277
0.001311981
0.0010902
0.001090562
0.001538815
0.001232653
0.001008926
0.001227592
0.001774221
0.001418627
0.0009517072
0.001102359
0.001184308
0.0007298898
0.0009475535
0.001195359
0.0009760085
0.001024433
0.001038265
0.001387525
0.001021255
0.001395987
0.001349563
0.001336532
0.001187113
0.002089283
0.001958448
0.0009634927
0.0009093973
0.001041886
0.0007825969
0.001566354
0.001127705
0.001071115
0.00122953
0.001332132
0.001198538
0.001169987
0.0009840391
0.001002118
0.001218648
0.001580914
0.001121646
0.00087713
0.0009780521
0.001062912
0.001449636
0.001882138
0.001513473
0.001097764
0.000996969
0.001307483
0.001555689
0.001022683
0.001077075
0.001661331
0.001373911
0.001440921
0.00157894
0.001190267
0.001135045
0.00105854
0.001166188
0.001075298
0.001131792
0.001060377
0.001225441
0.001179485
0.001406133
0.001160447
0.00156411
0.001341824
0.0009763413
0.00101446
0.001204972
0.001157056
0.001213811
0.001262532
0.001644343
0.00122438
0.001030278
0.001696726
0.0008346
0.0009991077
0.001067829
0.0006487741
0.001224599
0.001648531
0.001109248
0.0009170986
0.0008756533
0.001444803
0.001159459
0.001401336
0.00172142
0.0009645895
0.001013266
0.001095771
0.001384037
0.001041616
0.001235982
0.001392929
0.0009884437
0.001450455
0.001751134
0.001179509
0.001526538
0.001216098
0.001158415
0.0009757747
0.001030134
0.001439642
0.001003411
0.001517497
0.001227576
0.00122002
0.0009802709
0.001190671
0.001143481
0.001186023
0.001304229
0.001610616
0.001394688
0.001147352
0.001144936
0.001152802
0.001690354
0.001456595
0.001197165
0.001400271
0.0008773086
0.001395253
0.001525985
0.001194368
0.001058372
0.001213636
0.001514645
0.00109529
0.001276533
0.000921571
0.0009413554
0.001159733
0.001015135
0.00118808
0.001431439
0.001097355
0.00131235
0.001424041
0.00144716
0.001455466
0.001206542
0.001107521
0.001643657
0.001351347
0.0007724377
0.001932903
0.00159073
0.001331276
0.00150958
0.001222697
0.001665478
0.001266563
0.001516262
0.001072416
0.001087821
0.0009679906
0.001231136
0.00188066
0.001883163
0.001188203
0.0008351482
0.001077742
0.001065768
0.001207614
0.001919638
0.0007662973
0.001056165
0.0007577866
0.001105793
0.0007283378
0.001477894
0.001213671
0.0008519824
0.0008913655
0.0007929054
0.001010549
0.0009906084
0.001141877
0.001653045
0.001525088
0.0007576353
0.001519475
0.001193119
0.001071668
0.001225898
0.001234214
0.000811602
0.001032993
0.001087091
0.0009998482
0.001737595
0.001382152
0.001296509
0.001664224
0.00100739
0.001486817
0.001023698
0.0007971121
0.001211214
0.0009448121
0.00129074
0.001407724
0.001509383
0.001690154
0.00139483
0.001386016
0.00156867
0.001502349
0.001373314
0.001653236
0.00110225
0.00134226
0.001798947
0.001430306
0.001382085
0.001030038
0.00118583
0.001481486
0.001649601
0.001662158
0.001406331
0.001190169
0.00137392
0.001310422
0.001288383
0.001612519
0.001409888
0.001301322
0.001277753
0.001052338
0.0009243398
0.001300492
0.00143326
0.001267083
0.0009170641
0.0008906488
0.001255504
0.0009900875
0.001183395
0.001237008
0.001125152
0.001638358
0.001855772
0.0009111621
0.0008539827
0.001007076
0.001058664
0.001148158
0.001085016
0.0008463655
0.001271104
0.001388008
0.001349401
0.001501159
0.001251366
0.001042208
0.001188054
0.001110917
0.001376395
0.001032189
0.001337332
0.0008191509
0.001034758
0.001228395
0.001105147
0.001387421
0.001347929
0.001087894
0.001646743
0.00122308
0.001356046
0.001586482
0.001644215
0.001472762
0.001111581
0.0009890668
0.001128927
0.001225746
0.00130408
0.001091165
0.001161513
0.000721181
0.001366906
0.0008509841
0.0009005367
0.001270447
0.001185942
0.001269917
0.000797161
0.001062395
0.001238298
0.00108013
0.001673061
0.00104396
0.00155055
0.001235899
0.001415595
0.0009882704
0.001330378
0.001321641
0.001199006
0.001202164
0.001210822
0.001741042
0.0009249222
0.001565555
0.001053183
0.001560291
0.001006375
0.001194894
0.001760463
0.001014611
0.001113954
0.00121011
0.001589592
0.001196977
0.001195429
0.001145665
0.0009319373
0.001048034
0.0008225994
0.0006481542
0.001083904
0.0006864599
0.000993451
0.001145849
0.001193967
0.001114661
0.0007400235
0.001160805
0.0009826614
0.0008617754
0.0009528341
0.001252946
0.0009707599
0.0008374583
0.001109136
0.001033377
0.001148339
0.001049824
0.001458424
0.001599562
0.001655142
0.001670156
0.001643935
0.001198436
0.001096422
0.001526688
0.001049016
0.0008752812
0.001507288
0.001257472
0.001190454
0.001476535
0.001267349
0.0007801293
0.001245776
0.001379675
0.001652904
0.0008937043
0.000625327
0.0012441
0.0009923558
0.0006834017
0.0009099139
0.001272486
0.000751467
0.0008672774
0.001174242
0.0007837376
0.001077541
0.001019866
0.001391588
0.001361349
0.0007989435
0.001036403
0.001895256
0.001816292
0.00164056
0.001355039
0.001512471
0.001401095
0.0008531079
0.0006472792
0.0008499327
0.0009344185
0.0008157372
0.001400527
0.00103136
0.001683162
0.0009740543
0.001123798
0.001477527
0.0009465043
0.001325994
0.0009379175
0.0005975308
0.001025352
0.00126645
0.0008113073
0.000932464
0.001072636
0.001133925
0.001003201
0.0009156045
0.001218016
0.001454326
0.001458672
0.000849461
0.001298923
0.001431169
0.00102794
0.0008978722
0.001309923
0.001490611
0.001011675
0.001149689
0.001399799
0.001532622
0.001154088
0.001453387
0.001256382
0.0009070185
0.001496409
0.0009693499
0.0009826589
0.0008319092
0.001105421
0.001383448
0.001506735
0.00120177
0.001248421
0.00144456
0.0009741474
0.001036778
0.0009713779
0.001576059
0.001053374
0.001142488
0.001694072
0.001396816
0.001272696
0.001376386
0.001262773
0.001293023
0.001491883
0.001384356
0.001560533
0.001708431
0.001367842
0.00178979
0.001584843
0.001639605
0.001271526
0.0008555243
0.00183152
0.0009547506
0.0009295852
0.0009073272
0.0008074258
0.0009053456
0.000951489
0.001062242
0.001029919
0.001383044
0.001299627
0.001386624
0.001228784
0.001222589
0.001076818
0.001024889
0.0009256514
0.0008654465
0.0009363581
0.0009103051
0.0006703613
0.000625676
0.001060324
0.001022028
0.0006888122
0.0007614097
0.0008540424
0.001223024
0.001330832
0.001361667
0.00145818
0.001190784
0.001141045
0.001703529
0.0008597522
0.001661642
0.0008861366
0.0009462387
0.001195482
0.001294541
0.0009843774
0.001237577
0.001208265
0.00172327
0.001386289
0.001179411
0.0009755543
0.0009919669
0.001418462
0.0009390136
0.001256033
0.001077547
0.001040252
0.000947975
0.0009658377
0.001280434
0.001208318
0.0009772255
0.00107166
0.0008603323
0.001587763
0.001119836
0.001280595
0.000832824
0.001806276
0.001023142
0.001948614
0.001143977
0.001290492
0.0009188727
0.0009677911
0.001094562
0.001215956
0.001560158
0.0009231944
0.0009653693
0.001290262
0.0007744925
0.001221973
0.001525925
0.001610494
0.0008038321
0.001392343
0.0009055884
0.0009557301
0.001911194
0.0009058057
0.001013165
0.001674521
0.001424881
0.001101475
0.001224694
0.001392541
0.0009415167
0.001328938
0.001336777
0.00113279
0.001292248
0.001299315
0.001363412
0.0009031864
0.001869997
0.001295652
0.00116348
0.001617429
0.001238781
0.00107384
0.0009631462
0.0008389862
0.0007580795
0.00163488
0.0008635956
0.000984101
0.0009251227
0.0009119225
0.0008628801
0.001587706
0.001524602
0.001013736
0.001110886
0.001159757
0.001078546
0.000763328
0.0007273345
0.001027917
0.00119775
0.001088382
0.001019939
0.001448715
0.0009327344
0.0009619019
0.001353849
0.001164683
0.001085966
0.0009281954
0.0008328707
0.001019156
0.001824517
0.001651443
0.001251195
0.001101248
0.001043533
0.001030653
0.001539934
0.001128311
0.00153315
0.001166114
0.002034475
0.001893386
0.00131978
0.001569196
0.00115375
0.001183795
0.001486587
0.001013818
0.001188021
0.001297938
0.001720281
0.0009717681
0.001072572
0.001107706
0.001493929
0.001679981
0.001477416
0.001841498
0.001113667
0.001716195
0.001231973
0.001438037
0.001368343
0.00110511
0.001449686
0.001227153
0.001187612
0.0009904154
0.001435284
0.001242596
0.001054184
0.001841881
0.001216039
0.001391829
0.001270991
0.002350428
0.001361059
0.00163841
0.00102649
0.001260708
0.00150949
0.001505603
0.0009507099
0.001149789
0.001061739
0.001105105
0.00130263
0.001182474
0.000990803
0.00115504
0.001356673
0.000820332
0.001944094
0.001157716
0.001328959
0.001425745
0.001576284
0.001424356
0.001284734
0.001347778
0.001286083
0.001426725
0.001243858
0.001135232
0.0008871529
0.0007703024
0.00134711
0.001282854
0.001642975
0.001203094
0.001074308
0.001102817
0.001091582
0.001046783
0.0009880185
0.001046033
0.0006747356
0.0009284769
0.001632075
0.001006428
0.001208683
0.001420672
0.001396058
0.0009446332
0.0009526632
0.001141822
0.001421746
0.001002949
0.000788971
0.0008365193
0.0008633115
0.0006829094
0.001204388
0.001111097
0.001016588
0.001605434
0.001469509
0.001301425
0.001795348
0.001225246
0.001161668
0.001266873
0.001199454
0.0009786091
0.001101527
0.001724647
0.0008887337
0.001058782
0.0008396901
0.000904324
0.0009367243
0.00119218
0.001209133
0.001114621
0.0009810288
0.0008494844
0.0009643112
0.001449484
0.001200773
0.001281538
0.0009702835
0.0009695666
0.001043703
0.001667396
0.001184495
0.001654188
0.001532245
0.001513073
0.001433496
0.001190133
0.001112161
0.001119585
0.0007535327
0.00099695
0.001051046
0.000836506
0.0006118012
0.001290742
0.001144491
0.001299066
0.00144347
0.001564405
0.001631373
0.00117056
0.001150649
0.001549802
0.001471219
0.00149453
0.001596763
0.001175072
0.00122284
0.001163806
0.001587638
0.001568793
0.001160394
0.001134634
0.0009878368
0.0011241
0.001534971
0.001059013
0.001263675
0.0008290919
0.000948844
0.001391903
0.001333294
0.001319407
0.001316189
0.001101135
0.00127479
0.001097575
0.0009380069
0.001028533
0.001368772
0.001017433
0.001300208
0.001072384
0.001081951
0.001134611
0.001504517
0.001253453
0.001325394
0.00119248
0.001048985
0.001316042
0.001919696
0.001432364
0.001101498
0.000769984
0.001448668
0.001022192
0.001087555
0.001212445
0.001402723
0.001242872
0.001314074
0.001013552
0.0008954659
0.001004476
0.001313771
0.001006478
0.00117164
0.001007043
0.001399186
0.00148986
0.001284995
0.0009504693
0.001009901
0.001044924
0.001558211
0.0008646512
0.001060749
0.001118875
0.00133124
0.00133423
0.001251704
0.001470237
0.001151436
0.001559694
0.001233929
0.001176815
0.001413395
0.00147933
0.001543266
0.001427553
0.0009615401
0.0008299937
0.001166587
0.001303214
0.0008969911
0.001244241
0.001124536
0.0009428823
0.001314793
0.001440697
0.001548258
0.00144581
0.00161315
0.00102412
0.001993214
0.00127458
0.00160363
0.001302495
0.001387376
0.001284838
0.001349591
0.001712636
0.000807765
0.001080745
0.001042198
0.001317706
0.001465111
0.00112774
0.001344616
0.001161574
0.001527009
0.001180517
0.001247171
0.001318826
0.001361451
0.001209741
0.0009569212
0.001179414
0.00119445
0.001230932
0.0007670244
0.001032766
0.00115903
0.001268857
0.001340006
0.001409513
0.001006183
0.001541942
0.001213034
0.001090216
0.001117097
0.001194782
0.001141194
0.001196545
0.001160149
0.001023228
0.0009077999
0.00132568
0.001496148
0.001345102
0.00118105
0.0009051592
0.0009170284
0.001267133
0.000770324
0.000828835
0.0009319615
0.0009776285
0.001186885
0.0009292179
0.001184156
0.0009549076
0.001190525
0.001038086
0.0009512859
0.0009369788
0.000971394
0.0008438827
0.0009410586
0.001277455
0.001086452
0.001794472
0.001516952
0.001462999
0.001327593
0.001126831
0.001059406
0.001363263
0.0009625323
0.001119157
0.0009683475
0.001011415
0.001153881
0.001167446
0.001155713
0.001022766
0.001234571
0.001090982
0.001171167
0.001089941
0.001399516
0.0005875877
0.0008931428
0.001105874
0.001052372
0.001203834
0.001252584
0.001454192
0.001657316
0.001037581
0.001766613
0.001460501
0.001283783
0.001194654
0.001038613
0.001385866
0.001142873
0.001162935
0.0009537646
0.001142535
0.001268986
0.001392798
0.001360439
0.001202889
0.001819653
0.001144444
0.001385333
0.001614158
0.001742765
0.001225089
0.001551251
0.001538067
0.001157318
0.001125123
0.001158518
0.001257288
0.001345018
0.001013042
0.001474063
0.0009956642
0.001421487
0.001535843
0.001164602
0.001143937
0.0009668286
0.0007629245
0.001236804
0.001173345
0.0008818916
0.001132885
0.001329824
0.001151301
0.001121376
0.001405794
0.00146851
0.001153379
0.001160773
0.001575158
0.001240046
0.001264964
0.001430087
0.001218729
0.001133743
0.001452409
0.001041527
0.001273418
0.0008785472
0.0009764907
0.001252396
0.001148466
0.00154658
0.0008546223
0.001233541
0.0007855966
0.0009260049
0.001423038
0.001049837
0.001458929
0.001181986
0.001562437
0.001538328
0.0009796151
0.001386511
0.001122456
0.001464356
0.001086791
0.001129694
0.001198159
0.001120026
0.0006316006
0.0009716806
0.0009040226
0.0009929955
0.0009070309
0.0008025993
0.001456563
0.0009576071
0.001301146
0.001040985
0.0008284256
0.0008628751
0.0009254945
0.0009710315
0.0007472197
0.001181633
0.0009368851
0.001065779
0.001056394
0.000806708
0.0009007881
0.0009436186
0.001227952
0.0008847613
0.001349726
0.0007939186
0.0006914299
0.0007450692
0.0008552069
0.001008761
0.001033276
0.0007423195
0.001231403
0.0009872203
0.001301666
0.001001942
0.001165031
0.00100134
0.0006753874
0.001148366
0.0009921578
0.001755327
0.001128554
0.002065998
0.0009922736
0.001270902
0.001168422
0.0009152896
0.00114109
0.001316045
0.001359477
0.001236988
0.001759964
0.001324634
0.001479603
0.0009405641
0.0009392715
0.001082009
0.001286656
0.001251422
0.0008861042
0.0009599432
0.001399864
0.0008996076
0.0007787972
0.0008395669
0.001471516
0.001165724
0.0008634321
0.0008576951
0.0007720308
0.001176429
0.0007002285
0.001068583
0.001311485
0.001408942
0.0009628996
0.0009984829
0.0008651213
0.001085839
0.0007406696
0.0007573002
0.0008947773
0.0009636595
0.0008997248
0.00132138
0.001171714
0.0008079935
0.0006389787
0.0005471404
0.0008004174
0.0005218568
0.0007599411
0.0007724785
0.0009342833
0.001230139
0.00170866
0.001095179
0.001040841
0.0016991
0.0008025994
0.0009667323
0.001417033
0.0008376585
0.0007983601
0.0008210841
0.001007738
0.001269236
0.0009056528
0.001221414
0.0009218679
0.0007704679
0.0007022561
0.001104572
0.001020521
0.001350511
0.001163663
0.001002943
0.0008219085
0.0009180339
0.0007945466
0.001449358
0.001146364
0.001035558
0.0008391279
0.001082459
0.0007235832
0.0007341557
0.0005914038
0.0006881135
0.0006025592
0.0005922316
0.0008919205
0.0009062912
0.001103881
0.001071588
0.001229849
0.001034128
0.001132522
0.001202911
0.0009018676
0.001064014
0.00163218
0.001700119
0.001201427
0.001063585
0.00115306
0.0009846471
0.001107616
0.0007687961
0.0008515711
0.0006125615
0.0009981902
0.00110115
0.001030582
0.0009182898
0.001065139
0.001066856
0.0009258484
0.001104599
0.0008665805
0.001037283
0.0009776312
0.001093754
0.001247022
0.001334736
0.001220049
0.0008078175
0.0007820834
0.001652622
0.001542951
0.002352057
0.001262085
0.001141384
0.001234868
0.001071881
0.001289768
0.0007951342
0.001352633
0.001448043
0.001482848
0.001745271
0.001044518
0.0009841111
0.001003348
0.001019727
0.001035647
0.0008868186
0.001337137
0.0007432868
0.001316633
0.0006622734
0.001079443
0.001544701
0.001253571
0.00118674
0.001278963
0.001555727
0.001407712
0.001194369
0.001060859
0.001157254
0.00150133
0.001410779
0.0009877248
0.001191058
0.001453249
0.001129491
0.00120171
0.00119689
0.001885133
0.001083198
0.0008124798
0.001038236
0.001090746
0.001155418
0.001371291
0.001198213
0.001165195
0.001477169
0.001598874
0.001693299
0.001492131
0.001423945
0.001056837
0.001310109
0.001449342
0.001206369
0.001179354
0.001469897
0.001108452
0.001488687
0.001159407
0.001571947
0.001477497
0.001460513
0.001567844
0.001430201
0.001090707
0.001275155
0.001837074
0.001495299
0.001465035
0.0012827
0.00118808
0.001344446
0.001507394
0.0009144336
0.001342706
0.001265389
0.001074396
0.001100623
0.001347001
0.0008166013
0.001249082
0.0006623175
0.0008412507
0.001284215
0.001544311
0.001424408
0.001328033
0.001370672
0.001111911
0.001053997
0.001890124
0.001679166
0.001326091
0.00162087
0.001499216
0.001435805
0.001436466
0.001261389
0.001409557
0.001287279
0.00150983
0.001348532
0.001242433
0.001886391
0.001459609
0.001694865
0.001338282
0.00110362
0.001377567
0.001494545
0.001303339
0.001260826
0.001625113
0.001608645
0.001744303
0.001351117
0.001334587
0.001338811
0.0009836915
0.001163688
0.001121517
0.0009594127
0.001505422
0.0007730631
0.001354014
0.0009534351
0.001246389
0.001065077
0.001211203
0.0009226073
0.000826771
0.001362547
0.001253807
0.000923481
0.0008150109
0.0008597722
0.0005643764
0.001342174
0.0008120266
0.001104924
0.0008676433
0.001558976
0.001261278
0.001473861
0.001169847
0.001030109
0.001219545
0.001187617
0.000887439
0.0008814496
0.0009790454
0.001185505
0.001498978
0.001060664
0.001244344
0.00136779
0.001032871
0.001058774
0.0008098557
0.001514426
0.001923837
0.0009815225
0.001084563
0.00109161
0.0007706243
0.001398784
0.0009404459
0.001288345
0.0009403174
0.001093148
0.001114763
0.0006914575
0.001027044
0.0007748728
0.001264612
0.0006865058
0.0008518179
0.0006744583
0.001011393
0.0008099394
0.0007854367
0.0009106721
0.001327832
0.0007369918
0.0008549521
0.0007486615
0.0006319346
0.0007633362
0.0008194816
0.001027364
0.001474059
0.001222221
0.0009481567
0.001135423
0.001238131
0.0008141864
0.0009016131
0.001155929
0.001374633
0.001055006
0.0009330803
0.001113342
0.001142459
0.0009480467
0.001365581
0.001492049
0.001262423
0.001169693
0.0009965985
0.0009976995
0.00096788
0.0009662831
0.001066129
0.0009846341
0.0006450969
0.0006501378
0.001079443
0.001188742
0.0008924856
0.0008363651
0.001279165
0.0009403133
0.001110654
0.001177298
0.00109302
0.0009479257
0.000963932
0.0009234396
0.0009034694
0.001256535
0.001308239
0.001283782
0.001314482
0.001111111
0.001262023
0.001489215
0.0009401232
0.001177288
0.000954523
0.001123765
0.001305369
0.001263626
0.0008473684
0.001255708
0.001589755
0.001454531
0.0009455234
0.001332144
0.00128538
0.0008749293
0.001091278
0.001306486
0.0009818624
0.0009562137
0.001067436
0.0009969143
0.0009009098
0.0009612043
0.001257411
0.001346776
0.001094541
0.0007637819
0.0009071768
0.0007153131
0.0007739319
0.001110564
0.001216697
0.00102414
0.001085822
0.0008760432
0.001016506
0.0007522323
0.001223187
0.0008666194
0.001491476
0.0009242995
0.000979605
0.001259594
0.001006659
0.001164395
0.001307447
0.001571691
0.001504685
0.001283248
0.0006667159
0.001411771
0.001232751
0.001478642
0.0008434825
0.0008170533
0.0007739389
0.0008647088
0.0008013707
0.001179297
0.001963162
0.001447827
0.0008811418
0.001334261
0.001639137
0.001376008
0.0009730604
0.001874557
0.001528163
0.001836586
0.001359511
0.001500929
0.001321966
0.001380368
0.001218929
0.001231085
0.001456569
0.001307697
0.001628968
0.001132102
0.0006632743
0.001168262
0.001035238
0.0008821684
0.001095447
0.001288737
0.001055943
0.001341812
0.001586388
0.001077929
0.0009941942
0.001786694
0.00141806
0.001129388
0.001035408
0.001696935
0.001140742
0.001358926
0.001092961
0.001214784
0.001276663
0.001991557
0.001097511
0.001711031
0.001263027
0.00131086
0.001015556
0.00127789
0.001262841
0.000819567
0.001475013
0.0007652967
0.001035792
0.001190262
0.001033559
0.0009973895
0.0009686689
0.0008541685
0.001092057
0.001272667
0.0009203581
0.0008053875
0.0006539397
0.0007534415
0.00149494
0.001499902
0.001764313
0.001965535
0.001062589
0.001008653
0.001129461
0.001050299
0.00122601
0.001564774
0.001169062
0.001154361
0.001270905
0.001235774
0.001678225
0.001059728
0.0009058464
0.0006052901
0.0007794541
0.0008759875
0.0009226916
0.001153315
0.001310929
0.001333576
0.001407988
0.001211402
0.001120085
0.001329748
0.0009494754
0.0007853475
0.001024313
0.001195054
0.001821482
0.001063339
0.0008595484
0.001265564
0.001635078
0.001210451
0.001029143
0.0008278941
0.000640259
0.0008582601
0.001338307
0.000869545
0.00129163
0.0008090424
0.001035943
0.001114693
0.001056624
0.001663469
0.00119247
0.001552363
0.001159999
0.001222671
0.001006015
0.001035538
0.001344974
0.001255267
0.0009939096
0.001441167
0.001342058
0.001555969
0.0009270794
0.00141148
0.001027409
0.0007811188
0.001152426
0.0011059
0.001267078
0.001475006
0.0009463177
0.0007835235
0.0007692029
0.0009882022
0.001046333
0.001166345
0.00150284
0.001193262
0.001160212
0.001367743
0.001285942
0.0012769
0.001311846
0.00152836
0.001201108
0.001150214
0.001163423
0.001103276
0.000966696
0.001244103
0.001358236
0.0008961111
0.001240634
0.0009815066
0.001328062
0.001116256
0.001021683
0.001325291
0.0009739936
0.0009581005
0.001181475
0.001133508
0.001276872
0.001495029
0.00145731
0.001465535
0.001135711
0.00171988
0.001172134
0.0007583232
0.0007315078
0.0009838263
0.00087548
0.001130734
0.001367286
0.001004503
0.001456644
0.001182062
0.001341312
0.001538386
0.00143788
0.001531086
0.001282969
0.001270218
0.001030954
0.0007682769
0.001579066
0.001094248
0.001398426
0.001051793
0.001402967
0.001089842
0.0008119099
0.0005541159
0.001305924
0.001287837
0.0008674523
0.001574695
0.001204408
0.0009584071
0.001230092
0.001818571
0.001588655
0.001650074
0.001409193
0.001538203
0.00127284
0.0014376
0.00121643
0.0009546448
0.001493299
0.0008007845
0.001421828
0.001275123
0.001115913
0.001213605
0.001324941
0.0008652134
0.001067207
0.00160239
0.001329525
0.001337776
0.001346177
0.001591812
0.001299595
0.001332083
0.001886984
0.001649439
0.001170478
0.001138344
0.001432935
0.000750906
0.0008739017
0.001556756
0.001599447
0.001308115
0.00141553
0.001403307
0.0009280206
0.0008734273
0.001011682
0.001448697
0.001170178
0.001055215
0.001370532
0.001235373
0.001138063
0.001175152
0.001114067
0.001158185
0.001131642
0.0007444578
0.001198651
0.001244395
0.001265187
0.001502999
0.001047005
0.0008674725
0.001190532
0.0009177334
0.000984741
0.0011829
0.0008620726
0.0009862762
0.0007202389
0.001138788
0.00114863
0.001493338
0.001748285
0.001561718
0.001790209
0.001216705
0.000998948
0.0009801239
0.000761353
0.0004832089
0.0007368613
0.001200397
0.001322122
0.001180008
0.001334499
0.001296607
0.0009792243
0.001721137
0.001869325
0.001404634
0.001113366
0.00115466
0.0009948517
0.001124822
0.001604965
0.001303917
0.001315966
0.001105132
0.001083596
0.0008726429
0.0007861378
0.0009479595
0.0009203968
0.001094121
0.0008537366
0.0009775439
0.0008205462
0.0008079068
0.0008090408
0.001072787
0.001216028
0.001001885
0.001586482
0.001578042
0.001931284
0.001087692
0.001307226
0.001262507
0.001068627
0.0008747123
0.0008075452
0.001083072
0.0009836901
0.001138278
0.001118619
0.001098371
0.0009051938
0.001119838
0.0009780558
0.001057116
0.0008087529
0.0009789183
0.001074742
0.0007538971
0.001347794
0.001563707
0.001150361
0.001068115
0.0009822762
0.001695451
0.0009143742
0.0007290741
0.001316585
0.000849043
0.0007234564
0.0007236502
0.001519859
0.0006258274
0.0009968332
0.0009471494
0.001059063
0.001112513
0.001218453
0.001012861
0.001203503
0.00103756
0.001389912
0.00117469
0.001235344
0.001109084
0.001613776
0.00104213
0.0009344242
0.0007169944
0.0007919529
0.001131797
0.0012037
0.0008277434
0.00102577
0.0007499849
0.001233563
0.001186135
0.001736484
0.001308393
0.0009059953
0.000498526
0.0008543854
0.0008004486
0.0009853713
0.001352597
0.001273611
0.001291132
0.001083517
0.001390758
0.001124971
0.00119072
0.001753158
0.00143228
0.001319765
0.001332435
0.00119858
0.001060223
0.001497988
0.0005678206
0.001152899
0.001066361
0.0006985723
0.0007756443
0.0008858632
0.0007511267
0.0009753838
0.001277171
0.001027879
0.001250286
0.000849542
0.001056463
0.0008023235
0.001414461
0.001318396
0.001283309
0.001137064
0.001291436
0.001058489
0.0007369824
0.001258296
0.001223195
0.0008916432
0.0008785037
0.001444714
0.001392226
0.001062759
0.001206541
0.001200608
0.001576374
0.001067028
0.00108924
0.001364072
0.0007675776
0.001056516
0.001353452
0.001399852
0.001220805
0.001331664
0.001113858
0.001255526
0.000935429
0.001056898
0.001180516
0.0006727641
0.001066124
0.001224188
0.001208294
0.001006778
0.001018492
0.000974042
0.001129928
0.000925442
0.00108657
0.001473183
0.0007700602
0.001020606
0.001663867
0.0008256405
0.001024488
0.0009393057
0.001111182
0.0007698259
0.001126857
0.001422507
0.001148752
0.0009864933
0.001179055
0.001160985
0.0008933161
0.001263762
0.0009643032
0.0007856146
0.0008365442
0.001012329
0.001039758
0.00146749
0.0009410284
0.000883023
0.001232369
0.001025665
0.001763898
0.001025458
0.001173835
0.001943484
0.001523092
0.001343224
0.001651147
0.001129745
0.001253941
0.001734371
0.0009971225
0.0008869067
0.0008850059
0.0008828122
0.001107298
0.00122418
0.001341767
0.001032989
0.001519571
0.001183878
0.001233248
0.001268876
0.0009675227
0.001110358
0.001234844
0.0008367184
0.001259468
0.001731653
0.00152306
0.001167276
0.0008007811
0.0008947288
0.001148205
0.001236498
0.001489662
0.00117725
0.001882585
0.0009981456
0.001090031
0.001372429
0.001459486
0.001032976
0.0006028356
0.0009915379
0.0009744883
0.001786694
0.001398593
0.00112974
0.001359836
0.001697996
0.001678982
0.001145773
0.001171073
0.001023153
0.001086738
0.001254657
0.001380275
0.0011962
0.0006429254
0.0009909824
0.0007146739
0.001087226
0.001083558
0.0007432066
0.001252786
0.001278397
0.001533268
0.001319319
0.001404772
0.0008350766
0.001015686
0.001094138
0.001099301
0.00079834
0.0008738212
0.001723402
0.001103871
0.000970353
0.001093635
0.0007664367
0.001170875
0.001024659
0.00113609
0.001193175
0.0007782198
0.0007293414
0.001019412
0.001155733
0.001122675
0.001115362
0.001670463
0.0009285478
0.001033797
0.001269193
0.001287931
0.001467385
0.001380446
0.001002315
0.001388653
0.001207271
0.001125215
0.001058919
0.001188786
0.0009412843
0.001141655
0.00176032
0.001245688
0.001655368
0.001268597
0.001282875
0.001239993
0.001572282
0.001414245
0.001308884
0.001505932
0.001278962
0.001191992
0.001083284
0.00141862
0.001276046
0.00102063
0.001198918
0.001505713
0.001273749
0.001609297
0.001321354
0.001575525
0.001917905
0.001296467
0.001456056
0.001433309
0.000726956
0.0007698428
0.001726009
0.0009220504
0.001127888
0.001356226
0.001478042
0.001228509
0.001392305
0.001443773
0.001471003
0.001376373
0.001664608
0.001064393
0.001083904
0.001217537
0.00135613
0.001516474
0.001097152
0.001481322
0.001626453
0.001037409
0.001218631
0.0008627477
0.001307545
0.001338402
0.001179499
0.001583
0.001259742
0.001505416
0.001669349
0.001046719
0.0008261205
0.001078356
0.0009768792
0.001586832
0.001271294
0.001030968
0.001427291
0.0007215278
0.0008527218
0.001137643
0.001240994
0.00138611
0.00116353
0.00163208
0.00151338
0.00165339
0.001419182
0.001350276
0.001279417
0.001334964
0.001696022
0.001630187
0.001134156
0.001670569
0.001769743
0.001478968
0.001594348
0.001426856
0.001402778
0.00168593
0.001659396
0.001959614
0.001572519
0.001562324
0.001721613
0.001371559
0.00123669
0.00162095
0.00111083
0.000991697
0.001350055
0.001299064
0.001048036
0.001114173
0.001358568
0.0014945
0.001237552
0.001082081
0.0009372642
0.001043895
0.001069631
0.001686151
0.001427173
0.001551407
0.001123097
0.001635997
0.0009122586
0.00126411
0.001369689
0.001347031
0.001021753
0.001295683
0.002078818
0.001190283
0.001422252
0.001180745
0.001292647
0.0006367191
0.001018355
0.001039997
0.001023874
0.001307812
0.0009019019
0.0007631807
0.000901102
0.0009962205
0.001319506
0.0008315255
0.001031186
0.001555337
0.0009868328
0.001269136
0.001210851
0.001314499
0.001125746
0.001325078
0.001563226
0.001835746
0.001201133
0.001270333
0.0007231588
0.001094016
0.001443421
0.001423416
0.0007224655
0.0009685301
0.001520504
0.0008456792
0.0009551794
0.00118687
0.00125607
0.0009768953
0.000970863
0.001182994
0.001021288
0.0009758828
0.0007570866
0.0008365612
0.00114183
0.0008450106
0.0009936254
0.0009334008
0.00155354
0.0009386202
0.001262797
0.0007522404
0.0008603719
0.0007618372
0.0007048552
0.0008809388
0.001830298
0.000957351
0.001170815
0.001303785
0.001343307
0.001435864
0.000818669
0.0009336866
0.0009909947
0.001625481
0.001141821
0.001002914
0.00113216
0.001038129
0.0007122777
0.001072694
0.001145148
0.0008840909
0.001292618
0.001172751
0.00103851
0.001032394
0.001151956
0.001225025
0.001225607
0.0009041997
0.001153037
0.001139331
0.001553832
0.0009406358
0.0007445795
0.001314934
0.001163023
0.00119061
0.001251188
0.000943862
0.001182726
0.001472079
0.001061645
0.001327472
0.001436635
0.001127209
0.001101537
0.001060824
0.001180325
0.0008426544
0.001489192
0.001277307
0.001585827
0.0008813451
0.0009835897
0.0009846886
0.001086505
0.001100177
0.0007025386
0.0009602391
0.001062676
0.0008328737
0.0009962641
0.001104655
0.0007572207
0.00100145
0.0005966611
0.001119411
0.0009282585
0.001110621
0.001191426
0.0009271137
0.0008603389
0.0008791466
0.0009095866
0.0008417679
0.001197798
0.0009511454
0.001163442
0.001402134
0.001092448
0.000842803
0.0005631708
0.001287006
0.000818879
0.000915206
0.000881308
0.001012633
0.000988739
0.0008809515
0.00112075
0.001058052
0.002084716
0.001212835
0.0008933951
0.0005413011
0.0008614383
0.001071759
0.0007735719
0.0009337809
0.0005745369
0.000959407
0.0008574295
0.001144094
0.0009123236
0.001338632
0.001126518
0.0009616631
0.0009833271
0.001057956
0.001179698
0.0009789058
0.001084776
0.001527506
0.001135609
0.001223515
0.001012977
0.001243669
0.001347977
0.001131935
0.001374119
0.00124409
0.0009668454
0.001253757
0.001166893
0.001253246
0.001357202
0.0009665029
0.0009394625
0.001165283
0.001603888
0.0007253964
0.0008494872
0.0009670218
0.001178417
0.0005695221
0.0007998211
0.001533776
0.001220536
0.001404534
0.0008376139
0.001055423
0.0008379293
0.0008288629
0.001077041
0.001013795
0.001038677
0.0007604483
0.0008220415
0.001268103
0.001095229
0.001192543
0.001008718
0.0006299742
0.0009371768
0.0009944464
0.0007837878
0.001172168
0.0009386679
0.001080375
0.001199108
0.000898147
0.001106692
0.0009541304
0.0008949474
0.001024067
0.0009732104
0.001323496
0.001088447
0.0008267086
0.001057568
0.000764494
0.001120592
0.000945263
0.001276283
0.0008839305
0.00154949
0.000906832
0.001121481
0.001320049
0.001270704
0.0009184662
0.0007319398
0.0009731877
0.001175842
0.001157482
0.001658302
0.001441574
0.001312496
0.001211315
0.0009960418
0.001520523
0.001108724
0.001164444
0.00117867
0.001174955
0.0007120783
0.0009059316
0.0009960363
0.001165817
0.001225801
0.00140062
0.001244598
0.001395583
0.001396935
0.001184231
0.0007621511
0.001265503
0.0009834167
0.001377654
0.002880265
0.001571074
0.001282461
0.001492534
0.001209946
0.001178879
0.001302089
0.001706955
0.001327062
0.001502207
0.0009654102
0.001658626
0.001144745
0.001294936
0.001302027
0.001520314
0.001175755
0.001197145
0.0008295863
0.001074857
0.001192207
0.001030631
0.0009092915
0.001160388
0.001269134
0.0009510145
0.001534995
0.001411994
0.0007942249
0.001177161
0.001552729
0.00119454
0.001145516
0.0007407579
0.0006789439
0.001001549
0.001306711
0.001801273
0.001428778
0.001366903
0.001507329
0.002286659
0.001623237
0.001589892
0.001598847
0.001413389
0.001522826
0.001073863
0.001472891
0.001201581
0.001436824
0.001452777
0.001214737
0.0008448119
0.0009913299
0.001225344
0.001404903
0.001180336
0.001257659
0.0009434642
0.0006759259
0.001136319
0.0006844545
0.001369925
0.001092187
0.001098481
0.001278593
0.001214888
0.001060247
0.0009839365
0.0009162812
0.0009942116
0.001450692
0.001190968
0.001302009
0.001048668
0.001046387
0.001208251
0.001623406
0.001133124
0.0007338727
0.001133711
0.001118829
0.001010008
0.001017287
0.0008485342
0.001225343
0.001073112
0.001255757
0.001075488
0.001393047
0.001092408
0.001326301
0.001170576
0.001102376
0.001230881
0.001262881
0.001478292
0.001025644
0.001155035
0.0007539558
0.001396288
0.0007811741
0.0009342098
0.001098797
0.0009045272
0.000993649
0.0009993896
0.001108417
0.001990063
0.001401192
0.001812946
0.001731442
0.001617488
0.001225153
0.0008873663
0.001307713
0.001143907
0.001403195
0.001950002
0.001279507
0.001443792
0.001352542
0.001156968
0.0009703463
0.00117565
0.001082679
0.001001737
0.001533661
0.001134062
0.001559375
0.001457981
0.001209408
0.001163963
0.001197575
0.0009955409
0.0008319145
0.001044278
0.0008750204
0.00151696
0.001310188
0.001509069
0.00153736
0.001015848
0.001481615
0.00138317
0.0009229647
0.00125227
0.000887162
0.001473327
0.0013463
0.001495956
0.001119538
0.001705033
0.0009537368
0.001137964
0.001201044
0.001357987
0.000987148
0.0006932435
0.0007718407
0.0009516566
0.001196508
0.001236997
0.0008234206
0.0007986902
0.000980121
0.001046764
0.0009859578
0.001092618
0.00107664
0.001167778
0.0009204861
0.0008030285
0.001293843
0.000737142
0.001350141
0.001601613
0.001238087
0.001101725
0.00134166
0.001300826
0.001496839
0.001554492
0.001428766
0.001710073
0.001242628
0.001344754
0.001177796
0.001309557
0.00117703
0.001123379
0.0009285517
0.0009533543
0.001387911
0.001162431
0.001345945
0.001702406
0.001446964
0.00103116
0.001376731
0.001842483
0.001055864
0.001075857
0.0009869369
0.0007073954
0.0005183706
0.0006916736
0.000704514
0.0007744081
0.0009206471
0.0007663135
0.001654694
0.001160591
0.0008640192
0.001261065
0.001126956
0.001436777
0.001002622
0.001255232
0.00161154
0.001248529
0.001152311
0.001317747
0.001334731
0.0007475539
0.001069206
0.001168471
0.0008877213
0.001286589
0.001135913
0.0008817255
0.001038909
0.0007873932
0.0007204564
0.001124611
0.001108693
0.0007896191
0.0009284876
0.001060845
0.000910946
0.0009334893
0.0007393096
0.001314806
0.0007773359
0.0009083561
0.0006564942
0.001157548
0.0007784403
0.001074729
0.00186493
0.00092486
0.001072683
0.001191216
0.001116238
0.001190332
0.001188071
0.001741657
0.002167134
0.001273045
0.00117485
0.0009884719
0.000981411
0.0008147799
0.001140626
0.001279056
0.001340026
0.001251692
0.001802513
0.001465836
0.001181367
0.00154163
0.001499916
0.001639225
0.001390074
0.001227253
0.001208347
0.001326343
0.001191806
0.001075012
0.000881965
0.0009484512
0.001128192
0.001028017
0.001336797
0.001552104
0.001310441
0.001515455
0.001424097
0.001029072
0.001449366
0.001045493
0.0009616627
0.0009892592
0.001165808
0.001309624
0.001179362
0.001122938
0.001821323
0.0008356926
0.00113349
0.0008155598
0.001433475
0.0009981839
0.001063118
0.00143137
0.001069318
0.0009930367
0.0008314942
0.0009766199
0.001010113
0.001135295
0.001020862
0.001229594
0.001286956
0.001790361
0.001299
0.001123586
0.0008978976
0.000852914
0.0009710118
0.000926398
0.001126904
0.001437316
0.0009536383
0.001015679
0.001174155
0.001297432
0.001562604
0.0008617598
0.001153949
0.0009221828
0.001205175
0.001155179
0.001582574
0.001433544
0.001433539
0.001358059
0.0009535406
0.001556044
0.001613557
0.001740607
0.00121389
0.001425245
0.001147568
0.00116292
0.0008127496
0.0009300382
0.001120289
0.001427025
0.001219688
0.001648069
0.001196279
0.001438479
0.001134474
0.0009735222
0.001155732
0.001833391
0.001115219
0.001394534
0.001332207
0.001118393
0.001623407
0.0008113625
0.0009956046
0.00187526
0.001334558
0.0009363707
0.001139848
0.001295715
0.001398194
0.001393187
0.001191448
0.00121905
0.001062487
0.001882456
0.001303605
0.001552744
0.001635878
0.0008514102
0.000815469
0.0008998475
0.001203797
0.001054127
0.0007994815
0.0008402877
0.001781801
0.0009464765
0.0006704831
0.001677929
0.001352721
0.001603068
0.0008905622
0.001187906
0.001116633
0.001250904
0.001413736
0.001014693
0.0008394056
0.001731511
0.001449256
0.001216706
0.001462553
0.001038863
0.0009427809
0.001287503
0.001107756
0.001619082
0.001257365
0.0008717658
0.001643107
0.001109048
0.001005359
0.001473213
0.001241215
0.001072528
0.001250263
0.001358453
0.001122392
0.001297118
0.001409519
0.001421518
0.001628542
0.001162571
0.001595031
0.001027428
0.00124064
0.001164838
0.0008107283
0.001498245
0.001114111
0.001310911
0.002708309
0.001026632
0.001431445
0.001262955
0.001375972
0.0008608065
0.0008225171
0.001149877
0.001211386
0.001036012
0.0008671838
0.00106533
0.0006675184
0.0005945963
0.0008729363
0.001500092
0.001242435
0.001104519
0.001165156
0.001346433
0.00118958
0.001368719
0.001035817
0.001225289
0.001044652
0.001245165
0.00109347
0.001551763
0.00124498
0.001139377
0.001056569
0.001646334
0.001236505
0.001535721
0.001460383
0.0014645
0.001042763
0.001184723
0.0007018095
0.0008918886
0.001021933
0.0007321492
0.001171815
0.001204818
0.0009852966
0.001485462
0.001123898
0.001397132
0.001160596
0.001081182
0.000875776
0.000967824
0.001163014
0.0007558538
0.001484695
0.0009032737
0.001055764
0.001180716
0.001108668
0.001116969
0.001351263
0.001327251
0.001059099
0.00156322
0.001552576
0.001223751
0.001442936
0.001414766
0.001311023
0.0009748668
0.001394568
0.001004023
0.0009384099
0.001051446
0.0008894134
0.001342002
0.001332686
0.0009484685
0.001404524
0.001113484
0.0009597988
0.001437115
0.001190418
0.001295426
0.001234894
0.001007777
0.001336887
0.001030748
0.001030516
0.001389346
0.001509617
0.001552627
0.001608523
0.002083381
0.00144532
0.001296803
0.001502488
0.001529745
0.001209903
0.001195572
0.001428979
0.001525754
0.001522755
0.001254035
0.001051268
0.0006937654
0.00149011
0.001423712
0.001228976
0.001251023
0.00118907
0.001445955
0.001346858
0.0008404329
0.001226146
0.0008130809
0.001370046
0.001530519
0.001047688
0.001119234
0.001289076
0.001227078
0.0009117794
0.001376321
0.001316904
0.001204296
0.001311473
0.001776413
0.001145453
0.001082561
0.0008589297
0.00149774
0.0015841
0.001591565
0.001557197
0.0009918832
0.00170172
0.00145669
0.001179682
0.001835676
0.00161055
0.001268552
0.001083111
0.001701967
0.001241056
0.00129427
0.001171571
0.001230663
0.0008999822
0.00101151
0.001266547
0.001114694
0.001904363
0.001669435
0.001397748
0.002291955
0.001476481
0.002293287
0.001749804
0.001512197
0.001460424
0.0009925685
0.001066987
0.001209666
0.00111354
0.001167338
0.001028412
0.0008866834
0.001063011
0.001231787
0.001513166
0.001292087
0.001241233
0.001303488
0.001525451
0.00146897
0.0009568102
0.001008493
0.001027549
0.001134106
0.001491967
0.001071983
0.001149323
0.001615293
0.00110552
0.0009802842
0.001440284
0.00113892
0.0008416096
0.001079524
0.001192035
0.0007653148
0.001029474
0.001010452
0.001096244
0.0009427739
0.001266967
0.002201293
0.001036785
0.001493525
0.001352138
0.001614152
0.0008455052
0.001118788
0.0008407755
0.000693401
0.0008511434
0.0006511262
0.001300792
0.0009472576
0.001138403
0.0008582082
0.0008908691
0.0009259526
0.001280288
0.0009824287
0.001607644
0.001082597
0.001285046
0.001353763
0.001371093
0.0009687744
0.001650124
0.001360409
0.001143064
0.001022903
0.001436498
0.000958802
0.001218676
0.00131155
0.001473297
0.001084271
0.001410414
0.0008649615
0.001460488
0.001199812
0.001182073
0.001182461
0.0010674
0.0009418188
0.001278829
0.000970298
0.001046009
0.001503629
0.001541627
0.0008906854
0.001254921
0.001112269
0.001206765
0.001412055
0.001494372
0.0007152279
0.00146691
0.001018142
0.001152118
0.001186328
0.001015321
0.001320888
0.001515101
0.00149583
0.001587528
0.001310812
0.001611908
0.001136462
0.001453926
0.001561839
0.001729212
0.001583279
0.001469371
0.001495512
0.001193385
0.001828163
0.001435968
0.001701346
0.001234567
0.001340695
0.001184866
0.001122166
0.001085455
0.001433302
0.0008846745
0.001393692
0.00139292
0.00107945
0.001267106
0.0008998454
0.001262169
0.00110271
0.001040328
0.001189156
0.0008053457
0.0009513473
0.001329068
0.001088847
0.001281049
0.001206116
0.001188676
0.001133194
0.00144226
0.001614081
0.001093762
0.0009269519
0.0007483373
0.0008155239
0.001184843
0.0009734798
0.000925794
0.001494825
0.001793858
0.001657136
0.00142104
0.001366912
0.001507328
0.001656189
0.001656748
0.001337211
0.001354991
0.001627489
0.001312394
0.001326891
0.001089532
0.001856843
0.001507397
0.001544326
0.002035093
0.001695825
0.001115977
0.001430804
0.001481402
0.001424413
0.0009336202
0.001210117
0.001130633
0.001244113
0.001207905
0.001352187
0.001098536
0.001430124
0.001320824
0.001515467
0.001138396
0.001472425
0.001510146
0.001513545
0.001089188
0.0009295141
0.001361925
0.001098601
0.001172317
0.0008509718
0.001437044
0.0009543897
0.001307356
0.001231507
0.001225393
0.001494839
0.001473221
0.001717656
0.0009050739
0.000802799
0.0008015648
0.001038088
0.000716346
0.0009875336
0.0009755193
0.001959782
0.001344308
0.0008959566
0.000702509
0.001254451
0.0007859257
0.0009441634
0.001183517
0.0009356532
0.0008777515
0.001394923
0.001524532
0.001139868
0.001471135
0.001268338
0.001233628
0.001536366
0.001114931
0.001043511
0.0009278712
0.001252013
0.001194137
0.001079714
0.0008504293
0.001444709
0.0009294983
0.001241549
0.001225011
0.001268186
0.000647736
0.0009338637
0.001191736
0.0009353048
0.001145652
0.0009761166
0.001159973
0.0009517885
0.001378709
0.001408387
0.001086586
0.001347669
0.001367327
0.001140292
0.0007675829
0.001024782
0.001141749
0.0007597279
0.001080875
0.001020088
0.0008872804
0.001469795
0.000981168
0.001051958
0.0009239123
0.0009900075
0.001186718
0.0009883255
0.0007403046
0.001154797
0.001063108
0.001060518
0.001287603
0.0008081298
0.001039259
0.001352759
0.001103827
0.001081403
0.001059102
0.001033723
0.001340849
0.001306291
0.001434224
0.001030366
0.0008513709
0.0007736038
0.001045721
0.001339084
0.001229378
0.001322712
0.0007177509
0.001114747
0.0007006142
0.0009361814
0.00120815
0.001038738
0.0008892226
0.000906478
0.0008611449
0.0009349457
0.001485173
0.001558009
0.001093796
0.001747012
0.0013593
0.001548323
0.001000022
0.001288081
0.001570994
0.00107034
0.001565225
0.001233314
0.001443635
0.001201641
0.001360648
0.000702688
0.001879291
0.001230509
0.001265818
0.001289013
0.0007068338
0.0006918926
0.0006970053
0.0007951467
0.0006774435
0.0006383812
0.0007007786
0.001292098
0.0009235673
0.000848079
0.0006854865
0.0006121978
0.0009771703
0.000927912
0.000806924
0.0007089732
0.0008307934
0.001347387
0.001393663
0.001290709
0.001419368
0.001105445
0.001302128
0.001226449
0.001185369
0.001522137
0.00117702
0.0007116586
0.0006288887
0.001132126
0.0009214529
0.001227516
0.0009739854
0.00119604
0.001367999
0.001113056
0.001178421
0.0008907885
0.001293985
0.001259198
0.0009933892
0.001065878
0.0007471579
0.0008353771
0.0008277031
0.001800548
0.001480948
0.001033357
0.001145344
0.001155696
0.001599656
0.0009031653
0.000716621
0.001285045
0.001074108
0.0006832658
0.001227757
0.001123469
0.001066745
0.001286327
0.0008788809
0.00108246
0.001089775
0.001182416
0.001039721
0.001159216
0.0009590714
0.001265891
0.001079132
0.001187335
0.001325051
0.00101426
0.0009526709
0.001054985
0.00115532
0.0008157565
0.0007537482
0.0008121777
0.001114213
0.001272336
0.0009301797
0.001246987
0.001388226
0.001505909
0.001289051
0.001953325
0.001190157
0.001156046
0.0009869689
0.001385179
0.0009903185
0.001036491
0.0013678
0.001746691
0.001691183
0.001620757
0.001384029
0.001392447
0.001329705
0.001426386
0.001058648
0.001315965
0.001318257
0.001773786
0.001249344
0.001240027
0.001513155
0.001489918
0.001147705
0.001068984
0.001271928
0.001346472
0.001368341
0.001573356
0.00169592
0.00139861
0.001361551
0.001669804
0.00165229
0.0009512126
0.0007350826
0.00113993
0.0007441057
0.001041423
0.0008780536
0.0009859596
0.0007338115
0.0007480929
0.001011254
0.0007320489
0.0008204626
0.0008058829
0.001343827
0.000936799
0.001026844
0.001064747
0.001070447
0.001209022
0.001208439
0.001062763
0.001616317
0.001371552
0.001386963
0.001123746
0.001064407
0.001022665
0.0009567896
0.0007742348
0.0009285284
0.001486014
0.0006363672
0.0009875961
0.001844111
0.001092299
0.00100702
0.0009826377
0.001059204
0.001201264
0.001057443
0.0008410867
0.0009004599
0.001660899
0.0008302349
0.001267036
0.001190606
0.001219692
0.001152733
0.0007158395
0.0008215971
0.001409239
0.0009637539
0.001171537
0.001393209
0.000960991
0.001334004
0.0009802603
0.001396106
0.001285116
0.0007270359
0.001008775
0.001223885
0.001683972
0.0007673164
0.00126446
0.001337148
0.001184388
0.001640731
0.001153356
0.001200012
0.001373964
0.001181732
0.0009545049
0.001003969
0.001415388
0.000986489
0.001137294
0.0009485855
0.0008833037
0.0009048789
0.0009636464
0.001324297
0.001225468
0.001233936
0.00127302
0.001004788
0.001757815
0.001535422
0.001443947
0.001293393
0.001506641
0.001589932
0.001243312
0.00120002
0.001186553
0.001164351
0.001200321
0.001697468
0.0009814214
0.001080329
0.001493925
0.001412446
0.001169463
0.001278762
0.001098157
0.001408985
0.001863181
0.001357153
0.001001725
0.001108279
0.0008827301
0.0009476263
0.001303501
0.001337033
0.001231555
0.00104671
0.001467014
0.001525356
0.001222178
0.002096103
0.001505841
0.00197497
0.001413885
0.001602132
0.001131049
0.001188719
0.0007985435
0.001163768
0.001244499
0.001537871
0.001261771
0.001284931
0.001051067
0.001454335
0.001049946
0.00132734
0.001241632
0.0009689662
0.001079373
0.001145126
0.001091307
0.001537379
0.001376304
0.001103306
0.001669141
0.001744682
0.001318206
0.001440903
0.001529833
0.001242373
0.0009849479
0.001114842
0.001219768
0.001344453
0.0015666
0.001005985
0.0009581576
0.001136583
0.0006704147
0.0006006398
0.0009071137
0.0007638893
0.0009937619
0.001324957
0.001217105
0.001297572
0.001271902
0.001411178
0.001326196
0.0007710185
0.001270699
0.001183678
0.001426305
0.001817147
0.00131129
0.001686425
0.001391584
0.001355428
0.001666407
0.001284279
0.001159706
0.001337782
0.001778839
0.001262006
0.001264892
0.001073856
0.0009680309
0.001058841
0.001379671
0.0009444901
0.00117044
0.001222928
0.001315249
0.001094254
0.001317447
0.001331346
0.001198976
0.0008939107
0.0007624562
0.001051282
0.001676747
0.001041191
0.001495522
0.0009839773
0.001313755
0.001083868
0.001204785
0.0006821766
0.001049176
0.0007228366
0.000757435
0.0009890867
0.001547632
0.001015394
0.001232939
0.00116538
0.0009920722
0.0009946059
0.001678857
0.001888766
0.001277471
0.001232698
0.001097259
0.0009331795
0.0008292176
0.0007255886
0.000647802
0.0006030158
0.0008744168
0.0008636131
0.001084861
0.001196352
0.001487501
0.001143515
0.0008252407
0.001008076
0.001312812
0.001519747
0.001138093
0.001106294
0.001343634
0.0008531326
0.001287483
0.001354361
0.0008916191
0.001060246
0.001316523
0.001245451
0.0007752402
0.0008819393
0.0007315328
0.001047538
0.00175328
0.0008958377
0.0009597968
0.001433419
0.000694245
0.0005741873
0.0009242634
0.0013062
0.0009523469
0.001393642
0.001343694
0.001308502
0.001252118
0.001746891
0.001647304
0.001414952
0.001336511
0.0009174627
0.0009627617
0.001054402
0.001396986
0.001044647
0.0009662464
0.001139749
0.001474242
0.001524234
0.0009632703
0.001082576
0.0008781222
0.001313804
0.001047381
0.0009912109
0.0008656386
0.001097031
0.00132015
0.0008383033
0.001204695
0.001059123
0.001396702
0.001572183
0.00122175
0.001342527
0.0011841
0.0009950925
0.0011968
0.00111725
0.001328552
0.001454799
0.001010586
0.001257918
0.001354993
0.001625361
0.001185592
0.001510156
0.001323831
0.001156982
0.001802099
0.001334206
0.001635434
0.001468416
0.0007160644
0.001152661
0.001193628
0.001227235
0.001070923
0.0007586285
0.0007206133
0.000795882
0.001594643
0.001432243
0.001131142
0.000965114
0.0009738011
0.001098807
0.001043788
0.001049717
0.001344452
0.001358816
0.001177089
0.0009825786
0.001076449
0.001001818
0.001286149
0.001148335
0.001080527
0.001291469
0.001028153
0.0009671814
0.001556156
0.001269398
0.001036078
0.001147211
0.001331975
0.001731003
0.001132579
0.001408943
0.001463233
0.001776419
0.001156681
0.001184026
0.001430611
0.001321978
0.001167871
0.001141481
0.001353136
0.0009960443
0.001284467
0.001484333
0.001187479
0.0008798296
0.0008718726
0.0009700984
0.001142436
0.001377938
0.001474534
0.001356361
0.0009155003
0.001071185
0.0008040765
0.001187553
0.001088098
0.0008961206
0.000812281
0.001166484
0.0009785558
0.001296425
0.001863321
0.001219452
0.0009185236
0.001524704
0.001560946
0.001408222
0.001421126
0.001619858
0.001269834
0.001288542
0.001485224
0.0009963665
0.001637171
0.001204774
0.001239997
0.001178659
0.0009400628
0.001427135
0.0006877918
0.0008123101
0.0009796163
0.00132408
0.001247171
0.001346608
0.001356648
0.0009244025
0.00130062
0.0008774058
0.001397289
0.001328151
0.0009929631
0.00114838
0.000814125
0.0009369124
0.0009497135
0.001220748
0.001120851
0.001079998
0.000844298
0.0008534632
0.001076562
0.001077165
0.0009105393
0.001021616
0.0008871805
0.001170669
0.001137603
0.001103603
0.0008477464
0.001160344
0.001284099
0.001145972
0.0007137077
0.001296076
0.001234222
0.001076194
0.001008118
0.0008040078
0.001420917
0.001276936
0.0008755101
0.001357411
0.001522692
0.000859851
0.000906395
0.001318386
0.001090273
0.001236324
0.0012765
0.001269038
0.001186029
0.001202771
0.001179341
0.001255138
0.00132821
0.001467587
0.0008312181
0.0008533055
0.0009876618
0.001086158
0.001388104
0.001007366
0.001120668
0.0008702298
0.0007562677
0.001342765
0.00100106
0.001529416
0.001301679
0.001703222
0.00157402
0.0009595195
0.00116695
0.000754528
0.001492277
0.001586478
0.0011023
0.001189562
0.001237486
0.0015511
0.001511212
0.001210498
0.001442968
0.001292155
0.001645226
0.001031151
0.00152467
0.001586423
0.001491519
0.00127174
0.001042171
0.001216009
0.001203348
0.001084912
0.0013464
0.0005965761
0.0008878063
0.0009475118
0.0009340003
0.000820646
0.0008082586
0.001035641
0.001275082
0.001119123
0.001172277
0.0009109889
0.001070891
0.00154934
0.001252312
0.001104099
0.001673896
0.001831188
0.001407339
0.001191893
0.001124081
0.001163094
0.0007591958
0.001257404
0.001226056
0.00117738
0.0009987302
0.0008169697
0.0005934956
0.001036332
0.0009246283
0.001114685
0.002058611
0.001547606
0.001730691
0.00161422
0.001903699
0.001445454
0.001681072
0.001588589
0.001076338
0.001541447
0.001347913
0.001577666
0.001208977
0.002181735
0.001115723
0.001389348
0.001159055
0.001209782
0.001948036
0.001827091
0.001073635
0.0009158017
0.00101884
0.001021656
0.0007134424
0.0007971254
0.001224657
0.0008988298
0.001158214
0.001018182
0.001645961
0.001605798
0.001569254
0.001273636
0.001095478
0.001578744
0.001453021
0.001226049
0.001207116
0.001040656
0.00167278
0.001203381
0.001495958
0.001121866
0.001372399
0.00104048
0.001049354
0.001291606
0.0009800216
0.001387603
0.00107689
0.001023429
0.0009485437
0.001366021
0.001199877
0.001173423
0.001177269
0.0008782534
0.001443847
0.001173458
0.001299918
0.001141433
0.001390123
0.001360311
0.001267891
0.001393502
0.001144319
0.0009198939
0.001052404
0.001027407
0.000859862
0.001465478
0.001487181
0.00127454
0.001231813
0.001520596
0.001312719
0.001399779
0.001205457
0.0007360795
0.001316663
0.0009270627
0.0009655194
0.0009563618
0.0009636474
0.0006945243
0.001341219
0.0009352336
0.000863763
0.001279892
0.001118033
0.001023531
0.001204345
0.001138832
0.0009845362
0.001090623
0.001155625
0.00144705
0.001032124
0.001665099
0.001170896
0.001084614
0.001504759
0.001252205
0.001260789
0.001267231
0.001222975
0.001152491
0.0008965475
0.00120887
0.001747432
0.001895272
0.00147757
0.001355313
0.001546019
0.000911817
0.001943769
0.001339966
0.001063787
0.001158711
0.001242507
0.001519242
0.00164687
0.001219204
0.001373885
0.00104841
0.0009511514
0.000796731
0.001003449
0.001042622
0.0009180703
0.001002125
0.001782947
0.001524589
0.00116692
0.001391815
0.001024972
0.0008414993
0.001146461
0.001136627
0.001149855
0.001151327
0.001157991
0.001219255
0.001170651
0.0008061786
0.0008471696
0.0008926147
0.0007007097
0.0008416564
0.001085217
0.001880786
0.001634829
0.001241363
0.0009517017
0.001138466
0.0006483514
0.001084879
0.001187508
0.001306929
0.001495186
0.001390453
0.001352109
0.001304237
0.001612077
0.0008149454
0.0008251961
0.001120554
0.00134583
0.0009232532
0.001170659
0.0009824249
0.001370137
0.00136416
0.001047952
0.001091161
0.001547757
0.001225159
0.001038898
0.001346711
0.0006346756
0.001227167
0.001233114
0.001145335
0.001134353
0.00106994
0.001395043
0.001091214
0.001465744
0.001446535
0.001051857
0.001032884
0.001015072
0.0007437495
0.0006934596
0.000734851
0.0009324366
0.0008046843
0.001167024
0.001025947
0.001614754
0.001407636
0.001096837
0.001127992
0.0009725697
0.0009860432
0.001227493
0.001104846
0.0008551686
0.001003462
0.001061626
0.001187941
0.001178882
0.001026961
0.001378143
0.00133004
0.001514435
0.001411939
0.0009041882
0.001174642
0.001357305
0.001281185
0.0009753103
0.001708775
0.001157847
0.001366393
0.001766068
0.00140491
0.001284095
0.00110442
0.0009355378
0.001011568
0.001403167
0.001001607
0.001272526
0.001443793
0.001178958
0.0009390645
0.001220342
0.001237106
0.0009490254
0.001139968
0.001199362
0.0008050197
0.0009245512
0.001667677
0.0008491593
0.001109408
0.001083095
0.001045492
0.001051927
0.001226652
0.0007728544
0.0008911294
0.001155854
0.0007443948
0.001059322
0.0009211341
0.001333689
0.001214983
0.001291974
0.001604215
0.001321143
0.001397124
0.001344621
0.0009954432
0.001308971
0.0009546332
0.001356544
0.001394813
0.0008941019
0.001203509
0.001382698
0.001317905
0.001388914
0.001400812
0.001607762
0.001445858
0.001961842
0.00132303
0.001667359
0.001494818
0.001537839
0.001745087
0.001445069
0.00171717
0.001501005
0.001655071
0.001739781
0.001413966
0.00128415
0.001003328
0.001079134
0.001879598
0.001466116
0.0009687199
0.001510347
0.001258815
0.001594853
0.0009409268
0.001006194
0.0008735542
0.0008647403
0.0006643323
0.001378426
0.001583253
0.001066443
0.001229921
0.001167868
0.0008413819
0.001265774
0.001421203
0.000960585
0.001397329
0.001175987
0.001494093
0.0009721565
0.001278332
0.0010801
0.001213554
0.001169905
0.001098911
0.001231098
0.001095229
0.001136938
0.001314769
0.001097462
0.00100487
0.001182421
0.0007637311
0.001238279
0.001038408
0.001182967
0.0009702664
0.0008012485
0.00120795
0.0007859454
0.001117453
0.0009556482
0.0008429911
0.00121652
0.001376938
0.001386139
0.00139633
0.001231576
0.001467512
0.001205989
0.001293315
0.001391878
0.001339928
0.00133943
0.001655495
0.001372614
0.001508529
0.001326126
0.0008474587
0.001044508
0.001341718
0.001595059
0.001051241
0.001273978
0.001309423
0.001283469
0.001660823
0.001282623
0.001325919
0.001311851
0.0009111988
0.001013372
0.001314052
0.001077301
0.001010471
0.001109861
0.0007697934
0.0007086701
0.0007950466
0.0007404481
0.0009333393
0.001026859
0.0009771761
0.001297404
0.001212133
0.001147178
0.001072345
0.001414242
0.001314373
0.0008839682
0.0009920202
0.001019486
0.0008456553
0.0008276146
0.0008332361
0.001000298
0.001249052
0.0008698353
0.001300635
0.0008698166
0.001423867
0.001370925
0.0009953051
0.0009534066
0.00128993
0.001117316
0.001159506
0.0007545005
0.0006498754
0.001204391
0.0008404253
0.0009229895
0.0009403187
0.0008888771
0.00116924
0.001420712
0.0009645702
0.0009981185
0.001070067
0.001081195
0.001275652
0.001132148
0.001257104
0.001156585
0.001096587
0.001179637
0.001077555
0.0009917479
0.0009811328
0.000824161
0.0008420348
0.0008735887
0.001175809
0.001090578
0.001311243
0.0009308449
0.001415831
0.001245947
0.0008425861
0.001363756
0.001625239
0.001534292
0.002025268
0.001070664
0.00139453
0.001136897
0.0007921074
0.001520494
0.001787245
0.00115965
0.001267915
0.001135217
0.001126969
0.000987907
0.001271396
0.001285013
0.001356864
0.001142118
0.001320717
0.001513234
0.001323913
0.001077859
0.001030681
0.0009229405
0.0007119745
0.0008350071
0.001203771
0.0008164596
0.000825765
0.0009874563
0.000853482
0.0007331891
0.0008400232
0.0009162603
0.0006765787
0.001224677
0.001479915
0.000854765
0.0009807975
0.001276827
0.001051751
0.001252485
0.001163706
0.0008730244
0.0009814054
0.001273102
0.001562217
0.001256899
0.0008730497
0.001329723
0.00115319
0.001168535
0.001533373
0.001433287
0.001400165
0.001385697
0.0008777718
0.001207746
0.001489768
0.001687377
0.001209939
0.001095122
0.001020373
0.001032155
0.001184066
0.001085487
0.0009131291
0.001146791
0.001862462
0.001592882
0.000978053
0.001254208
0.001399948
0.001489919
0.001158448
0.0009212273
0.001577103
0.001158904
0.0009974753
0.001324874
0.001454257
0.001046602
0.001140967
0.001297839
0.001461542
0.001334753
0.001149923
0.001173987
0.001727996
0.001601818
0.001259062
0.001511371
0.001424494
0.001704588
0.001734991
0.001577885
0.001122265
0.001168039
0.001660849
0.001382894
0.001076962
0.0008538859
0.001587529
0.001132136
0.001177369
0.001075363
0.001006322
0.001083677
0.0007194951
0.001231917
0.001232054
0.001066871
0.0009812457
0.001317492
0.001080221
0.001275374
0.0007756218
0.001547581
0.0012445
0.0008379375
0.001001295
0.001149251
0.0009443406
0.001207428
0.001114953
0.0009706407
0.00138614
0.001299887
0.001058592
0.001386483
0.0008891843
0.0008896676
0.001104143
0.00134941
0.001510963
0.001430124
0.00146363
0.001325053
0.001439416
0.0009996474
0.001141083
0.001500905
0.001374428
0.001347044
0.001596829
0.00106552
0.001033258
0.0008056059
0.0008197435
0.0007461259
0.0007529056
0.001232983
0.001526583
0.001192214
0.001292921
0.0009116304
0.001171907
0.000890905
0.001316201
0.001209821
0.001107354
0.0008723417
0.001363047
0.001201951
0.001146751
0.001148162
0.0008103942
0.001152897
0.001355573
0.0009574062
0.0009643681
0.0008007017
0.0008166987
0.0018303
0.00113848
0.001389675
0.00125595
0.001065705
0.001331688
0.001296575
0.0009038526
0.001706243
0.001197366
0.00120932
0.002220531
0.001470653
0.001800727
0.00135562
0.001329955
0.001272043
0.001374776
0.001096921
0.0009018938
0.001526002
0.001441059
0.001147227
0.0009247298
0.001938943
0.001585308
0.00118228
0.001641582
0.001166019
0.001154594
0.0007366408
0.001001735
0.001115947
0.00137066
0.0009861527
0.0008534324
0.001355028
0.001364402
0.001266985
0.001537444
0.0009531811
0.001225718
0.001180305
0.001306736
0.0007343793
0.001235258
0.001368695
0.001147225
0.0008703039
0.001242834
0.001469664
0.001796333
0.001204407
0.001140234
0.001413515
0.001489822
0.002276353
0.001527701
0.001285681
0.001408858
0.001344025
0.001317453
0.0009353943
0.001124832
0.001298901
0.001209539
0.001149364
0.001282145
0.001041452
0.00125972
0.001760314
0.001049152
0.001310079
0.001491059
0.001086906
0.0009019455
0.00102676
0.0009750807
0.001615596
0.00120458
0.001157859
0.0007517426
0.0006107119
0.001401639
0.001370457
0.001195269
0.001604649
0.00136345
0.001367886
0.001009825
0.001117414
0.001431135
0.0008188168
0.0006773371
0.00140258
0.0009062767
0.001526819
0.0008675724
0.001557853
0.001510183
0.0009312296
0.001191011
0.001396691
0.001399807
0.00154793
0.001609518
0.001625378
0.001128973
0.001254782
0.001306347
0.00185769
0.001486826
0.001515812
0.001316226
0.001188808
0.001267687
0.001259387
0.001139134
0.001264665
0.001170789
0.0009794714
0.001179365
0.0009706555
0.0008068427
0.0009105644
0.001183562
0.001002235
0.001026992
0.001185677
0.001411008
0.001348184
0.001241876
0.0007572472
0.001522404
0.001603363
0.001551929
0.001148641
0.001528084
0.001728026
0.0017674
0.001500336
0.001093593
0.001176381
0.001700457
0.001953365
0.0008979709
0.001015026
0.001422818
0.001427762
0.000960851
0.001199364
0.001128519
0.001127403
0.0006725364
0.000856247
0.0009329659
0.00131066
0.001292864
0.001136174
0.001325341
0.00165626
0.001039188
0.0007292632
0.0008606246
0.0010828
0.001155534
0.0009242909
0.0008540265
0.000863808
0.001105825
0.0008688607
0.0009615132
0.0008715182
0.001302524
0.001738266
0.001262435
0.001518196
0.001541306
0.001497257
0.001355666
0.0009821926
0.00185242
0.00101804
0.001022838
0.001259143
0.000891824
0.0009358798
0.0009927964
0.001368014
0.001006179
0.001303477
0.001157655
0.0009525319
0.0007777304
0.001020679
0.001515521
0.0007266725
0.001243819
0.0007282374
0.000928191
0.001078592
0.001221023
0.001112446
0.0008636053
0.001337179
0.0008914181
0.001083414
0.001162007
0.001095588
0.001090183
0.001296058
0.001195932
0.001109529
0.001187373
0.0009144816
0.001009296
0.001346005
0.001169408
0.001171275
0.001251032
0.001940477
0.001008834
0.001415519
0.001149382
0.001162627
0.0008525012
0.001082719
0.0009279268
0.001191511
0.001060603
0.000914908
0.001235592
0.001410731
0.0007906356
0.001372554
0.0007292768
0.001132345
0.001375627
0.001146644
0.001504171
0.001369813
0.001174149
0.0007731544
0.001493128
0.001043975
0.001128004
0.001280454
0.001176183
0.001053927
0.0009949394
0.00126715
0.00157681
0.001399255
0.001639846
0.001455855
0.0009855263
0.001069679
0.001075095
0.001231283
0.001447853
0.001598688
0.001635081
0.001473266
0.001160715
0.001436878
0.001295578
0.0007140369
0.001531901
0.001016535
0.0009461158
0.0006534477
0.0007895912
0.0006754106
0.0009666325
0.001073661
0.001093138
0.0006113461
0.0008417052
0.0005156302
0.0008780448
0.001096644
0.0009777512
0.0008518681
0.0006491131
0.001185293
0.00107081
0.0008975668
0.000719058
0.001123674
0.001147585
0.001264665
0.001392729
0.001794304
0.001249572
0.001022262
0.001089646
0.001538722
0.0009343937
0.0007113099
0.001113866
0.001059916
0.0008830287
0.001576852
0.001133709
0.0009539761
0.001119136
0.001432057
0.001149623
0.001049475
0.001572267
0.001596919
0.001436322
0.001715504
0.001468668
0.001239016
0.001402086
0.001364706
0.001470687
0.001421471
0.0007778803
0.000909117
0.001153206
0.0007877547
0.0009120895
0.001048334
0.001676732
0.001569353
0.001430687
0.001339989
0.001254379
0.00109114
0.000711351
0.0006645371
0.001064027
0.0009178244
0.0008800784
0.0009697707
0.001048104
0.0009542157
0.000834622
0.0006861286
0.0006618406
0.001429176
0.001379166
0.001718805
0.001576722
0.001847916
0.001378482
0.0009125031
0.001349184
0.0008679767
0.000889831
0.0009509332
0.001533448
0.00168419
0.001629069
0.001167635
0.001390126
0.001606849
0.0008897089
0.001233697
0.001211621
0.001379616
0.001422529
0.00134033
0.001339909
0.001193983
0.001040363
0.001104251
0.001526712
0.00097211
0.0009681429
0.0009217638
0.001233049
0.001311715
0.001349204
0.001513212
0.001286023
0.001543155
0.001374035
0.001039551
0.001242243
0.00115284
0.001461626
0.001561132
0.001588922
0.001482966
0.001053194
0.001309139
0.0007559835
0.0006257569
0.0007805374
0.0007399198
0.001042126
0.000764849
0.0006250207
0.0008502264
0.0009719868
0.001180961
0.0008367612
0.001152679
0.001043297
0.001016226
0.0009463026
0.0007592235
0.001632557
0.0008649848
0.001220316
0.001479024
0.00108184
0.001211505
0.0009467728
0.001685229
0.0007515677
0.0009118824
0.0007378974
0.00139479
0.001497569
0.001031977
0.001220677
0.001188905
0.0009410792
0.001257429
0.001404702
0.001048141
0.001394712
0.001396072
0.001468843
0.000960005
0.001043135
0.001079058
0.001223693
0.001097276
0.001503276
0.001211292
0.001306383
0.001369377
0.001289399
0.001045115
0.001011743
0.001293388
0.0009753239
0.001266346
0.001586516
0.00219952
0.001638465
0.001693636
0.001454442
0.00123467
0.001251705
0.0009067963
0.0009991606
0.001046491
0.001649439
0.001451528
0.001380879
0.001390087
0.001147683
0.001096629
0.001416706
0.0009933478
0.001236366
0.001352787
0.0016293
0.001144521
0.001266491
0.001589473
0.00109972
0.001845103
0.0009372919
0.001425644
0.001100465
0.001345688
0.001115603
0.0009594329
0.001248898
0.0006993833
0.001007248
0.0009256734
0.001105911
0.001230396
0.0008778779
0.001162696
0.0007796575
0.001091802
0.001094437
0.001215221
0.0009260458
0.001453767
0.0009734834
0.0006465529
0.0006802773
0.001047222
0.001716132
0.001289342
0.001273272
0.001583357
0.001838736
0.001120112
0.001312396
0.0009097362
0.001396175
0.0008763805
0.001185883
0.001151919
0.001041263
0.0008974443
0.001005027
0.0008091515
0.001219927
0.001275183
0.00126425
0.001280086
0.001478139
0.0007513065
0.001618563
0.001104228
0.0008211902
0.001482767
0.00164078
0.001868372
0.00133078
0.001387528
0.001293663
0.001874281
0.001351606
0.001469255
0.001162044
0.00115796
0.001050676
0.001034301
0.00146207
0.001289333
0.001449237
0.001787482
0.001624953
0.001393696
0.001411924
0.001262699
0.0007715012
0.001229315
0.001112267
0.0009537923
0.001400102
0.001492969
0.001222095
0.0007120954
0.001231572
0.0005989688
0.0008664079
0.0009544031
0.001024068
0.001027187
0.0009747509
0.001138015
0.0008474774
0.0009478822
0.0008951464
0.0009490449
0.0007566963
0.001377949
0.0007806152
0.000920766
0.001197983
0.001308562
0.001487641
0.001318323
0.00103874
0.001044034
0.0009393577
0.0009400101
0.001250938
0.0008597389
0.001386
0.0008391389
0.001100561
0.0009956659
0.001084543
0.001325846
0.001336268
0.001259952
0.001514707
0.001448224
0.001328549
0.001681407
0.001128053
0.001166713
0.0009035119
0.001087657
0.001281293
0.001062437
0.001003065
0.001049781
0.0009358378
0.001251014
0.0009729741
0.001490368
0.00129995
0.001185099
0.0009646391
0.001138387
0.001521608
0.0007939108
0.001522392
0.0009910674
0.001204723
0.000933339
0.00173908
0.001390879
0.00119219
0.0017103
0.001410963
0.001575866
0.00160107
0.001437674
0.001190908
0.001840069
0.00136365
0.001298238
0.001182987
0.001204662
0.0012579
0.001523524
0.00121843
0.0008183821
0.001064283
0.001076762
0.001170842
0.0006804829
0.001056524
0.0008578418
0.001363057
0.001207159
0.0009914935
0.0009305314
0.0008854184
0.001234552
0.001430817
0.001022269
0.001066811
0.001329296
0.001253892
0.001084187
0.0008919027
0.0008531496
0.00112405
0.001217577
0.000977525
0.001019407
0.001542736
0.0008870434
0.0008564569
0.001523161
0.0008819394
0.001377206
0.001312854
0.001324465
0.001527006
0.0009945396
0.0009373819
0.0006851853
0.0009909478
0.001523782
0.001230327
0.00226451
0.0008344655
0.001242452
0.001235791
0.001453758
0.001889783
0.001072647
0.001431733
0.001160594
0.001052301
0.001171656
0.00110937
0.0009015632
0.0008259965
0.0009723844
0.001494529
0.0009215935
0.001127659
0.0007634115
0.001002906
0.001204992
0.001106084
0.001270057
0.0008024176
0.00168918
0.0009394412
0.0009032771
0.001576012
0.001277634
0.0012165
0.0007969997
0.001505163
0.001711323
0.0009838248
0.001804791
0.001136976
0.001118569
0.001210723
0.001465987
0.001500576
0.001368426
0.001291228
0.001205771
0.001447155
0.0009797104
0.001080028
0.001552352
0.0008049495
0.0009017923
0.001131693
0.00158622
0.001520188
0.001766127
0.002426806
0.00174337
0.001359362
0.001443169
0.001566467
0.001386804
0.001164386
0.0009359301
0.001326235
0.001194109
0.001856812
0.001069272
0.001404044
0.001292168
0.001088649
0.001541689
0.001412817
0.001426084
0.001245856
0.001572239
0.00141545
0.001244725
0.001483877
0.001454229
0.001856132
0.001475308
0.001392539
0.001425958
0.00101314
0.001238007
0.001401196
0.0009872411
0.001024948
0.001323712
0.001213333
0.0009120934
0.001079641
0.0009700539
0.0009007219
0.001138382
0.001175767
0.0008643019
0.00079247
0.001294163
0.001240035
0.001137947
0.0008555335
0.001402482
0.001432675
0.001054906
0.001340304
0.001120419
0.001178898
0.001800229
0.001630122
0.001215209
0.001019058
0.001312187
0.001387778
0.001657028
0.001272196
0.001055386
0.001154878
0.001045875
0.001024879
0.00101854
0.001297196
0.001283044
0.001418615
0.0009887504
0.001281451
0.0008140623
0.0009115405
0.001409632
0.001613336
0.0008823254
0.001250534
0.001440947
0.001448513
0.001329851
0.0009324877
0.0008801621
0.0009456276
0.0008754059
0.001005286
0.001508709
0.001340806
0.001317588
0.001082402
0.0007816823
0.001249432
0.0008899438
0.001079513
0.0009133835
0.000868748
0.001743077
0.001387024
0.001337323
0.001261338
0.001180594
0.001227642
0.001545992
0.001830221
0.0008916774
0.001076198
0.001155277
0.001387315
0.001103721
0.001235795
0.001179894
0.001441339
0.0009668689
0.001875254
0.0009619825
0.001009959
0.0009209687
0.001415899
0.001640692
0.001410762
0.001878685
0.001681885
0.001382637
0.001337831
0.001093718
0.001035605
0.001008851
0.001311694
0.001396434
0.001245071
0.001067138
0.001379231
0.001423042
0.001419364
0.00122261
0.00180001
0.001356643
0.001310118
0.0008720611
0.0007883454
0.0005286644
0.0004815828
0.0008968734
0.0008796196
0.0006350812
0.0005808901
0.0008343304
0.001111328
0.001568913
0.001134394
0.0009840957
0.001356928
0.0009650779
0.001102893
0.001107933
0.001268503
0.0009214568
0.001018368
0.001040013
0.0009871228
0.0008576771
0.001830247
0.001410311
0.00104093
0.001091455
0.001149607
0.0008505838
0.0007686805
0.0009225034
0.001672121
0.001530649
0.001530086
0.001325291
0.0008421808
0.00101507
0.001218468
0.000887497
0.001135266
0.001382412
0.0008018921
0.001083152
0.001071029
0.001400268
0.001577071
0.001311988
0.0008668414
0.001098156
0.0008695968
0.001201027
0.0007975782
0.0008321525
0.0007532712
0.00132383
0.001443518
0.00138608
0.00121475
0.001637212
0.00161004
0.001211974
0.001001722
0.001345069
0.001621488
0.001224
0.001152302
0.000767856
0.001034256
0.001136277
0.001281043
0.0009242196
0.001105338
0.0012616
0.001034285
0.0008126517
0.0006566845
0.0007611505
0.0006833201
0.0006806934
0.0009491269
0.001389406
0.00120208
0.001098323
0.001365458
0.001401702
0.001349056
0.001288555
0.001726972
0.001514226
0.001177747
0.001819317
0.001150243
0.001337423
0.001366863
0.001545393
0.00145736
0.001311319
0.002495286
0.00112272
0.001377125
0.001234552
0.00125882
0.00117338
0.001411097
0.001088873
0.0009282821
0.0008443677
0.000986028
0.001167992
0.001133649
0.0009850382
0.001192079
0.0009419509
0.0009636634
0.0008885228
0.0007384519
0.001468015
0.0009702819
0.001101059
0.0007900918
0.001237769
0.001046121
0.0009331534
0.000850352
0.0009097694
0.0005410984
0.00083132
0.0008193515
0.001156041
0.001432281
0.0008610846
0.001390518
0.001186334
0.00130533
0.001008973
0.0009674975
0.000955114
0.001437628
0.001171256
0.001255314
0.001477107
0.001311022
0.001544205
0.001164626
0.001062289
0.001124376
0.00130451
0.001179796
0.001182436
0.001224694
0.001983255
0.001472777
0.001459643
0.001557132
0.001394005
0.00141828
0.001725055
0.001345888
0.001722396
0.001310267
0.001199534
0.001285353
0.001132134
0.0008798789
0.0009585204
0.00152379
0.00152582
0.0009240573
0.001155896
0.001096891
0.001094315
0.001414837
0.001126515
0.001023127
0.0009104889
0.001213673
0.0009951147
0.001364762
0.001440035
0.0008700605
0.0009061896
0.0008756241
0.0012112
0.001014662
0.001265248
0.001157028
0.001023202
0.001186305
0.001107662
0.001175884
0.001364441
0.001463156
0.001210119
0.001220413
0.00172149
0.001281776
0.00111751
0.0009094323
0.001050174
0.0007767653
0.0009449892
0.0009077394
0.0006659382
0.001089557
0.001604129
0.001019448
0.00130615
0.001100781
0.001300037
0.001370826
0.0009798205
0.001263776
0.001075334
0.0009619951
0.001550785
0.001480639
0.00142742
0.001124891
0.00125822
0.0009604198
0.0008000338
0.0009348284
0.001232144
0.001286514
0.001077462
0.0007319371
0.001170855
0.001156295
0.00106308
0.0008839694
0.001467073
0.001070051
0.0006257538
0.0009517573
0.001069706
0.001165484
0.0009545332
0.0008717344
0.0008677195
0.001253084
0.001098514
0.001177956
0.0009698816
0.0009005627
0.001469713
0.001335693
0.001321214
0.001049738
0.001174473
0.00130827
0.001255645
0.0009375052
0.001211201
0.001147909
0.001278967
0.001194094
0.002193239
0.001375092
0.001435934
0.001366163
0.001344858
0.001178982
0.001096299
0.001805029
0.001974929
0.001658508
0.001321761
0.001172781
0.001789765
0.001050124
0.001501019
0.001335341
0.001052585
0.00178213
0.001077021
0.001427
0.001526454
0.0009429286
0.001343257
0.001054536
0.001451789
0.001522568
0.001544623
0.001692264
0.001594536
0.001063221
0.001220418
0.0009344038
0.00157734
0.0009879701
0.001059362
0.001347231
0.001093549
0.0009604304
0.001248517
0.0009461549
0.001853684
0.00113432
0.001367471
0.00105646
0.0005799239
0.0008073446
0.001116966
0.0008101649
0.0007043852
0.001016049
0.0009745093
0.0008303272
0.001184383
0.001531411
0.001210266
0.001322952
0.001876025
0.001110995
0.001219594
0.001143759
0.001634887
0.001203291
0.0007628855
0.0008483783
0.0008932594
0.001059878
0.0007694393
0.001013092
0.0007813706
0.001481432
0.001237782
0.001250087
0.001397618
0.001462046
0.00160094
0.001473728
0.001385569
0.001477293
0.001656638
0.001678514
0.000998453
0.001043991
0.001316281
0.001474531
0.001605723
0.001277588
0.001566698
0.001438115
0.001100976
0.0012818
0.001656941
0.001116322
0.001403376
0.001277901
0.0009247239
0.001362874
0.001122398
0.001612313
0.001231693
0.001204136
0.001544901
0.001265601
0.0008437997
0.001340935
0.00109584
0.001171934
0.0009207571
0.001253167
0.0008196221
0.001089431
0.0009914908
0.001037729
0.0008656062
0.000937344
0.001005517
0.001073634
0.001453818
0.001080262
0.001045227
0.001123759
0.0008035189
0.001193079
0.0009282207
0.001153874
0.000865975
0.001041051
0.0009897784
0.00135351
0.001244133
0.001255431
0.001137386
0.0009117953
0.0008174111
0.0009458066
0.001403117
0.001118678
0.00189472
0.000891848
0.001176576
0.001171366
0.001143581
0.001282899
0.0009277725
0.0009600065
0.001081029
0.001037465
0.0009044835
0.00101946
0.001105091
0.0009839445
0.0009330591
0.0007833791
0.001250573
0.0007962728
0.0007403037
0.001067716
0.0008840398
0.001247893
0.00129207
0.0008512928
0.000819191
0.00108907
0.000799573
0.000989287
0.0008686117
0.000902296
0.001097544
0.001037493
0.0009185299
0.001296097
0.00164658
0.001170137
0.001179121
0.001208909
0.001153707
0.001098777
0.0007214575
0.00127234
0.001216616
0.000980934
0.0009058483
0.0009240144
0.0008192827
0.0008424077
0.001063003
0.001096907
0.001593106
0.0009357868
0.001651061
0.001160218
0.0009432174
0.0009799723
0.001173773
0.001354733
0.001370073
0.001290316
0.001049221
0.0009636711
0.001153322
0.001502566
0.001465693
0.001374944
0.001602518
0.001491396
0.001299404
0.001011335
0.001172667
0.001443104
0.001612119
0.001676656
0.00133074
0.001417982
0.001356201
0.001356863
0.001549719
0.001416124
0.001076698
0.001146298
0.001033731
0.001379567
0.001249833
0.001219773
0.001450829
0.001108299
0.001420872
0.00136203
0.001064088
0.001353381
0.0009807341
0.0011984
0.001097448
0.001379187
0.001852663
0.001676349
0.00172396
0.00111642
0.0009951502
0.001310317
0.0008652338
0.001181864
