20021.87
44377.01
32442.64
17601.93
59075.25
20046.06
33874.75
48274.66
26112.75
40344.76
42724.84
51249.76
33005.16
35065.9
26728.5
31925.24
16602.38
42461.58
28095.25
33520.73
39965.05
42536.52
64789.18
43027.63
19002.4
32162.31
22945.58
54175.73
42821.59
42071.77
46190.62
46266.66
26592.8
32140.57
29493.67
24639.25
19544.85
50889.2
37816.33
38250.17
48337.05
72994.12
40523.98
54768.47
35751
51931.8
34144.3
21772.51
15341.82
36555.75
18454.94
33104.45
18361.58
39266.96
46292.48
33840.65
37782.62
56303.63
35483.35
32017.52
30126.94
35972.25
35226.87
21710.97
30236.53
25563.63
30621.55
27329.48
64231.65
32524.93
40742.41
34070.41
53410.77
25785.21
23288.33
43809.44
30821.68
31559.3
29314.84
37267.56
26103.1
28166.69
43059.61
30213.02
42625.49
37711.46
53217.12
61758.17
70684.73
53572.21
49748.96
41926.35
49202.26
45407.43
31276.7
52423.68
25276.15
31828.45
46247.64
42571.62
25276.53
30994.77
57108.19
28836.47
23352.18
24156.05
17322.84
20770.38
54283.38
33257.28
62335.85
31160.55
78509
39202.22
47286.48
24560.23
30455.33
62340.71
70626.3
42647.99
36974.4
35820.76
50523.27
43426.96
43068.3
54406.26
47660.53
59629.44
61264.06
87463.66
66847.76
61628.76
35060.48
45177.5
54385.81
46450.36
47108.03
43633.41
52623.05
32908.1
58893.82
66101.58
48540.01
35493.91
49033.22
54818.97
35870.37
48842.73
50368.91
52104.54
63961.84
46025.29
41063.6
32405.62
48057.34
40799.82
33618.12
25642.77
82752.51
54317.6
81461.15
42577.98
38541
40791.27
37781.12
27136.29
73663.81
47130.1
48900.45
41188.21
37060.54
39566
51517.58
42348.4
20166.4
29670.15
36382.48
15192.29
27384.42
23445.06
14770.26
25452.46
24214.46
38810.48
55292.17
30609.61
22264.06
29420.99
60559.51
29387.25
32175.24
29112.19
47303.36
75989.32
34015.77
41692.89
46715.24
60580.82
59309.62
65717.6
55499.21
56819.83
45653.03
51634.35
51292.44
52259.68
50544.82
31484.29
44846.91
43427.5
30442.4
39550.05
43102.77
52232.53
31659.21
64231.1
28061.13
29407.87
42127.16
31150.52
34164.39
34696.49
34402.59
35046.84
29229.54
39532.83
50571.9
33990.82
49120.19
62811.54
36579.16
58310.11
54981.67
55310.11
36108.6
63008.35
46473.34
36555.74
41187.36
23122.68
26829.75
63698
41997.83
22111.2
38956.79
41909.51
39201.08
52571.21
54450.81
43738.35
35582.13
39710.21
34970.76
44631.49
70616.73
35903.73
36953.2
72463.07
46722.53
41853.5
56018.44
59005.43
47606.59
62274.1
59828.1
49779.96
57413.36
35105.81
56896.23
42845.09
36575.11
65068.95
50826.69
55544.25
75663.1
57936.46
56119.7
83651.7
39173.08
58027.04
41887.91
50584.14
43078.3
50543.58
43927.03
58069.4
43444.1
41464.39
17858.52
54216.79
38367.72
39453.07
50516.1
63877.78
67769.77
78761.13
32233.85
58672.12
51923.48
67447.58
59217.13
52924.71
21626.36
24992.05
52005.82
42988.27
30662.99
34278.19
16275.78
44068.07
50114.29
69573.54
38726.05
55003.33
76099.92
31354.35
48268.68
41509.1
37941.66
26819.4
40080.6
38557.12
29207.4
30324.85
23164.52
70521.4
16701.8
27576.81
22663.53
50833.62
34651.4
52824.38
72448.96
47855.51
46369.49
35939.75
79094.16
35930.75
32847.75
16526.46
30006.38
44274.78
29039.68
49115.74
52582.67
50717.41
27919.69
18724.51
49884.55
52197
54441.26
40717.97
57788.23
53429.84
42250.92
37795.9
45742.85
41378.97
31597.81
40586.03
38954.1
40312.77
45768.46
46497.81
62082.21
68600.27
40012.37
92842.77
53613.08
48861.01
43007.79
43300.95
68934.17
75353.17
59590.37
48381.16
52096.41
45523.05
60383.71
53477.98
28203.99
23236.9
43707.06
55005.28
33561.07
52339.65
27001.12
29059.89
33642.1
26946.89
19295.91
29498.24
40117.4
51615.77
38362
32224.01
23200.37
43527.27
32894.92
63303.04
43814
60279.3
55843.04
32552.4
47970.91
39341.24
61231.88
28348.35
43087.52
56229.26
48765.75
37752.28
44448.98
32362.23
55473.6
26296.5
35296.74
29949.93
47031.21
12996.16
36415.05
25826.18
62480.42
96430.22
90602.56
28150.1
27305.22
36016.9
31055.58
112299.7
59404.48
38609.96
54290.51
23653.86
28917.81
35910.15
53435.4
57678.66
32722.51
36052.28
43746.12
63769.83
56871.52
92973.66
38149.4
43350.46
30907.09
35484.44
87738.53
47163.48
36850.88
33802.54
36825.69
35835.36
20664.56
35903.42
77415.47
47227.47
52965.56
34685.84
33129.45
54951.1
30302.42
49857.51
44209.01
82703.03
30263.12
38046.6
32462.04
40838.2
78504.94
51324.53
49646.78
35636.18
51266.31
50113.27
42343.44
37243.68
20186.6
22635.2
23538.23
43519.86
74259.71
79536.64
40384.88
60960.6
34792.99
44696.58
71331.64
48548.87
50900.94
28249.47
51129.16
46090.57
39838.3
62400.3
55923.59
34905.23
52680.93
39511.46
36187.38
35759.49
37916.27
38574.46
20743.98
43678.19
44858.27
16250.65
40016.1
46035.92
39106.01
19724.23
17993.44
27840.84
25102.24
41388.93
51966.89
46609.95
36424.79
28745.06
34114.03
37574.54
63298.63
53684.57
37955.27
52054.85
35338.82
37067.37
30858.36
58559.19
64721.63
40843.07
44906.52
43756.2
54866.57
37630.89
37023.03
72010.85
26434.22
24361.22
22609.35
33821.8
39509.66
45056.85
39803.86
33549.77
34596.1
58155.46
36706.74
55492.53
53384.83
48179.24
66891.52
19156.28
56977.73
35197.65
48533.82
39447.43
100184
31092.89
51537.36
48695.13
37012.13
25462.73
18829.75
44343.08
27369.41
31035.38
47910.09
41059.33
75202.56
70238.58
44451.85
30854.15
57604.3
40222.66
63226.87
63472.62
33531.06
39165.55
58524.1
46317.46
44249.47
48950.9
52232.58
80843.94
30370.51
19490.15
32960.8
28574.98
28199.7
33209.21
30844.24
52127.82
64080.37
40092.2
33131.47
40778.28
44585.34
68603.15
56183.56
60271.27
47981.21
31122.79
28252.3
47223.31
34784.97
41608.37
37740.62
24969.75
41934.11
47305.84
44441.95
27916.62
45980.77
72495.39
24263.18
44800.52
33077.76
51758.39
41233.43
93376.14
32876.61
45009.84
51551.23
47285.46
52245.17
47760.79
47059.33
57837.73
36744.65
38231.98
52122.44
32783.66
38795.7
38649.09
34932.52
75266.04
62121.66
45041.54
37964.74
61639.06
35151.82
64409.69
29797.97
35696.34
40503.93
57711.24
52793.88
57499.68
50475.12
42282.38
38107.61
46236.03
64392.93
53126.28
57465.79
45089.5
78223.02
66241.84
34514.44
53480.52
51697.47
35660.36
42282.62
47164.95
25798.56
30207
37997.93
47042.9
39419
50505.04
56377.48
14734.01
40192.32
26623.63
42849.65
22959.98
23036.29
45579.24
42275.98
47890.17
43471.84
52731.22
56650.67
37055.87
36477.35
33738.6
64376.81
38030.6
37368.37
24362.46
39405.74
26969.76
48045.81
25649.07
29969.08
34907.23
15383.29
13254.26
38794.45
43184.85
32871.05
35181.16
102748.5
30402.65
40716.34
33720.42
35981.8
58807.79
34684.66
22707.63
45212.22
22205.94
29200.93
34198.2
25548.83
38204.79
47263.22
47069.18
36204.12
22612.43
59593.79
54625.85
35875.49
30393.95
41223.66
43885.14
37607.83
58851.24
36586.4
27626.69
20122.45
45195.49
55750.73
33134.21
26630.27
34450.17
25502.98
25597.5
45301.1
35140.55
52581.76
39516.54
69275.7
25011.39
30065.15
47434.25
37785.48
52141.72
36992.69
46706.48
46416.55
54211.24
36156.04
36237.33
30252.54
49669.62
30404.8
27555.01
30644.77
42774.11
31787.11
24620.41
22665.44
25509
24010.77
18745.32
25436.99
28636.12
18815.86
42906.14
14171.08
25823.48
19607.71
28990.84
20087.39
18981.84
53442.49
37591.9
29074.69
42846.44
16035.41
18040.12
55204.41
50865.82
46429.81
48418.7
70177.36
35293.6
33657.82
49075.02
30624.55
37164.91
71169.7
43445.75
36564.14
51081.07
33573.73
14664.5
46044.26
32341.78
29199.91
71098.01
22955.06
23139.04
24445.54
33016.97
50384.18
24677.42
35874.45
30418.73
34031.95
39920.18
37912.85
38882.29
26246.11
28938.06
16343.41
34404.84
29888.25
65970.68
39301.46
48318.54
50000.12
38181.56
73696.96
65930.32
54285.14
47361.2
31413.38
41713.91
24524.71
29572.2
28405.99
58222.28
18381.5
33314.12
48336.36
53880.8
29349.95
36070.96
41820.56
31006.11
32746.96
35537.26
30479.67
24598.79
27505.26
25094.4
44738.83
43432.65
36409.97
38053.06
29238.88
32657.87
24667.19
26740.72
39265.13
33702.26
23605.29
32319.71
36370.75
31460.15
32485.54
33709.22
36166.77
32436.89
24011.71
42825.31
43331.75
47562.52
18139.19
36169.75
42161.24
28217.07
28924.6
28647.67
29684.53
66744.25
29189.35
43359.89
52273.56
26700.43
29236.37
82918.94
35347.67
43021.97
35022.06
43879.65
27987.25
22147.61
29622.5
25302.51
48515.2
20063.82
47002.42
28728.83
29339.74
28551.62
39453.48
20461.34
23285.58
32686.27
43283.9
47199.69
35318.4
25376.62
31437.81
48258.68
30448.87
31453.18
48959.87
27153.77
22671.58
20848.61
39800.05
29370.97
43318.63
23049.36
28114.76
18608.49
20437.62
41547.02
21389.34
47734.07
61791.11
16652.47
44415.07
57644.41
38783.62
43519.62
25037.86
22462.99
51790.86
27631.49
61308.76
31117.47
64237.34
21851.04
31928.33
51130.68
57055.97
45096.58
57559.96
47639.31
49359.2
38223.8
51620.71
28806.16
36996.44
23142.26
61220.27
49848.86
35811.35
62271.87
43880.82
42819.11
51673.9
40761.88
57119.1
63134.55
41721.43
36905.82
62424.35
57306.75
35776.41
23059.82
60762.64
41221.57
27755.69
18625.04
36808.21
25757.25
22148.34
47035.46
37937.6
37541.57
19894.58
14867.78
44601.66
17863.18
48092.67
31167.45
43863.4
65507.14
45497.86
67857.63
65845.41
38291.83
54334.59
53306.6
48381.77
37094.84
39747.87
47755.87
25988.36
48121.71
79454.43
45814.45
55694.14
57595.52
55648.78
45133.68
48919.8
39391
56614.94
50431.65
32880.64
53477.75
41466.34
54981.11
44586.1
35237.45
27536.55
66712.99
25382.53
30896.77
23787.69
32323.65
35203.41
27963.3
30385.72
31244.49
44729.68
38570.32
47118.7
51907.68
54589.52
61925.35
65821.98
74548.48
36233.66
25668.23
55904.17
49283.73
66448.04
31393.8
56102.37
42078.38
44410.18
34136.26
18125.17
46731.01
36599.26
59351.62
53926.15
48393.84
41786.78
91858.56
49964.54
60742.94
51732.05
58032.53
68322.89
55823.04
54706.45
52035.09
70182.89
61506.4
47748.33
40005.34
50603.53
41379.75
42583.74
44967.04
50648.48
39368.89
45851.8
44542.94
46814.05
58999.02
50423.04
48042.47
77367.51
42962.91
61898.17
40583.16
50158.6
32917.74
36983.75
48534.66
52126.83
31363.19
68386.83
49112.38
19633.53
27510.53
58484.25
26644.39
41169.22
42546.67
24038.86
44866.39
47017.45
20213.31
35305.88
34576.62
40652.3
23894.1
23965.86
29886.37
41496.63
26439.59
42439.94
55717.68
26309.31
46266.44
33329
38269.06
47616.33
53401.12
29066.13
57472.88
38953.19
25575.82
27343.93
34964.27
23667.51
28153.56
44865.79
38000.47
28169.68
50840.68
43041.05
45975.71
49505.17
34399.84
74132.32
61750.42
61404.41
47859.7
41785.31
81860.45
32897.76
49841
34496.9
34102.49
37617.46
36210.35
66222.65
22588.69
42925.63
56065.59
41048.81
43959.96
73395.11
42683.78
30688.97
44232.2
37428.6
33114.41
45985.94
46789.43
46308.04
31485.07
43089.48
39067.08
47312.37
37226.09
60263.67
54798.68
49409.58
36930.62
29193.87
25695.75
62991.28
30196.94
33665.99
46418.63
68981.91
29528.56
47776.87
37213.33
45556.03
24409.94
27128.33
31864.59
34989.34
21373.53
31420.37
40873.03
44084.84
23306.32
45109.21
48176.77
33018.24
53481.89
48043.63
36477.4
32388.68
40694.05
42010.49
64178.29
39276.12
34814.55
36667.49
44286.23
23271.67
52154.12
38489.13
36516.27
26423.45
30991.39
36945.47
59279.53
33890.73
38547.88
29786.24
52117.7
50233.04
79733
57702.83
65190.32
53902.45
77575.47
36866.59
77783.55
35057.11
52332.89
37279.67
26590.68
26446.98
45003.1
32119.9
27596.91
33452.32
68305.9
10639.57
24947.59
29987.78
17583.62
28717.2
38054.06
20201.5
33727.57
39550.26
29386.06
23319.06
21295.26
20888.49
17757.07
22302.45
36677.41
29336.8
19220.43
41246.37
39912.73
53735.14
24311.37
69693.21
33949.99
29047.25
32028.24
29668.71
32864.77
35757.35
25908.54
35082.19
78758.27
31794.92
62323.99
32067.63
38773.15
34374.58
27055.18
23637.83
26786.79
22943.95
50178.04
51384.74
37444.19
57271.54
29513.94
36840.3
53915.25
34034.59
19984.49
31560.41
41963.26
43960.63
31146.26
26215.78
52290.2
25326.66
42374.51
31996.76
57103.19
67135.96
50912.03
21013.63
52361.94
34135.27
34724.22
36400.16
46766.86
38656.86
48324.35
43607.36
31413.55
37116.63
46810.03
29741.38
23822.14
22999.36
28302.39
27698.07
28956.83
22413.89
35373.74
31553.82
21938.41
17395.65
60052.12
40271.64
20710.95
27935.94
32567.25
41039.96
35111.54
31259.12
42045.55
35465.49
66197.84
80707.23
47072.16
23333.82
57543.67
80957.47
30099.7
48735.97
33875.23
41841.06
36837.27
31440.04
29441.56
31848.79
17554.71
64985.54
34062.68
27299.69
22528.36
66150.97
28978.68
34356.94
52534.57
35891.4
41935.72
44626.75
45464.3
46583.84
39260.77
44587.73
40104.28
39480.21
25844.24
46885.16
26913.11
21466.32
32768.34
42852.69
34644.24
24638.67
15931.42
20935.57
25774.88
20694.82
26588.57
16127.19
23696.51
34780.62
84114.01
30081.27
21642.98
21940.4
25560.63
39236.07
37679.02
54386.9
35175.68
34582.81
18874.44
40528.97
52435.79
44500.47
38521.31
36785.78
52209.55
54815.24
42703.05
59653.88
56081.6
50712.7
34905.35
65138.29
61015.41
34164.57
47456.33
67186.29
44156.94
54682.67
55841.52
69491.59
51138.53
37074.84
52621.35
49103.55
47001.5
37728.5
74437.14
80320.01
58913.32
35018.23
32788.15
26922.92
44114.44
12722.18
27365.28
37086.91
27821.57
28443.57
36369.28
40958.63
27873.93
75534.87
43712.44
61205.31
51022.36
39167.21
25866.42
32584.53
31045.94
41849.74
36760.57
27770.97
47106.99
58590.01
36369.36
51593.05
34559.81
27970.06
31406.14
29941.12
43451.68
55159.43
53864.85
43732.72
56423.85
40858.82
58711.59
59226.66
59051.04
38433.53
58376.54
59448.57
28156.73
51880.58
46357.7
24458.78
40515.13
23609.82
65928.2
44057.53
31990.58
54351.88
54714.5
44776.63
59902.55
29258.92
64358.91
58741.48
29603.98
37758.9
27523.51
51933.01
40296.43
54588.32
50959.99
54707.56
39087.41
39224.03
43506.35
49556.86
39441.08
51272.02
58906.49
32700.88
50764.72
36868.93
61560.35
29545.69
47803.13
37993.37
58823.2
24290.36
79361.59
49325.4
42602.04
46832.18
62314.93
78035.29
45610.84
32009.86
85226.33
37305.72
45583.86
74401.6
55506.56
43284.37
45696.23
62342.75
36338.27
44105.78
35129.78
38042.14
38077.29
60657.44
30868.87
46754.68
29467.44
63336.32
48156.38
68272.81
27801.18
54011.53
47795.63
30582.08
46299.41
37117.92
43165.71
34465.81
38457.02
13665.12
12679.38
27578.27
40830.33
37055.43
29937.46
28836.35
35704.73
42105.56
40573.61
55663.75
43428.28
64885.79
62199.7
61658.52
52523.69
35926.14
32456.17
23091.42
36075.88
40190.83
34843.38
52183.92
53405.42
43796.7
41723.91
43267.4
38459.5
21478.72
24887.33
49523.01
39349.29
34886.18
40729.63
25416.63
28119.29
52990.08
29370.13
45555.72
66054.96
39741.81
41860.69
34828.28
35249.8
40833.46
48670.88
38618.73
26054.8
63956.25
38538.27
44302.21
33698.58
27371.74
24092.05
23177.67
19803.63
42321.93
34725.12
22509.56
40741.54
25792.04
26820.43
17961.72
26677.85
34310.5
14470.49
19646.42
46451.94
27604.86
20189.7
39716.76
41958.54
22675.16
38731.28
63110.22
38633.33
22517.65
32404.05
32950.93
36248.14
45153.44
39513.21
44274.77
31953.95
26325.92
27836.27
31928.05
21846.15
17949.27
35554.51
17482.61
26496.49
49588.3
66266.74
40702.86
16998.49
22252
25798.57
14337.47
36194.31
59289.65
36668.58
28688.51
13758.66
12434.64
36710.76
25541.52
31412.56
99110.89
52162.75
42505.8
45743.31
44556.75
33881.2
29172.82
12667.15
50412.85
68587.94
60744.64
24206.79
43528.45
59226.63
39300.84
48220.21
97662.13
61016.5
38139.88
41799.35
58925.55
46331.52
59669.07
44412.57
45874.64
72331.58
70277
33914.97
50877.74
34396.03
37283.47
39206.14
25222.02
50057.55
66126.17
49935.56
43457.97
31636.53
30151.57
18555.09
40742.05
32331.02
21661.83
44208.25
43375.16
41743.66
41542.81
50075.3
55710.33
48612.99
46397.74
68798.08
66477.09
44899.78
56129.37
89900
54363.77
38623.02
53361.84
70075.99
61318.35
60945.7
45846.96
42174.57
42209.22
36258.6
39058.64
53813.91
66446.27
52638.25
78698.24
59958.79
39172.58
36403.35
61755.61
41803.04
26357.73
17602.89
24918.41
26542.13
41781.04
23963.9
26518.67
35053.93
41742.94
57634.17
41469.7
52204.46
44716.32
63608.17
33539.93
36469.98
33574.19
36104.62
34914.87
48368.85
59667.4
37774.52
27479.29
31588.66
38321.84
53652.28
37334.5
44331.84
63063.13
48178.27
36512.24
55964.43
51239.79
62415.32
51525.69
46447.26
33462.71
39983.28
57731.66
45295.87
72719.24
37415.99
57274.54
41603.92
55605.15
66798.95
47764.6
32000.29
55523.55
40960.71
47062.48
24622.18
32687.98
35936.15
54723.59
38540.45
60705.51
31685.16
22242.03
28977.88
35888.45
19162.63
15669.06
23282.51
28338.96
32287.69
27917.03
31389.47
35924.21
37713.25
29978.51
72229.58
27928.43
58023.53
52791.75
57603.38
40894.18
29873.68
55878.14
55234.84
57920.31
53234.96
45505.14
52751.59
61576.35
42806.81
25048.52
40606.6
46279.18
24368.2
28674.02
30442.15
47612.81
35154.53
51794.39
29312.76
35333.33
42426.51
26857.01
62248.08
38127.1
44854.1
55684.47
18851.78
25093.49
46734.88
28565.34
35518.4
86517.35
49022.27
32259.11
66935.69
53255.96
43023.14
60991.38
55973.45
38579.68
31093.65
36976.9
46429.81
21822.74
27843.76
29547.93
53914.6
37190.5
32758.22
38227.18
28732.61
38844.41
23043.08
44162.88
24205.01
34872.68
38213.33
55680.72
19007.66
28955.34
47546.09
42822.64
43077.07
30047.08
30985.23
47172.19
47396.73
68681.77
63081.53
43462.66
54459.13
48684.14
50521.2
52368.2
73031.57
73902.81
39027.58
64064.25
61606.63
40471.64
62291.28
67821.08
80268.85
43580.84
74417.31
28438.63
24272.13
24681.17
51422.43
37050.27
42220.77
52810.29
29428.71
54198.12
31962.84
69953.15
45384.89
44458.87
45200.6
65709.75
48338.59
51580.08
38900
40763.33
45838.98
66009.79
47677.21
41079.59
50826.11
41718.76
48315.72
61669.52
41468.18
44967.21
41602.57
39980.87
49685.18
36500.91
56815.63
47660.98
86769.13
62961.12
41122.97
55889.51
54217.08
46630.68
41536.85
45568.97
51670.83
71639.26
21127.79
67437.8
39146.86
69330.11
81287.15
31901.64
63793.14
59036.96
29190.95
32533.24
49081.88
42483.04
32161.05
29682.89
30301.47
44161.7
18742.65
24021.47
32370.01
36379.19
34521.23
59273.34
34606.38
43819.93
22770.32
27900.63
34749.57
26951.95
39838.2
53130.95
27308.95
22986.79
35334.29
26627.33
30033.97
43615.45
30687.32
19214.23
38778.14
53481.15
37570.91
38189.08
38965.47
43342.19
42225.57
21071.42
26458.69
22591.08
36482.53
28826.25
31419.04
31737.33
35073.48
39321.94
34450.02
19697.1
40637.09
14341.99
64647.17
34597.38
29528.88
25182.25
23101.46
40306.24
44435.2
30398.27
40237.41
47742.79
36259.51
61140.98
51904.71
71077.69
54283.65
82947.82
36465.96
39968.98
32852.78
35995.46
51185.49
50555.5
52539.83
31649.92
26363.57
50269.78
38357.88
21022.5
37618.58
52204.49
26384.63
32250.84
28716.47
43301.43
30152.36
25355.48
29254.39
37703.32
35838.63
38212.92
34108.02
34379.75
54049.32
29794.18
45227.83
34943.19
40286.71
33421.23
32425.94
51968.08
32046.79
28744.61
55146.24
31975.22
40780.98
36058.33
33799.12
59605.44
27952.31
77291.56
54592.38
61113.25
85916.07
56347.43
31316.97
67362.72
43067.19
38172.14
57698.03
60770.04
48977.16
38274.07
42175.83
25374.82
41339.76
67434.81
51803.66
45017.49
46198.67
27783.45
53140.47
73752.3
46322.41
46766.7
28599.07
43823.31
44436.11
29564.76
33820.29
28559.04
24686.79
31248.92
56288.5
57635.93
44616.87
54171.66
56551.28
44572.83
68376.49
40442.03
48029.28
57918.83
48276.54
46435.06
36731.54
27059.29
23634.95
44701.07
54719.21
44430.16
37319.44
132805.9
40458.71
86889.2
48182.39
39927.43
88867.84
92858.84
41253.01
94497.14
39882.84
51167.71
38794.61
51006.51
40617.25
56845.5
71642.49
32302.54
40827.06
31978.06
36958.54
34462.61
43788.57
41543.83
48160.11
67319.5
46523.01
23108.55
45427.58
26567.81
21770.62
26167.17
30007.8
72638.58
40763.34
58369.53
38439.24
25597.77
33096.06
36813.97
37833.25
21762.98
25103.82
38508.94
39912.19
21500.85
34360.75
39867.58
53158.96
21293.05
28201.54
38313.01
47303.68
34234.61
34800.13
42929.96
44398.76
40833.43
65731.34
45844.21
60595.97
47572.09
37999.2
61996.57
24429.04
56497.33
77277.78
51155.62
53011.11
91782.33
36594.6
23910.98
37896.02
40700.09
28851.88
36680.54
19204.59
32160.28
35715.69
79975.67
42471.33
71463.12
44636.13
63499.4
44186.01
45399.22
62854.53
59938.39
38229.68
68827.21
70905.58
53279.49
59608.69
62603.79
73229.47
53172.59
46990.67
49822.1
46093.58
89916.81
38413.94
43289.89
62041.74
45755.88
31167.02
27724.1
16074.59
14622.46
31629.12
11606.16
22952.42
32467.78
28860.03
20930.88
28975.24
27526.87
34291.68
61485.53
26402.58
27257.05
46901.61
38230.67
36296.67
38905.16
31348.28
45028.94
44895.29
64277.34
39473.2
107780.3
71750.58
90126.05
41541.02
40854
73641.96
52426.38
55004.24
47191.31
48504.18
40550.69
40199.93
36682.74
44440.03
48537.17
57757.44
44286.1
68027.95
43114.87
44725.22
29178.85
27421.07
36202.28
51923
68581.96
61697.09
52313.62
34581.92
43303.48
45472.76
50943.12
63302.78
50715.8
43196.35
40546.44
52353.82
34362.78
31761.71
47969.15
71518.15
36113.26
23256.96
54420.07
35727.42
33385.64
53000.5
40654.97
55402.54
32154.95
55602.58
46659.94
46867.6
39710.18
46011.66
48301.89
41106.14
23279.21
54524.67
43119.99
71312.5
49300.5
61207.83
55542.64
56365.74
56379.54
52962.41
49837.93
56685.4
60068.78
67705.26
37185.55
26489.18
32495.34
63016.01
49454.08
41516.05
49027.77
38352.67
50254.73
49742.78
38853.61
78451.23
31723.21
42467.07
27003.69
39068.06
32911.56
29843.97
26048.49
41206.75
52679.05
45334.19
36420.87
63418.58
31259.28
40612.52
43862.55
44914.4
36028.55
15880.58
37259.53
34627.69
47504.1
47326.96
41777.66
47167.88
64397.29
23679.62
51866.33
58244.59
36119.04
56105.17
48882.78
49148.56
33455.34
25035.33
28193.22
29154.08
20736.25
26583.27
23756.36
32858.57
35032.54
37426.04
30733.54
30496.46
70799.15
51090.32
68568.5
53217.9
56672.46
54399.49
49085.75
49598.44
39311.72
40429.66
62437.19
25673.24
57783.96
47118.06
28854.65
38808.2
62443.39
49608.41
51704.2
51860.01
42766.02
55461.13
33506.21
53931.28
55355.8
30319.36
31141.95
39383.32
33837.86
36545.66
31942.31
38124.14
27234.1
48376.9
34962.34
56256.93
49920.35
53587.49
60843.52
19729.07
16233.6
25525.37
65228.61
33899.19
49411.19
35843.75
13833.23
25514.79
25837.74
40293.05
35180.23
53477.65
49161.67
46573.32
27341.22
28285.39
34863.26
50972.6
47448.8
44462.6
41532.09
61012.69
42814.85
51180.98
49298.07
59079.97
40519.93
33331.61
36528.13
40528.28
34391.07
32142.1
39018.31
35913.18
36686.18
37843.22
31997.81
35121.9
35656.52
45370.13
23237.3
30563.28
31303.72
52616.47
45114.8
50992.63
48742.81
53031.83
39634.11
64620.7
58368.08
52361.59
46365.24
59846
58509.79
72448.61
30116.15
50421.61
53325.73
48551.22
58176.24
37048.72
39423.35
55856.35
46039.06
56999.89
40706.75
39152.74
43807.14
63818.41
59185.76
49605.24
70939.73
51441.41
46282.97
38013.21
43517.37
70662
67018.46
70347.21
36971.32
32811.61
50326.09
49877.01
44229.56
50090.07
59748.53
41744.78
62039.1
44051.48
56211.86
80555.73
61979.95
39776.35
47987.82
75110
37210.29
39911.04
52167.85
40816.92
46960.98
24130.3
55274.79
25020.21
23979.61
53178.7
28960.5
21180.21
15503.34
23277.16
24613.92
63140.03
45597.71
54331.34
38446.76
50089.49
36339.67
22353.09
16594.11
33059.23
26898.4
36679.24
31091.3
44201.63
30662.3
31216.72
34270.76
37597.08
37621.53
25399.47
22293.48
19704.13
15492.74
25256.97
28046.12
22398.12
19285.46
33378.02
58658.94
64543.04
33700.74
50679.71
44501.69
40691.21
58591.18
41091.82
57728.79
48044.59
64673.58
54084.55
48241.6
42808.22
55649.95
38622.16
36777.49
70475.53
28267.87
22722.66
32957.94
31054.79
46259.88
30366.36
43866.75
38735.06
57854.14
45761.02
59479.72
24736.5
46863.1
36342.88
41619.47
52133.47
49636.51
71668.01
30087.42
28595.26
33212.73
46783.95
41760.32
41861.35
48358.1
48458.38
35135.97
42037.55
47126.49
35891.71
33533.09
57463.19
62686.75
33949.92
32311
23255
62670.54
53439.92
49112.74
30973.66
38291.22
42026.48
32232.11
59421.21
31338.81
36176.77
36593.06
46107.94
46173.63
24051.71
16295.37
30404.59
24175.47
47461.35
44789.31
48326.55
38723.82
36315.68
28096.47
36638.91
49366.77
52237.61
28413.09
23384.96
57779.63
43881.46
42270.7
22236.58
31670.95
54345.13
34577.57
59968.88
50043.75
33186.16
43558.4
45778.34
38190.96
46200.65
61210.55
30341.21
33825.11
33484.55
67718.31
53941.59
43184.75
17422.83
42762.81
33983.49
27887.34
60388.22
22921.74
41689.68
20505.87
22205.98
47202.51
64612.44
34647.82
59364.57
38896.34
38235.21
53467.4
48867.59
38351.57
51802.1
46955.82
33356.46
37260.27
35769.3
50491.62
48029.44
75328
48850.19
56529.51
52051.22
69066.32
58699.29
59302.51
69623.46
69751.43
51629.1
24018.08
33352.8
26514.92
41504.59
50558.66
23511.59
37786.6
31268.25
36643.01
43909.45
29912.54
38518.97
38507.51
40950.26
22979.33
63104.07
49480.43
46311.95
37620.69
45415
64707.46
22801.1
50049.36
38318.53
22114.88
34196.56
43287.22
16747.48
49903.34
44716.32
29430.92
41718.64
55006.58
62358.4
58899.72
59979.76
62591.52
58907.02
55324.56
83844.14
45522.8
41650.68
58576.16
28789
34205.06
47863.6
66872.25
31954.71
47205.74
26253.98
59788.06
46581.37
18582.07
34516.83
44141.52
21935.07
22884.52
85254.36
52438.38
44948.11
23684.72
56829.52
22608.68
39968.02
28069.21
31578.43
60587.5
24472.61
32820.59
61499.52
34297.79
52475.52
50375.05
31293.12
31193.39
38296.75
56222.75
20659.39
19538.03
46283.06
44794.07
59512.5
56763.98
29256
47874.55
56022.99
41131.93
78265.82
28478.92
49945.83
73826.19
68826.38
63468.52
52111.71
47111.65
69611.92
42187.67
75848.85
51935.15
47628.7
37121.75
74769.62
45603.61
48793.9
50146.42
44079.9
43787.31
38595.23
52294.19
31518.37
31670.99
36645.16
76621.99
42634.41
44526.84
53888.5
82944.1
70695.96
56588.37
44843.97
39839.72
70186.09
50028.81
24867.62
48034.14
38475.17
53512.61
103137.9
47959.73
61602.27
73481.42
41836.1
63830.83
48344.22
67952.17
39697.79
54267.56
52982.39
59326.75
45263.62
44400.23
43223.73
44236.44
48086.31
34392.9
38560.17
22969.91
35878.96
46043.39
35102.36
30466.69
46026.97
52276.99
42836.95
34479.11
19117.73
45773.12
49342.1
73830.04
40239.69
25525.68
23470.26
22535.46
29615.23
44032.26
26355.56
23830.49
41725.47
18831.32
51694.24
35470.17
21339.46
50591.51
21720.58
66283.24
52552.23
60210.88
76388.13
67454.75
44024.72
37922.89
34846.77
28728.19
44162.72
37351.25
28650.58
39301.47
21138.84
28520.91
27429.41
34686.4
77786.18
38601.73
16091.36
26779.26
54204.43
43079.73
34378.48
38702.44
43918.94
31836.2
19108.35
28498.95
21205.19
14243.09
15745.85
27308.06
18875.45
13773.01
22970.82
56188.42
42597.15
32699.94
32720.62
30984.31
23259.62
32004.59
48477.86
43604.17
68950.83
31111.54
37662.44
61143.64
32436.08
40607.93
33390.78
37477.6
60729.84
60310.95
45309.3
84003.83
89807.38
42039.33
52794.78
55461.13
41977.32
48383.62
41045.81
39141
58643.94
68710.52
57909.03
75354.64
59163.15
43355.58
52121.21
42867.69
48069.5
49246.23
28229.18
39948.59
28073.07
40342.44
35246.44
34461.25
43364.95
32306.95
36155.18
66588.28
31076.19
40975.26
47478.11
46295.36
23983.26
19858.75
29117.45
48091.62
53206.74
45070.31
53378.15
34690.95
61770.91
32771.1
28895.24
33024.22
35203.96
70662.04
39530.28
25586.46
41501.57
43973.68
87491.4
46124.91
40240.2
35164.58
52588.16
34830.73
59076.33
34151.97
37708.65
42843.3
48277.63
42835.06
38560.95
47289.23
53251.42
42107.13
48316.77
30731.69
36454.41
32248.02
38918.73
29083.55
20193.6
48275.58
20999.16
39896.38
76849.97
66292.57
29002.55
29514.02
42866.82
57470.28
30055.03
29575.11
39368.63
43957.12
29643.44
28427.95
20725.68
34379.21
45673.11
60552.11
31019.49
31023.85
42587.15
25306.6
15629.45
26761.74
35655.99
30453.11
47062.39
47287.93
56963.42
23090.23
49190.77
38410
47628.19
47656.09
23234.84
27200.64
30787.46
33376.53
22563.59
46378.96
54741.69
37911.56
53430.44
49967.03
63799.8
71492.74
53144.59
42848.17
53099.94
64189.16
63182.42
57332.93
43272.51
31325.19
49085
49947.2
47978.6
19873.54
25294.71
35171.22
27310.65
63424.05
66200.98
45630.53
46807.46
43912.41
30377.81
58914.76
58091.53
40395.03
65973.86
69522.05
42211.51
56511.64
37456.47
38941.69
35831.85
30631.09
38718.21
40779.8
44442.35
27378.87
32530.49
44786.66
33000.46
18414.2
20157.77
33561.13
27662.87
39593.68
24902.57
28114.91
38382.26
39934.18
32147.21
36216.82
39009.54
62267.02
50459.85
32680.46
50016.92
49844.41
50544.06
59371.31
60538.93
25327.78
57358.57
17188.85
22906.24
19844.14
27396.4
35662.2
64231.55
35338.07
45450.04
31919.63
18970.59
74334.08
33340.89
38414.44
34810.9
31839.2
46412.98
33094.21
36741.91
35540.74
36082.82
45390.85
76035.21
41412.31
50393.93
52437.79
34647.35
35105.6
42192.99
29004.38
40248.95
30086.25
42712.83
33332.83
35018.38
39662.3
49503.57
57643.31
29601.88
34557.34
18977.42
15127.73
26813.56
40333.47
54554.6
41630.03
37636.69
28941.66
43593.73
22526.87
40227.41
55515.68
37307.44
28950.84
10314.27
39540.48
37033.13
41642.59
31547.38
40380.15
69616.62
35553.45
45415.91
34348.7
23075.04
40453.64
52145.19
41562.12
37691.31
52814.95
47255.9
47671.4
20607.68
22858.31
36853.36
30545.81
30916.93
54551.23
36462.58
38488.54
31734.24
47944.22
54546.49
43003.38
23551.57
33498.52
21860.86
28405.09
27427.52
28254.61
56321.04
61107.22
31458.87
49129.08
60133.28
39422.86
36302.13
40255.56
50666.33
45348.45
42851.96
46034.08
54958.94
48675.4
33570.96
42417.52
48057.28
44708.26
65496.26
73892
55809.77
58805.77
53644.49
41568.79
28286.49
55641.81
40165.8
35275.26
87264.16
68595.88
89455.99
44025.84
80709.99
58071.78
39235.83
62380.46
64339.67
59727.02
33734.57
30220.18
49860.57
28549.02
42192.69
44423.82
36200.67
37454.06
38566.37
29100.55
58397.92
37622.25
29730.04
23243.18
40909.58
28269.71
40393.93
34149.33
32807.17
18815.67
25786.44
24257.36
36331.24
18733.71
47901.28
35042.45
45095.39
40235.52
28984.6
34513.4
40940.84
28141.42
41882.28
71679.62
50651.24
43080.8
32172.95
44875.41
44275.17
32336.27
53292.66
28293.36
29436.52
28564.64
43145.39
73696.29
29871.01
35918.3
37092.53
34903.24
24571.62
24946.67
39922.4
21859.75
35301.33
54897.64
43548.88
42011.17
44164.5
42823.3
52887.83
42381.77
51490.28
64677.1
57173.29
56237.6
54707.21
88718.46
63967.82
37292.6
42069.86
64613.03
49610.07
61687.48
60975.8
53634.32
46008.1
58150.23
49900.29
33503.96
44452.15
47684.07
35605.26
34722.72
28510.88
55954.42
47497.1
59452
57232.1
41036.42
54169.65
40343.43
22261.89
29706.99
50566.63
38683.19
46648.4
61728.96
45644.21
27800.8
36315.04
50068.44
69912.66
36514.35
61198.57
37496.47
33192.51
36819.88
30663.15
59855.46
28251.02
47427.47
49757.73
47670.73
24091.88
64904.78
74400.13
41811.57
28678
29758.83
48277.3
46051.99
63886.25
55374.98
57841.13
60443.5
76492.05
71288.97
34977.58
50370.35
45795.16
30318.28
15523.09
45838.9
50796.67
23370.04
26029.46
31106.66
36840.57
16385.01
20108.98
30923.45
37974.86
16889.19
42619.23
31824.95
39538.33
40409.12
67874.93
44051.75
51206.33
56938.71
41460.55
47903.77
44167.17
55417.13
34107.43
73494.63
54529.18
52310.9
35262.07
19218.64
23525.78
36946.06
35413.56
51692.31
58423.1
67993.66
48271.45
67074.44
41501.89
52411.75
32337.16
89241.04
64952.52
52359
41904.26
45427.23
77804.17
20435.47
30097.08
42890.1
40455.47
30199.01
53331.63
51415.27
35609.91
36073.83
34604.63
28772.27
38477.12
40191.79
78024.54
45253.3
48203.8
55685.98
44035.25
48072.18
50571.95
42578.45
43151.97
39611.81
53706.92
30089.79
41059.81
68893.65
32263.6
43996.54
36213.35
17146.49
22418.52
35984.63
12411.17
22973.72
15395.94
44580.04
44540.29
32859.64
25821.56
40721.05
57370.65
43819.8
52785.23
91216.89
41374.3
29091.34
59950.45
75209.86
66677
56463.31
59252.07
31227.54
48921.97
45668.16
49761.08
53653.33
44186.43
71424.3
36314.84
44889.97
25272.16
44631.33
46270.7
61286.11
47464.99
50509.61
45711.98
44974.74
39830.53
75650.92
52079.53
48691.47
53760.95
40930.09
39842.14
17754.76
17059.79
43273.36
31047.92
26419.94
78230.72
32847.5
35438.89
41371.3
22842.29
24548.72
28239.94
47130.25
31461.58
31120.16
46260.44
28882.91
48108.94
40621.41
79424.84
50610.81
66988.65
48178.22
36057.35
52310.29
70757.45
62935.4
68660.97
71564.87
50056.67
58358.23
46136.83
25191.44
36385.63
53491.68
43127.13
19859.67
31282.75
53394.95
29514.65
66565.73
56035.46
26672.66
19547.58
28635.57
28615.54
43869.2
42876.06
63703.39
29969.85
20831.22
31267.92
39815.02
74091.28
25850.17
24788.19
27430.28
25426.96
37788.54
34108.24
49213.09
29201.05
26022.6
49965.84
51639.57
51654.72
39832.76
50809.94
23607.72
23932.45
33292.77
52881.8
28922.19
25190.57
27630.66
42288.19
28749.91
42522.45
59384.79
29058.56
24656.85
22868.21
34234.83
25197.34
51175.14
58031.99
42896.98
17578.09
49836.89
48108.98
22065.21
25577.13
23147.89
31574.94
27111.05
26452.24
20883.09
18819.68
23048.68
24143.57
20029.88
26969.85
28945.21
44658.27
31960.1
52214.85
39284.33
20343.05
53917.13
27713.31
30930.96
31854.85
26603.84
17254.09
32411.96
29378.51
45022.78
50901.65
25355.71
45216.27
54250.01
34904.31
42980.76
70634.75
83928.69
47351.25
35180.67
31761.79
38452.81
48841.5
43419.73
35837.31
64910.16
42806.22
56507.7
87738.13
33893.5
44654.64
59305.63
47718.94
42820.77
65852.56
32722.42
45427.21
53980.72
53128.16
31776.63
46243.59
46192.87
45485.5
35972.79
53382.44
39425.04
65101.61
76308.68
53617.23
29735.41
57495.5
42840.84
24662.79
28328.65
47705.99
15734.72
18881.6
27132.37
62210.6
42567.74
26126.97
29733.37
57989.84
39268.91
40567
47276.19
36062.76
39644.53
34972.01
41623.06
57353.46
54084.41
43330.74
42123.77
38212.87
49427.56
48367.84
46282.85
63302.66
38626.73
53101.68
36564.94
43847.88
56186.17
41077.43
35967.56
68604.34
46162.72
50707.92
61548.26
41286.23
67100.18
37087.15
28123.64
42992.64
46441.34
26471.7
34404.84
51533.19
43100.38
38192.01
39202.07
44900.05
54977.79
56014.91
43323.75
47434.34
58540.15
51970.58
45010.74
43269.77
57505.38
33320.85
34591.7
49749.11
55554.28
42337.73
37816.98
73005.42
29711.29
32117.76
47355.43
31112.97
42057.4
30071.43
56202.94
44116.69
29360.33
30920.91
26253.95
40811.29
31144.67
16052.62
22336.64
29273.36
36991.77
30335.73
33061.43
20192.83
26619.15
37761.13
50099.76
46736.77
77573.35
46178.65
36430.23
36531.29
47039.19
42409.07
50425.41
45679.32
46678.74
28655.86
58787.22
59944.22
36678.36
46728.52
36412.18
40281.36
38614.77
29348.03
65046.46
37721.18
59781.59
30486.06
79247.41
37057.25
38533.38
36726.52
23876.44
43112.03
43719.61
38448.15
39820.21
38913.63
36971.88
33583.66
39930.09
33974.89
35495.49
36605.25
57663.56
39704.34
45050.85
39776.02
31147.96
37082.99
29866.98
47826.7
59160.83
50447.57
46853.92
79354.06
37843.69
48993.16
40876.19
58440.18
16032.06
26655.57
32841.5
28426.42
22695.32
38745.95
30544.88
18737.64
24756.09
16310.21
25830.51
23857.55
41290.3
28386.91
27968.43
29750.27
45134.3
37743.1
40693.97
60688.07
47056.32
41028.43
43827.69
26214.34
50401.19
45715.48
27227.63
25036.94
24528.46
22540.13
43588.47
31424.93
21045.17
64970.6
22224.11
20920.29
54740.67
22617.6
39363.22
26764.66
34778.53
38858.15
53415.49
49902.48
32170.3
37845.14
31747.19
38453.61
28210.7
24044.03
34711.08
30308.08
19919
35770.46
19125.97
33817.41
38169.16
48045
48466.92
55679.42
24555.13
38491.18
21351.48
27865.34
14770.21
21201.82
43802.54
44537.91
51714.97
40830.87
37331.6
39504.26
55104.05
40405.81
38051.66
22569.62
35480.09
32902.06
35757.1
57412.33
62783.43
71878.37
33042.3
62544.07
63556.09
54704.69
53847.52
42503.15
41319.65
29731.84
36508.17
47411.91
40849.09
67844.23
42153.29
48932.68
45787.29
52282.73
57308.24
36642.66
34281.25
57915.17
40512.75
53445.12
36058.56
31528.65
36136.75
50287.44
29299.86
87332.91
77669.46
17481.39
42969.03
33256.83
35242.77
33266.31
33749.09
78011.99
25686.32
33750.03
21180.99
47219.01
27787.83
45731.08
53146.43
37555.9
35044.56
16309.03
36215.19
50084.45
21040.48
32982.49
26923.89
23680.31
14454.17
25401.69
24862.53
43025.41
29734.44
13683.6
39122.1
33925.11
49469.77
28656.32
18079.13
39780.79
29663.82
29571.24
43120.17
72004.17
37910.43
28891.35
29603.72
29888.93
46442.56
30615.09
59987.22
39679.38
63974.83
67965.75
39774.61
44512.59
53069.15
47209.83
67397.71
30265.08
47087.27
32679.24
26708.15
15330.05
25657.56
30995.48
45556.07
62614.64
67794.92
33165.14
30705.77
43682.96
29325.08
47480.16
27627.4
64413.39
42880.64
32452.17
42020.84
31539.4
22442.22
23159.15
65581.55
30690.71
39697.3
36101.03
22954.32
44108.23
31038.88
55270.17
42205.92
36037.95
55597.53
36825.38
63844.54
18666.52
17209.71
37037.36
45898.07
28491.29
25211.88
42394.27
22355.43
21901.98
60633.86
25498.29
19809.68
40256.55
35807.82
70126.17
33633.5
65914.52
65964.56
64594.66
45461.63
43018.86
19308.21
57550.49
38023.37
76306.34
52756.21
21415.39
43418.08
71409.42
64917.97
37174.43
33256.72
12521.04
37196.06
33264.03
29546.53
14331.51
15602
25432.25
19430.17
24036.3
36997.04
24275.94
22496.28
51318.59
24552.32
47847.65
38490.97
29423.97
34925.26
38647.47
34782.04
22647.17
47149.27
42386.11
43539.55
46270.27
50767.08
37391.53
53990.27
35869.75
42599.9
28141.46
18812.31
35946.42
26447.32
28098.79
24122.11
17068
37480.42
25903.6
22174.55
19007.01
30130.56
25881.31
48613.28
24713.32
16453.83
39226.72
43469.24
20881.14
31821.1
18164.44
22092.89
27911.67
29483.05
38757.26
28425.51
26074.4
37386.13
32927.9
41848.92
59312.32
25414.41
26525.66
43924.34
50266.15
59104.98
27618.82
36599.73
60503.2
64705.47
70530.53
27490.75
58682.64
37531.42
30491.66
40613.57
36776.12
46329.56
53304.04
48568.99
24533.97
77689.77
35790.46
57230.75
63745.86
54106.22
49988.95
51741.23
65812.09
34473.73
41325.78
68473.04
40901.32
43900.92
25061.92
43611.56
80775.74
70801.72
34106.47
32733.87
45297.04
50202.43
27417.09
23567.47
46212.88
88340.29
42994.92
50280.79
42578.37
41080.59
70919.19
77803.51
42538.55
48150.83
41818.08
53140.03
42961.52
37566.63
68659.72
42342.36
49320.76
34310.35
55217.17
54275.37
49938.71
31533.09
30284.39
29139.15
74420.84
48446.62
49607.27
47674.99
59278.38
26150.2
31437.17
32753.83
39406.75
39992.36
49929.78
26721.53
38496.39
43248.83
51670.8
50846.2
26207.83
46073.77
44368.64
25867.69
29708.77
45745.1
19072.28
27103.49
21103.53
29459.57
35054.5
39934.94
46422.34
27864.04
31437.75
40564.38
54194.59
29825.77
35117.16
30882.21
49411.06
43769.81
31621.65
67011.32
52820.22
83105.74
39992.75
48536.44
35771.41
44315.6
63139.37
54291.03
28832.05
36734.14
44413.31
41212.49
34994.62
38812.17
64538.08
22833.17
26149.62
44333.81
61099.37
44069.23
71347.78
54844.58
54994.36
58129.18
58374.07
40032.75
80727.23
82733.71
65287.9
30283.83
42524.77
27603.39
59260.06
41808.47
50230.73
44638.28
49356.19
44078.74
53767.13
67761.22
57569.19
53538.18
32468
57459.58
63988.77
44844.39
36942.55
49173.29
39096.85
44096.67
42232.86
54189.73
59611.72
35329.06
60312.88
37272.97
59018.71
43874.03
48609.02
34161.29
38662.05
35950.97
45113.76
44563.09
25038.9
34974.14
17043.6
41294.86
22744.58
18762.47
20949.35
31381.95
26049.55
37719.55
47218.73
38525.9
35240.25
33046
45863.77
37824.82
46167.05
47969.17
48926.48
52598.27
47257.54
42934.67
29738.58
32772.53
27681.64
23542.68
23076.85
53522.98
50106.25
22141.38
34822.91
44686.77
48571.18
39935.16
63065.21
26235.13
55867.35
40261.28
48654.69
30158.35
22739.69
33580.35
33923.22
40375.53
70172.4
35968.68
49335.65
29439.86
29133.63
29800.99
39774.82
31816.31
50131.82
38299.27
31951.76
16920.07
24115.3
23244.12
63363.27
17919.31
49572.11
22507.28
40497.2
41404.81
64926.35
47700.14
62227.9
34542.95
54370.73
53995.52
55190.52
40223.73
29877.12
30606.75
44570.58
38853.82
34361.6
52202.2
40644.9
51014.73
44410.44
30474.75
31637.15
49246.91
31908.95
30593.84
54413.94
48267.2
58778.54
64776.01
54051.36
86885.24
59807.26
50802.72
34229.95
64246.89
46932.93
44301.46
45065.79
33626.69
29592.12
47132.64
74491.75
52070.82
29528.8
58093.35
49688.95
43869.83
85245.23
52691.22
64119.72
69493.17
62019.95
50847.78
47913.42
44246.95
52149.77
32421.42
61636.5
63309.35
40623.86
47899.54
47570.73
80090
53232.42
54824.08
48562.61
55128.62
91949.33
38828.47
70160.48
53567.37
35797.58
36990.86
27648.73
36247.98
46751.43
30266.05
55008.63
50117.02
66704.32
69517.25
25522.21
41679.14
40095.78
35586.77
63863.84
76349.54
33941.33
47537.4
44968.71
32654.56
45500.67
41493.3
63616.2
67315.33
53430.8
71417.43
85158.26
53270.75
51960.26
27196.19
28953.12
34515.27
73516.28
33308.07
28165.12
14665.66
14022.52
17133.21
51119.73
36277.43
16715.39
20668.43
15288.18
10239.43
40367.23
53797.9
36262.5
26549.44
20715.23
28390.2
50019.23
48069.48
23152.38
17446.71
32066.78
41531.29
20835.15
28103.11
33912.55
48255.54
38225.27
25034.91
36073.11
28544.8
56004.59
41851.19
59955.32
39282.55
47029.49
44616.37
25984.43
23498.6
59482.51
18515.8
31293.5
36530.89
25893.6
65624.07
43586.73
28308.74
36034.34
33367.44
32039.3
26769.9
20213.01
39096.01
28404.05
42537.08
45070.23
56680.5
29221.17
20221.6
20434.71
33136.37
35724.65
21230.64
30051.56
42464.31
29791.77
23556.34
35964.32
17267.14
60391.78
31887.61
43602.44
41801
52890.43
29020.75
54256.93
21957.74
10407.52
35065.4
38015.04
39455.2
23407.44
21985.66
24628.75
19342.66
20428.09
32563.04
32584.73
63035.35
67276.45
33369.15
45127.11
29234.43
25734.96
19527.06
35408.37
49858.11
26273.73
31712.43
35602.46
25042.76
25048.54
39453.54
43149.42
38524.26
47884.56
32388.93
65797.88
46220.23
61227.94
50150.52
47418.04
28671.14
37308.31
30404.41
30516.33
25752.66
40586.25
63031.18
40100.18
30172.63
32558.36
49075.05
37807.53
48498.12
48669.14
39790.81
23041.03
50459.97
60315.36
48058.28
43384.52
35831.75
49402.53
33571.02
35764.19
26934.99
46826.96
43062.79
41365.45
30141.79
22565.19
39531.46
26729.94
39524.19
39460.24
47595.32
24320.61
36064.97
31876
39845.55
58711.36
37583.42
26552.83
26334.04
54190.17
47954.8
24638.72
23943.76
38184.7
39264.34
44294.71
37016.77
47961.69
25444.87
63352.11
43866.24
48440.88
39105.26
51952.69
47216.57
68751.63
69284.4
48057.54
53966.94
57523.71
42828.04
46675.35
38963.86
29904.47
46287.97
33189.43
61012.24
43695.02
40195.71
35672.54
53873.14
25060.09
50125.36
28260.88
28478.42
44338.98
50464.12
64079.41
36539.38
33304.1
16783.04
24551.96
46086.11
34750.77
23706.56
56297.75
44438.92
43458.55
40717.26
30388.31
38091.44
38738.68
43500.66
29364.07
19789.02
31312.31
57314.31
25647.2
22461.58
22820.39
69996.62
14296.52
29964.57
24156.34
19600.65
27683.13
41290.93
42873.2
46694.44
72563.85
45899.14
37817.49
40858.25
29837.66
41859.19
56969.1
37123.46
47733.03
49390.66
46482.96
36881.53
30114.97
33560.61
38566.76
43060.86
47829.95
41868.59
42254.01
39040.84
47286.88
66603.96
46609.64
68414.17
54185.53
41885.3
37588.13
47530.97
30745.55
22909.56
32525.24
44602.22
25159.71
33121.84
31984.75
31314.5
22898.23
49149.75
23177.78
57962.17
23875.09
37607.84
22350.1
39656.35
37413.18
40751.15
31621.65
37320.4
70037.62
31626.58
42322.23
52492
61346.45
53468.84
38579.66
36645.86
55084.32
57609.3
63458.9
38469.78
29426.07
25206.07
54329.59
28542.86
26390.44
35441.19
33254.42
18197.04
24512.25
37540.15
58927.82
19404.02
29183.29
48377.11
55092.41
52048.18
27719.55
43124.14
24438.93
85684.27
48019.67
65451.48
25379.68
44946.83
16997.08
23630.69
50593.79
20720.15
30243.28
23225.69
32247.3
40836.5
45600.54
41433.29
32696.52
56853.04
58297.45
62636.75
42188.35
52157.88
57797
37391.42
44672.95
55348.69
50876.42
45484.61
44891.91
54638.2
36992.85
59393.36
48039.08
44914.96
58799.38
36903.94
39275.92
42536.8
36436.26
34094.24
43376.48
40894.97
42233.8
30233.08
46998.01
55794.86
55359.76
52082.44
60811.17
56294.19
50662.05
53023.42
53009.94
38301.04
49664.11
51763.91
45254.27
41121.02
44938.56
27553.49
46072.52
36803.05
62194.81
53312.85
30536.99
47124.09
94328.77
49698.3
67258.62
41493.79
37656.94
52278.18
60218.78
52840.2
47549.05
48752.36
56406.75
43086.74
69183.61
54001.35
44298.79
32070.33
31248.71
34417.41
47593.68
50246.33
47770.44
33395.91
40027.68
50958.88
31523.35
47529.33
44910.71
55985.39
43382.98
55875.38
28978.25
40579.82
51613.64
42309.99
59387.36
38150.01
50730.33
35414.07
47577.3
43165.5
43703.13
49324.46
21579.59
32942.73
53640.56
27101.7
44412.25
34236.3
19468.19
38140.02
31327.52
15729.96
27757
21517.05
22062.54
45689.77
22576.89
15853.58
27368.4
21197.47
21750.53
20963.69
19766.63
22265.72
31822.92
49137.76
41927.44
28783.17
68923.29
42528.46
42390.35
28542.36
44705.28
31923.97
52442.22
40925.15
32567.11
35613.04
37620.33
45919.97
38111.12
34783.26
45570.67
29891.04
20433.45
12294.66
46633.66
29032.11
21123.32
55561.83
37541.67
30734.15
41473.5
51706.92
26646.65
29821.43
19807.81
25060.26
26577.19
49199.21
46942.12
23964.26
27744.82
55674.53
44335.99
23916.8
51213.43
30223.64
49961.07
37392.18
41810.03
99504.72
58960.11
70275.09
45652.51
40683.86
49969.65
65164.65
57377.24
65045.53
41531.36
51419.95
56198.4
63148.45
44620.47
60094.28
112307.2
62397.38
42181.91
33554.59
46517.5
53647.65
62143.35
50725.07
56902.13
63060.66
51826.62
72225.94
34278.67
23161.6
18099.97
53900.85
54776.34
47081.2
43018.51
26303.38
68768.96
52157.04
31201.98
41954.97
26729.05
52276.34
53738.81
38458.15
51398.68
53532.73
60375.82
68329.79
54997.68
37181.55
48461.6
57003.27
76643.32
49181.35
38593.82
38830.43
47079.77
44371.88
38323.04
46253.19
48515.01
46977.77
71556.03
38238.34
32346.44
43202.71
50192.68
27673.34
60002.18
65782.85
41207.43
34338.81
45909.48
36622.73
54753.24
50711.76
72267.99
68632.62
46900.94
45217.17
48918.98
38539.69
62370.07
58239.75
32831.06
83340.44
49511.37
31434.19
43230.03
45164.08
46963.31
60483.43
32639.9
18143.1
48691.37
76654.41
42065.53
55457.91
53305.28
53914.91
44329.98
72896.33
38223.56
41759.82
35535.05
59173.57
52426.83
50499.84
54153.16
51747.86
78271.21
51102.22
89215.24
44009.71
46253.23
51118.41
78397.36
54119.24
58146.68
53088.91
52122.69
37834.63
42890.34
67404.7
33379.47
59624.85
74897.81
82755.88
83592.62
49952.22
60833.6
44851.92
29934.45
56077.24
42414.75
82429.49
26844.04
34965.53
34916.72
26744.44
24974.51
65484.38
39857.84
58656.86
51758.55
45541.79
68979.43
56396.21
35172.76
62145.75
28816.31
36179.85
67628.25
51644.2
28170.27
49409.79
39252.26
31293.13
53744.86
43918.6
44019.58
51438.43
43339.47
34058.93
47597.82
57212.71
30743.89
53337.69
50068.46
50103.86
75894.83
43902.6
54270.56
52751.71
82858.16
55171.71
53193.79
62000.41
40787.82
42568.78
30399.14
35472.13
48935.03
64515.38
44100.69
35496.5
58093.46
70925.79
56474.54
34733.19
20673.57
25203.71
28245.72
48207.01
41906.87
39607.12
23381.69
23903.49
30826.78
20133.38
27541.11
22228.65
44815.16
37623.12
31378.13
27189.95
32289.75
40301.62
65632.06
46821.39
50302.6
59011.5
40149.71
42845.92
37113.56
33925.07
42994.46
58535.95
61753.25
41571.14
53796.32
36885.94
35441.39
54523.83
51371.85
37645.6
30932.54
39362.75
32754.76
42545.02
37832.8
55488.95
25699.11
56413.31
42209.92
39452.25
42259.86
63245.12
69015.2
33758.04
51295.83
39594.39
38451.07
74387.74
38294.49
40745.24
26128.96
53156.42
62146.93
38186.87
56605.63
65659.11
33741.85
49623.39
55549.39
55983.48
33526.95
46285.39
51878.29
45755.67
33451.27
51151.19
41126.52
33515.43
34572.52
31623.58
74203.02
29273.22
42247.3
56802.48
50736.2
57159.79
34230.14
56163.31
56630.09
38159.55
77144.49
58505.86
45091.96
46127.48
27515.84
34876.38
58314
21600.22
39068.99
49246.77
33796.18
43905.08
40504.78
75480.39
52418.8
61269.55
47853.06
89324.5
67209
48570.49
48103.59
50793.59
36137.41
58882.46
37743.23
30694.65
71757.15
44076.76
37336.58
41427.35
24072.43
22050.42
22235
38204.18
24575.41
29594.09
24881
25843.9
24575.59
34872.44
55371.71
35019.13
38879.54
35485.51
32931.35
42889.09
29920.62
58259.53
47182.13
46804.96
23739.22
39385.67
57671.25
48426.3
30178.37
32909.03
27864.41
31831.27
43595.53
54595.41
20410.73
31107.1
45513.6
74026.26
29028.89
30096.44
28907.19
46687.82
45687.97
39894.04
52455.83
66456.53
23847.22
29772.87
14205.43
66754.27
60812.96
33068.82
28807.01
30454.34
50521.24
31204.03
35764.34
20136.18
34003.65
35622.75
37664.68
36113.76
21971.41
21653.97
54596.53
36468.88
28958.94
45783.33
39436.14
51463.26
48258.04
44568.59
43632.73
21496.73
29864.23
53919.04
30565.59
29952.11
26067.76
17069.55
43319.21
33342.03
41179.87
25001.05
19673.19
20086.31
48046.33
46044.83
33599.35
31008.68
47842.88
33113.67
28779.14
36916.76
59156.15
18269.75
33567.96
39782.44
46253
44636.28
43938.62
47030.54
56920.02
27654.67
20131.29
44101.3
101141.5
29137.88
55578.73
25758.9
39538.25
35746
41203.1
36904.9
52846.89
17489.82
40155.14
30856.71
40924.49
25316.31
65820.45
36975.12
51469.74
47914.52
48086.98
46199.34
38264.21
26148.37
46683.1
28193.34
37992.63
28417.49
34095.76
66637.83
35639.64
26894.9
42859.97
71285.55
47106.62
31832.66
28696.01
43786.56
45188.61
61031.17
83269.73
68505.63
53055.73
59621.04
54397.72
41632.17
60286.84
31810.84
28590.43
39132.21
63937.68
59805.84
36742.65
33089.29
29871.62
22902.35
53062.18
28633.4
39080.99
34336.3
44384.12
25124.53
49331.96
47329.15
41181.54
38404.68
44908.09
33338.29
45666.32
40439.65
61410.89
54729.26
36248.78
37351.13
59246.44
56221.13
41337.28
54219.52
43657.03
46044.54
30282.9
44024.37
71981.58
58636.06
47531.9
22419.09
40602.29
36562.87
36006.7
36412.57
30803.95
38641.36
71138.22
47959.23
30836.22
55376.79
31100.95
35103.71
37658.47
41924.84
53786.53
30825.12
42309.55
33129
47940
38239.52
46581.55
40765.33
31486.29
72937.66
65402.18
41122.24
52545.38
48126.09
40670.32
27982.55
30797.69
38140.96
45992.29
26646.29
45549.5
68238.04
26169.82
29548.18
31828.44
10154.01
20403.52
41825.17
38981.33
34510.27
34733.75
46769.55
61307.58
45778.08
45372.26
58306.1
44078.24
49419.44
52430.97
91433.74
55106.87
50353.99
78229.13
39289.38
58403.2
53019.27
26936.53
63717.92
39857.55
47124.44
52145.75
30740.23
28259.87
34743.4
51771.21
39346.49
41331.27
40486.91
37973.73
37333.9
27587.1
38830.23
28138.68
84673.98
25818.94
27319.15
39387.58
39510.12
39654.73
33833.63
31702.42
30719.68
29252.54
30011.01
80434.33
49555.26
45800.16
30702.2
20831.52
35009.19
22608.12
38640.53
33688.9
25778.71
24225.61
45500.09
40106.73
34122.75
67150.31
52372.7
56248.29
39335.83
51420.98
78322.79
47398.97
25657.92
63725.64
23302.09
26630.36
31273.51
33385.37
42867.32
44021.54
31528.55
39808.34
61818.15
33562.6
22002.16
26112.17
17320.66
17052.47
37565.55
48720.58
33707.4
18951.72
31814.77
39748.44
33547.41
31823.46
35212.73
42819.45
45009.07
37139.73
33004.73
29067.13
43525.02
33232.35
58665
46088.92
22431.77
31441.67
22249.57
26165.62
45079.65
34637.6
25614.28
42738.06
36569.55
38965.88
22525.47
32365.57
39182.12
32739.25
36251.93
35927.39
38763.72
33665.06
30979.62
25773.15
20529.93
28375.26
39032.34
21550.67
32784.29
16244.5
23869.1
28321.24
22139.9
12110.59
39817.86
35470.6
47584.45
49658.67
19037.6
15964.83
47460.96
37271.69
49571.53
53315.59
40768.27
47477.92
41080.04
40404.26
29845.42
42594.81
76259.62
40562.23
80983.13
29337.86
53739.26
43221.82
22022.64
35265.15
22256.25
30634.89
46528.64
38583.06
20134.37
43253.03
45275.39
40064.69
26376.73
37299.59
20606.67
13819.33
34363.44
25072.03
32789.31
30018.4
19051.12
36978.52
57490.49
23124.33
43259.92
31265.41
23985.2
37215.17
31865.68
41460.39
30501.98
42104.37
20859.25
22774.94
15529.26
22211.37
42497.35
29933.57
40975.72
37589.03
23710.85
19876.06
15144.86
22448.38
18002.34
54298.85
19501.15
29082.46
42111.75
52725.4
32166.48
20808.13
33939.68
37117.6
83840.21
14465.83
33844.52
28115.88
34743.35
44993.76
37813.62
49814.63
52885.08
44095.75
26655.17
21098.14
40630.16
15537.34
39107.97
17437.07
31263.24
17519.06
30913.16
26697.18
48626.57
31129.05
39332.29
49773.57
21584.78
26469.07
35059.73
40267.44
27704.28
37867.14
22926.35
54771.72
48278.41
41283.29
61849.37
43843.68
61358.35
42899.61
55053.54
34334.48
44066.49
31141.55
52285.01
29286.85
26363.13
43942.63
43650.51
44142.82
46778.79
26068.37
27200.04
42054.09
25273.26
37025.99
31374.44
32755.81
34127.78
18080.69
41229.58
18476.2
27638.63
16545.6
16567.82
24946
37371.28
39903.25
23087.88
47774.14
39940.67
33831.37
32851.97
37884.13
33699.55
40372.92
55165.6
47808.62
25406.52
31354.32
40014.42
84911.4
36090.15
50595.23
31586.23
19238.73
31886.81
49685.03
23376.38
47078.58
39102.1
25081.3
28078.73
33796.68
21988.74
34547.62
15199.08
22757.89
50681.09
32990.43
37439.68
37751.84
33942.03
34110.26
41620.78
39352.43
35196.92
67080.13
61857.07
43159.06
37812.58
15929.5
18883.12
33707.08
49930.87
50056.19
26643.56
16175.34
17412.97
36257.55
35181.48
28668.27
24554.38
55911.45
27452.54
33815.13
32909.39
26248.16
45598.46
25573.5
26307.08
35654.48
25367.27
18120.63
23227.28
35782.42
43486.48
30188.94
34193.23
30876.69
28448.46
40674.1
34698.66
32601.12
27100.04
36986.4
26154.37
49903.54
45034.04
36348.44
51186.77
61783.47
60153.94
59668.25
45707.66
45393.86
48227.36
50544.33
37935.05
40807.12
49847.44
50809.08
65141.94
60569.39
36581.83
45948.88
68251.04
61159.63
90007.76
51280.18
73791.94
64116.03
75300.13
67340.39
29856.25
43746.82
36678.08
34504.84
26766.03
38718.81
28638.82
33421.98
39344.16
34447.02
41530.61
63176.51
71678.87
71943.38
41103.79
55418.82
36298.26
49995.52
18642.03
68192.47
28803.14
64452.24
68274.4
47699.64
68295.49
65626.41
52740.84
37535.06
73410.05
56556.45
63946.7
45348.93
48916.1
54698.12
42288.94
59101.12
62040.75
83878.96
33141.89
21132.87
39674.22
33279.18
36217.28
31789.61
33137.03
52737.86
63208.05
49108.78
64287.35
24424.25
22525.72
19638.61
22512.51
24422.98
26401.5
36855.22
50182.56
24651.39
29016.91
36532.52
19698.18
20554.84
38401.26
39939.27
31656.98
46587.12
30156.39
49598.46
25025.39
30138.63
15620.39
27883.66
23161.64
30685.79
30766.19
44563.42
49144.45
48230.52
40926.15
69853.06
39657.89
39270.58
54991.39
39120.81
32224.78
53574.49
53682.74
41538.75
64600.81
74737.73
74590.5
52620.89
65466.07
45433.47
56638.16
58018.52
43503.68
55154.6
56329.9
60919.29
46847.8
49710.01
39750.43
40527.18
33194.42
49220.89
54793.79
53667.77
30336.48
28182.36
46776.28
23418.93
28259.69
42478.92
57570.96
35531.48
58237.9
29449.71
23085.5
38489.93
27043.92
27762.28
20218.6
33665
37229.72
27439.45
31721.9
29329.7
40006.36
46128.36
33174.32
57338.06
55167.64
33985.45
68477.58
47263.84
46517.58
63583.89
35740.17
49267.79
31424.83
39358.11
44044.03
20619.28
21568.07
33880.9
39403.8
30315.6
45374.64
51141.85
40761.57
50773.18
26103.53
40497.36
35439.46
48982.18
39619.15
44790.67
50403.13
42466.36
51005.13
37624.02
47071.2
74416.95
49194.45
44692.12
48631.46
42109.16
88238.04
59485.91
49769.93
50030.15
20924.85
47764.27
35251.87
29638.23
40070.26
37027.02
28704.77
37120.25
50383.26
38520.18
55731.52
38540.99
36897.09
34203.01
33084.75
46748.96
45179.99
41760.21
23143.24
25533.77
26492.73
46055.77
35258.77
35190.29
49105.05
26786.99
36826.09
31851.49
52381.27
29939.54
39339.94
63568.88
26782.54
43408.97
34293
31264.24
64846.9
30894.92
35241.61
35104.57
61137.12
58039.37
42642.66
47740.66
38015.02
45744.15
42576.42
34387.47
