2034.936
2429.82
2249.384
2663.776
3335.771
3756.257
2866.602
3363.959
5954.823
3429.259
8184.101
7842.54
6165.584
6046.465
6685.677
2322.852
2456.742
5937.862
4860.841
3743.882
4307.104
2102.057
3174.077
5707.48
1529.134
3813.272
2688.13
5658.312
4575.075
3240.242
3186.688
2308.52
3333.791
2003.669
3527.204
3596.85
3532.217
4248.3
4373.348
2323.732
3062.578
4275.6
4179.21
6308.807
4284.116
3852.487
3285.515
5262.255
3431.788
4159.86
4487.328
3310.071
4725.673
3397.696
3097.804
4618.763
3188.777
3618.315
2431.187
2263.184
4200.068
4957.36
2587.564
4394.953
3655.907
4825.566
4593.747
4431.949
8471.082
4049.608
5439.599
7633.022
5629.957
4947.299
2556.044
2684.446
2584.035
6200.511
3685.672
8532.565
7459.389
6057.769
8222.378
2578.649
4270.223
3530.834
2930.223
6060.028
5407.829
3553.181
6007.196
3255.195
8188.048
6280.833
2555.249
4727.655
3953.795
8094.502
3573.323
7930.848
5173.045
3990.384
5087.144
9700.77
5964.32
3214.645
6414.375
6628.951
3999.963
4304.008
4952.302
1573.091
3029.614
4179.302
5536.308
2560.789
3474.584
6170.849
3617.129
2452.667
1833.688
4776.398
2974.804
3842.601
3272.309
5451.588
2615.203
5861.479
4094.341
3823.901
5455.053
2977.05
5521.478
2594.771
3258.472
4427.335
3825.052
3928.265
4595.555
2936.728
3964.279
3432.984
3937.823
4777.129
3567.842
6088.11
4861.221
5151.78
2331.445
1841.56
3140.093
2103.203
2081.868
3707.315
5611.573
6097.387
4197.525
4017.315
4420.89
4968.708
5044.591
2875
3933.76
5710.569
2987.417
2212.877
4250.433
2890.536
5339.363
3683.623
4152.882
2739.878
6013.424
4418.506
3541.256
4484.746
4728.386
3271.751
5313.918
2942.039
2947.852
4886.364
1597.222
2634.519
5470.154
3088.325
3363.623
4851.978
3162.79
4347.643
3355.906
3343.255
5779.678
5046.762
7208.647
4390.208
1957.012
1453.606
5952.071
9264.672
5286.148
6796.473
6370.244
3772.921
6616.735
4785.103
3686.141
2829.692
3456.458
3725.194
3378.253
7627.503
4421.5
3948.645
4913.82
4358.151
2132.764
6203.651
2836.273
5292.946
5895.448
5563.856
2475.17
1932.952
3430.188
2973.656
2053.373
9156.41
5146.988
1861.555
6029.267
5250.765
3976.793
4611.917
4403.35
1953.885
5727.729
2531.865
2719.213
3937.037
5996.351
6993.259
5305.389
5215.171
4858.477
3418.142
5532.525
3989.37
7074.227
3808.034
4797.85
3226.426
4031.651
6429.732
4087.517
5438.108
5820.173
4661.601
4543.97
4920.294
6089.853
6034.867
4132.464
3212.521
3345.929
2825.956
2846.094
5740.433
2090.072
3081.871
2831.766
6464.463
5684.665
6337.371
3870.257
3502.456
4483.879
1978.845
6800.069
4708.468
5941.79
4422.477
4678.252
4729.395
1472.192
5967.071
3174.225
3603.203
5750.824
3391.648
4428.782
4124.181
4896.871
2805.276
6577.505
4273.65
2638.213
3532.915
3011.262
2423.084
2109.579
2776.472
8651.773
7409.327
4838.955
3775.767
4819.97
2815.501
3170.466
2925.757
4988.147
10981.03
3863.54
3907.77
3777.011
5418.789
2719.827
6941.666
2622.211
4892.981
5889.402
5578.585
4325.1
3481.409
2580.039
3634.037
4067.475
3183.562
3476.2
2279.923
7219.764
4976.084
4048.872
4909.403
3859.22
2417.879
3845.841
2332.923
3631.277
3882.666
2979.717
4729.609
4878.992
6318.67
3297.769
5225.959
9804.552
5424.907
11763.36
8846.851
6418.937
11750.15
7005.182
5048.095
5037.231
6766.876
5618.881
6441.78
5283.702
9766.047
5127.356
2326.287
3884.057
4935.483
3486.832
3947.469
3776.307
2989.167
2947.571
4279.742
5009.725
4129.177
5348.942
5970.046
4349.344
4449.113
3012.644
3435.217
5120.348
2819.639
2212.248
3336.51
3868.414
4765.116
4199.499
4351.291
3822.501
2859.324
3339.547
3747.039
2786.902
3270.077
2397.148
3461.053
4008.098
2765.89
3365.105
4510.763
2881.837
5020.782
3728.841
4159.367
1879.883
2006.9
4077.967
8293.139
3758.311
3987.778
4134.299
5798.22
5152.767
3646.741
3754.091
4023.957
3534.168
5129.024
4090.187
7388.349
3464.346
3902.38
2807.063
2478.807
2657.237
2809.801
7075.8
3243.022
3266.592
6344.366
4259.35
2273.822
2985.646
3156.012
3101.456
5262.839
5793.879
4575.157
3623.174
2820.967
3045.901
2813.905
4379.431
4338.829
9513.498
4902.622
5997.157
3613.257
3967.782
1305.62
2673.777
2573.368
2932.718
3887.827
4561.356
4091.184
2210.233
3125.708
3284.115
4986.897
6767.72
4952.022
4095.67
3745.041
5486.437
2849.248
4372.992
7033.579
5102.681
6930.78
4338.039
10469.45
5140.786
6203.183
4930.875
5517.425
5485.255
3474.128
3452.894
4158.543
3278.103
5773.304
4407.697
5702.634
2490.227
2797.846
8410.253
5137.33
4157.889
3514.716
7101.071
3663.72
2328.4
8842.746
5923.926
3118.302
6910.392
6283.937
1731.947
4535.859
4467.679
4421.303
2765.423
6341.971
2692.96
4320.682
5636.146
2861.819
3153.289
6902.943
4839.916
6357.208
5810.352
3460.794
3449.103
4806.99
3069.8
3173.218
2953.32
2568.994
1976.391
3548.432
2709.199
2769.629
4432.558
5084.898
4706.356
3829.809
3546.684
2600.191
3330.966
3210.527
2357.034
7020.357
4174.379
3391.715
6529.526
3752.85
3772.869
2874.306
4341.626
7039.115
2981.514
4408.528
8708.671
4317.08
5564.32
5923.909
5225.388
3724.685
5672.07
5276.886
3783.078
4577.722
4093.242
2599.345
3632.991
10753.71
4369.725
5207.543
3952.774
5712.887
5316.91
2439.728
5651.51
6968.776
4106.411
3958.381
2589.777
4322.739
2443.77
4037.603
5645.919
2754.459
4131.445
2880.534
2063.17
2709.187
2807.082
3141.423
3297.717
3812.646
2960.004
2901.672
6735.147
4687.494
3787.182
1484.698
4719.215
4642.363
5872.348
4181.475
3603.448
5330.889
3166.614
4124.239
2713.014
5135.816
2616.158
4328.2
2876.522
3308.595
4884.209
4664.687
6131.204
3271.867
7561.202
4529.142
4709.159
4042.949
11367.68
4649.766
6448.919
6787.688
3302.646
6423.705
3852.65
4390.858
4800.662
7508.956
5434.738
3965.319
3622.858
4182.705
4494.917
3933.41
3365.393
7085.198
3365.645
3533.353
2476.298
4543.983
9169.099
4469.166
6095.014
1532.503
5012.476
7547.694
3410.029
3512.138
1534.003
1933.466
4368.084
3190.583
3999.29
3858.676
6119.354
4954.926
3278.761
3694.033
4485.514
2035.028
3145.578
2052.726
2200.548
2979.31
6146.146
3705.757
3601.617
8507.514
2969.457
2967.757
5525.137
3216.188
2981.564
2792.201
2887.42
2756.239
2703.011
4807.572
3140.12
2724.305
5059.704
4459.082
4251.445
6014.008
5300.765
5221.18
3750.128
2119.736
6502.04
3051.057
3492.548
4165.519
4950.307
8063.464
3741.382
7155.443
7831.853
3927.076
3828.945
2977.17
2385.578
4787.473
5445.382
4210.363
2041.13
8735.375
3604.531
2802.398
1724.078
2116.075
3051.896
4341.022
4890.752
5452.22
4418.379
5674.935
5639.737
5576.15
2916.59
4223.656
8009.714
3251.201
4686.105
3513.628
5216.609
4430.763
1977.173
4548.901
5328.425
6641.876
7837.019
5292.198
2026.925
3906.367
5358.457
3510.79
6198.89
7886
3828.288
5440.118
4670.699
3877.769
4427.121
6461.874
3880.621
4296.395
5137.746
3966.4
2825.835
3974.543
3353.89
3421.032
5901.032
3829.509
5329.904
4657.148
11958.35
5898.823
5414.647
4344.704
9058.221
6612.621
5177.257
7058.015
9186.355
3902.265
5122.191
3263.028
9404.758
3164.224
2085.146
3981.62
4793.502
2899.056
4407.647
6193.171
4658.21
7562.974
4311.323
7529.607
2534.028
3491.977
1362.322
2507.107
3237.25
4720.178
5170.368
5279.182
4532.959
3108.196
4693.574
2262.721
5035.849
3331.425
6070.755
7697.251
4274.963
4448.853
4160.312
4427.081
2960.505
4915.758
5126.516
3604.431
1975.573
4208.894
4128.9
5693.173
6811.684
3752.942
5457.487
8447.835
6885.061
5087.465
6724.499
4364.82
5662.772
3427.305
3206.252
3558.176
7773.086
3090.935
4824.169
10574.64
5651.471
8361.987
6163.341
5433.735
3446.769
5099.596
7955.206
5624.413
5857.796
3218.71
5297.622
6990.898
4563.856
7715.993
5607.464
5608.061
6226.625
5776.268
4752.298
4807.501
8639.096
6766.663
4290.839
9390.16
4533.158
3113.994
2468.728
7045.157
4436.682
5184.493
3902.418
2269.196
2906.183
6609.258
3146.753
4019.665
3162.37
4333.55
3103.054
2201.194
4032.923
1829.159
2307.965
2554.785
2913.422
4026.215
3176.149
4361.305
3978.279
3498.661
2474.037
4299.146
4775.121
7553.01
6915.698
5540.393
3294.586
2123.365
3043.101
7276.581
3785.774
5922.14
3020.857
4586.302
7112.147
4001.858
5317.896
4018.738
3437.65
2439.43
3475.3
5699.157
7871.314
5548.468
5556.965
4163.521
4256.204
1923.559
2988.873
4079.083
3846.096
4002.78
2992.199
3059.839
3494.24
4771.372
3446.508
5109.512
3510.395
5214.061
6990.797
5219.005
6230.714
3176.127
4321.001
5013.817
4917.922
3542.349
1325.868
3976.424
2925.644
3591.499
5424.887
4733.155
4262.164
2075.713
3644.408
3494.832
4799.378
3815.043
9341.286
3993.878
6835.593
5055.81
6134.945
11633.44
8582.357
8619.915
8184.152
5585.237
3437.347
3109.998
2406.828
11922.16
6613.436
4581.114
5938.867
6653.894
8402.14
6444.357
4918.667
5888.464
7050.082
6187.473
6141.139
7372.791
2966.087
6730.825
4801.487
3854.456
4029.837
4904.848
6649.989
1900.721
2845.795
6521.946
6355.004
4569.808
3595.497
2584.245
3772.467
3122.282
8254.387
4858.844
4037.37
4403.623
4997.187
3200.16
3917.652
2397.726
5517.28
3699.791
4712.777
4742.377
7231.844
3299.35
4026.939
6562.34
3460.047
7462.687
3268.372
7037.854
5939.88
5527.026
7090.628
5341.076
6123.479
3813.175
1954.01
4576.586
3973.35
3077.257
4371.391
3201.199
4576.526
6817.968
4229.618
4598.745
6096.5
4697.198
4787.957
3122.577
5655.882
3237.256
6915.781
4016.349
3792.732
3824.192
5220.223
3987.404
3358.854
2416.739
3950.447
4813.974
2295.631
4615.928
3541.499
4886.157
4848.8
5655.032
6907.303
1668.397
3355.76
4873.414
4644.615
2276.059
3729.31
2893.908
4115.678
5549.771
5569.035
9452.373
1833.623
2527.023
2870.926
4975.792
9251.994
2482.698
4009.457
2782.036
6135.818
1422.454
2998.156
2834.97
4210.208
3421.211
3247.553
3403.052
5065.984
5729.081
2318.509
3246.14
2799.211
4255.184
5522.048
4728.7
5697.494
5474.751
3205.532
3312.06
4232.06
5775.513
5167.26
7300.413
3695.837
4306.095
3314.428
3010.607
2250.684
8246.145
3253.725
3852.163
5685.698
2898.565
4196.747
5367.59
3650.563
4212.199
2158.606
2888.572
5286.879
3758.091
2253.94
3398.535
3241.192
2681.654
3220.624
6708.007
3167.811
3885.885
4316.278
5751.08
3435.446
3858.844
3425.301
3409.938
2734.456
4256.807
6255.5
6767.181
4473.482
6002.429
5845.999
3792.27
3673.285
3817.554
2931.574
7481.24
4165.929
6690.793
5470.557
8664.94
4524.855
4126.386
5455.635
4710.102
6104.513
4438.258
4022.495
3721.399
2829.689
6628.159
3902.395
4214.169
3734.231
3539.149
3727.618
3340.521
4802.532
4576.125
10290.57
1687.916
5567.99
3887.793
5134.117
3631.366
5387.998
4747.495
4256.055
4387.557
5522.057
7695.456
3569.148
3237.256
2842.831
4128.954
2478.577
2924.709
3392.691
3131.292
3881.545
5908.903
5669.614
7238.482
3880.295
4245.164
4038.953
3941.524
2369.208
3638.954
7040.917
6423.723
4871.98
5827.463
2477.973
3193.214
4278.506
3418.223
3388.41
5445.078
4394.781
6844.123
3647.2
2956.843
5648.769
7570.594
5384.612
6198.687
6542.105
3755.061
4747.014
3641.273
4370.842
3471.057
8440.954
4875.11
3269.436
3141.656
4439.269
2632.687
3052.907
3222.007
3341.018
3443.069
2514.588
3738.058
2956.107
2379.371
4714.053
3923.859
4455.865
2933.974
2967.11
5255.076
4514.58
2985.071
3503.889
4262.747
4223.711
3595.938
3497.323
2020.713
3492.642
7273.61
2364.381
3755.976
3441.457
2590.498
4042.285
7095.639
4833.763
2339.621
3829.48
2594.649
4555.703
2806.17
3536.05
3857.995
6469.351
1815.125
2266.304
3525.007
4215.893
4023.83
2795.325
3967.244
3530.613
5461.43
5552.661
4146.616
5698.422
6076.558
4724.912
3830.366
8302.574
4782.083
2861.892
4478.39
2900.096
1897.871
5133.144
2522.721
3711.01
3760.204
4040.19
3438.058
4095.074
2705.92
2354.158
2984.46
3799.362
3434.886
5555.995
2061.395
4154.594
3125.842
4796.354
2590.283
5617.021
3795.419
4321.29
6870.01
4419.595
2642.858
2942.128
2903.88
3302.151
7022.075
7487.517
6731.907
4134.216
4083.7
4288.065
4002.535
4012.762
5747.986
2879.346
3584.795
2908.58
3882.507
3946.704
8117.516
3364.566
3636.137
4069.373
4903.967
5506.929
4435.047
3473.506
4804.92
2616.192
2945.964
3401.403
6150.251
5744.266
4685.027
3838.909
2140.395
4892.387
4276.519
3418.04
4955.535
2329.702
7323.246
4114.724
6080.894
7091.092
5144.347
3479.915
5693.536
4205.723
4934.711
4941.067
6008.529
5964.717
2727.877
3995.453
5245.785
3257.405
4018.376
4803.503
7772.066
3549.188
3704.728
1545.099
2408.345
4455.663
5455.274
3895.903
6032.595
5639.675
2222.576
4006.05
2027.013
3410.075
3408.52
1580.975
3348.311
2760.711
5286.633
7055.451
8091.724
4313.313
5780.889
4254.145
9341.844
5903.682
6195.58
4377.314
3551.056
4414.146
2575.51
5736.7
3227.149
3222.366
3953.143
3351.541
2308.266
3792.217
5795.173
2203.376
4948.471
3295.074
6614.111
5457.792
4825.549
6325.767
3744.298
7152.624
4685.99
3260.033
4862.407
5795.759
4181
5054.526
7469.121
5767.211
6485.252
9967.213
8174.496
10203.66
5129.471
5428.226
4239.458
6642.475
4072.001
5971.836
6489.575
3743.451
2598.663
5744.815
5115.836
3691.144
3368.037
2122.428
2780.793
8403.562
6001.174
6653.554
6625.945
5445.338
3758.946
2499.838
4854.04
3191.491
5222.685
1930.869
6258.695
2693.965
3774.923
4762.554
6010.077
2968.225
6438.766
3352.688
5545.079
2541.277
4494.514
3952.724
2725.243
1875.232
7148.494
4316.209
3649.146
5779.713
4651.647
4495.309
5631.788
3241.726
4503.817
2580.272
3804.686
3402.049
4344.082
7015.303
6919.511
4139.826
3988.638
3614.829
4316.269
1963.24
5553.116
4482.815
3707.022
5774.944
5152.881
5531.774
3654.785
6244.26
5297.721
5319.587
6156.931
5146.171
3637.625
5684.919
4666.731
6552.573
4816.237
4419.011
6021.647
3807.338
4315.915
7565.015
4134.581
6034.694
2624.652
4337.137
3035.896
2259.456
3492.136
2597.221
2619.369
4736.107
4281.458
3956.396
3963.57
3858.482
6861.673
4888.91
4191.884
4080.853
3809.006
4373.66
5664.64
4271.714
3909.135
3633.687
4948.28
2683.703
3546.225
3889.598
4127.716
4292.607
11178.34
2805.355
1683.341
2900.743
3778.316
6410.024
3863.123
4193.39
6155.186
5783.474
4529.567
3373.591
6491.165
4931.459
2832.705
5243.494
2759.586
4053.003
3309.123
4348.306
5008.507
1799.862
4062.314
6896.663
5534.403
2455.448
3538.222
2717.496
4107.301
2099.757
4871.939
4368.21
2529.917
3409.104
3483.329
2712.339
3789.44
5432.013
1990.215
3554.951
2892.05
4143.656
1600.571
3501.643
4038.811
3375.455
3467.197
4781.31
6746.687
5492.834
4209.701
4870.667
8705.795
5642.359
3293.047
4207.558
4616.053
4477.366
3652.799
2338.6
4494.003
4477.724
2540.677
4315.439
3021.298
2090.162
4237.26
4993.088
10955.41
7588.357
7119.091
5761.317
5005.975
4280.187
3630.511
2025.893
4544.385
3767.202
3394.966
3283.525
4435.998
3284.661
6752.467
4139.308
3163.292
4526.904
3545.531
3526.021
2757.566
2670.1
3254.114
2141.834
4944.23
2992.151
3739.054
2315.747
2521.99
6699.431
3548.076
5044.002
2865.36
5060.42
7712.147
4693.685
2998.973
4814.098
4506.779
4907.853
3615.577
6332.447
6384.464
3490.129
2314.953
3620.807
4646.982
5152.899
4348.348
3470.618
3586.439
3177.147
4159.871
5783.234
4021.527
5953.323
7554.576
4695.006
3280.193
5083.787
5782.937
4163.84
2532.905
4086.065
3073.125
2599.705
4029.057
6233.791
2456.375
6567.055
3809.502
4568.723
4559.57
5041.13
4388.688
2339.95
2635.108
3720.805
3115.141
2113.872
3148.22
3289.514
5210.763
3810.837
4244.994
7380.379
5394.225
4209.81
6893.281
4752.917
10440.3
5401.876
4538.272
6439.7
8570.916
4490.471
4130.902
4433.469
3931.36
2530.296
5305.943
5636.226
3814.398
7606.235
3731.365
2290.049
9559.495
5368.387
5379.682
5088.335
2389.252
9092.363
5153.704
10374.84
3479.161
3327.827
2978.629
5588.833
4607.488
3435.801
3555.496
3614.32
3569.675
5810.746
6111.74
4143.829
4541.779
6623.227
4302.493
4463.651
3831.458
4017.039
4065.093
3274.763
2330.343
3617.955
3033.968
7322.602
3390.506
3950.384
7789.396
7319.295
3590.378
4847.592
3352.06
6075.516
4016.563
3998.584
4665.178
2741.295
3336.938
3488.801
2602.109
3291.726
4573.566
4838.618
7589.057
5044.765
2499.617
3346.795
2367.536
3407.923
6217.685
5547.266
5793.827
8528.417
10783.9
6201.227
4202.522
5813.683
5289.376
2809.421
2561.306
3518.147
2545.136
3660.283
3380.488
4506.659
5698.089
4740.31
5014.085
4517.213
6897.065
3008.004
2902.429
3485.474
6068.946
3706.802
3781.952
2616.97
5298.65
6203.365
3164.923
5984.555
9319.639
2529.446
3316.765
4445.181
4701.694
5028.565
3562.843
2135.871
2507.9
3300.907
3488.475
10130.04
4203.367
6615.649
2503.321
5089.601
4321.948
5345.87
6235.247
4419.111
6058.262
5872.435
3841.036
4948.26
4938.096
3320.967
5492.039
3680.117
4465.517
2811.729
2819.737
7150.363
4896.176
6471.024
4160.337
8149.538
6829.753
5670.8
4045.989
4469.343
4372.331
4375.158
4920.967
5173.534
3663.439
6588.916
3932.164
2442.988
4695.373
3978.951
8139.616
11518.43
5775.379
4822.153
5273.758
2712.287
1926.879
4338.548
2465.712
3211.173
3378.22
3139.873
4036.732
4788.062
3665.054
2503.108
3207.33
2643.001
3730.454
11735.74
2297.159
3297.533
6198.696
2980.635
2713.83
3297.23
5449.704
4205.488
3154.657
6202.825
3430.586
4561.658
5162.46
5522.985
3344.214
2878.188
3106.131
9471.733
3432.471
7483.805
4945.74
4062.877
3887.619
4427.714
3918.669
5586.338
5943.788
8992.211
7286.133
4710.927
3342.352
2911.917
4573.586
4980.607
2438.561
2744.809
4467.681
3188.47
3327.371
3440.898
4399.276
3963.475
1629.073
4137.842
3882.253
3851.009
2826.775
4794.158
2339.247
6668.297
3820.615
2537.896
3186.097
4023.136
5371.346
3604.408
2096.717
3052.015
3375.663
2753.639
3211.372
3050.854
4745.026
3363.764
5525.562
7537.369
4082.374
6196.625
5850.62
5987.729
7478.294
6867.006
6896.121
6317.721
4021.175
5156.734
4340.65
5285.725
3560.317
5566.895
5835.331
6079.733
6444.437
7832.624
12342.4
8251.468
9481.398
4401.19
6382.827
4894.471
6672.395
7364.395
7063.754
4942.487
5959.196
3133.528
3965.616
1907.757
2054.771
5387.387
2006.552
3247.211
3589.993
5355.314
5688.128
3151.003
3409.181
4168.084
4595.974
5005.464
3664.09
6085.208
9946.487
4600.492
5995.714
4354.496
6628.948
4308.044
3876.993
3881.506
3167.28
2811.904
4423.233
5756.405
3529.927
2907.04
3989.689
4482.908
2578.882
4937.679
4580.1
5480.372
5641.864
3973.061
4625.67
4444.955
5532.321
4374.584
7692.874
9426.465
7033.353
3993.231
3240.037
3037.982
8133.864
5520.127
4031.892
3245.399
2563.063
3006.491
3800.577
2958.274
4656.162
1414.226
3824.891
3745.738
6734.169
7003.938
5966.963
6051.763
2745.957
5224.265
3101.863
5658.641
3438.054
3394.198
1816.863
5193.431
2815.992
5711.643
3285.539
2317.911
2274.488
1899.369
2520.356
4197.625
3714.963
3418.012
3456.552
4633.464
3940.998
7912.911
6357.548
6659.64
3035.746
4136.313
5351.897
3015.928
4679.025
3328.697
4050.546
4914.397
7360.79
2483.5
3778.316
5461.852
3217.815
2793.62
3484.952
3040.737
3396.354
5230.288
6264.404
3810.891
4761.706
3440.648
3367.356
2997.291
8375.889
5003.637
3971.281
4017.645
3312.764
4775.066
2788.254
4797.996
5342.992
6504.48
7088.704
6945.459
7511.002
6171.263
5150.796
7900.687
5080.065
3558.085
2227.38
5937.049
5907.607
5578.099
2951.927
4199.484
3382.043
6405.262
2949.465
2373.384
5262.306
3359.814
3920.463
5173.763
5982.585
4624.409
3730.797
4582.875
3163.725
4593.945
8964.452
3501.024
4804.528
2553.263
4733.365
10024.96
3479.412
3058.815
8435.303
4892.859
5587.09
7108.377
10089.2
5057.741
4110.945
2977.44
5536.182
1904.925
2028.158
2177.115
3161.412
5137.235
6658.046
4919.078
3622.553
5581.998
5550.685
5595.915
8490.378
5139.92
4303.941
2625.426
2056.453
4983.21
2437.542
5131.132
4532.932
7710.615
4730.681
4519.953
4758.339
5136.355
2397.658
5307.923
6039.273
4296.519
5449.019
4142.334
2305.403
7062.966
2862.885
2532.119
2711.883
2487.828
3816.227
3324.074
2664.977
3979.805
5704.357
5716.295
8309.972
5733.005
3774.67
3533.399
4388.393
5385.729
3955.899
3541.393
3829.333
4692.806
2088.498
4319.492
2357.577
3005.29
5499.241
3207.04
2752.48
4343.441
4330.789
3489.653
5040.217
3918.832
3998.223
5284.6
3408.899
5181.828
2807.456
5506.026
8468.136
4497.004
4265.945
6652.479
6628.203
8868.817
6860.073
8476.451
5783.079
10875.95
5776.36
4085.23
5593.999
4469.994
4293.914
5993.719
3515.715
2403.089
5621.41
5872.393
3356.674
6517.976
6069.775
3429.331
5334.496
2581.302
3793.59
3136.238
3075.831
4808.263
3970.729
3980.928
4100.564
5049.08
3804.588
3935.005
2318.503
4222.089
2778.875
3314.991
2911.784
3399.7
2644.61
2294.412
4142.618
6035.347
4483.116
1672.68
4294.664
2967.097
6034.599
2798.515
5175.728
5924.801
3222.9
4057.057
2845.423
4736.023
4797.186
3540.994
5651.676
3523.913
3291.331
3318.187
3837.924
4899.466
2300.018
7030.773
3857.108
3998.887
5322.604
6224.765
3590.268
2747.252
2676.181
3705.076
4962.162
4315.139
2346.649
9506.207
4836.204
2679.979
6064.085
1969.948
3815.025
3598.4
3519.506
3827.124
1969.414
4540.839
2969.627
6215.913
5517.603
4984.991
5209.136
5924.616
4334.257
3419.39
6385.653
6999.109
6328.828
2817.321
6087.733
6902.033
3580.125
4098.447
2553.056
5636.23
2933.197
5178.83
3131.691
2811.235
2128.605
5481.469
2217.387
2402.632
3042.376
1932.437
2970.076
1868.949
5395.299
1857.884
2740.086
3861.209
5122.968
3133.613
5461.979
7742.47
2750.05
3390.973
5682.881
3391.53
5214.93
2723.435
3386.787
2155.87
4319.566
2606.437
2917.585
3071.224
10245.87
4387.845
4275.859
3342.263
3507.71
5524.202
3263.763
5162.398
5620.72
2399.353
2222.522
5300.151
3753.116
2463.317
1826.88
3534.154
4398.732
2525.241
3284.327
2416.023
6475.262
5238.145
8863.466
4734.239
6205.291
3775.918
3392.779
2851.144
4048.45
5128.656
2676.503
2735.311
2611.317
3360.981
3814.857
2073.393
4184.716
4076.748
5057.728
3429.135
2627.547
2949.545
4244.96
4160.314
3289.633
5338.481
2849.925
3644.695
5522.328
4640.705
2340.944
3553.814
2535.753
3980.583
7223.684
4248.587
1678.926
1887.539
4279.848
4291.38
1040.373
5032.406
5180.555
5268.824
3253.386
3307.33
5663.538
5563.249
3435.579
3171.866
3444.496
2914.734
3805.222
2400.601
2883.165
3825.052
3509.466
2810.842
3140.737
7583.568
3088.141
3404.157
3429.036
3922.846
5764.82
2798.808
5132.232
7355.02
7300.167
5913.427
5449.172
7479.579
9897.334
3096.542
2929.485
4147.152
6883.819
5758.853
4240.773
7033.171
5225.172
3028.46
2431.458
5251.875
4840.435
2879.404
3060.66
3715.683
2319.561
2396.009
4368.768
4709.817
4371.71
4418.425
8960.732
3897.1
6618.803
4204.392
4906.589
4859.413
3346.515
2922.245
4713.921
3822.158
2910.814
2628.61
4160.655
3791.03
2254.468
2262.949
4886.994
4116.981
5962.102
4340.188
3354.231
4635.455
7066.851
3498.553
4134.399
4124.552
2901.195
2480.138
4321.687
3434.278
2743.063
9924.714
3170.54
2452.932
3251.297
3533.024
2488.424
4323.103
2946.489
2183.343
3278.955
3193.397
4273.36
4840.563
3399.259
3739.378
3263.366
6670.128
4663.309
3587.751
3280.77
5977.737
1907.527
2760.779
4010.142
2754.521
5500.198
4096.877
2921.11
4593.175
4543.634
5243.959
5307.9
4946.762
5147.676
3142.711
6933.037
2358.082
10208.9
3683.891
4944.788
4007.067
5450.5
3211.074
7094.145
5671.683
6963.819
4207.261
2060.746
3154.034
5538.169
7015.77
3347.814
2227.123
3077.011
4347.44
3857.487
3444.243
3089.603
3013.683
3980.532
2068.974
2470.19
4585.095
4475.756
2708.93
3331.825
4281.781
3982.661
2274.235
3931.701
4777.948
3225.735
4136.726
6144.424
4064.633
4698.606
3446.522
4771.542
5316.095
4137.02
2765.047
3290.726
2741.191
5530.284
2604.635
4511.444
2894.176
5698.174
5186.194
5557.97
4377.544
6187.27
3389.845
3129.657
3940.328
2065.424
3926.306
4361.307
6006.801
4394.425
4056.862
6954.555
4497.74
3120.282
3489.165
3237.551
8002.156
3229.443
2616.064
3844.249
5594.305
2932.043
2744.626
3820.648
2329.963
2228.626
2837.113
4712.391
5524.641
3899.556
3854.642
2456.08
1649.163
2303.83
4147.514
3184.478
3375.007
4161.952
4299.808
3806.807
7485.14
3263.983
4309.514
5970.902
3493.576
2384.563
1922.94
2160.095
2834.43
2443.561
5582.625
4989.097
3879.481
7435.256
3717.862
2844.316
5097.292
3084.548
3377.205
1999.493
2536.026
4816.689
6892.887
1119.298
3096.994
3782.295
3695.955
2746.295
3511.915
2149.542
2921.777
4419.315
6073.982
5355.019
3311.361
4805.269
3696.347
5225.77
5817.602
5290.283
2252.996
4213.037
7051.243
2682.051
4044.575
4441.303
4512.151
2708.376
5413.823
9261.622
7859.371
1891.264
4658.797
4410.149
4471.31
2961.502
5001.13
4336.268
3985.842
6637.362
8083.022
8927.527
6148.036
6329.314
5545.991
5277.32
8694.535
6557.394
6517.203
7530.345
8310.525
4388.567
8273.77
7678.411
6019.128
8596.476
5933.614
3915.172
5327.347
5726.424
1513.875
5563.492
9444.745
5329.34
3621.13
2979.566
4160.034
3743.697
4457.72
3493.345
6069.686
4031.755
5025.598
3393.746
5152.842
3126.814
3809.438
3801.086
1813.801
3000.821
3228.725
4505.186
4915.968
4227.245
4244.067
4228.558
2829.98
2068.889
5441.03
5852.655
3908.555
3286.368
3383.638
3512.977
4003.396
3771.48
3201.778
1984.025
6654.354
3214.521
8131.894
3978.994
4434.59
1662.998
3504.321
6317.724
2790.865
3710.358
4446.548
5792.793
3875.146
4996.73
7120.206
3472.929
5667.621
3077.256
2856.79
2588.186
3425.357
2240.334
6035.093
7534.193
4754.533
7301.086
3816.578
7751.905
2669.818
2948.886
4671.547
5058.258
3415.085
3691.065
4684.744
6547.164
8956.87
3788.471
3443.487
3285.448
6119.674
2997.677
5575.432
7287.647
3597.388
2535.604
5803.905
5842.465
2510.683
4969.678
3965.987
4839.302
2752.227
2998.391
5540.903
5441.83
1915.412
3108.454
2996.974
6343.084
2039.961
3303.022
3519.375
2027.651
4107.422
3482.038
3106.642
3446.155
4877.664
6537.138
3286.292
4522.06
3272.351
3734.101
4720.478
3244.038
2868.855
2024.636
5327.986
6369.405
4050.258
4405.752
2032.404
2903.527
2642.08
6051.837
3410.467
2972.882
3698.346
3227.636
3280.048
2740.838
3464.364
3006.91
3433.048
2494.171
4684.177
4678.285
3535.348
2562.047
6541.568
4653.855
3132.971
4698.819
3071.629
2424.664
4620.461
4166.58
2558.054
2800.443
3348.044
2514.54
4101.054
2626.024
4076.394
3803.261
3867.573
3729.785
7755.411
4943.899
3707.362
1933.371
4331.664
4380.103
4699.861
5386.306
5090.193
6831.34
2397.091
3607.947
6088.714
4791.654
5909.686
4060.906
3953.728
5272.145
2115.127
5264.161
2668.759
4244.063
4738.61
3153.363
3348.068
5302.976
2796.349
2926.269
3875.727
3821.586
3542.15
6304.07
2981.885
3744.363
4256.529
4974.867
3111.783
3876.426
4393.766
8098.353
4844.942
2977.851
3583.556
4912.427
5120.862
4919.762
2666.303
5252.97
5445.325
4895.721
6117.275
2653.371
3616.399
5041.344
8095.394
3113.141
4156.825
4295.882
6290.914
6253.479
6860.956
5142.238
4750.541
3410.087
1909.351
4805.768
5540.266
4584.807
2252.857
4420.114
8529.633
2586.058
4491.932
4497.826
4611.85
2450.03
2625.53
4610.834
5877.297
3362.866
3070.039
6902.809
2493.96
3125.561
2305.908
3154.748
4706.338
1944.025
4845.065
4087.662
4303.37
6236.518
1931.711
4315.044
5244.747
3465.274
4811.133
4431.1
4404.336
5131.584
2991.484
3487.742
4426.987
2889.337
2724.814
4279.809
7621.418
7863.922
6775.59
6620.847
4020.282
5293.108
14319
2896.172
6051.389
3470.718
8056.694
5386.592
3622.273
5272.773
7393.988
9051.017
8171.459
8691.944
7041.471
6494.916
5867.137
5544.762
6292.998
5559.917
6498.377
5813.752
11996.73
5152.681
5635.003
5061.909
4559.883
4269.047
5904.921
9032.223
6411.563
6630.336
3632.431
8057.63
3699.317
6147.49
4507.644
7225.323
4125.189
7615.909
7345.03
7313.035
4210.255
8157.323
5962.209
3858.642
4821.066
3847.234
3953.134
5454.823
4018.721
5599.828
6408.052
6430.387
5641.875
3919.238
10875.96
4450.733
4419.109
4917.021
2394.712
5430.203
6607.876
10053.4
6809.736
5045.795
2879.655
2403.715
4301.834
5410.837
4614.251
3753.596
4430.889
3909.521
3689.875
4015.757
3759.656
5649.174
6657.334
6359.402
5837.866
2922.465
5512.955
6275.837
7537.908
5219.086
5369.393
2778.99
6950.334
3898.3
4235.984
4000.817
5648.896
3164.84
2784.281
2353.289
3414.203
1723.166
4203.126
5165.957
3978.739
3535.303
3270.604
3449.554
3838.849
6105.655
3663.937
2286.087
7483.326
4406.567
3768.915
3201.949
4752.546
4807.747
10069.24
5475.056
4836.953
5394.226
6720.002
7730.043
2042.17
5914.893
2988.217
6182.416
3854.018
3508.733
2539.122
1477.406
3796.667
7463.976
3473.619
4254.083
4092.01
2496.213
1990.264
4822.507
3729.99
2850.491
2410.201
6421.114
7677.838
3870.594
3373.835
4155.71
5133.001
6080.363
3161.217
4606.393
2174.617
2874.546
3169.805
3058.637
3768.322
2550.735
6545.874
3942.231
3844.504
4178.206
4228.711
3265.06
3126.106
2967.004
5341.198
3995.225
4860.657
5368.834
4982.725
6916.981
3161.041
4427.806
3768.692
3390.411
1859.003
2034.401
2105.69
6567.233
2690.505
3321.557
2695.215
3055.402
2503.872
5599.298
6176.781
2018.042
2347.379
2787.095
3926.887
4011.772
4808.388
5667.303
3684.915
3712.795
2739.811
3115.739
3895.081
4714.267
2866.019
3091.865
3806.421
2432.235
2184.706
2215.881
3051.235
4838.065
3325.864
4600.586
3874.635
3519.135
6216.063
6850.724
5478.949
6539.544
8499.614
5597.861
2712.73
3758.556
3814.916
4936.983
3512.81
4437.839
5974.157
5794.99
4059.763
5958.637
3482.245
6436.021
3546.33
4308.129
2584.841
3356.765
5191.65
3952.612
5023.785
2496.631
3281.627
3639.695
5451.743
4548.128
12698.45
6416.065
4491.151
2646.266
7579.542
5700.528
5761.942
3672.735
6897.72
5421.556
8188.257
10239.4
7306.269
9191.763
8769.135
7795.846
7017.045
12197.26
7346.971
5048.003
6191.495
4517.749
4946.938
2699.098
6734.279
3376.486
4241.931
3221.433
4242.819
2904.344
4906.98
11575.1
5263.529
5728.501
5815.979
3806.807
8169.85
10421.63
3215.655
3818.3
11165.86
6477.658
5415.722
7575.844
5942.441
5903.62
3420.896
3524.29
4160.6
4316.833
2364.96
3778.798
2414.374
1660.505
3276.408
3010.899
3453.858
3436.816
4425.934
2853.431
3309.256
4427.96
4010.394
5512.979
3719.297
5277.483
2418.03
2549.293
2991.462
3559.755
3731.83
4019.805
5185.31
5265.112
8486.518
6225.16
5670.858
6800.976
4210.229
4873.55
2737.025
4755.531
3540.782
2660.837
4409.015
3634.158
4466.344
4220.948
4914.641
3535.286
5644.68
3982.583
5853.494
2896.875
4916.638
4880.249
2813.824
4444.595
5457.561
5364.939
3578.206
2249.159
6551.628
3119.279
6059.775
5111.489
6440.204
5412.265
5913.003
4849.671
5049.816
2150.671
4176.372
3268.048
4394.749
5914.315
6975.326
2510.99
3761.623
5642.579
3444.824
4756.202
2507.088
5605.504
8162.77
4916.855
9108.037
6215.518
2776.099
4662.067
4124.12
3497.713
3057.773
5439.718
3217.73
4184.983
2754.889
4439.907
5009.453
3527.555
2709.901
3452.783
4348.12
3614.378
3437.147
1622.535
2621.131
5120.607
4355.261
2486.34
3783.017
2548.998
3165.993
2763.82
7828.95
6139.687
7977.056
5072.527
7015.766
2909.901
3492.774
3475.344
4739.374
6615.196
4486.868
3889.911
2746.33
3942.363
4420.822
3301.386
2771.349
4851.541
2456.655
5581.046
4162.285
5062.214
4977.088
2428.307
3105.591
2498.232
7909.845
5531.366
3429.908
3243.753
6322.943
3495.837
3623.095
2281.076
4559.38
3351.346
1964.647
3202.769
1762.381
3470.721
3460.04
3750.612
3087.715
4483.137
2390.158
2272.371
3749.696
2944.298
4249.76
2871.622
4372.673
5700.045
5367.406
8106.451
7869.459
7699.926
5483.263
3142.952
2254.309
2911.173
6537.919
5294.58
5906.402
3837.486
9922.644
2246.009
3879.63
4013.289
6073.765
3419.314
4316.648
4829.155
7531.64
2926.36
3326.238
3168.863
3406.448
1804.647
4479.547
4714.457
5285.222
2940.716
3748.067
3340.626
3552.048
3166.811
3214.214
5959.591
2398.121
1921.097
2615.7
5073.374
1977.277
3683.285
8340.108
3135.518
2490.374
3051.88
4401.61
4140.199
3256.089
4989.638
4020.069
3374.124
4176.408
3862.74
2593.046
3948.649
4971.036
4806.161
2751.858
3673.18
6358.48
6406.169
4365.431
3114.148
3411.711
4837.601
6260.38
4567.981
6294.255
3641.605
4227.944
3374.448
2019.504
4464.48
4701.572
6213.395
6358.391
3649.108
3937.425
4452.846
4559.655
5402.957
5719.254
4790.049
3555.026
6182.458
3170.192
6705.289
6769.27
3811.139
6410.465
2750.266
4212.605
3379.116
3179.191
3716.159
4929.018
3356.18
7651.082
3105.002
3014.999
4595.933
5128.934
5099.29
6356.343
8483.606
3786.124
6843.192
7937.978
5090.967
3730.307
4520.011
4859.504
3818.687
3541.215
4032.813
5488.619
2979.007
5544.213
8960.758
3919.868
3371.36
7280.868
7532.343
5173.299
4426.704
2987.484
4210.04
5290.288
6202.085
5725.781
4652.974
3627.758
7391.422
4273.344
2917.629
3340.642
7821.582
4520.652
4189.794
4941.04
7553.64
6046.481
6629.12
5879.849
10945.14
7226.619
6852.253
5882.295
7626.395
8368.431
4180.847
3393.49
4419.862
5043.611
3065.96
3469.184
2180.733
1904.506
3236.123
4139.159
2607.724
3055.785
5154.422
3716.327
4166.945
2908.448
6171.976
2735.535
7258.061
4350.387
3161.776
5605.63
4578.453
2939.604
4663.459
5247.153
3323.385
4924.193
2550.075
2763.405
4898.871
2436.576
4002.306
1956.698
1211.537
2994.312
3944.763
4685.718
7134.552
5779.686
1892.199
4191.683
5404.019
3257.596
3740.967
5831.268
2739.713
4355.336
5539.653
5398.762
3997.572
6522.463
3269.024
3856.205
3368.185
4696.458
5237.202
5532.464
3787.032
3715.318
8406.188
9500.995
5918.878
4521.273
3185.323
2569.877
3405.887
4252.247
3069.784
4430.142
4493.542
4444.544
4228.385
1498.385
4889.128
5015.109
2565.314
2715.746
3740.089
3904.681
3632.88
1838.973
2308.116
3481.48
5354.58
6627.943
4906.971
4563.672
3548.784
2916.116
5333.942
4325.254
5051.993
5314.089
7125.003
5299.932
4832.291
5980.35
2444.658
1859.551
2362.906
2877.323
3012.171
4517.463
5301.515
7805.777
6969.653
3798.63
6664.864
3907.057
6064.991
3788.393
1951.516
4359.871
5296.522
4122.906
5347.675
8996.005
2220.525
4449.628
4016.512
4851.803
3371.013
5160.923
6440.83
5621.458
3124.161
3185.769
2947.287
5893.073
3706.603
3127.51
5132.251
6922.825
3480.881
2148.706
2138.17
3809.325
3935.727
5261.277
2893.891
7271.894
6662.575
5903.48
8849.989
8950.308
5746.889
4919.385
11703.48
5821.095
3848.063
2990.046
8244.482
5590.452
2509.552
4308.777
4008.007
2166.361
3100.775
2335.759
2680.33
2824.798
2941.384
5182.013
4138.231
6071.211
8104.953
5374.78
6900.64
6069.298
2948.229
2733.884
2767.826
2792.033
3573.362
3874.972
3704.985
3897.18
4033.495
2691.417
5745.949
3341.682
4078.425
3302.678
2074.707
1638.716
3317.507
4167.775
5035.252
4915.041
5791.069
2911.242
1697.946
3368.699
6182.23
6104.124
7228.346
5469.687
3136.228
3034.505
3468.706
5119.151
2751.788
4744.819
3455.258
4187.422
2485.693
3659.598
2758.844
3795.912
3923.01
4235.218
6582.297
4137.215
3872.425
4666.156
3695.236
4405.318
2286.274
4813.245
3336.892
2247.22
2475.183
4946.884
2100.247
2783.68
1698.106
2363.692
3980.72
8623.266
6043.472
5867.393
3492.263
4848.424
2980.488
3590.122
6708.208
3899.355
5654.853
5802.324
5259.074
4621.446
7900.973
5298.667
7642.894
6074.471
4372.265
6285.677
7859.729
4368.89
3985.306
3251.759
5580.082
3290.621
2243.787
5612.346
4566.288
2331.039
3191.233
2869.042
3107.627
5239.584
2645.479
5024.976
2103.717
4177.835
3782.879
4416.102
3261.41
1677.382
5278.862
2390.66
6851.688
3198.342
3347.462
8066.983
7145.486
5762.3
5161.425
10700.79
5215.784
2697.883
3055.67
4168.653
3202.707
4810.141
2619.084
2964.987
4167.077
4624.854
3388.578
5723.685
5315.005
3414.258
5439.587
2553.782
4687.565
2626.615
2994.167
4074.371
7184.906
5682.552
1974.193
3753.503
2551.907
4744.57
3589.094
7290.305
3703.862
3828.859
4120.17
3480.674
3714.987
4071.128
3480.238
3471.974
4473.477
4195.954
3898.587
6303.588
6420.275
4408.963
4646.716
5119.062
2810.978
4011.158
4397.332
6849.942
2309.142
4917.678
2873.371
7195.601
3889.44
2969.008
3556.123
4909.741
5136.514
4076.539
5225.491
5795.848
2283.901
2529.154
6778.785
3000.428
5430.002
3484.963
6606.545
2877.584
3073.515
4958.308
6191.933
4029.291
4971.609
3392.841
5073.353
3982.425
6342.308
2917.894
2364.657
5391.882
3602.733
4018.936
3368.119
3213.285
4768.111
6196.067
8994.891
6201.37
6322.767
4199.028
4000.68
7107.382
5366.504
6678.114
5119.896
3089.978
3473.352
7448.095
3614.16
3961.429
5355.224
7347.6
3649.596
4204.947
4172.97
7767.587
6840.878
4087.596
6152.979
10270.27
5828.954
5671.244
4710.173
7746.867
5833.646
6846.029
5010.314
3873.626
5837.038
3392.536
4600.383
4330.828
4522.217
3906.117
5174.585
5737.711
3462.213
4636.489
6651.452
6451.813
8011.787
5715.303
4369.03
4487.851
3276.279
6522.343
4805.174
2909.376
3418.126
3729.365
5999.558
3174.787
3718.499
5988.398
4731.423
2579.555
3677.527
2014.984
3382.289
3832.757
5005.053
9465.93
3530.037
6403.409
4050.228
6250.05
8721.244
2429.429
2977.291
2706.787
7281.923
5130.862
5659.197
3702.718
5395.777
2662.664
1916.355
3288.976
3784.622
4952.322
3767.422
4289.488
2566.018
3487.504
2215.529
4145.535
3554.676
4512.108
5565.392
5455.332
3299.803
1369.699
3879.723
4314.387
2175.668
4324.677
1976.972
3211.305
3238.999
3275.171
7160.71
4460.89
4426.498
7881.62
4968.149
3066.379
3531.754
2669.732
4938.871
3117.08
3871.7
4966.908
5270.667
6328.535
4838.006
4129.699
2529.77
3030.659
4515.698
5979.083
3757.075
4275.621
4553.324
7525.737
2560.369
4989.969
2565.205
5005.189
14176.71
5517.266
3811.412
3817.929
5453.068
3325.43
6682.956
2249.838
1843.075
3448.124
9411.92
4130.427
2424.083
2542.988
7051.61
5793.474
4495.415
7580.691
2736.041
4281.45
3483.326
2867.632
3445.744
4979.385
4456.708
4507.769
3700.73
6172.867
4563.525
5837.366
8751.594
2790.788
3223.345
9859.112
6732.512
6579.629
6285.886
2927.434
4248.594
3470.441
3490.411
2639.934
2248.492
3782.973
4632.693
4656.632
3923.278
2656.691
7417.383
4063.204
3572.874
2504.215
4107.846
3877.129
5142.873
3743.748
5348.418
3976.6
3322.936
5482.529
3803.479
4788.986
6913.663
10453.88
8148.945
5360.175
6454.246
6258.803
3926.903
4123.678
4826.223
5987.834
4988.482
3525.815
6026.958
2994.531
3224.969
4713.716
5342.88
2749.172
3656.355
6260.202
2719.488
4716.372
4111.168
3017.596
6024.861
6443.274
3580.536
3180.169
4140.849
2386.769
2508.339
4774.034
4384.989
3524.637
2772.56
3674.083
7027.954
6931.732
4084.238
3215.495
6187.431
3068.608
7762.522
5771.989
4932.698
3370.566
6600.262
4524.341
3485.747
3717.744
4481.415
4155.655
1930.445
3544.749
3174.039
2395.775
7847.689
5518.345
7408.333
5632.26
3260.511
4310.275
4037.405
2085.418
2715.258
3062.199
4685.022
5166.993
3305.568
6370.663
3793.862
5369.108
4491.362
6151.559
2689.233
3323.144
4303.947
3228.012
2782.442
2984.971
3025.003
3297.439
2985.62
4186.059
4046.747
5901.417
4956.381
7192.161
11099.51
5252.14
4928.695
5618.251
7983.867
9147.145
5594.883
7985.543
9327.382
6016.013
5233.726
5994.904
9835.988
7514.143
6561.477
4492.209
5659.798
2944.89
2779.363
5326.627
5571.545
4334.101
6037.355
5508.868
3790.612
5551.556
3635.797
3765.746
2866.63
1477.157
1736.928
4461.377
4349.151
6264.603
6207.655
1846.233
2915.112
2653.441
2688.008
4213.082
9955.543
4901.481
2734.189
5638.588
7058.669
7443.396
3835.377
8495.017
3616.31
7127.772
3651.274
4966.758
3832.48
3283.38
4558.307
3909.638
2350.803
2922.053
6944.849
4175.863
3096.805
3201.681
8034.603
2931.945
6537.121
2486.842
3514.354
2535.382
3008.713
5776.895
6365.368
4779.629
8233.437
4430.519
5888.942
5252.003
9001.392
4468.457
9301.727
6514.875
11123.51
9272.578
4314.824
10152.68
7034.732
3972.555
3044.402
6510.827
6805.913
3028.428
2439.405
5498.862
6086.882
3985.893
3105.917
4704.644
7202.274
3363.418
3367.469
3920.363
4699.4
3823.089
3555.973
3394.487
3368.54
2501.681
2944.867
5107.836
2642.941
2009.836
4687.783
6872.378
5032.914
4167.483
5329.354
5895.282
3936.657
5241.902
3091.26
3587.356
6104.899
6322.826
4838.366
6166.138
5651.565
4328.278
5771.434
3841.664
5146.935
8004.702
2813.218
3624.841
7597.05
2463.42
3497.565
5656.856
3800.399
2156.819
5853.936
2629.466
2728.299
2331.147
3900.138
2435.946
2721.688
3729.068
6964.162
5004.938
4823.06
3133.362
2654.868
2115.516
3519.407
3299.613
6867.241
5496.763
3836.15
2671.946
4032.276
5527.502
3998.708
4600.256
7609.514
4365.933
5674.891
5820.86
4635.281
4309.194
3340.593
3590.188
3936.938
3035.501
2646.124
3307.224
3014.619
2274.059
3426.01
4156.219
4680.494
3050.849
6705.691
3390.422
3146.59
5926.722
6189.453
3027.087
3528.494
4774.459
2586.779
2456.056
3247.724
3013.813
2129.443
3820.597
4844.598
3324.006
3273.491
2220.698
3573.58
3588.456
5130.591
4407.561
2190.939
3548.064
2814.95
4958.555
3703.017
3428.041
4100.222
3138.767
11906.93
8116.484
3806.507
3571.181
2175.485
3206.112
3800.786
4809.699
4224.15
6162.963
9644.602
4133.956
3818.995
3925.463
3916.51
3739.165
4621.653
3351.14
3737.85
6170.981
7037.099
2652.172
2359.993
5952.598
4484.035
4518.762
5977.187
3315.57
5051.896
2589.948
4304.496
3931.633
3840.455
3340.529
1890.414
3267.074
3842.107
3610.957
1674.75
1830.87
3016.926
2171.646
4698.906
4739.558
2706.564
2608.674
2501.342
3842.235
3711.773
2366.117
2128.997
2634.517
3558.315
2639.155
4673.891
4591.028
4094.459
2952.977
3571.912
2443.53
5146.358
7374.475
6257.013
3599.842
5848.538
3597.76
3492.129
3387.266
3012.527
4140.596
3197.391
2891.801
3039.925
4358.192
3496.262
3931.296
2654.373
2894.167
2439.61
2938.267
4875.796
4064.049
7964.839
2942.657
2511.966
7154.691
6664.841
4563.829
3586.742
3036.289
7718.006
4857.183
3491.583
2575.285
3259.602
6375.959
5982.056
5629.525
3924.046
8878.436
4495.539
4450.843
5685.423
5062.406
5262.289
3157.283
3419.14
4218.914
3922.578
6167.645
4682.284
5220.275
4011.293
8436.013
5337.173
3831.986
3517.534
2606.506
5331.391
3094.301
2593.708
7265.678
2750.969
6368.923
3406.543
5623.356
9585.45
3561.976
2653.187
3448.138
3347.314
3177.897
3079.55
1899.478
2185.227
5133.251
2701.974
4135.368
4697.268
3738.128
4120.891
1503.925
5909.755
2803.205
6788.239
6376.702
2595.232
4355.148
5290.441
3543.928
3131.698
2669.835
4190.578
4108.739
4639.639
7477.691
1820.218
4620.104
2246.698
2598.346
3424.912
5168.63
6583.668
5069.253
7836.46
7120.504
3879.679
3990.219
3369.019
5904.195
7212.355
3995.377
4467.163
4993.064
4001.19
8207.75
9996.441
2390.971
3642.654
2657.224
4083.504
4480.562
3212.04
2597.799
6111.803
3424.819
3968.15
3280.046
3754.558
2969.368
2989.378
5733.733
2089.468
6748.368
7018.257
4144.043
5008.664
3261.621
1680.963
3751.493
2035.291
2517.587
4439.52
3251.476
3927.789
2651.609
6492.652
2697.429
1712.229
1493.744
3013.53
2245.094
5187.778
5891.628
4324.916
3530.347
2393.717
4174.149
2881.312
5705.286
2831.392
5619.055
6127.497
3528.667
4205.002
2693.601
2623.287
1989.088
3742.507
6748.795
3950.743
3894.843
2420.437
4967.34
3495.04
3499.746
3373.534
2896.805
3950.006
4319.68
2711.974
1697.401
4760.223
3328.231
4062.1
3164.565
5654.733
3678.706
4842.001
6637.204
5197.121
5965.826
6750.396
4044.591
1855.519
2574.463
5092.913
5605.898
5171.589
6633.006
5850.707
4631.753
8538.059
3065.613
3950.122
5229.655
4936.719
1683.51
2953.257
5593.031
4697.316
3282.171
3604.166
8541.077
9732.363
3626.281
7072.651
8080.933
4843.426
5264.426
2334.299
3304.804
2388.591
1654.603
4801.038
3616.168
3508.165
2189.76
3850.186
2612.632
3225.595
2451.098
3752.904
3883.59
3925.994
4154.926
3901.088
2097.783
2505.221
5785.057
7317.095
5062.05
2971.797
3066.989
5379.412
2388.365
1684.776
2452.419
3117.427
1770.675
3656.023
4472.926
6905.29
5466.947
6282.352
3437.176
8002.52
5124.76
4250.932
4171.562
2081.234
3473.67
3687.741
2587.199
2926.218
4815.259
2768.55
1790.588
3079.633
3006.997
3728.707
3014.634
7219.478
5092.973
4926.938
3748.59
4885.636
9019.525
3645.134
3478.224
3108.497
6293.193
3097.974
2689.603
5610.239
6679.596
5251.877
3593.933
4660.817
4562.002
6688.943
5070.444
2362.199
4417.286
5221.452
3241.606
7658.9
3049.893
1947.63
4626.386
4483.608
4775.483
2718.411
3041.624
4505.416
3994.899
4389.021
1837.573
2817.853
5767.217
4386.32
6057.931
4054.167
5194.449
5165.533
3729.197
5165.738
3635.593
6091.517
5119.73
2485.908
3427.55
4098.368
3476.499
4702.433
2909.931
3212.372
5841.06
4469.444
4194.473
2679.941
5217.258
4000.928
3477.07
4036.863
3610.872
4462.815
4108.115
5578.295
2691.417
3697.164
5203.49
4577.23
6379.334
2639.658
3046.428
3077.709
6061.33
3809.937
2746.177
3406.967
5731.545
4564.065
7744.622
4606.139
4135.808
5803.526
5667.258
5787.23
2563.423
5441.381
3033.597
5671.333
3802.919
3698.545
9170.803
7813.188
3629.878
2747.503
5663.543
2634.953
3345.442
4192.599
4485.355
2933.795
5677.525
2806.612
4140.83
3035.704
2558.24
4070.537
4547.154
8855.426
4621.321
4760.789
2780.733
3710.776
1585.285
2108.104
3567.029
6956.722
4284.525
5088.629
3710.611
3160.5
4620.254
5334.702
4653.038
5015.93
2801.559
3449.488
3880.851
1934.24
2426.691
2706.253
3039.373
3980.459
7193.587
3020.279
3747.426
2866.301
3742.943
3283.074
6359.411
7197.644
5585.641
5518.697
4971.128
7158.745
6236.332
5993.55
5783.587
2685.929
2888.958
2774.3
3097.194
4182.781
3859.677
5915.013
3478.984
3177.352
4166.45
3796.193
3169.756
4414.804
7090.462
9787.241
3753.718
4457.605
4669.036
3454.094
3202.449
8102.092
7847.874
4987.87
3675.531
3149.629
2754.984
4513.817
2843.997
4115.139
7219.674
4798.143
7329.214
2805.941
4164.736
5877.943
3596.71
3126.39
7869.977
5775.243
3235.709
5474.882
5288.77
4368.036
4395.107
6155.52
3986.235
3274.521
4267.699
2731.79
2138.39
4503.115
5285.97
4583.775
6121.173
3050.56
3273.897
6482.809
4658.989
5239.728
3408.522
3687.767
3054.517
5442.005
6253.172
4889.337
2686.025
4068.163
6705.43
8533.801
4416.747
6784.773
3831.758
7339.517
5070.563
4844.151
11117.91
3113.783
5046.74
2722.863
4988.273
3585.776
3686.42
5677.463
4108.69
1674.579
5395.309
4285.72
3166.718
6383.158
1447.047
2838.522
3542.914
5476.778
7697.176
6257.553
2840.588
3399.382
1225.916
2544.389
4164.878
5141.601
3343.413
3334.843
3479.629
6203.582
6060.582
6478.964
4112.292
3461.011
2374.018
2878.981
2928.234
2526.168
7685.134
5542.683
4304.898
3718.673
5196.409
4626.136
3669.486
5315.821
5977.69
9825.882
5888.799
2036.047
1627.612
2541.24
2367.902
5629.058
6744.762
4119.701
5354.114
3068.607
5701.622
4602.583
6027.862
6298.621
4664.127
5511.563
6923.318
8570.462
7060.666
5084.302
5510.803
7724.501
5638.751
4540.451
7397.312
7310.53
6297.31
4801.243
3383.253
4437.507
5769.419
7513.425
8810.514
3965.08
2645.809
6935.547
2951.787
1609.197
2672.788
6225.602
2284.308
4217.716
2711.233
5590.463
3249.009
6871.682
5068.566
5600.502
2729.22
5608.89
4476.754
3475.284
3116.637
3698.714
4476.989
2300.824
5062.015
5423.686
4363.691
2877.662
4120.543
3783.051
5504.904
3245.342
7966.214
3626.674
3554.457
4254.701
5419.307
2880.284
4868.777
3426.687
5085.251
5612.742
7245.327
7000.464
10746.07
7064.554
8200.931
3215.339
5098.633
4786.205
3541.401
3646.022
7609.642
2198.172
2458.461
3714.544
5152.716
4031.86
2217.937
3726.515
5961.382
4390.806
6686.14
3385.412
3250.224
5117.809
5646.107
4897.35
5679.705
3583.486
4631.317
5089.816
4211.568
6862.849
4616.523
4681.532
3764.769
5829.904
3436.171
2885.743
3816.688
6869.117
4139.229
6514.092
4352.009
2824.566
9987.389
5547.007
3671.828
5041.464
4985.969
3817.662
2860.678
7297.525
3880.089
3551.208
7115.502
4518.635
2895.684
2790.12
4558.838
3009.547
4048.127
6822.992
3557.594
4365.992
3737.575
3203.665
3433
3583.678
2960.804
5887.187
3868.173
8999.348
4679.302
5880.366
5552.994
3281.482
5963.778
3753.577
3218.847
5127.089
4699.718
3803.977
6346.301
6607.245
5510.067
6084.714
4833.81
5596.061
5493.126
7574.404
5609.055
5551.832
4494.86
5099.753
3526.143
3019.843
4707.893
4132.953
7170.441
4798.526
5675.415
4172.529
4908.754
4878.98
2304.446
4736.916
5304.331
2699.638
2449.759
5169.159
2981.178
3512.354
3694.944
4747.642
3667.876
3843.741
2151.649
4525.679
6482.671
5220.678
5197.072
6027.536
10402.41
3949.176
4766.614
9511.76
7390.107
5258.069
5474.687
5003.726
5124.008
2735.493
4354.519
9889.594
6759.365
5286.996
4969.321
5950.356
5856.146
9415.468
5934.33
2967.603
5069.166
6577.304
4491.436
2475.899
2956.9
4686.815
6278.62
4036.621
4917.792
1803.372
3759.293
2261.777
2925.434
2217.115
4755.852
3095.451
8072.434
8679.511
5628.121
7469.829
4657.37
7740.348
8650.502
3703.21
2938.258
3267.411
5482.524
3759.17
5629.91
4089.055
5207.85
4381.252
2703.701
4436.227
2193.519
5763.488
9302.689
2272.192
4205.799
8300.314
3856.166
3782.287
6225.658
5624.156
4180.989
7018.137
4311.684
8096.637
4694.958
3996.465
3970.121
3844.122
5684.644
4315.312
4622.755
4734.927
2365.292
4033.259
3775.933
2057.935
3785.595
4177.319
4993.956
4496.653
3917.014
3928.02
2709.317
3204.289
6968.894
3278.433
4059.265
1988.045
2258.2
1824.845
3565.863
2597.909
4630.55
5586.966
6057.398
5885.256
4811.905
5077.83
5296.428
8967.761
6257.669
5679.132
3490.637
5203.267
5345.566
6261.745
6562.367
2893.752
5825.335
5189.749
4782.693
5195.592
2787.244
3226.659
3826.931
2424.263
2384.916
4331.952
4816.647
3955.159
5258.586
6773.278
5903.943
7308.588
8092.781
7303.829
4756.472
5827.844
6158.133
3986.107
5261.595
6060.916
10148.67
4269.239
7722.994
8509.493
7574.849
7689.965
8366.15
6963.467
5615.161
4239.888
5489.456
3211.611
4835.507
4853.999
5681.938
3512.462
4626.97
3519.887
2373.201
3283.1
1847.826
2261.146
2185.51
7451.746
3614.532
4956.193
2907.881
5257.285
5546.093
4150.26
3807.873
5045.899
4189.505
4594.125
3368.055
5118.354
3615.033
1581.896
3615.672
5051.319
2859.248
2960.445
5350.047
5436.829
5030.137
8406.819
5208.207
5004.928
4100.601
5949.894
5768.819
5339.31
6536.237
4021.766
2408.479
4707.167
5884.882
5372.635
4011.024
6780.504
6124.486
6033.743
3786.26
7190.422
3687.008
6239.072
5105.495
3752.769
3092.198
2557.159
4645.803
5149.472
4857.5
5231.178
3200.464
6916.694
4410.578
7382.546
5419.687
4324.953
6200.671
3551.673
3823.566
3099.534
5190.162
6214.202
5301.789
5481.146
3196.513
5293.308
4102.017
6335.946
4450.049
6393.958
4752.098
4247.273
4615.575
3392.388
3833.12
4332.405
1714.521
10492.14
4414.353
5256.066
3036.992
3390.738
7440.353
4517.047
4868.193
9991.527
5774.762
3200.489
5909.139
3980.103
3454.137
5802.361
3035.627
2603.808
6775.258
5848.796
3229.151
5049.042
5185.881
4049.744
3523.641
4141.884
2152.101
3254.135
2745.566
7773.283
6184.927
3687.538
4263.433
3489.253
7288.338
5140.534
6517.928
3674.057
3007.739
3164.096
2365.107
4154.021
4383.538
6628.777
2500.87
4374.828
6952.061
8794.031
6647.387
3172.341
5916.777
4561.138
2316.673
4750.767
3811.175
6111.068
5110.842
3142.676
9866.987
5787.162
6929.967
2814.414
6136.388
4026.73
5453.835
1696.488
2987.244
3814.426
4815.254
6438.482
5833.402
6408.662
5743.07
4185.665
4093.041
1623.438
5108.041
4462.487
4418.688
2626.956
2785.269
3377.774
4326.286
4031.423
5746.139
5063.249
3754.942
5326.542
5787.697
3760.058
2623.634
4077.941
3612.069
4943.555
7732.298
4684.242
3567.248
5137.179
4226.562
9016.323
5689.788
4375.77
3918.576
5074.405
3631.887
2113.595
4075.289
5981.266
4005.011
5748.831
6818.56
2333.184
2574.203
3604.024
5705.515
4180.919
6376.071
6406.159
4114.16
6998.901
6199.92
6581.18
6940.548
8060.901
5977.46
2994.66
5172.12
5456.089
2891.39
5551.789
4469.981
5387.058
5252.867
5725.386
5874.074
3944.728
2311.378
4180.54
4391.053
1576.52
4873.807
5542.833
4391.949
8250.42
5283.877
3893.068
4503.014
4814.702
5750.674
6118.314
4419.21
5157.899
3545.027
2856.783
3478.488
5517.913
5501.015
3217.967
4048.024
3710.568
5399.924
3271.948
6080.155
3459.385
4863.596
5119.858
3012.062
3231.624
7017.688
2707.821
2686.106
2981.418
5009.524
3107.394
2004.417
4209.032
2858.197
2327.339
3539.157
3002.282
6455.58
6422.82
2446.613
3942.997
3652.243
4348.499
4611.603
3853.075
5497.587
2739.005
4286.894
2965.588
7163.326
1940.273
4354.012
2287.434
7479.703
4393.494
6994.342
6393.287
5620.185
2005.299
5186.43
4854.772
3574.058
2351.758
3650.11
7585.494
3207.613
4124.8
3252.717
4494.697
4878.481
3285.295
4321.09
7059.994
4401.571
6241.516
10386.49
8126.378
5950.651
6169.766
3514.827
6631.371
4650.701
2961.495
5737.941
4468.831
1974.433
3424.71
4299.828
3184.3
2436.073
3159.934
3771.851
2390.533
2630.536
1954.488
2449.4
3624.404
4084.538
1997.26
3635.298
3344.144
3637.54
3477.235
2067.541
4344.003
6058.395
7204.61
4854.138
6247.522
6752.399
12306.17
6069.466
4393.374
5640.686
6415.243
4757.745
4159.518
5136.369
3136.183
4311.912
2370.826
2984.589
4495.936
4162.227
3914.482
3341.571
5148.469
5059.186
1956.696
2287.663
3649.035
4805.556
3917.713
2937.432
4462.538
4664.11
3840.187
7633.223
8046.981
5715.853
4995.497
4339.854
6194.011
4283.94
3155.414
3587.314
4074.149
7095.334
5653.522
3627.579
3755.062
9848.443
3579.224
5123.183
3611.014
2905.9
4331.393
4824.052
4047.604
5013.166
2688.021
2525.175
2172.82
4432.176
5588.806
4779.087
6369.331
5722.597
5963.773
5928.453
2277.914
2304.658
3290.431
3581.353
3935.892
3990.512
1751.242
3145.978
4394.258
3529.093
5503.582
6958.824
3932.025
6033.255
4293.432
2609.587
4104.028
3305.33
2240.111
3822.311
3351.451
3648.002
1316.33
5481.456
3193.611
3344.063
3372.054
5067.89
4528.21
4221.674
3828.411
2691.284
3627.666
3853.49
4315.889
2699.861
2751.764
4850.433
3495.418
5064.017
4851.493
4419.541
2560.882
2267.455
2411.945
5512.474
6076.254
3817.671
4409.682
2898.624
4787.431
7629.117
2880.036
4313.002
4597.148
2935.879
3476.233
3979.374
2350.31
4881.794
3124.31
3791.827
2389.743
2592.982
4504.017
4121.936
5138.904
5926.862
6545.038
7666.134
6468.741
5790.241
5523.525
4315.137
8051.674
9323.858
4470.798
6417.031
6765.297
3569.283
6156.43
6198.862
5898.65
3167.615
3138.828
6741.733
3896.207
3869.003
8069.913
3035.574
2683.018
2679.943
2319.715
4198.961
4040.35
6215.384
3732.531
4363.428
4939.298
3561.527
2959.66
6386.094
4497.495
5439.922
3597.63
3092.806
4363.428
2171.134
3085.695
3338.384
3081.155
4536.298
6096.631
2440.489
6233.105
2093.797
3182.04
1974.895
3786.926
4431.453
3013.928
5399.401
6242.64
3634.427
3189.749
2906.076
2929.302
4193.903
4276.051
5423.528
2950.913
3531.235
4765.982
4922.196
4055.829
3065.906
3337.709
2948.612
4349.341
4728.543
2847.273
6624.994
4226.444
2679.699
4101.473
6169.374
2918.094
3970.463
6494.037
4450.359
4054.687
4485.356
2611.319
6187.068
5082.22
5404.653
5511.166
6723.712
5806.116
7798.985
6131.948
9164.562
10395.52
6040.511
6519.214
8276.443
9545.621
11113.82
3937.782
2377.086
4362.407
3122.58
3597.86
2648.295
7882.431
2818.409
5928.371
5916.047
2593.113
5065.074
3157.694
3956.3
6657.041
1970.894
2091.436
4014.297
1453.75
2552.368
5209.066
3638.771
2608.136
6140.496
3713.679
4552.264
3458.469
4884.912
3693.812
7012.209
13071.34
5074.732
4666.402
2906.065
5126.108
4443.531
5290.148
4352.864
8078.772
4055.888
4180.596
3627.861
6116.214
7607.478
6245.501
7224.316
6094.161
2520.598
3568.224
4678.914
3402.327
4544.805
4090.908
4956.359
6603.559
4527.107
3191.063
1692.675
6320.282
2725.079
5799.684
6318.363
2444.689
4056.221
2506.01
3131.437
3054.519
5614.115
4192.574
2135.136
3073.468
5500.816
5029.096
2841.751
3438.217
3389.508
3454.297
2133.18
1950.289
2666.102
5385.896
6446.199
3752.572
9650.456
3875.849
4176.445
3392.398
2681.116
2339.236
4886.443
5811.343
2239.693
4225.391
2481.671
1748.762
