25180.66
20483.73
41091.52
34510.25
23075.76
24340.85
21662.02
24697.88
35773.77
39344.38
35350.54
42233.15
39359.04
34736.55
33963.34
32363.13
26890.81
18320.65
18284.19
21260.11
11721.39
18600.44
27927.02
18761.45
15265.51
17193.76
37212.93
22817.93
28870.5
34237.63
35555.29
24415.12
16539.94
15276.19
30158.82
14709.71
18845.26
17642.1
27701.5
45181.2
54061.9
20311.94
17772.27
24321.4
33215.08
30280.9
14043.21
32665.57
36312.49
25670.17
50204.92
27782.26
39635.77
32826.74
21220.54
50267.08
16618.92
22933.18
29542.17
25956.05
27620.09
45257.19
65984.68
45079.22
18462.77
22345.98
42226.11
52688.75
25094.77
36399.06
30424.34
17938.58
20657.58
31977.8
32055.48
28553.56
29709.21
25467.49
27891.58
31079.53
30305.38
32829.01
29446.29
44801.66
19113.8
67158.43
38068.99
28680.74
26308.06
16750.21
16435.74
23635.72
17579.44
20352.27
35642.33
19952.09
16807.22
29284.33
30635.28
18529.58
23123.76
25468.8
18631.82
71148.39
33681.27
30162.99
33351.68
60379.3
46521.21
34055.75
33266.31
48388.65
23493.85
19714.67
24869.74
16838.46
22276.15
16884.11
31511.55
22154.18
16615.18
21618.53
24067.82
42497.79
22844.1
19444.41
46959.37
56208.75
33699.75
42144.62
35926.07
31813.65
37729.11
39431.98
42917.95
35379.12
23439.75
57578.99
25472.95
29114.51
43129.91
22523.62
16309.8
14146.98
17851.43
29746.46
33121.29
27148.21
18646.6
14216.69
15257.83
39670.29
26803.75
59515.58
38134.39
36054.54
31996.5
56275.65
42526.85
32178.62
38859.88
32287.53
22779.95
17119.62
26969.65
11302.34
25009.32
17703.33
23405.96
19221
37279.13
46568.92
48223.44
41964.82
42850.68
39597.73
28691.08
78390.78
33706.47
45530.06
47188.54
19181.37
16397.93
28770.23
13903.27
14663.11
21032.3
21988.15
20251.07
18296.15
17440.45
23628.16
18263.37
28413.34
24034.69
15078.74
16184.34
27509.07
36401.62
58672.69
18412.89
19315.26
35146.19
29154.97
28653.92
35967.05
17097.77
17481.89
32093.55
28260.98
62373.25
27621.61
31686.35
49221.58
38674.21
44057.83
27736.99
37440.02
47955.22
31935.27
28420.82
29305.84
28142.65
43424.81
29810.4
24556.01
22446.44
25547.76
25288.07
48661.68
27912.53
20812.63
30291.6
32468.24
30397.49
42342.58
59033.57
38433.48
51135.49
11476.83
16087.13
13006.25
20199.9
50946.97
29498.54
29957.25
24849.17
32469.28
29586.15
24116.95
29118.18
29951.64
39167.47
23578.59
19932.48
24462.41
15694.51
15759.87
15419.03
45091.77
24424.96
20902.29
15606.26
19900.07
18004.18
10141.67
57324.27
32664.16
39630
17785.71
16203.78
25879.73
29004.95
38047.96
74993.28
37774.71
24200.59
25908.36
20089.52
20544
20976.79
18257.42
20245.11
22136.82
30177.95
24427.37
30499.93
56750.7
17619.21
17065.35
37769.55
76131.62
36330.42
21985.9
18112.05
22570.48
19271.38
28480.32
23516.55
18437.68
40267.37
33730.83
48338.06
58778.65
42320.72
30332.22
47907.97
24414.03
34899.24
34919.1
30214.55
25388.21
33578.32
34966.93
36019.25
48925.86
31063.65
27326.28
29036.12
22347.47
27511.98
47067.39
12663.9
16973.34
20830.26
13949.46
22715.54
22035.7
50802.25
20671.96
42029.77
25833.57
36146.16
32673.42
45515.48
12753.19
34725.89
25222
19430.57
22792.22
27781.21
17129.3
20792.43
18384.2
18062.7
17924.48
24697.45
16763.93
30239.76
30380.8
24708.29
25232.99
36781.91
22470.26
23485.7
33617.87
18795.42
27768.87
83878.57
20853.92
25565.72
22805.01
24538.87
26769.04
22041.79
17336.84
36767.44
19466.39
22689.51
25552
27999.78
35077.12
20759.74
20672.17
19789.13
12919.06
24246.03
40021.81
23134.88
16387.14
33710.07
23238.17
32056.69
41669.53
51935.94
33661.71
39015.49
30538.3
26997.15
35158.24
31287.49
41369.28
42698.66
41745.96
49297.08
31497.89
28992.9
22097.05
21098.42
28702.81
39011.33
31198.79
30685.78
41974.89
29473.47
25008.08
43226.6
33309.39
31578.9
61267.38
30137.37
27967.62
16719.26
43934.7
28174.96
20849.74
18311.59
39176.36
25137.88
30716.13
43602.22
51456
23996.54
51331
63427.96
33493.28
47826.43
33255.23
23812.87
33857.77
57075.68
51029.55
44168.18
35001.33
31465.56
27361.76
26526.59
24940.57
44540.51
44050.12
19580.7
30862.98
28406.16
27025.46
30870.84
50333.27
42213.92
34615.71
15380.69
29505.89
36741.73
50408.94
39136.8
20405.21
37225.66
32654.85
20627.99
26770.7
36329.94
41976.17
33423.54
49570.03
29017.77
28701.26
36296.38
43476.78
33817.53
17833.37
36490.79
30398.54
27518.99
26530.4
38486.81
33268.45
50701.87
44162.52
36096.68
17846.18
29734.77
24709.59
10307.01
16470.47
15881.57
8991.402
15634.26
16133.77
23067.89
23359.44
12161.11
17143.44
31929.6
29463.62
17902.78
41470.54
32478.89
24144.45
24815.1
16426.87
22591.76
20642.89
24293.8
16219.18
35765.51
23977.76
24779.2
33743.74
28008.99
18113.57
19625.75
30244.61
25687.56
41718.21
31598.07
45771.07
18057.98
25330.99
13356.49
21800.22
60649.68
27704.61
29919.97
46654.39
27561.14
28125.54
25787.72
46561.02
39049.94
43436.11
39912.79
27195.96
39911.87
41768.46
54482.67
52293.93
29733.85
28394.09
38754.67
46110.35
34612.2
45197.62
40288.7
29033.58
48305.67
35356.19
43543.21
56417.1
39553.89
54646.02
40797.16
43258.33
52643.4
40035.63
56008.83
44976.96
46151.08
55627.89
39800.8
70322.01
49764.7
41960.74
42908.42
33292.33
33713.49
47020.24
28177.82
21676.63
27937.63
37168.82
25220.53
36519.43
31697.21
30267.33
46266.32
38052.54
30409.02
20315.13
39981.72
31149.97
27704.27
27048.12
29106.73
19431.24
24641.48
26879.43
17500.51
17826.02
30603.85
14441.52
23552.48
56037.14
25984.98
20156.32
28493.41
23543.82
21366.98
27143.47
16379.44
27780.16
20373.47
33532.69
53292.43
46361.23
21912.85
20841.21
22232.71
45183.16
37390.76
44552.09
40056.99
27936.48
18105.01
34449.62
27304.36
29379.58
29653.02
37641.83
23951.51
23454.81
19934.04
57558.32
55908.44
19227.52
15164.92
34455.35
34780.23
26346.62
37386.08
64184.25
26587.53
47640.01
51530.92
27237.19
35427.08
47368.43
45896.57
19390.43
25527.32
12023.07
38088.11
34069.02
22535.97
29448.9
37112.17
52515.47
29911.77
59755.9
76269.5
44381.26
23826.43
45717.4
38314.67
25235.67
31359.09
22330.41
37344.4
26387.19
27402.96
33858.08
30383.61
30428.95
35169.01
33529.25
18183.79
28472.23
36165.44
53188.7
42458.37
32000.7
24972.53
7407.497
15746.01
15071.06
10810.25
32999.4
31978.58
24156.23
45883.22
26796.89
19772.42
19030.25
31334.91
25265.11
24139.77
28086.8
45916.59
25758.98
49587.75
38100.07
24747.72
75679.86
34058.52
23788.89
29160.67
30212.6
31571.19
34188.24
29895.67
25338.56
27364.72
20329.39
31786.6
12483.83
25567.63
30539.88
28138.48
35696.42
26987.55
30235.64
36212.93
42768.29
31821.17
27750.7
48444.61
38468.76
36519.28
36380.21
43484.17
35497.76
44056.24
36196.26
66823.19
38244.73
37972.27
54974.15
44014.95
53491.58
31063.44
46272.98
53749.98
36089.15
35223.08
40950.46
37838.76
40259.94
54564.27
35271.03
38301.97
26904.6
38537.52
38249.68
32245.05
25687.88
42923.7
34207.69
40714.58
38944.22
38925.05
37246.66
46649.89
23902.71
26046.5
62683.56
30201.95
29656.74
22104.65
28299.67
15910.78
15282.48
37990.14
14421.07
33477.47
29052.66
26251.49
42469.35
42902.81
31771.54
52725.26
33467.52
34827.27
31537.75
22184.64
28065.25
40508.9
36085.66
24172.32
37761.18
37709.44
22552.74
42826.88
24052.1
24102.46
30171.99
31404.45
37229.1
27080.91
27865.74
30003.62
24824.07
25551.55
39804.53
31498.16
23156.46
28847.25
17178.53
18505.63
28303.65
15889.76
16901
19953.17
16749.43
18710.77
41437.15
33386.34
32286.85
46768.37
33890.44
58636.32
49927.28
36407.88
42140.08
43306.67
35354.09
43386.91
34409.51
42642.49
32940.73
37207.29
31083.08
31295.59
33166.35
23251.17
32171.07
29352.63
23410.8
35957.36
30387.41
33742.06
40942.88
57840.02
33445.69
31409.92
25549.44
20182.52
36281.85
19237.92
43810.33
20796.54
39645.84
65475.52
63457.01
57454.44
40916.83
35712.7
45656.55
36228.33
26188.01
30773.41
25683.84
38961.08
50232.27
33912.75
48819.86
53533.32
46999.03
46737.46
54885.41
48164.36
50724.03
34900.7
62929.89
51483.4
27214.67
40617.71
60335.32
29769.21
37558.67
41361.92
27850.39
25559.73
29031.6
25669.44
37908.78
38493.68
47819.47
54605.86
39037.48
32597.27
43646.34
52432.81
50733.58
66674.98
49049.46
61757.7
43230.12
40425.23
32559.69
42280.32
25416.35
41172.3
46126.91
38393.78
55455.11
76123.25
53479.93
51543.07
40582.92
36914.42
35066.43
31802.08
43228.54
35899.36
30369.61
56478.35
25201.89
36744.97
47229.45
40664.1
42321.65
36526.64
26338.54
38374.17
47753.74
42685.73
37411.27
61220.81
52394.29
66620.75
47387.42
44672.05
37720.42
45135.28
30875.59
47050.2
38959.88
32078.49
23376.42
37254.83
34996.68
46827.61
35396.23
40427.53
19372.26
32184.36
26906.8
15744.86
12922.09
27010.98
58503.51
32722.22
32161.64
27653.41
24958.83
35046.34
19229.61
21093.97
57275.27
29294.67
25962.73
31697.53
47735.06
30241.99
43994.07
21186.14
30929.44
24473.73
27230.48
32144.56
49135.17
45805.55
52614.82
58099.13
31130.16
41492.69
44578.66
37497.66
30178.19
43205.38
78623.96
38074.94
28345.56
39991.79
28161.53
45158.97
46988.96
43661.27
28095.54
37595.03
53318.39
41360.65
40720.22
39003.85
50813.16
30467.66
39117.61
37538.27
39721.42
41226.05
23913.84
42554.33
25945.81
30166.17
30610.78
33055.95
34598.92
24871.11
29326.53
21919.36
29165.76
41980.61
46318.61
39646.69
27991.18
36254.68
25443.84
24908.84
23886.11
43744.94
25941.4
24396.55
44363.04
33780.07
34577.57
28092.43
29428.57
22693.72
34418.02
31702.48
25330.72
29123.3
33886.41
21709.54
17488.87
37150.35
14728.35
26296.51
40435.04
22352.33
32861.87
21896.18
31002.47
43664.11
25632.47
25275.79
26038.68
31254.81
38412.1
37618.69
18326.62
34781.04
27026.67
44493.89
31757.54
28356.95
31592.04
31137.63
43214.61
34893.82
28927.72
44432.72
42647.84
39385.4
42773.4
42440.41
41957.09
43787.41
45381.91
48657.39
37323.6
31367.67
41225.85
42249.8
29212.85
23515.94
28222.31
29514.68
33265.04
36916.86
24252.72
37689.46
39882.68
25849.09
20850.03
12646.55
39608.55
35498.14
36884.35
33283.46
30418.51
47513.62
31308.79
22434.83
41506.54
21997.84
20131.57
28374.85
22341.78
39559.74
27705.59
38058.46
42889.23
32660.11
22223.88
28713.11
12587.45
36398.61
42069.95
33076.63
34208.46
47827.33
30165.48
38816.16
27132.91
24705
35582.83
22610.2
22527.54
32943.46
34727.07
41200.36
68845.37
17510.82
41728.87
28196.03
31701.08
47204.52
46698.92
67125.65
43706.85
33850.77
46470.61
41098.49
49933.12
16727.69
25737.68
33426.26
17359.86
21382.81
21322.53
24937.62
17765.66
18787.89
23177.8
32103.48
31252.92
16017.51
30397.41
36668.87
32863.01
26421.22
29563.89
34343.42
19517.84
21778.27
15982.93
12563.53
17767.26
17268.86
18727.66
40753.76
18267.54
13270.88
14487.56
34948.02
19533.42
23268.26
26026.56
17661.36
27293.94
36606.95
41046.54
26725
37041.59
39854.68
18943.5
32063.33
14279.96
18726.42
18322.94
24336.15
27863.05
30239.63
39928.89
42518.73
64941.04
63604.54
30617.7
22510.62
26981.08
23514.74
26403.46
29179.54
25387.83
27541.48
23176.3
19333.7
36791.2
36088
21799.69
53278.89
23866.46
20098.11
28874.15
46810.07
36369.49
42758.21
22467.04
24071.8
34990.78
30733.32
44510.51
29606.72
17961.16
16995.33
22797.46
27343.95
18856.09
25496.87
27288.67
27254.6
25476.49
27691.56
35551.76
37154.39
47442.41
35973.64
34299.03
38301.19
33785.13
47290.76
36845.63
29021.75
40658.13
38615.11
46883.46
44038.15
31060.13
51228.8
26953.09
28629.49
23813.9
19037.46
13879.87
19743.53
35977.32
20086.04
22867.62
10366.41
23141.88
21260.14
13786.05
22182.7
15216.38
28161.13
26558.75
42390.26
24776.23
27722.39
22619.14
29097.9
35888.93
18687.92
38331.87
27739.57
45776.72
25397.16
57305.2
45601.51
34678.23
49917.98
42168.86
67680.88
30719.6
28259.11
47371.62
34910.67
31906.75
26188.05
31750.91
34934.8
24963.19
24042.36
43961.63
27954.4
40351.28
31386.43
20840.86
35644.27
33806.01
19391.52
18444.09
20974.9
32062.18
29080.99
33244.07
37871.58
31649.81
47400.54
85815.34
29892.98
21858.49
24080.58
30601.99
30292.91
33017.21
31727.68
32927.63
28152.56
21961.92
12179.85
14835.8
10547.63
22020.19
18179.19
17391.17
18699.44
37102.6
42549
19058.65
14709.36
22264.12
37219.47
19765.74
33226.21
23258.33
28854.94
60450.23
54415.07
29555.83
23080.51
69064.83
28377.45
28697.38
22225.84
34359.39
52343.15
23357.56
44668.16
36720.52
51085.68
23977.07
42486.84
36757.77
22527.44
24101.7
24021.99
14714.28
16689.94
15738.12
23109.41
30789.76
27441.3
8564.108
14201.43
31150.33
14737.8
20750.46
52766.22
16671.8
25949.67
21693.77
26617.17
47970.12
20764.63
24073.27
26941.87
32439.53
41364.81
63176.53
45545.7
62601.1
26506.56
37796.79
22875.9
31797.29
17396.33
20672.2
34216.77
16467.76
32952.37
33086.42
32806.02
49808.85
24343.99
38027.75
69448.5
17609.57
44520.56
34349.35
23927.12
36205.55
34874.96
40048.96
37866.19
34960.3
30636.14
30410.15
43519.21
32645.29
53604.43
39634.04
37607.14
34033.18
13429.99
25065.11
19899.96
20697.27
28758.77
26807.31
19933.93
20785.35
25493.11
19772.94
17183.06
21426.15
15632.72
42491.43
25738.21
12556.31
18754.74
22587.52
31386.53
36475.79
25263.71
25487.61
55056.89
43254.1
23100.35
45827.22
34684.85
14448.87
27423.78
30231.42
22077.42
17282.87
27982.94
32540.94
44058.2
23828.15
36180.13
17352.3
22877.54
36645.2
36789.32
35164.46
20976.08
18233.3
18910.58
24156.8
27016.89
43928.12
39539.44
22192.66
23784.51
35628.65
33864.34
53362.59
33608.24
35856.26
38352.62
25597.73
26027.05
42640.53
27015.72
15949.34
26630.03
32986.34
24767.47
41903.52
27318.9
21550.19
34217.19
32879.45
47690.58
43855.48
61546.56
30552.06
37736.27
36245.73
38796.73
21177.39
33663.72
36217.2
28555.51
32361.95
41437.02
46396.72
52677.06
36888.01
38860.91
57826.82
44643.14
25302.7
41251.66
40610.02
52908.18
26539.05
29326.46
26513.79
38751.5
40711.14
41045.79
40536.34
56899.09
47227.97
38887.04
20608.74
32684.92
30695.51
24699.37
44577.03
32532.08
20173.16
39506.03
52715.96
46370.22
45682.66
21124.7
24074.18
58350.24
34028.47
32565.37
17253.45
30850.9
30347.04
23875.31
34376.59
23523.39
30957.27
28039.47
38746.99
32223.5
47958.29
26988.56
30554.35
22151.88
12889.37
23867.51
17114.26
14202.41
20287.99
27233.92
33070.9
25407.44
11879.78
16449.02
21859.29
13594.51
37701.35
22601.83
20275.87
20349.99
33728.31
33658.17
29982.53
27116.85
39115
44343.72
45343.45
43837.62
41704.95
33723.67
52923.6
67344.54
40324.97
33389.81
38292.97
36876.2
21634.95
30303.93
47378.47
40148.48
28206.16
15720.3
28925.62
18420.93
17779.23
32888.32
25923.83
34805.29
45640.89
21274.74
41971.35
32155.65
23594.93
19295.2
28680.05
10669.41
11534.39
16274.17
22339.68
35822.79
13788.12
21356.31
10510.26
17544.28
36176.5
41907.31
20126.99
19678.59
16273.91
24271.67
15686.61
24150.82
19672.42
37113.47
30078.06
22780.12
53294.38
40938.73
41085.42
70116.63
49039.37
52259.87
54714.46
48998.06
23567.97
46279.44
55446.96
17575.39
27478.3
25867
14146.42
21610.26
17727.09
26357.92
28074.38
32428.22
49664.59
30948.56
18524.16
18351.74
24657.45
27672.96
50762.61
16803.54
14800.52
17178.53
14196.94
27372.68
12243.23
21497.03
30298.83
24964.52
33955.2
26402.43
30610.66
19823.42
25496.06
35250.76
38127.06
28578.42
67064.12
19962.34
25959.37
30571.82
33673.1
28974.32
25078.46
16818.84
24621.57
34304.66
32015.92
15411.03
35840.28
54987.08
43572.86
23784.22
32173.45
30011.9
55397.9
66735.16
64168.08
55369.57
39069.5
54442.86
32390.93
23283.1
30727.32
29644.03
20960.4
35780.8
29152.36
46499.99
47278.38
39865.73
41018.86
24164.97
44688.35
38656.31
33524.34
40295.14
61875.04
26976.21
39988.29
21683.38
19370.59
16867.03
20243.82
16101.36
12326.72
17879.28
26363.04
31748.1
34526.75
43869.76
44493.19
28542.13
51413.34
27741.65
35763.27
26039.73
22936.14
30867.34
19218.83
22218.94
43902.78
29856.25
42987.73
44487.06
44856.23
45096.41
39952.99
41830.49
40264.51
19100.41
39082.69
33990.89
44686.41
57323.99
32550.5
43232.62
42700.99
35488.04
32925.3
17830.22
11652.92
35481.02
31876.47
26384.93
18197.73
27874.99
34655.55
21456.44
33492.69
62764.87
33803.28
32503.61
47144.6
61653.79
49869.22
37833.91
66108.55
45080.38
49807.44
34536.73
33208.21
32298.16
32802.13
32624.46
19929.17
32013.76
19424.09
48182.81
17194.06
24504.33
35476.26
43706.5
30772.97
31116.56
25418.96
27411.87
15886.95
26495.57
19844.87
22507.76
17248.92
22007.48
19141.08
43872.4
31769.39
26012.51
15588.12
14554.51
23443.88
30622.2
22544.3
22506.2
33876.69
37676.96
46094.72
46581.11
61261.53
36326.4
35721.4
27738.18
36066.8
12570.66
24205.87
24421.44
31002.29
28044.86
15504.58
34953.75
33602.7
9880.817
19804.69
29329.25
32075.37
31766.26
28478.57
29398.63
19829.33
26401.24
24765.52
26775.83
32710.9
21677.74
72567.14
20659.87
29812.24
32431.88
31384.01
27997.8
17181.63
20537.3
22049.51
17895.19
11047.19
16162.56
28652.28
27072
38739.05
31463.88
25588.92
30197.49
33042.42
34244.2
36767.63
27917.4
48523.27
20811.25
11561.29
28212.03
25518.24
35194.62
37542.92
38795.29
53841.26
23129.88
42916.04
29724.95
44171.45
47614.52
60578.73
27667.65
28715.3
36668.84
33836.74
45853.05
29115.55
30344.51
23498.2
21661.69
19385.47
29448.2
39276.96
29498.1
10095.75
17912.47
24147.42
41066.08
28474.03
18139.03
30139.93
42216.87
14127.66
23524.37
20620.4
19643.63
17230.51
16995.57
28674.1
16897.57
16180.53
20223.43
36432.8
29054.99
22724.46
23913.53
29250.46
35001.65
40077.87
36539.09
29289.26
30254.23
39647.47
18990.74
22218.98
22278.07
41374.46
45866.65
48124.5
22907.46
70356.25
31680.79
21719.11
56222.4
37418.38
24763.67
37186.72
23529.08
19045.63
20855.95
21866.77
52208.05
30013.86
42951.3
20842.94
58567.53
21778.55
71517.16
20337.06
18258.84
23231.12
44251.23
36169.76
28693.59
22909.63
30172.73
26562.57
25490.94
40247.56
38837.98
20170.58
43637.48
18131.13
23546.56
64584.76
15433.83
15588.99
35621.25
19260.52
29205.14
31284.37
17581.3
14662.67
18220.35
20228.42
22149.24
39723.19
48602.92
26533.21
34539.18
27118.19
33880.58
50495
54173.17
39880.62
43923.14
26246.85
61576.99
30136.36
24563.59
32159.21
27345.78
38882.36
32723.32
24566.64
13748.29
22129.69
50285.65
36657.7
32111.06
17943.43
25355.03
28376.18
35859.69
38671.6
27655.6
20444.88
16045.35
39148.58
31992.12
30605.54
34508.89
33978.65
38440.65
51999.64
63729.86
33552.1
34905.48
41452.11
55072.76
31454.2
27418.57
17688.86
15499.99
28063.22
41993.86
32313.37
21196.61
38464.34
19833.58
21014.14
27223.77
47969.36
26776.79
50736.89
35626.98
40724.11
18438.52
26416.9
35305.9
40796.53
23558.14
25069.98
17902.19
21714.85
23984.31
14315.07
13790.98
15192.52
37487.81
21225.41
23447.02
24483.36
19868.24
37627.67
36780.77
43642.27
42589.74
41620.61
29580.37
12714.08
15037.11
15215.85
16434.8
11961.28
30281.67
43057.11
21564.35
35331.85
52635.72
22623.93
49451.56
44675.64
23432.25
17810.76
24913.61
19623.69
41871.28
36419.18
45315.36
54992.26
37648.05
43814.75
57292.02
54256.17
33957.86
24584.23
25030.08
19423.12
26135.5
28941.59
20471.13
65509
18693.46
28919.63
39575.49
43691
33878.66
47012.55
34310.19
46081.09
47275.19
37275.18
28629.89
33978.55
44325.45
31597.78
52110.48
65005.39
19873.99
33614.02
37936.69
39669.05
37718.4
28002.45
41410.24
44071.55
53397.03
23619.97
31235.47
29285.97
30650.76
61482
51186.34
52831.64
31348.32
21890.49
27236.71
35134.49
21838.27
10965.14
15900.57
28524.02
18475.24
29945.38
10206.33
20939.45
22236.14
24409.93
25486.63
29256.92
32763.39
46275.41
30333.29
25462.07
37894
31792.03
25177.89
40031.32
46234.36
28413.42
31153.26
32674.75
27979.77
55948.21
40079
51123.32
40090.07
42847.35
51324.83
41828.25
37114.31
40231.83
41276.23
29826.48
39082.75
28523.78
33104.12
36839.52
37372.86
64371.28
41972.13
40167.93
59624.82
47881.94
43415.41
41834.97
25682.01
21994.44
34168.08
40001.27
66755.62
37608.79
25989.76
29081.53
22571.03
22489.15
25985.52
66783.23
28155.27
63399.99
61298.28
63004.25
39231.51
44719.65
44218.24
54326.59
36520.53
29432.96
39448.36
49382.1
33710.59
39074.82
44216.39
42466.48
40664.15
36620.38
33581.17
55377.81
41209.67
41066.7
57171.13
46919.38
26458.4
24027.08
28448.7
21100.38
33708.62
14807.67
20657.79
38602.43
44293.96
29499.71
35491.65
16134.29
32982.27
52054.06
35261.6
33441.17
40613.86
25300.25
25387.11
37013.41
42681.9
52380.8
31519.58
50361.63
42152.13
56389.81
52875.15
32156.38
24490.6
23378.68
25584.6
28580.55
25919.72
27079.29
13525.47
29312.91
24100
27528.67
28383.86
39988.09
40034.68
55954.77
19293.4
12037.53
28877.66
20685.95
23540.78
38146.45
27234.39
25547.38
51719.64
22461.21
19669.38
27613.3
20161.51
63428.9
28976.27
38929.1
39287.87
25258.79
36425.32
37306.55
34819.96
54149.49
30354.93
22525.55
26167.55
50256.97
29018.02
21166.27
27032.08
25164.48
15503.31
16265.65
19555.41
17251.48
19814.26
51683.42
42301.81
86496.83
32514.04
27145.8
57373.25
78308.71
35545.85
58469.45
46392.51
28786.86
45458.35
27246.43
45591.35
35994.52
25024.91
44313.84
26010
27760.71
22053.05
37111.9
23751.26
50852.26
28951.57
32048.82
29382.81
48604.29
40707.85
36428.67
51634.93
66040.88
56689.72
40523.95
32198.82
26982.13
15274.13
56888.81
17583.58
23803.17
45728.79
38479.1
20425.49
29249.97
22180.93
37310.85
44120.26
33981.17
33357.92
19218.67
32792.91
27263.18
22353.97
25606.23
45599.89
41959.99
41920.87
28548.19
42050.46
51566.58
36416.79
42062.95
44034.3
40855.7
27516.74
52988.83
35696.83
36861.15
47207.54
28159.36
42515.15
58374.64
36544.33
62938.53
47451.27
29962.7
39438.88
63132.72
30163.57
53403.77
29395.33
28626.95
38123.93
57290.02
34004.7
28517.58
22316.94
30365.25
35684.21
40012.47
36851.3
30881.86
47659.86
32628.05
57076.63
42094.07
30976.73
42499.29
39573.14
49917.3
45976.44
51696.08
72673.8
40725.64
30930.53
62189.38
41993.51
33629.54
44225.22
58923.03
22234.92
69617.14
59244.17
67406.53
52330.27
45836.74
53835.2
20917.45
19236.4
31062.07
29356.84
60243.11
51582.12
31192.55
43214.55
41648.1
34592.71
35458.29
37634.47
36653.46
51410.04
37052.25
43612
51860.95
47938.77
43893.06
29435.91
50524.05
29196.52
50020.42
42150.35
41206.95
53280.24
46621.14
52847.13
51787.68
47296.66
40014.65
44899.39
58086.88
51731.68
57011.86
36592.28
49426.28
24776.72
47278.86
29799.43
32635.88
32425.5
19950.3
42439.56
23926.56
23536.59
30036.58
40306.94
15887.23
34541.98
20455.53
12474.99
22230.05
18313.47
18222.71
27675.9
34305.37
33312.08
49631.9
14521.94
14881.66
20192.89
16615.1
17088.56
51102.84
49694.32
37623.78
24296.86
29387.68
51153.69
26819.58
24910.87
22417.85
34786.77
26222.01
38595.38
27942.44
30415.45
21021.14
58342.48
28985.04
29149.04
26757.51
30580.37
20244.92
33829.53
22463.62
22493.34
31755.34
24296.65
24106.32
23270.04
27542.2
33078.24
37207.39
43022.59
20509.39
25525.91
33025.39
44905.04
16827.1
22393.43
35243.21
58354.94
31461.91
55245.95
35793.9
36798.18
38245.42
28742.67
32174.84
41435.38
30976.16
42416.68
36776.1
54017.65
33396.46
40454.54
39518.47
28171.67
50991.56
37881.89
48740.99
59531.29
41944.69
29273.77
32778.39
49900.5
48861.66
38131.57
52047.97
63154.16
30601.23
40558.65
47064.85
43045.59
46060.69
53026.69
33634.46
37451.74
37428.05
26847.23
43374.71
39931.37
31085.06
43507.69
37015.73
72467.2
45939.31
31074.46
54571.23
71916.69
40184.56
26517.66
58163.83
43508.88
43679.01
57476.34
30191.69
41403.05
50188.83
50809.57
32958.48
50176.52
28805.67
46333.06
32969.06
41546.88
52561.83
38822.91
38480.8
27314.01
31494.73
37994.63
51148.6
50171.71
24335.06
37039.97
26504.25
26526.49
49992.2
22667.08
40643.16
44859.12
41144.79
37119.26
39926.66
23427.22
20372.32
45043.36
14561.47
24410.51
24692.75
28352.27
27258.8
69515.42
32441.35
38896.35
42336.08
31025.43
40703.55
23400.15
45186.6
38926.15
33612.5
39229.4
52660.27
20720.26
26884.43
20228.85
29986.4
30465.28
31908.98
35573.85
31241.33
35511.16
48479.61
21940.19
36088.12
50701.26
37415.11
57173.05
41627.33
27724.35
39518.73
25457.4
36987.03
22327.96
51980.33
59744.31
32876.33
27326.44
42490.14
33206.67
17006.69
28846.08
30440.3
20059.46
34759.15
39399.05
26780.26
41240.36
48184.33
27391.23
27443
41846.85
30591.86
41197.24
32451.73
46330.84
41494.33
33710.67
30004.53
31424.05
36669.68
33068.92
31414.91
27990.24
24446.79
47715.68
22158.49
34186.41
16726.15
32205.7
34832.23
28429.53
28150.7
46678.25
30668.06
51683.96
50708.85
45915.67
29074.64
45138.22
54969.47
39523.81
41058.83
72197.64
39936.24
26895.13
41203.97
35299.26
20986.2
40346.97
48005.21
28068.47
45227.29
23991.59
23109.35
32179.22
41849.97
40517.93
30607.84
24963.69
40948.09
35968.61
19734.44
32302.9
22410.76
26440.96
31061.02
19802.2
54046.3
27900.42
25421.75
29764.32
33372.98
33023.76
36312.49
46091.37
55407
39376.45
40517.89
29251.62
38464.01
34732.04
24021.56
39516.84
30727.44
22842.31
20153.65
28303.87
22061.07
34669.7
49377.54
53239.85
42510.55
38531
10926.73
21651.29
27873.3
17002.11
33136.8
35929.83
23701.42
30040.88
32841.78
25833.68
26412.78
19993.18
32985.88
31765.94
12426.75
22082.85
28744.33
36051.77
31908.73
22497.89
27889.1
16375.29
22187.6
13514.11
39072.81
30507.75
30413.29
18804.15
30603.71
15096.19
42962.9
77170.23
27213.94
28333.71
37625.4
46556.61
54250.85
42534.2
36021.91
28119.24
29025.08
26520.06
48567.61
43225.16
40706.71
22072.76
24358.36
19915.43
40694.86
27179.63
19081.29
51627.15
23505.41
22114.89
40652.33
61613.1
26035.76
31786.33
24647.08
29643.47
23289.44
27409.41
27391.89
30643.65
43755.14
34887.98
35828.95
17233.63
29030.68
34089.87
30278.35
26643.33
26305.29
14453.34
19172.32
28945.93
35185.05
38393.5
47628.23
23537.88
21083.29
31666.48
38314.07
48818.07
42800.16
55979.25
40965.82
38895.66
51323.64
36558.31
43376.55
29004.53
28166.49
34398.25
36237.83
19020.58
21021.38
70517.49
28258.05
18317.98
36397.79
42087.16
79205
30759.54
24884.59
44229.74
23930.63
27227.33
36073.72
28570.7
50626.88
66449.88
44414.24
38695.31
40711.67
31654.58
45906.41
50410.98
31529.03
18898.51
33506.19
27915.82
23019.76
20855.19
17271.25
29102
36043.05
32241.92
14787.44
32990.71
36523.14
37222.62
28559.94
25825.13
21481.26
26113.98
44782.89
28269.15
21225.4
19377.36
34724.18
43126.54
10579.96
14950.85
24678.97
24485.33
55293.11
33818.58
33325.48
25198.86
28501.04
31503.15
32110.5
38967.21
43963.07
21050.44
20541.39
24661.13
21455.63
31614.13
16597.64
22580.41
47444.9
19073.08
26942.7
33044.63
40423.87
37935.39
12826.66
29567.83
32214.06
14336.74
31585.51
23223.21
12919.47
16124.56
22397.05
42571.88
30198.35
28738.91
41844.53
33214.27
32342.69
31917.79
43784.41
27686.5
33729.77
32541.45
42870.99
20578.99
12549.15
14966.31
17044.4
19769.9
15101.19
27109.91
33288.35
26684.29
16555.31
30678.29
28749.09
25956.77
32207.39
38430.78
46358.02
52212.25
25842.84
16495.42
17300.55
26714.6
23866.03
24890.81
16706.95
31976.12
21865.2
24843.18
21811.21
19680.03
29122.34
20574.43
32286.45
38274.28
57980.96
50229.66
36777.82
33913.7
16734.74
17282.92
31404.43
34637.31
30661.24
63445.43
48950.27
47409.34
61049.89
34337.5
26418.75
31508.92
38450.5
25045.62
53117.87
36336.87
35806.54
28272.14
35790.33
24701.35
9825.954
15343.8
16157.19
43667.78
49732.22
41811.23
50228.15
32202.24
35826.46
22464.3
58938.81
40646.68
42637.36
37310.77
19706.84
24305.98
31927.64
30213.95
59088.52
62379.9
33291.05
22994.75
29044.47
33281.14
15233.06
43752.11
33314.83
21748.33
15585.5
19217.94
11077.23
21869.89
21611.94
23072.49
24608.62
29070.41
45238.46
31430.28
28942.37
31861.28
55003.12
50692.22
31059.57
32700.92
42922.58
20157.34
29333.4
18944.82
21038.04
54078.53
18954.31
22536.29
17891.73
21028.2
44209.1
19298.58
27662.24
34814.71
36519.07
22709.46
27769.17
42199.89
23152.46
26576.79
32843.97
35828.01
68457.49
43932.54
24812.64
25730.65
24738.4
26135.5
19867.47
33912.83
32946.58
28156.32
26325.36
16510.01
37639.04
31019.85
22168.35
26794.98
17963.2
34988.16
33008.32
31605.45
21071.48
30531.42
19374.79
24580.11
35362.17
14017.72
38207.04
31777.51
57815.52
21809.39
29973.24
19944.58
30885.29
21805.53
19316.1
14009.34
20036.18
47174.53
16912.81
15704.38
32422.17
24413.4
29777.76
25125.71
31517.56
38652.64
44844.61
26002.84
28353.47
54884.68
37756.02
42195.8
41932.48
30491.54
31481.86
45288.9
48096.12
43371.86
32117.73
32555.36
40492.46
55074.25
51507.07
34157.81
39885.7
46755.5
40871.01
44171.9
35344.98
49053.05
61152.05
37995.51
40964.02
50461.52
46175.84
55070.43
30020.17
69550.11
33996.52
39693.1
34905.44
38694.86
43348.94
26810.54
31242.34
27140.51
18168.57
27644.77
12137.64
20181.4
20353.44
41348.34
38938.69
37758.36
32849.92
27120.96
22627.84
27487.57
37146.24
23797.21
35914.33
23742.99
23189.84
53230.56
43513.75
13705.64
20282.7
42000.61
32414.71
40538.65
65469.68
48796.07
45012.22
41509.58
46732.12
36125.5
27686.43
34664.42
28484.16
42062.91
22921.06
29228.74
47448.46
30383.67
32371.11
39606.31
34668.01
28278.53
40651.36
30180.64
64253.38
57479.94
40124.53
33944.48
40297.6
40546.64
35117.51
35262.38
35055.83
42829.96
33040.79
26220.65
32956.84
22923.69
20786.31
34585.32
26763.01
37618.94
31573.8
41852.66
31675.44
45931.08
33135.71
30806.86
22251.92
46620.58
26981.32
26262.19
32186.08
26621.6
38711.19
35546.46
28573.96
39668.17
24741.57
16018.13
24483.34
22697.98
22039.24
12559.65
28052.38
21617.53
20102.53
23080.14
15975.07
30483.93
33880.53
28193.5
27495.07
32359.83
39447.38
51761.53
24615.93
16575.31
23716.53
18133.76
42149.87
25623.98
44347.83
31218.78
30925.41
20359.28
16351.96
19243.96
14068.93
20252.45
19417.9
14852.85
10311.35
9753.454
21395.9
37886.64
34781.47
25552.46
25634.42
17346.99
27040.17
17843.29
16342.51
22212.88
26138.82
20666.92
30110.37
26371.33
27591.24
29832.05
24547.39
22896.31
18888.86
24301.27
29837.35
35771.68
32486.03
36908.2
25020.32
24238.93
36438.56
45845.07
38798.55
35193.68
23111.42
27777.75
16681.1
26391.73
12455.82
38185.57
23315.15
24376.59
24756.37
50262.38
18253.33
23131.38
35406.45
13943.59
34390.31
35507.76
30588.75
34708.82
37226.02
18800.67
26972.02
20956.05
21642.9
29013.51
26476.77
25235.42
12872.16
29351.61
36105.74
29729.92
14156.17
18341
15212.65
28090.91
35740.38
15995.95
13801.8
25714.05
21423.06
19397.67
27888.68
26420.81
20334.53
46236.38
17403.99
33095.31
23286.84
40898.37
14329.97
24357.98
41858.85
28571.77
24458.65
26762.1
29339.43
36640.47
18572.12
25887.42
39666.08
38146.72
45094.16
42163.21
20961.46
26081.43
56233.47
66720.35
24172.97
66805.47
31459.26
29702.62
40091.36
23946
26916.13
17147.78
23616.71
14689.96
48341.3
50752
37962.85
45353.08
39207.08
39068.29
37056.27
43094.61
45527.06
20356.27
24384.01
22956.58
41045.24
24152.99
40658.54
35038.22
26690.57
10395.47
51495.82
13772.33
17118.54
22225.92
23002.16
34761.57
32960.19
20512.33
13375.45
21227.84
34920.83
40057.7
22931.25
35624.58
64966.9
36437.19
47281.97
39840.25
43642.41
24333.61
41247.53
63457.5
42218.99
38037.29
38914.59
73713.64
66321.12
57233.13
59494.98
42072.38
43432.48
18927.49
41681.82
53307.01
37186.76
30494.82
41955.1
32231.92
24359.03
23618.43
23923.79
37081.37
28558.53
32637.7
41913.54
57808.08
57371.82
21420.28
41618.29
34708.47
34142.73
30967.58
60438.86
20092.58
16856.79
27433.72
27764.42
15703.4
19520.82
16429.17
26974.16
32832.13
30876.11
24046.48
29303.5
31052.38
22884.55
18701.14
31544.07
24374.52
8436.423
20219.05
24204.45
9259.769
26298.29
19257.07
29679.54
22862.43
18811.69
17165
45309.48
53531.07
40321.04
39687.69
38673.83
22825.61
21076.1
27604.97
34609.36
7832.359
10709.53
20718.79
22271.2
39892.13
34418.38
29826.33
30755.96
16599.64
41638.73
45063.42
40476.22
24980.27
37214.89
26851.47
32248.4
24949.28
25579.68
27629.28
81515.77
26574.02
24334.24
51709.08
42029.51
34889.42
52349.63
42927.06
50515.97
35300.28
51327.48
36094.14
47703.82
20079.99
35054
39434.73
40196.09
28125.58
35334.81
45487.23
54091.51
24734.61
26044.39
36442.15
16890.23
9669.035
17137.24
34967.95
22310.79
31716.78
29631.57
17321.16
22462.58
28924.45
22066.09
23570.71
26068.37
38178.15
35695.34
41469.8
20863.96
27544.8
52469.37
25384.45
35864.64
31549.01
42013.61
27372.85
12130.12
24584.99
21303.24
18942.12
34440.44
48479
34633.92
15892.06
50161.4
21015.37
18636.94
11455.27
33605.84
29205.58
39359.17
39904.85
34028.68
28112.45
19082.87
26330.92
26674.38
14547.49
22749.13
23191.87
25988.87
26476.17
16664.8
19610.66
36761.81
28485.91
16340.7
30030.07
25020.67
20136.84
18381.89
28439.17
18312.01
18607.92
26305.47
27546.97
68440.49
20300.54
35199.97
51585.58
20715.67
19602.78
19301.12
30578.64
33451.06
47505.93
34986.25
49868.11
46385.11
22264.25
40818.67
24504.34
39827.14
35135.91
27870.19
21357.31
48105.77
27339.35
26311.25
42135.73
16449.69
18280.72
21701.82
42215.19
30745.14
33620.06
26099.8
22090.05
19749.55
12395.78
38841.35
33972.24
61724.99
23942.08
36044.71
36888.11
18543.42
34339.92
25849.59
68455.14
24384.49
21428.8
40968.33
55906.3
30183.43
20714.75
22120.09
24607.43
29870.28
30579.12
45040.99
48867.08
40158.25
35825.27
26948.08
31983.99
37849.1
58796.63
23725.94
58691.64
39301.52
22977.13
22834.75
41130.23
18660.52
18200.67
17181.49
40138.73
38081.49
15280.95
15484.45
34515.46
41443.54
26546.48
21424.92
23753.66
52542.16
41350.95
38590.84
44688.91
31639.43
25389.73
35945.06
22704.98
18361.69
42962.77
23990.9
20112.64
23322.36
20240.66
22924.33
28567.02
52974.93
26966.32
19646.22
28389.25
27570.63
21463.2
41963.92
68279.8
59026.85
26333.38
13534.85
29110.62
30860.55
44356.94
28417.52
27869.76
36120.46
38058.48
40596.45
38832.21
50295.86
44595.29
41782.47
34393.41
28201.07
37184.85
19187.03
54204.7
35960.47
62454.55
31584.74
21968.56
41296.65
65222.18
25590.24
22291.79
20351.68
40496.81
40398.74
31728.66
43251.14
37232.98
30113.23
29141.55
24436.33
22183.78
23294.72
27306.58
44182.3
26268.25
15782.6
20014.37
12919.96
21430.73
16070.86
19849.07
25527.13
11470.76
38247.01
21246.26
25671.41
19867.78
25886.18
36158.19
26494.64
23714.17
27467.3
16353.06
20631.66
20050.15
25380.31
22976.56
34179.92
21142.27
25684.53
12084.3
26950.71
41441.3
37874.42
42631.92
25281.07
22797.92
49051.45
23404.9
32391.28
13220.47
39552.12
33525.69
38509.27
31424.05
31512.04
41941.48
32305.58
33278.78
47856.58
27210.37
38898.35
22976.23
15055.17
16094.9
31396.6
41651.66
45558.78
25835.59
21652.47
29692.73
26232.75
22878.18
44382.26
50353.17
48701.35
16043.95
22910.73
34382.68
16595.1
31114.19
14928.37
32012.93
26754.5
15568.54
41206.27
34211.13
36884.8
21393.99
33965.85
36819.1
47643.28
37357.58
27546.5
34650.93
30259.8
33436.11
72931.32
30093.2
25910.66
36538.16
23706.06
45686.64
30954.48
18902.66
38231.5
24276.04
37694.87
42053.87
18793.19
33383.29
20082.78
36470.49
23711.48
20930.85
23002.84
26268.32
39592.47
29212.59
16974.78
12166.65
24592.67
52691.07
34133.59
38347.53
42184.09
47099.58
30396.74
26190.12
42413.61
48209.76
33315.99
56205.89
43506.29
39072.99
70048.14
43659.08
24847.16
19368.87
30544.63
27485.17
13850.01
20082.46
12518.56
25371.93
20842.68
22985.32
19334.6
12962.4
34807.2
40553.75
36028.07
32423.23
30527.38
19211.63
33970.95
47171.57
30817.94
23163.31
21702.68
27595.53
30543.93
31044.42
19985.61
34716.59
15075.7
21776.16
22524.06
21416.58
28934.24
46024.82
56129.8
49176.57
45292.44
31890.59
43333.26
35669.96
44503.52
58866.32
52363.38
42850.42
43116.91
36350
34260.39
36367.63
33552.89
34864.85
51027.67
47746.79
34573.59
35857.03
39422.77
18946.88
20957.26
39227.75
54234.55
41464.6
24853.15
25238.68
24594.18
27372.91
26701.48
27463.53
32897.28
23193.21
24278.31
22735.8
20135.65
36779.98
30302.58
47068.34
43781.49
55203.35
21197.98
33225.03
50835.02
38426.3
39740.34
40407.49
36527.38
24437.77
45375.56
28405.5
24822.5
67614.05
59077.44
36439.08
41529.91
42332.86
27166.91
46668.1
14284.68
32939.63
28140.86
31011.77
17983.98
38064.31
27461.65
20309.89
24895.98
22877.19
19388.54
22011.38
24150.07
20709.32
31491.75
29490.21
31310.63
48678.65
26928.85
17574.05
17469.63
14700.65
31681.56
20204.12
72689.28
41119.17
43379.46
27436.99
29311.09
27048.61
33004.15
37993.25
49081.72
33173.32
19883.56
44989.99
23992.37
25209.01
16325.31
16088.39
34273.52
27687.19
17511.26
36106.9
55239.73
37360.11
33791.77
27532.82
38434.37
32195.35
16661.98
32016.14
54778.49
29448.97
38993.32
22112.62
27694.39
22759.21
36783.35
20814.83
22382.97
13296.06
21636.72
31362.16
30428.14
43616.75
25945.47
27591.43
24575.25
29348.07
18335.48
24515.53
37360.16
34827.39
39121.58
49677.5
37023.33
39828.93
36364.21
37481.11
17059.51
16868.44
14714.44
15771.7
16946.67
19163.91
22209.25
14842.68
8494.337
26607.57
20518.22
16934.9
16328.25
21816.73
23077.45
30525.96
40902.91
34169
21096.35
20912.78
42306.64
27849.41
19360.37
42197.95
49451.99
36878.47
26459.63
30500.91
34455.06
24642.94
49309.29
41914.81
25597.92
34682.88
55608.48
28373.9
40622.83
38974.74
39962.24
25494.14
18150.88
24009.8
25329.91
28225.76
32112.41
22365.78
22836.94
57020.05
42575.7
48615.07
65108.44
31393.27
15675.92
21843.83
19109
18482.24
42975.85
38207.16
46382.97
20443.73
29103.08
33141.22
26101.65
35611.33
32478.82
22801.87
21474.12
29654.54
20848
18786.52
35245.73
32193.74
17916.62
14623.69
25243.04
33002.71
23559.02
19623.78
49493.18
12000.16
18209.05
16167.39
26654.61
27335.08
16110.33
36482.82
20886.12
45230.81
37802.01
35042.34
29677.9
34090.26
20237.32
38635.37
15790.04
26484.42
20990.32
43036
23976.36
25528.3
29710.52
19892.11
34405.49
54172.29
38238.71
27512.68
38850.51
28169.28
34891.69
53951.39
52696.46
30454.47
18659
29205.23
30225.08
41450.16
48817.89
41199.59
29789.11
27877.69
26088.46
22977.96
22109.9
14991.03
15225.88
20932.07
18400.37
15729.8
29869.2
28257.16
14891.31
30616.54
30894.27
35206.47
25975.49
21020.31
21375.92
35315.61
19790.46
30040.72
16996.59
13356.16
10556.9
24279.22
46151.67
20618.24
40025.72
29041.48
28908.14
26914.65
46923.96
35078.28
39735.95
43504.82
26325.94
47494.23
45718.28
57678.1
36862.09
46521.61
39095.78
31926.98
22002.14
29850.56
27198.22
18646.28
16114.03
28923.75
23470.19
36122.66
34118.95
38384.66
28377.64
14568.85
23383.67
15885.93
28135.37
32024.53
19258
26522.09
38015.38
52627.29
38093.33
43730.36
62008.98
33761.15
32399.07
42917.34
47232.46
63664.55
34375.62
48847.99
36230.18
34014.16
25027.93
24777.72
18997.08
16784.82
19093.37
28692.54
38650
38506.01
9629.786
12831.4
19507.13
38531.84
27710.35
10878.55
27493.79
18865.19
46938.83
28658.72
28827.26
25289.79
18821.37
22696.01
15189.79
17284.15
17368.53
15109.89
46161.61
24926.8
32494.09
38675.38
29539.16
45498.28
27049.57
38443.41
31480.59
40082.34
33351.03
38495.56
26017.77
31059.01
26195.55
25411.5
12095.19
24802.96
24345.84
30628.77
48554.76
22499.32
13152.93
17101.56
18614.03
15675.4
13992.53
20622.83
11138.02
21522.13
22545.99
35006.63
28564.16
29072.68
48885.66
24794.04
23282.73
32044.22
31688.18
50979.77
60784.29
18867.11
25928.7
29786.67
48817.65
17700.56
26438.57
17826.17
14636.18
20766.45
12918.32
23507.59
36805.21
47631.76
25239.92
51512.29
56584.38
65296.53
38306.51
27001.92
17291.07
33083.16
30836.74
23839.98
17101.78
41424.61
50932.75
19274.2
26342.21
27599.03
50561.72
26602.82
56397.84
35138.61
29789.43
31732.03
40472.67
20041.24
13011.59
28330.24
50523.56
43044.95
29682.32
23754.98
20476.14
22143.5
29437.31
42281.96
30442.6
35405.95
38045.71
26168.36
20752.25
10463.27
35056.06
22011.15
32503.96
25219.75
27588.71
19031.97
42403.75
28967.54
30188.93
32052.89
88559.08
38759.62
34136.92
36355.09
33865.34
45297.97
44254.88
22261.2
55254.05
33410.05
18226.35
15568.62
34378.56
26543.97
15859.63
31522.31
17769.63
22329.41
13097.12
16540.8
20274.92
9656.215
33091.12
28043.48
42948.37
33135.74
40202.95
49657.63
59374.27
44042.46
22748.29
24383.71
20633.14
32317.94
24293.76
45675.86
30354.69
31779.63
47483.23
28582.1
36948.98
43710.68
52318.04
48591.73
38074.02
42373.35
50648.34
46330.35
30161.88
34925.11
18814.09
41503.72
58347.32
23109.02
35501.72
39248.65
42625.7
41265.27
45779.92
80790.61
57751.84
30470.81
47766.27
26268.38
67274.76
39871.49
36754.41
28123.12
31361.2
61998.19
37958.08
35800.2
36679.04
45171.26
28412.74
56582.9
42393.83
41790.78
34241.85
18615.85
14445.3
24185.39
34962.47
37327.94
45617.28
31586.51
21169.83
21533.21
33536.9
10445.92
20461.05
17776.72
12821.74
28288.76
36351.71
29754.18
20163
24674.43
38083.04
52601.47
27072.62
31700.8
22121.16
18304.27
30886.41
31136.72
34465.43
45297.33
35435.69
19427.9
37887.32
16010.95
19224.59
53797.98
28585.27
36192.58
40963.67
37239
37407.82
16750.83
39071.14
23238.39
36895.23
24465.99
14582.58
24077.99
19323.14
24457.97
24812.19
17489.56
20140.85
26747.43
22241.71
27349.03
65798.02
29190.55
29658.12
31575.21
13108.48
25555.07
15397.8
18654.18
28117.58
32563.85
14800.75
42226.17
24401.19
32199.36
35780.34
30447.21
33432.94
47332.23
47549.17
57490.97
39861.21
46384.06
32229.69
42860.76
36413.12
25689.78
33394.23
31304.49
30691.18
25438.49
38125.99
16264.35
30855.18
24298.71
63244.54
20248.67
12793.81
15012.43
38125.67
32740.75
19436.55
36950.43
33372.56
26366.67
24768.97
14705
27942.93
28707.53
20428.76
20985.79
15680.06
21690.68
23177.39
29866.57
30122.89
38452.53
31787.79
22494.02
20419.27
19323.8
19062.82
34069.43
35870
31415.1
31760.88
47144.21
35713.43
20985.34
62089.54
38504.78
17427.35
25125.8
26952.17
18768.25
26167.25
25241.66
20878.27
24757.68
19167.81
16334
28497.4
18074.04
20375.13
39741.28
32401.38
38721.76
31833.89
33264.61
28621.81
40449.13
38724.94
33126.68
27361.88
69095.03
27425.57
24638.15
27017.29
22114.68
20568.33
27238.64
20888.89
25381.15
25141.11
16053.41
10113.23
12438.66
31942.36
23416.31
25342.94
23727.44
37512.76
18269.46
14475.24
23073.91
29659.73
56462.25
27069.64
46808.5
32284.17
52077.81
32359.14
35528.51
43807.72
41957.49
35528.58
21324.28
27975.39
47894.55
30222.6
41812.04
29044.93
27678.69
19632.99
33615.42
18803.23
22929.71
37788.42
26214.6
23539.06
22353.91
14924.3
16672.2
19634.9
25605.8
17847.82
11284.39
24790.58
28950.42
14346.2
17560.38
27309.85
19714.69
19529.04
10374.58
15515.63
24452.72
28687.67
19810.51
32321.61
33996.23
26346.66
52868.39
40735.4
35750.5
43669.85
51940.07
66970.15
28730.33
53728.07
56111.2
29615.13
45284.82
46838.37
38341.38
36817.86
34650.85
60432.57
26579.99
42546.09
28610.62
42388.73
40302.77
20398.6
31344.63
35400.64
29022.21
28297.04
36920.31
35934.69
33672.34
61287.46
44570.53
42502.95
48917.17
19741.04
37412.77
31425.11
24765.81
24258.17
55644.83
71966.98
29009
34557.8
30906.14
24816.99
27776.24
19853.78
29408.17
22213.8
32139.3
31087.25
43784.35
41742.32
32353.41
32419.39
38204.1
33937.97
20550.36
14076.84
23808.32
21550.38
13766.42
48491.72
40988.43
21605.11
32588.97
32357.06
32329.06
46251.37
20465.57
18168.51
16487.67
38503.03
34576.8
34192.35
32184.19
44985.44
40566.2
52768.17
43811.38
61066.24
36995.31
21279.63
49098.1
34713.35
47954.55
38521.04
47500.15
32023.29
55080.08
26354.58
36668.47
39852.57
21823.18
12667.43
23375.96
25051.24
34027.85
28305.69
30999.26
37183.05
26860.17
20221.24
41743.05
37210.3
41739.58
27398.82
17920.79
22886.46
34349.87
39113.33
22906.64
29760.82
28476.15
34490.69
13285.71
29290.43
14739.05
17483.87
20505.83
14456.75
26671.48
25663.04
25163.76
55684.37
44485.22
43229.6
41323.65
42745.64
41839.1
38675.07
48802.13
44652.88
37252.67
26196.86
32516.34
19517.08
42661.13
31625.89
24944.91
21349.92
52820.92
36443.38
32592.53
30319.33
41931.25
46884.26
32889.82
31012.53
21123.5
51630.49
25583.21
37192.82
38095.21
36694.01
36781.8
27604.93
39128.85
18256.63
22830.95
21273.02
41973.64
10954.21
12768.25
12871.89
15977.16
18000.46
21305.34
30276.78
20226.32
22687.12
16900.52
21405.68
31488.43
11706.59
23006.46
24744.02
28136.45
30794.84
37743.09
29859.71
26057.84
43447.61
51459.52
34706.92
39959.44
28727.28
30383.59
27903.34
29017.86
19516.5
22151.22
23975.94
29743.8
19664.12
35762.64
40868.21
33180.61
33692.36
23879.82
27014.24
46757.3
23270.91
21521.62
35457.46
33070.48
24093.81
36823.53
37768.49
52983.1
28840.77
27995.5
38195.12
37231.84
47638.55
56381.21
16659.32
17498.26
20464.24
15687.49
13481.45
29393.37
19325.95
27130.3
21604.4
30502.05
17556.21
21671.8
26048.35
26725.26
18949.09
24136.64
23117.25
35882.5
35908.89
56215.47
44146
17099.26
31122.53
43036.23
32583.45
30394.71
50341.2
38466.03
46389.58
54911.64
38878.4
31710.72
31999.17
81513.2
41106.97
40295.12
38442.1
49827.29
54147.04
26683.95
21451.47
16691.82
21304.79
32113.31
21604.36
29704.6
17379.12
20449.4
20148.36
25268.81
43839.77
14230.17
14958.94
33011.68
17842.56
20451.93
13257.68
36142.84
37219.66
37089.37
25435.14
26624.13
30554.27
27187.29
29424.57
30164.32
37951.87
22527.23
20865.78
20818.81
29506.71
46198.4
29049.86
28276.02
23571.96
33010.6
32679.61
38880.89
40053.27
32924.74
24372.06
12093.25
28347.24
23163.31
17374.26
20176.08
17757.38
27146.1
18184.05
22629.32
29013.69
32422.04
47152.52
58541
21158.68
35356.67
20045.42
33460.19
60372.25
38595.51
38220.64
30723.79
30909.14
48631.59
28778.13
53051.36
27823.97
22529.2
26656.12
31864.31
21506.07
33609.68
49224.11
41210.55
23172.8
15284.18
20290.17
23140.58
15235.67
18175.5
39508.07
15875.84
40321.01
18554.59
34471.67
24947.81
25833.91
38515.68
33914.9
42664.02
28488.66
24713.19
22263.78
35181.12
20353.88
14574.67
21948.44
35050.18
31235.04
19694.36
28884.28
54632.41
66145.71
46210.4
37489.84
37953.37
26731.15
20421.9
13767.09
21019.86
14882.09
24655.65
14237.88
34986.4
21867.23
23036.94
40054.72
35925.08
41788.2
38913.62
27553.13
27305.31
19835.91
32219.76
59120.78
36657.18
39701.33
60556.17
27953.58
49927.95
47324.77
31544.74
35533.6
23965.93
33429.19
31877.04
22908.03
25074.38
10577.87
13723.81
23643.91
25305.59
22289.09
24998.14
26662.03
28416.09
28130.95
20876.76
33111.29
46055.77
34238.4
27179.09
24399.26
15206.34
24395.2
47100.59
32188.01
32361.38
27434.02
17050.71
19257.09
26610.15
23311.26
24546.86
37854.53
29876.27
29887.88
34959.41
15223.4
23920.1
18729.31
26804.9
21706.36
22462.63
35140.61
23669.31
21109.48
32045.8
18899.44
18977.37
23014.24
12554.46
38388.45
34277.84
38262.79
29728.58
24375.79
36354.85
37724.54
23737.84
38124.72
27016.39
26225.45
29298.85
22828.99
23816.17
22481.66
17578.88
28747.18
18859.67
33829.62
22389.5
32288.74
56558.36
34453.15
23562.56
19169.83
17015.47
30644.92
27879.11
25568.44
37175.68
15047.18
15545.9
10271.15
14900.94
29676.67
17707.12
19706.34
25061.32
28889.23
38473.39
42786.85
39930.26
33285
60563.65
36950.78
39101.47
36405.64
29776.76
21859.38
21356.87
27115.99
25820.24
16345.84
15031.51
15234.58
15096.64
23441.89
34117.88
36900.55
29681.84
36645.13
31503.43
27367.8
15048.22
25534.3
31196.8
33194.78
36769.89
23174.58
30180.75
29503.58
19928.17
13174.7
27845.03
62264.8
26754.01
59769.7
46840.17
46720.97
59348.56
34114.78
44213.01
24505.82
28957.09
28789.64
34033.93
26659.74
19817.98
26982.16
29161.68
32573.07
53316.6
43351.01
58464.56
24461.35
30089.86
38418.51
45076.34
57139.55
30063.51
34806.34
25885.56
33118.35
33556.42
20089.93
31770.52
18758.7
19429.97
26374.74
16655.89
19548.64
20199.67
20170.52
35508.83
16934.61
26455.59
36476.41
35246.05
43927.97
28441.63
38827.8
31463.89
29735.53
37997.1
20434.82
38818.14
50619.43
23615.41
50025.47
38544.38
47616.67
53496.35
10095.44
10303.03
20623.01
15665.63
18459.16
24659.78
18216.93
20161.18
31494.36
21889.33
29040.06
17461.46
17060.76
16538.73
21820.85
10200.9
17082.76
37106.33
46801.2
35273.42
42914.82
40702.55
34816.44
40086.79
34229.94
25281.57
49561
28912.24
14598.91
25999.62
51334.34
28746.67
32493.03
16045.25
13952.24
29941.95
18384.86
33471.38
35216.35
29869.18
16817.15
28637.59
31103.06
31368.82
32265.86
54763.5
46950.84
42372.23
44699.03
31008.44
39546.28
40027.65
34293.17
49230.15
31263.64
30846.29
42198.63
47823.84
37369.67
35090.09
47399.34
23334.72
29014.03
15379.71
11858.58
16419.71
10897.61
31480.86
19952.74
31383.71
15706.9
32573.18
29039.95
51998.17
33048.62
45599.96
24202.9
37203.72
38638.52
39251.26
47290.41
37913.99
64836.78
52923.33
71991.59
23037.18
24538.67
18127.24
22245.8
51650.31
37127.02
31619.77
28721.02
26744.49
21079.81
21256.75
21498.76
13303.31
12454.31
15873.32
9424.84
13521.48
12027.58
23271.09
29647.44
31171.6
29300.7
31101.22
51910.69
49415.69
34037.5
32344.39
30175.68
23597.74
28507.65
23571.83
22944.66
29385.57
38480.5
28407.16
22736.79
50325.14
28174.71
41348.18
25473.62
48141.25
50711.42
33223.19
26513.34
22606.91
27010.35
29378.5
14724.24
24140.62
15249.52
29236.73
23008.22
18808.16
22612.22
26169.21
12488.03
12303.95
30044.84
41008.98
23849.35
20981.14
18108.66
35504.47
23343.63
42542.25
30154.85
41254.18
39380.57
34536.84
35612.91
33499.85
24470.99
22093.5
24342.54
18746.15
25972.5
24627.41
64577.17
36155.45
33543.72
23378.59
46742.41
22087.45
17759.88
26294.68
42456.1
31151.64
41028.19
22772.98
31997.33
55342.2
14388
16713.91
23979.04
27495.57
12984.41
26146.04
35033.22
11413.57
37799.71
22586.78
45448.31
15284.61
28078.07
19308.4
51690.34
63620.64
46645.3
42284.04
39003.64
17640.5
23801.97
11191.33
32476.26
24971.37
39025.08
21113.12
28051.07
59783.31
47236.43
43820.24
20844
18655.77
22469.19
24267.59
22290.21
29815.63
26508.32
33851.92
34504.86
18306.5
21031.15
26567.47
26302.97
19673.55
46414.68
42763.31
20933.48
40237.85
48633.23
46948.54
54538.98
27156.52
37343.18
39777.24
38007.46
26153.82
18970.43
17109.15
65771.55
30989.66
29699.45
40207.44
44980.71
12221.15
28086.83
23995.88
28041.14
21076.68
33761.28
31974.49
55808.73
59929.49
46619.34
22403.82
20761.55
34962.12
36525
57690.65
25010.43
37765.68
37712.38
17131.26
25017.01
33574.91
16236.82
17529.26
28117.98
34170.07
24584.07
14746.69
24441.85
23131.12
30050.75
29645.68
33435.84
21716.88
12847.62
17346.99
20925.39
23786.8
12301.11
27139.99
19853.03
14963.86
32670.71
28006.14
43527.39
40402.22
30318.45
36488.62
52394.89
31647
23223.52
36515.95
65335.29
31168.83
33488.15
38381.62
23266.63
21431.71
37466.06
24117.72
37628.98
30900.84
40885.57
34378.81
42500.7
27140.76
30414.8
55121.51
41711.8
18034.43
29225.15
30821.78
22434.17
23571.36
36104.29
16633.49
48407.24
33277.99
21597.28
34363.26
28355.17
22274.39
22677.83
27260.87
28981.24
22543.67
12803.62
28688.3
32567.56
43171.27
26956.58
33958.68
57421.66
30802.97
18279.47
29688.23
23627.96
23629.86
18958.21
30688.1
34821.45
24987.48
15886.18
36927.28
29953.92
40362.02
27439.33
50880.11
57403.57
40723.97
51356.12
37917.4
50191.08
51819.09
43032.34
42337.74
63130.25
24828.04
40452.03
39341.4
49386.56
28330.42
23753.33
24179.24
22100.26
16765.55
36626.35
43972.51
59812.22
41196.79
44561.28
37634.24
77370.57
32024.57
30742.91
31276.1
26795.13
21733.56
32687.57
22883.9
35468.31
37023.47
30689.85
19566.64
13156.69
39022.31
29919.56
29084.28
16198.93
13839.49
12772.25
37769.58
31157.12
22543.07
57823.36
29927.5
31959.15
30041.76
23514.66
21711.5
30177.64
35544.17
39334
37953.41
44332.18
49679.14
27320.66
53107.41
33309.61
43989.26
28333.67
14164.61
34703.72
27358.07
27588.42
26213.2
18708.45
30201.1
29253.22
30685.33
52494.16
36313.68
24914.38
37692.53
10692.56
22849.61
83251.62
57486.51
33438.5
29125
43878.24
19396.88
10262.26
23210.76
37455.35
31703.63
49315.58
28117.05
27688.54
29063.26
17626.96
41059.97
49546.02
39365.21
39582.78
24832.96
39603.87
35310.39
36522.33
62742.95
36536.19
33975.29
59262.61
43562.06
13012.57
21732.23
25392.67
29707.76
43261.33
14924.3
23819.94
21946.28
27557.4
18728.75
16328.84
16340.67
22547.85
19633.53
37872.29
23692.01
29541.53
13225
36064.68
35622.27
27171.27
35025.22
30650.97
41103.31
28003.07
38992.6
31090.17
33003.98
33570.67
53882.61
25833.66
32849.27
51760.66
61099.91
31086.11
36723.43
29905.13
37734.99
31346.44
36473.44
65463.44
18604.22
25201.56
41902.21
27183.86
43958.65
29811.35
31011.59
23978.02
24928.17
22701.69
20139.81
27040.73
44479.86
23475.92
25679.01
16252.06
27839.92
49522.26
33267.71
22562
34896.1
34486.91
27794.06
22104.38
29574.91
32438.42
28269.92
28336.4
14061.08
14108.91
27465.98
23143.13
43672.99
19337.54
42290.48
15557.62
9687.321
29359.85
22313.83
16922.94
29200.52
26438.41
25688.71
30598.94
12118.71
17476.77
40901.98
25511.39
32335.92
25718.64
20158.29
26373.81
23485.77
18361.1
11142.27
14245.06
16751.82
39678.29
20151.13
37081.05
42409.12
40877.04
54111.03
27209.37
35698.71
41040.05
28219.25
19665.44
46141.49
54733.69
24753.08
49524.86
35230.41
29748.34
43566.35
41525.98
57816.4
23102.16
48609.17
35912.17
35986.77
25893.67
37407.15
29950.67
39821.48
45576.02
42804.03
20677.92
17536.17
13776.84
19139.05
13181.19
37273.22
62225.86
25297.33
30645.59
51231.54
36661.69
25581.44
34983.65
34986.68
37467.85
22211.44
34244.32
40034.49
42562.27
29893.77
40045.33
40511.34
25829.77
48358.72
51810.32
19950.01
39928.86
26301.64
27186.52
26871.42
20460.65
28441.98
51703.86
23172.02
43754.03
21848.77
20789.16
47927.06
47375.6
19017.23
19041.33
18073.95
24745.72
23818.99
28148.38
35331.69
29487.56
32484.66
28839.98
26131.21
39429.39
24562.46
37169.56
25191.76
44321.34
43691.21
40717.03
40320.59
23407.12
16931.06
26458.87
17739.08
16244.52
21447.32
22571.79
25827.83
31795.55
29435.67
28433.94
62708.08
41242.2
29690.17
32603.27
32128.49
42783.38
34768.38
25199.5
35797.18
19106.32
15235
30459.28
27241.09
38023.41
27039.4
19348.73
34242.49
50856.26
43122.14
46590.34
30842.16
43776.49
40852.24
34309.68
28795.27
26324.31
33784.17
29380.15
23914.03
28711.85
40105.04
48785.03
20902.43
31737.46
49284.22
43840.38
64521.17
30500.33
38529.82
31392.66
23941.88
44107.52
42736.7
44475.44
47392.84
26851.37
42813
53448.5
27704.25
26230.88
16559.32
34227.73
43792.67
29927.15
35647.02
10921.09
33655.25
21582.48
28846.22
29669.13
37220.61
22871.3
19195.23
34048
48718.5
64116.98
47132.16
32981.49
14741.62
9692.616
33418.81
43149.93
42165.91
31155.7
17877.46
29700.54
34198.41
33598.79
24224.64
34649.16
32583.15
23247.8
46425.83
38372.8
26852.26
70859.07
22707.93
21302.31
37380.53
28774.27
21525.51
39017.43
26909.26
33167.41
53667.73
35592.47
46920.84
35973.78
28552.29
40759.11
32403.35
22325.81
24724.64
43662.35
38886.5
37008.46
26887.66
36226.95
34878.58
36284.08
32176.83
30785.06
26746.09
33098.8
35188.76
31780.29
32879.82
38927.51
37633.32
23752.71
23633.28
44199.41
52553.24
22964.39
19255.09
24810.97
17629.24
28803.97
41851.81
55101.94
57372.53
41302.84
41514.83
47972.17
29033.51
20027.24
29377.34
16244.38
19993.96
26742.5
18943.75
20124.67
34285.62
38906.04
39062.72
28650.78
30874.13
37844.74
38312.96
34004.77
35547.61
33102.95
33894.29
35726.99
55428.01
20241.15
33068.38
17130.5
23036.45
26788.28
32717.66
23815.43
22350.15
27097.45
31836.1
39883.67
32183.39
43045.29
16010.11
13554.67
17698.88
16706.12
55239.23
30123.86
19652.89
40051.91
56022.39
38555.48
24264.61
31869.47
29518.74
27657.63
22689.81
27935.24
30051.86
40562.98
50152.49
43450.84
30238.77
36963.63
21359.55
26907.66
