19022.89
31219.33
34919.5
50276.34
42170.24
45695.69
20931.24
24760.98
35429
30326.22
37652.26
53131.96
46628.97
36055.42
41401.55
48719.29
33856.61
26647.64
49435.85
50203.78
43665.66
49806.62
36517.17
50771.47
39921.44
42182.91
34792.03
36948.34
37964.3
38718.81
38106.43
39084.18
41735.5
56513.42
13332.89
14738.81
18810.17
21469.6
19642.17
26640.88
22176.84
18095.33
18024.8
26896.96
15666.08
20137.14
20758.51
34595.9
32308.22
46177.82
42470.11
31960.34
37694.45
45057.42
44224.39
37864.42
45332.35
33666.28
40378.02
37493.8
44051
35644.51
44926.72
38964.15
45926.65
53203.28
31482.09
47973.01
41610.06
37672.11
47371.67
48477.58
35986.18
48135.11
39382.92
31692.9
32396.09
46720.73
52669.57
47952.03
38330.65
50398.65
58532.43
48479.69
45211.03
42531.36
45797.29
26150.83
18967.89
29445.7
44033.66
34414.11
34360.56
30878.02
24960.03
22086.37
28176.92
31142.92
25654.08
21569.76
37886.24
35500.25
43277.48
39531.94
48998.13
43154.47
29023.68
23921.68
32867.37
35421.5
34746.28
41420.46
34003
39292.57
30772.63
32434.54
31941.35
42592.05
32656.32
35900.03
34849.53
29216
33864.68
29429.21
34159.43
44218.03
32536.46
43370.54
54031.62
46048.02
30654.49
36564.31
34045.08
39712.58
32617.17
28976.45
40266.91
39699.36
46060.21
42497.25
30175.4
30760.65
37482.03
40054.13
49927.56
43855.68
41765.71
49879.76
51984.16
38328.08
29525.41
33412.67
40744.05
36655.86
36899.44
42999.17
42028.65
40865.83
37347.59
38556.88
32170.5
26200.56
36935.52
26901.8
29476.24
29405.5
42354.26
34053.78
32837.19
42479.25
41451.89
41214.21
35658.03
30684.53
25146.74
24361.49
36645.68
31979.48
29336.7
26951.45
36219.98
46228.14
43427.89
13908.25
18248.52
27114.78
26524.27
17787.44
28073.16
16548.93
17348.82
29250.43
36815.63
29876.68
38228.02
36542.59
43402.23
29375.52
22644.41
36916.6
40237.63
38947.34
36730.82
43794
43823.32
33680.88
23377.71
28980.62
28220.89
21044.69
29015.77
28526.19
23424.38
33839.06
28652.58
32431.56
31219.5
36665.88
32456.29
29983.33
24689.85
19204.48
19681.06
33307.37
31014.78
24339.48
24492.58
31909.59
46440.07
41264.8
52775.39
42287.67
47455.76
51894.17
36871.8
35900.78
43322.89
53418.02
42960.99
48523.03
33874.21
46830.11
31038.58
24679.47
42978.89
25220.27
24144.75
21846.29
27498.17
13846.85
17084.12
29873.25
16673.56
24922.76
21436.36
24053.65
21233.3
17990.76
25244.79
32090.35
18464.06
17619.26
21789.1
17946.45
15384.79
25251.48
20568.77
13046.56
36959.72
27536.67
19526.92
26977.01
18806.26
22413.52
42345.51
34798.52
39923.87
49462.86
47421.94
42803.69
42599.3
43994.69
51801.03
29276.54
39143.69
41386.54
35524.92
28564.88
34293.72
33851.65
33586.14
41317.68
39383.4
42975.54
58009.3
52460.53
51846.76
35338.94
45154.54
42733.38
46278.29
50045.98
42041.71
55647.54
40380.47
36433.31
36371.45
44831.75
37470.96
37097.28
36570.98
50676.63
40945.58
45333.48
25973.9
36952.47
40716.54
36701.92
42439.39
47202.59
35350.85
40835.24
31440.03
33383.93
30646.49
17588.68
25710.97
27835.22
30239.17
22111.98
27638.32
33441.45
24089.94
14083.27
26242.16
38248.81
29114.88
30103.54
18217.37
33555.77
30673.06
48285.07
30256.46
42227.51
61430.7
40580.58
24854.32
21939.54
25188.59
21929.42
37468.28
27686.8
33242.51
30429.78
34403.26
18517.63
42155.29
27423.09
20722.39
18298.74
23271.67
22485.19
30303.35
33933.74
18991.96
20820.72
18422.98
30511.55
34899.94
25366.65
26461.68
33081.1
36578.09
28773.38
48327.05
35790.89
41984.03
68941.04
30271.01
41527.61
31711.76
54902.5
34580.32
31022.65
25964.46
18856.78
30941.7
30742.15
26442.74
30027.92
44769.75
36568.98
24396.71
33952.84
31938.23
31658.84
28142.38
39161.22
35460.58
21980.2
23258.97
20903.78
14557.7
27062.27
22148.64
30550.28
31967.75
25370.51
23959.59
15942.57
15961.73
29250.93
28842.4
27055.75
18237.53
19842.39
16439.55
15293.71
17973.67
21667.88
28728.15
24419.35
29655.03
31316.78
39612.77
18824.89
13142.63
20806.59
31198.8
33942.17
35756.13
28418.74
30370.93
23603.48
37256.44
26882.72
38229.24
25618.88
22404.31
31698.41
19965.03
24771.18
23880.7
29920.94
25282.37
32637.3
25534.18
27203.13
24599.74
22264.85
31518.27
30079.16
34867.03
38108.04
17680.29
34837.58
23346.08
24944.5
34813.54
29023.29
25768.95
25454.48
32878.03
31506.59
21253.63
28229.29
31661.73
29553.95
14254.01
15089.84
23470.09
21500.92
21292.57
32854.16
19890.41
26582.45
23744.35
34482.21
32667.81
27213.85
34030.59
32076.75
40791.86
40254.62
33739.16
25686.83
25808.99
18810.18
22398.82
22060.45
19200.33
26989.3
31146.93
33320.1
23561.59
30528.73
23875.45
22661.38
24887.54
26391.82
28175.59
26938.86
19548.4
20730
17597.31
15735.25
18656.96
22771.28
19163.76
28750.59
24031.48
31039.98
36656.19
44278.93
54126.32
32542.76
38854.04
31380.91
47076.77
40252.52
16096.87
23659.06
41021.79
16488.23
30075.54
20115.98
41634.76
32346.2
45690.9
42807.87
28595.02
43366.87
42130.08
30343.76
29933.25
32156.14
38232.67
28821.34
40267.28
28909.01
21215.73
27566.51
37294.95
26843.45
47256.04
23638.33
37766.96
28422.14
27834.9
30754.9
23064.15
19253.96
24329.3
41621.89
25492.82
29272.48
45103.95
29808.85
29187.53
28848.15
37790.84
35650.87
34890.96
22558.97
29617.47
32818.17
29133.54
29167.27
45091.74
39206.15
39068.18
24313.91
32802.5
34633.74
47622.95
32107.89
32421
26576.02
35535.56
19905.66
17328.69
12897.12
21624.92
30039.34
31074.63
24582.2
26533.01
34736.18
26573.21
31517.6
19133.01
27331.67
24394.41
22652.64
34008.1
23342.61
31587.71
35173.59
32911.37
35109.52
34241.36
28818.11
18436.25
30817.6
33526.39
50222.26
44668.52
38845.57
47265.63
49865.21
28625.17
48725.61
35030.84
33474.05
33166.56
35805.64
43270.3
34833.61
31384.43
52043.04
41041.51
40595.65
29137.55
36335.98
24816.11
23579.28
32327.58
34335.55
37849.1
40164.27
25034.52
37225.85
34436.36
18969.21
20744.6
37987.3
35295.16
25789.45
31892.48
33374.33
39599.66
37793.24
21464.66
20172.85
16033.47
25988.86
31008.1
31126.47
36994.85
33516.84
32587.08
45090.86
44338.8
38526.55
50510.75
36053.26
38354.22
37033.71
27492.86
32538.8
34679.91
30770.9
35256.96
21070.74
16648.89
31771.41
47016.23
45717.93
42711.78
31028.18
35387.46
26207.04
35471.16
23817.89
27533.25
34166.65
35696.73
30228.76
29181.85
30011.69
34323.25
27345.53
25410.87
27057.19
39281.66
41641.88
52629.33
40602.21
44188.2
38824.61
35476.35
41346.97
46832.22
38712.45
46771.18
36097.79
63302.91
36067.99
30638.74
35373.78
54808.26
48536.73
44778.78
22510.41
24450.88
31566.19
41182.45
42475.23
41078.73
37521.9
46444.35
56346.66
45215.16
35309.13
35653.13
35987.9
29780.74
40622.24
44191.12
36755.88
33666.37
36973.84
31614.94
41129.97
33968.17
41277.72
43749.3
53337.21
39809.66
33927.57
42271.35
44204.01
48008.59
33329.65
38366.3
37562.03
37914.41
34636.07
30592.4
22545.2
27981.39
35738.23
33767.42
28084.12
34668.35
32521.03
31621.99
33178.64
21438.31
34246.39
29393.03
30245.76
25770.28
36112.19
52344.61
38811.84
30470.99
38251.17
29235.89
36651.49
36140.89
34815.31
21875.38
35814.57
37306.64
25285.05
26530.15
37600.19
20589.32
35169.22
40710.58
34781.31
36798.39
42397.32
41453.84
30365.64
44632.2
37176.7
37604.99
58295.57
31291.93
36942.59
37995.94
42341.48
66103.05
37704.69
31377.27
32910.08
43963.42
44562.99
45801.98
47045.26
39715.3
40308.96
31042.11
39633
31399.73
46185.12
43592.75
25761.94
35911.19
24200.68
16272.14
38606.76
44435.5
36772.52
36176.41
33945.71
33963
25129.86
17603.53
15992.62
26687.7
19622.16
21383.58
30714.14
24662.72
29768.87
19237.04
25210.2
31688.76
27742.49
31538.98
24903.84
35798.74
40067.24
35407.37
26111.52
25871.8
21351.38
23065.88
28549.99
40720.26
29458.76
30895.17
25212.33
34510.16
30461.47
34864.68
26288.39
33102.38
33483.82
25897.34
24245.24
33010.43
44768.66
28787.75
24053.61
23192.7
32916.09
29530.12
20334.6
27832.14
30247.21
23631.06
27759.13
38102.87
39021.72
34244.76
36802.07
40544.73
43159.37
32401.69
45906.62
29471.97
27587.09
38735.72
41739.73
28567.18
39489.48
48645.97
39887.13
37238.18
41581.51
40109.66
52155.44
38610.4
29151.57
35860.46
30542.06
43320.89
56315.3
37616.4
29791.85
27807.47
25549.4
26349.19
36731.67
27494.44
49343.25
29381.93
39442.6
40750.47
33466.1
28923.24
25994.52
38370.22
33841.07
41083.02
44235.45
40641.29
42601.79
43363.43
51573.53
43845.01
46569.6
49768.34
37239.62
43895.78
29325.93
32733.64
42066.2
31076.95
23871.29
25590.49
16612.75
19987.82
21035.45
17295.71
27734.44
35592.33
39720.33
29469
27409.21
36812.66
47738.97
37261.62
44643.2
41652.16
19539.92
31894.23
22656.7
13430.85
23603.32
17660.42
18934.46
26360.41
26237.93
22560.63
24710.01
18864.72
24098.04
27246.85
32822.15
33904.38
41113.84
42954.49
31906.73
40194.77
43774.29
34880.77
37111.48
26998.24
28741.24
32418.21
39009.06
22513.09
29009.67
36393.12
33206.22
24474.4
37098.49
38604.87
34010.78
30175.88
32759.95
26012.33
37401.24
41981.01
38183.73
47669.14
44725.49
43049.78
39434.09
46377.37
44352.06
40796.68
30933.82
29126.43
36269.11
35809.12
47005.65
35267.84
28465.14
47763.92
39019.9
30826.37
41664.39
36132.83
27724.09
62188.2
34167.81
33845.39
27122.66
51002.37
29011.85
35490.65
37519.02
43323.94
38719.66
38200.16
24753.31
27895.25
31953.59
33910.1
22290.45
26006.69
31570.03
30963.91
24493.66
24958.19
22956.52
32885.43
27714.32
23102.75
39952.06
28427.32
24263.64
32274.93
27209.41
34116.57
22893.18
36492.73
32110.23
33828.22
37980.12
38237.19
38105.07
31981.44
42443.11
34146.36
29540.38
24720.72
33430.34
34116.47
19780.61
43944.29
34334.31
32527.9
39524.45
37316.03
28885.46
28096.23
36124.71
32597.12
21131.11
20908.01
22831.33
27417.82
21983.42
27318.97
25928.52
35674.47
21817.52
40846.43
35078.93
30467.47
16612.3
22116.89
23735.45
26260.64
35172.05
37322.68
37411.02
42624.41
44415.05
43858.89
55877.59
39188.85
37833.11
49302.13
51341.24
51842.73
48268.32
51347.33
45474.66
38058.81
31518.31
41068.36
35607.6
39956.75
42056.67
37103.54
48105.01
36473.18
32781.4
37271.07
44889.6
44537.62
35793.18
34583.95
38032.09
44487.24
34485.66
43664.25
53183.95
48464.42
51215.72
47546.27
35906.14
45543.99
33223.82
43804.89
41006.31
24121.31
30870.72
25021.55
32220.37
32776.51
30045.25
43913.91
32308.24
52544.4
46534.05
35863.5
36456.32
34693.96
49248.2
32478.45
53964.71
34945.94
32735.88
25882.8
24908.37
25324
35786.38
29573.6
27495.59
31159.42
30373.62
28779.6
18770.31
32155.15
19446.26
34173.43
23582.04
26079.86
24288.61
27352.27
28915.95
35257.56
27512.35
26090.33
22960.01
32734.22
39630.74
28843.37
37593.35
44535.83
31821.77
28302.44
46130.07
43102.18
49780.42
34624.15
32712.04
38514.2
33770.47
17883.88
21941.63
18689.77
30147.98
31705.23
23309.74
52651.04
49980.62
42559.5
32099.75
45248.89
54579.1
45396.94
35883.05
37130.29
43906.83
41293.53
49114.56
41439.78
40402.7
49503.28
39044.38
53397.34
35335.94
40323.97
36032.81
38997.13
39758.22
44478.01
46158.75
36765.24
32457.6
23147.37
25466.76
22884.42
25486.94
24877.32
28530.06
52521.44
40305.68
39614.66
44152.75
32437.26
33465.6
28696.09
53892.04
45391.19
52227.32
45352.54
34320.52
42601.27
29735.84
29034.98
27849.95
27672.65
32258.58
34046.54
44886.95
36916.59
41028.13
50883.41
45444.39
52754.51
50991.06
37956.3
38494.25
49808.23
39431.3
43823.26
29226.31
38539.75
44220.99
48031.49
47353.64
55976.04
36287.51
44613.81
46889.89
38301.47
42702.45
51340.4
47991.63
38962.32
53497.25
36358.6
41702.42
37487.5
47139.51
35195.59
33588.57
48152.14
37410.25
32570.44
28533.12
34054.1
31048.14
39809.15
22827.93
19271.87
26784.44
32698.88
26088.99
28199.01
35789.41
55340.88
56945.81
46636.58
44794.42
38208.25
43212.48
54529.46
43988.39
39673.75
31982.66
38550.46
48378.65
29349.69
34620.7
25866.27
32758.59
19491.15
19472.76
25802.63
23982.2
29762.19
32319.59
39078.74
35556.72
40867.42
38018.61
36128.94
38803.22
38530.83
32270.27
52956.36
50899.99
39219.64
33163.7
28132.89
42006.5
21308.59
30187.11
24441.05
24265.85
30873.18
24612.98
38545.75
56900.6
31866.21
31885.92
17490.4
27477.35
35052.52
31429.02
45670.54
30088.01
27527.56
37022.56
30944.04
27104.1
37971.63
32779.13
42231.64
40862.76
50722.39
33684.1
45112.62
39102.45
33342.31
32897.58
32843.39
42913.16
39086.65
43417.09
33798.54
42727.25
43794.61
51032.33
30385.58
25649.63
29386.82
22968.78
41374.54
27375.94
44520.78
37081.4
29161.32
25943.3
25746.82
40442.96
23167.61
19195.64
27183.92
15773.47
29057.74
27994.85
40517.03
34042.17
26103.14
39653.81
32390.93
34850.01
28119.55
30685.65
33142.68
23173.91
22966.78
35502.56
29891.8
28561.48
24341.09
22919.53
24968.09
26044.46
26148.1
32923.38
26541.33
36145.22
25170.21
29407.28
43721.95
25360.56
29591.76
29846.04
30627.61
20523.98
22876.11
39966.44
28603.56
35666.89
33825.32
37399.81
29560.17
23616.06
26329.37
33537.05
17291.47
21190.65
42555.39
35709.29
34586.91
30371.9
35851.5
35683.48
47848.63
42839.51
56358.68
38299.88
26595.22
39714.76
36120.17
31573.01
30689.91
27240.19
30754.8
34127.22
28707.35
30635.8
35782.93
19035.63
24894.32
26736.93
30197.47
28142.69
41397.56
53393.23
37555.21
40457.02
36077.25
30242.32
40333.68
32128.46
40041.25
31545.39
21068.39
26448.97
21934.04
31739.28
30436.29
24835.06
26050.67
22361.15
26563.04
45296.35
35873.85
33597.87
45730.25
36822.42
31479.88
28993.35
38141.51
33688.8
37215.54
52109.12
44903.16
36928.02
43874.58
51186.39
47046.13
49347.78
45094.6
37632.33
36089.78
35135.78
44785.44
47261.15
53027.97
40236.18
31302.49
28999.56
45201.23
41812.75
31175.84
32115.51
27708.45
26311.23
33804.02
35469.86
28932.3
23973.99
30332.51
31430.81
25902.16
30639.62
41016.1
34768.28
24963.5
21177.43
26130.79
29571.76
25423
50120.5
30742.98
42845.06
37239.22
45789.89
44927.71
27980.08
25223.51
38679.17
35502.71
34426.6
30202.83
30639.58
32011.42
34491.42
38654.49
27100.83
26626.96
28304.14
24618.99
33321.64
32678.85
26922.88
33347.34
46853.04
37124.49
44443.08
36821.38
40582.55
44909.1
54644.43
37777.67
43938.25
64623.18
35443.85
41790.64
55312.27
39322.4
50632.06
44500.01
31329.24
42610.16
43729.08
42026.16
34727.28
42588.26
47874.48
73144.87
43601.1
37482.49
36852.63
36705.8
42989.02
49049.74
47076.98
34828.8
28720.82
31507.92
29005.58
31999.05
28782.01
32062.46
70051.48
30593.56
40320.09
36470
42190.17
56825.65
37955.49
37903.51
34732.27
30562.01
42798.57
55642.91
43375.44
42426.35
50557.22
44276.07
30976.32
36793.73
33597.89
28193.75
35548.43
33371.31
25144.06
22432.58
30669.03
35118.16
32689.13
18162.07
15088.2
21805.81
19342.06
12335.39
12850.86
28783.65
24461.65
23564.19
26724.89
41967.37
31888.15
26256.47
43213.27
32245.78
42378.4
33066.34
36450.59
36780.4
30066.85
35117.72
52262.43
50764.31
42420.8
29573.95
28676.67
26415.15
14734.12
33723.95
42487.1
34375.98
44744.81
39935.96
39855.21
54826.16
45039.16
58670.33
39050.92
33115.48
31185.45
39800
47618.59
29563.72
31481.81
45976.25
33400.59
29863.85
38462.39
24716.3
42601.2
34640.99
48008.27
37770.86
31318.53
30385.64
38664.08
35730.96
38997.65
32724.77
40811.54
33839.54
45611.99
34152.42
45480.65
55463.37
40432.55
44716.1
41768.64
43735.67
41126.09
39483.28
40915.24
50701.89
38092.73
38529.47
39573.52
42300.29
44189.34
41961.78
49215.19
47443.43
34468.79
42767.71
24902.03
39192.91
37954.78
35928.24
38246.8
39146.53
37501.29
40734.45
36729.51
47991.65
42962.73
40805.03
47812.19
28912.89
35701.34
25326.84
40983.28
37797.7
45609.54
37632.28
38349.8
50012.82
40281.51
42989.16
28635.79
51844.94
41455.71
39295.88
39050.42
29697.16
37203.3
21105.41
33961.47
31000.42
31960.51
36248.17
34051.17
38411.4
43455.78
33353.35
29172.93
38328.24
44851.47
43972.65
45362.77
44151.73
37882.23
40340.4
43914.38
48521.94
41901.6
50078.6
40404.53
44251.63
29681.8
28361.95
34695.12
38633.75
52742.33
48981.31
41426.64
46756.34
45665.28
49268.22
47072.38
47408.14
44303.01
41267.39
33041.05
56909.83
54568.13
33712.97
19958.93
25736.35
27819.56
17408.24
18958.44
30530.29
15499.49
26473.35
39665.59
61417.8
40027.15
41366.4
46116.31
41855.13
32678.46
39367.51
18387.38
19989.23
12042.29
10839.98
22373.57
28856.9
21968.94
20138.71
20661.62
19468.59
28839.02
24801.22
23832.57
23508.19
15736.32
16731.29
15236.51
14148.13
25960.26
32382.39
22791.11
19166.89
40724.18
21867.34
19883.65
25395.33
39961.92
26362.56
29293.8
42779.07
35412.41
49746.46
40079.59
32570.58
29705.34
35509.52
20479.55
21097.38
23596.85
43110.37
56439.21
33036.08
31015.1
31011.9
28016.09
30670.93
41005.09
44065.11
38905.96
24899.64
31692.56
26397.33
42449.54
27395.85
28340.44
20215.31
19981.62
23361.59
19317.41
20556.96
25184.58
35480.95
29311.69
38324.06
41084.07
29390.82
45364.7
31437.23
29025.46
31848.87
43264.42
26671.56
33928.12
42617.34
42032.51
33683.19
34497.4
47112.5
35005.56
36381.07
34646.4
42112.08
36239.31
41400.74
35987.26
35577.71
38433.07
54522.69
37995.56
43131.24
42660.49
46205.76
32205.76
38292.72
30519.09
23690.37
17902.91
28737.35
30777.79
33505.43
29172.92
37561.78
37178.87
41797.79
43279.17
44897.94
43657.25
50744.72
48873.75
45111.97
51834.79
44167.36
43672.56
40819.69
40559.45
43099
35113.99
41048.58
64079.44
40104.68
48097.87
53027.9
30775.21
37005.16
41153.26
30999.26
35068.6
36922.84
21499.34
24360.59
46944.58
28976.22
31761.89
29085.62
29726.88
31239.76
26537.47
24674.7
34923.51
19941.02
16066.26
15565.96
24821.15
40829.8
45800.85
33359.07
22464.31
25665.52
24554.58
40606.72
35784.16
25023.42
16918.96
14448.5
22824.05
29238.78
32970.55
29530.37
32627.28
37285.32
43970.45
55175.06
43201
29476.73
39960.05
47622.06
32577.55
32722.35
33800.82
31104.11
43039.57
35316.46
56802.06
37229.46
46503.42
40923.67
37290.68
40583.06
44926.39
33742.07
40894.57
38995.27
39185.91
42278.15
28831.43
26424.39
36857.94
38184.55
32277.66
25947.81
34849.71
24006.66
37127.4
21623.36
23361.25
22454.42
32478.13
19161.41
11185
19917.99
14718.45
21436.04
14892.07
22328.04
16760.1
18073.91
16556.99
22960.71
10480.51
18018.81
26121.04
19567.64
18967.24
23072.85
15882.45
17257.14
25456.33
26095.02
23084.66
40899.12
29136.08
30056.92
26844.51
21364.55
23748.5
24386.36
24166.08
23244.5
30643.47
26178.19
24281.23
42769.91
28156.23
19599.44
15488.51
14557.73
16608.24
27235.88
26533.9
20565.73
20979.07
16766.7
23533.3
23737.97
32792.18
35434.43
33600.73
22806
48870.63
29397.89
29650.84
54623.39
20214.86
16570.35
25351.04
37106.66
42756.41
33359.32
32286.19
34519.5
31412.13
38123.3
38047.79
38049.69
36677.04
49999.28
22462.62
39778.69
22041.16
30120.81
29219.28
23567.71
28481.54
31646.38
47505.88
48840.38
29925.58
22745.09
16991.86
23470.95
23404.52
30649.89
18101.21
40580.23
33163.17
31075.63
55215.48
38217.86
46563.24
43285.01
44877.73
45168.6
49724.32
41027.9
41491.03
33637.46
44581.83
48668.51
44153.3
42161.75
27817.13
32127.07
26346.34
34659.59
32497.65
41100.42
32388.93
28899.06
40821.58
40104.2
30800.87
25752.37
36809.18
30325.09
36717.82
37054.66
39945.87
35717.24
41112.35
40472.58
59439.88
27547.59
33291.31
39289.49
44367.85
32090.82
41327.65
39470.67
36495.57
32001.66
36432.41
29418.53
35047.38
52071.75
35478.9
37394.51
32419.81
23128.28
34766.32
34878.16
28518.98
33628.92
35605.5
44175.65
32244.78
34000.45
33868.45
50201.87
29357.9
31107.98
43557.84
32662.01
39562.85
43974.05
35109.87
49111.59
47640.73
57881.27
42090.06
36443.84
33149.05
18410.16
28157.12
34687.84
39425.07
39376.37
50135.11
26194.41
38329
25392.81
27405.89
26930.18
29298.96
34583.01
53972.19
27087.22
31406.62
42526.09
30712.68
44681.77
41083.72
36789.22
23976.14
31479.19
28720.74
27420.3
42303.6
27028.14
22612.1
18387.66
13689.33
10721.7
14754.26
33112.8
20177.82
25924.6
24371.26
16832.91
25782.89
28488.36
24527.19
19672.06
28147.85
30520.29
40881.41
29468.94
12582.59
29561.87
29871.32
23644.12
36370.15
20642.04
30844.57
22912.64
25126.57
36278.15
10476.65
15498.4
17374.34
26886.53
17217.14
22854.76
37279.16
29717.12
32742.8
15400.69
24828.91
40069.95
25302.86
27532.61
28150.08
44490.01
32881.95
34311.75
35137.79
32391.95
32260.31
38364.67
33695.58
39786.15
39457.74
29432.85
40347.43
28967.76
35737.02
55224.81
34102.57
42465.45
36748.75
57762.61
38292.23
31967.35
37586.84
57678.57
33119.49
31263.84
33493.94
29668.98
26723.99
14912.02
19887.81
14846.07
26251
27932.76
26894.08
20994.11
28195.11
38435.61
21956.15
21273.09
42854.27
24771.67
32278.8
31947.61
37062.43
41864.41
39035.24
48863.86
38686.89
35996.56
25090.02
26393.96
43895.27
47877.5
38081.44
35694.77
44698.33
43036.85
50425.13
27231.22
43666.72
28418.25
33166.27
28314.52
35989.33
38984.71
32637.22
30779.01
32567.71
29584.03
39731.22
39182.93
45380.43
37580.68
28013.43
23751.74
26484.04
28158.9
31473.88
22094.6
35299.6
28960.74
25920.48
24296.27
19006.58
27161.42
23162.8
26532.12
22979.18
38096.19
31031.52
45430.97
33102.92
52498.6
44288.57
54963.41
31028
39078.41
40163.58
38729.42
28635.3
38224.68
37043.46
35961.67
40801.84
52371.61
40210.42
32354.43
46548.91
48124.75
45112.98
39662.53
49570.61
50039.6
53083.41
50252.32
39859.59
44832
44339.72
47909.77
41572.85
41679.1
33270.72
44556.59
35683
24534.03
35039.87
33839.51
27262.76
32754.65
32657.46
37113.92
37142.69
22084.76
23202.19
29446.37
35968.75
44263.42
40723.88
40775.73
29812.35
40128.35
47564.54
42890.4
60909.08
46409.07
46202.35
41565.44
26362.41
46078.05
40490.47
50835.47
45578.96
64404.77
43318.85
46998.92
47086.11
38888.37
28798.76
28915.54
34048.24
20492.2
27122.05
21197.7
20660.61
36363.83
15757.34
33631.82
33127.94
35540.97
26403.04
31576.99
21439.25
33660.64
26452.24
26468.3
32883.88
47323
45137.47
37833.79
51936.45
59468.61
37697.45
38155.63
48978.67
51514.73
53957.51
38640.6
56139.07
38349.66
33594.37
38907.29
33688.88
37545.18
35010.97
33087.02
37432.61
43644
34762.67
36490.71
41274.63
48511.48
42855.18
34086.44
42248.91
33015.79
24391.98
33953.23
29410.44
36530.89
32619.28
32693.21
45673.64
46386.33
45911.24
42711.13
32622.73
28465.71
42232.67
32408.02
38795.39
29012.34
26516.65
30348.57
23784.18
33160.82
29577.08
31883.37
26220.67
26215.83
33249.6
32498.76
41084.56
41427.88
30968.04
35442.55
51105.65
39076.11
36577.88
35804.99
36916.4
31890.7
34928.65
35855.4
41342.64
27692.35
41511.19
38910.48
25519.18
37397.56
36175.64
21376.84
35823.78
26142.98
29463.04
29215.58
27812.51
32664.14
31796.91
41403.39
42404.19
47057.85
38280.19
47289.92
42164.87
45268.79
34755.81
31993.72
41483.23
45112.99
48117.14
34312.48
32701.66
26500.77
44084.13
42331.55
35040.57
28559.08
49554.74
36211.06
39945.94
29872.98
27219.13
46139.34
23164.09
17012.57
18197.05
16777.4
23015.2
32276.16
21189.85
29895.8
24438.85
36007.92
39629.1
18634.96
32930.5
25270.59
42333.34
25421.94
22877.63
36375.53
33359.93
17161.73
34472.71
27073.19
30828.21
32364.4
29161.59
26089.07
40190.45
26493.02
35434
19186.7
26943.99
24630.95
21808.61
28756.04
22486.08
26630.76
28768.18
36985.69
17548.91
20223.08
33162.25
16637.48
24101.57
31746.88
28613.3
29888.87
37596.79
36337.52
42347.21
26083.58
21194.94
29708.37
20634.03
20054.56
18102.32
17740.88
28837.39
30227.26
28945.43
30941.88
24380.96
23282.3
22341.37
27916.96
29229.49
34925.32
34605.55
25909.1
35620.95
43419.41
44630.27
35972.68
37186.17
24812.4
25518.1
32120.59
36698.68
29124.6
26147.77
34842.25
33754.98
40131.6
41360.82
38692.63
28309.82
27358.48
47668.05
31387.29
44527.3
48040.78
39762.71
45199.94
34107.59
38776.4
36448.56
34000.47
36531.63
37272.02
35402.86
47070.39
37914.29
36071.73
36116.57
36341.49
42042.59
28813.5
28414.58
36526.32
26932.96
27604.64
26992.79
29898.55
24654.56
17680.94
25192.63
36320.08
28540.15
31614.46
23734.03
36201.43
40264.4
44861.78
22091.21
21123.31
16623.62
14527.01
48694.34
34083.46
43896.48
37279.31
46817.59
41925.88
76767.18
36914.15
52141.68
39294.75
36016.37
31209.5
29569.3
33435.33
36432.06
36897.14
39722.99
29046.32
34476.36
31796.64
31015.21
47173.03
33563.87
17529.04
27280.57
40323.5
19703.43
23308.65
31476.92
25629.66
21727.07
39888.12
24797.39
23616.32
30421.54
33620.93
29724.14
59525.33
40712.08
45662.43
44452.45
40739.9
60766.11
45501.12
34396.17
46476.36
36763.25
31508.24
47145.02
31399.21
35606.08
31968.84
41320.49
46846
35503.36
33744.03
55993.07
39308.4
56109.04
39590.93
33402.17
47295.1
37775.82
28669.09
14273.14
31289.54
29950.66
30652.82
42514.29
32136.24
53597.93
39408.84
32647.17
41276.75
51397.65
39058.05
39721.69
36919.82
47071.64
36469.24
28981.59
33759.85
32760.05
37676.62
39609.5
43262.41
29998.28
36405.61
39732.63
36165.66
46843.03
39100.17
38202.47
30101.8
30686.78
31774.92
28839.5
32674.11
56257.04
41781.97
26083.09
30740.62
27292.57
40740.87
35504.01
24997.35
29703.59
42518.69
27292.24
33468.14
24257.54
22038.49
22429.58
33064.07
43778.79
50314.36
34197.22
34101.17
28092.62
32879.03
24344.94
46260.37
22454.58
31945.7
35277.33
20672.16
27106.85
20465.31
25839.75
28528.38
21763.85
32380.41
17097.78
26407.65
37328.6
40432.13
47478.5
47698.41
42634.43
38098.13
44713.39
40265.33
26253.51
26434.22
32937.17
45049.54
49386.76
35940.72
25787.43
35446.42
37479.39
25905.48
28444.84
29891.91
15507.79
24799.6
20564.1
15633.48
21995.24
46953.57
24810.34
21160.23
19039.75
28413.42
25903.14
25430.8
36903.92
29145.78
12902.46
23170.49
15770.5
27222.44
21331.08
24211.58
32273.89
31362.32
27788.65
27159.54
29039.88
52004.99
33887.29
25442.66
31211.7
36875.84
38191.11
43450.71
47184.35
48265.78
34441.63
41980.92
36617.83
33540.14
26267.85
26733.21
31353.44
34023.57
30002.59
20026.39
26693.85
23123.25
29757.64
21478.51
22032.8
19289.28
18729.74
20098.24
38849.11
41375.32
34946.1
38763.13
36392.76
30786.64
39495.17
37490.81
47862.45
50405.29
38830.94
37270.2
38714.08
34956.4
25522.52
35647.12
45210.71
43725.29
35329.19
36674.24
39357.36
43131.89
49361.3
49019.65
41046.94
29772.57
48019.14
29923.96
20673.13
31501.02
34097.86
33278.66
25990.63
31397.05
18954.88
25426.29
50408.94
31230.55
25299.55
30756.12
27553.91
26148.02
29836.41
18645.14
33579.19
43038.9
31069.91
58555.84
44170.18
44143.89
41885.59
48812.27
37569.37
40307.28
39877.81
41799.48
51445.43
30620.25
42583.93
39535.46
56062.26
56172.8
38743.88
38030.77
52551.21
45738.45
33741.06
35426.85
32075.16
43072.2
33145.36
37302.31
15662.87
26379.29
29951.34
22655.95
25692.38
25950.58
40880.89
48582.26
51351.05
35543.02
36259.57
33189.51
37476.28
31280.52
23665.67
13944.74
24062.38
29650.52
20608.06
25818.98
15720.81
22785.62
27764.38
26414.81
29854.91
43856.74
47191.53
42493.64
32772.95
43482.48
47855.07
47703.82
44054.38
33435.31
58313.33
39857.59
35524.46
32177.89
34035.14
29475.39
39458.28
26525.28
43626.86
39939.75
32186.54
37938.43
55710.86
35318.45
23993.33
15321.86
23524.03
36491.69
29098.6
39305.66
30263.68
31222.8
29281.71
30105.13
25910.68
40289.35
43481.39
46307.82
45037.29
38937.48
43746.29
32382.11
32002.19
32537.24
40974.13
39356.89
37280.48
28687.62
31872.21
33948.56
38068.89
35912.89
41027.11
41852.66
43849.43
30715.76
30993.22
40487.06
41265.54
37378.3
35955.19
24762.57
39863.55
35443.63
27482.4
42574.81
31403.54
35890.78
40294.04
40337.64
42814.59
36750.26
65730.66
38017.31
33267.76
29717.27
35404.47
35894.8
35990.51
24120.05
38454.12
33252.1
45563
48881.16
40205.18
36625.09
34458.2
59131.78
49108.13
50181.01
45604.27
43306.99
48094.87
42644.6
35657.58
48141.21
43996.64
41145.93
35984.04
42908.54
34352.2
21768.61
23868.51
31803.29
23850.81
20260.48
27111.99
21252.05
29606.23
23762.4
38518.73
27290.12
22862.88
21467.8
22528.05
30424.23
23605.06
13458.95
21222.91
59152.98
31813.99
33439.83
40794.42
40722.31
41255.19
42581.06
38695.59
45685.34
44346.54
37784.48
37471.07
42832.86
33222.04
22014.32
35729.77
40002.64
22048.59
30829.23
34185.45
35856.92
37331.31
45027.43
42092.17
45870.75
43490.73
41043.59
42967.12
42817.25
48510.24
49105.72
36116.36
39041.96
37230.13
28853.04
32142.6
41438.85
34068.21
17832.61
26319.74
29089.21
32728.48
26079.62
55902.2
31565.12
33247.54
46176.91
30555.84
27644.41
28812.26
18437.31
19053.21
29359.35
32560.07
31587.97
47572.73
33213.81
26375.13
34534.79
32964.59
42436.17
41187.87
42176.21
20256.98
24217.51
20038.74
25379.51
21948.71
25471.71
21506.73
31809.2
27737.54
15336.03
30961.17
20485.37
15286.44
24736.11
28489.86
37958.02
31434.17
21941.44
26837.96
48915.14
20289.84
21162.22
34979.23
27960.5
33823.6
23541.73
35440.82
34615.67
33680.54
44700.7
45032.81
34971.49
54742.83
35923.37
27859.97
31822.11
39119.45
35330.22
22335.25
22179.23
24128.57
23732.97
33729.75
50178.39
56084.69
42663.69
45615.47
31587.75
30747.88
37390.41
43437.2
30030.86
35566.45
37285.3
36931.02
45705.85
33634.09
37853.65
48554.27
35129.26
33308.63
36934.73
57190.22
43365.98
43822.53
29102.88
47496.39
41968.66
35715.46
36406.13
46252.7
46008.69
31932.76
50328.29
44405.71
40137.82
38065.47
40937.67
32310.15
55041.35
43377.81
36746.85
36542.83
40595.61
35152.41
57237
31379.95
37366.08
44765.71
31292.79
41306.55
19692.64
20622.21
17601
25086.85
27675.73
26899.31
34824.31
23934.08
31016.98
25909.66
11282.31
11683.34
17414.07
16367.53
22048.72
24571.64
27284.3
24604.94
37681.9
38781.25
34404.05
46977.98
40470.35
33157.25
32784.84
39076.23
35496.95
38592.15
50756.49
43434.21
32222.86
35380.29
28671.88
31264.13
39423.36
38252.65
44810.68
28843.26
33797.36
29854.59
42114.08
31684.44
28918.85
27722.57
28188.59
47243.36
23010.13
18723.77
12362.57
13154.94
22147.04
12225.67
13908.14
19364.24
30186.54
24193.79
20141.03
25073.58
34241.61
37107.78
34236.4
26250.04
40539.59
30944.25
32319.65
37276.28
51456.61
46179.9
46336.67
37264.13
24266.96
26076.87
21229.77
26413.72
22450.19
39239.38
35068.39
27150.91
49069.57
46988.49
40161.46
33999.19
25501.29
39682.77
33763.34
31748.57
51180.06
30640.69
40064.58
26888.48
43034.2
46145.73
54163.14
39758.93
34066.27
25540.54
20375.27
32524.89
29153.1
33325.98
33039.18
34549.2
26200.27
30110.94
31751.38
33554.01
36555.98
35937.56
31894.86
37035.64
27075.81
41175.32
42904.05
36741.89
31176.78
34165.55
21553.58
23724.61
29142.64
37999.25
31850.6
17836.82
24169.04
33879.24
22488.42
32119.59
25442.99
18948.38
39419.39
34802.14
42310.74
29271.81
37152.92
26974.62
38911.84
30867.35
39079.17
43930.83
40762.77
34408.15
37975.41
32189.12
39437.24
34317.23
21747.84
55935.92
32596.43
50162.47
43563.03
27403.08
41825.99
45369.59
41179.53
32525.08
42499.73
36122.18
24648.87
32494.49
28618.42
23551.25
24078.34
34160.29
29151.84
29867.47
40747.32
38715.33
29952
48145.88
20090.65
36073.68
25514.23
30744.93
27262.9
39647.43
36687.04
33777.89
26738.81
36705.37
24593.52
24777
28544.18
19286.42
21506.15
15766.72
16759.57
22354.64
18776.77
19809.36
19528.87
35108.35
21240.11
29900.76
23934.17
16662.01
33517.1
41807.55
42110.37
35158.16
39401.42
39501.62
37339.16
37548.68
34854.84
32738.61
38140.26
30734.83
17705.94
15607.32
24659.3
24749.58
36373.75
25554.9
32844
19754.26
24747.28
19789.37
26936.35
15378.44
19813.88
32392.91
21527.82
29209.22
31826.29
24484.95
20149.26
33103.71
31337.13
29284.19
32059.97
21911.85
18906.03
27144.84
38613.39
34111.27
42194.65
49371.78
29193.6
38130.33
53544.45
31826.73
44107.41
35738.34
44474.13
41174.48
43101.92
44035.36
37180.51
44999.35
41143.5
40530.37
41583.41
31667.45
36159.38
40990.65
35010.68
31270.45
31060.05
42338.57
37665.04
44632.73
31805.35
37984.8
48913.23
35780.97
40796.88
29837.69
30368.58
29524.6
22184.56
29103.22
56505.54
52745.22
25429.41
42096.28
30345.08
22515.82
19582.51
25795.67
36368.04
22774.85
34503.37
30089.53
34990.78
30715.96
20405.51
24952.73
36270.96
26921.26
21365.55
37916.65
26176.65
38491.42
30037.07
12563.39
22424.11
21103.64
21258.52
15214.34
16842.97
31581.34
30137.46
33074.08
26953.47
43596.37
35623.62
26747.06
44855.93
31515.27
33704.33
24905.84
36557.21
35820.9
34751.05
30529.51
48597.59
42934.58
30871.25
39615.12
37819.51
38924.96
45527.62
46807.89
57448.73
36206.39
40520.16
32735.97
24365.24
29638.07
30621.55
27979.52
21635.03
27264.45
30193.07
26006.53
27742.64
31739.95
43482.92
34608.95
50661.64
50407.59
44158.45
27716.07
39481.55
35299.33
45028.7
42917.92
28717.17
29040.64
47948.37
43457.6
38738.57
21568.63
27725.41
32013.19
40234.86
42112.31
39160.7
44128.56
35063.42
19418.88
27708.72
18763.56
31567.82
64961.68
34862.3
48137.78
38219.17
55387.23
36186.74
30059.29
25905.72
17559.73
32503.34
35938.72
51027.73
24949.87
23999.52
32873.82
17998.49
30859.69
28359.59
36532.18
36209.31
38557.66
34679.03
35922.92
42500.95
41787.61
38478.09
34678.31
34911.97
35962.2
43524.44
41232.58
47933.55
32289.23
39939.56
27544.97
40438.97
22994.11
31627.81
39622.84
33004.83
38972.4
24040.82
22457.97
37050.68
27965.41
37812.78
27459.91
37634.31
24741.85
31544.25
26291.92
19892.5
26247.88
35750.27
32230.19
39114.45
25238.63
37364.69
45338.4
32558.78
37016.47
49982.8
37549.75
49080.96
44409.72
49412.08
44449.31
42953.65
43231.24
44640.46
39556.18
28003.75
27380.01
21626.42
35606.49
40596.71
33020.83
42393.75
63916.16
55000.46
39803.56
30335.96
30544.92
35949.67
51111.92
30039.62
39517.66
30819.04
32633.46
40920.7
24462.85
32704.76
23194.2
36029.02
27110.95
24413.98
25614.51
28829.86
39940.04
46519.11
32174.69
44288.26
26029.54
30205.92
39118.6
41755.62
30473.42
42711.85
25148.09
39088.38
37059.34
41827.84
45361.8
39359.14
50447.82
30433.73
31345.14
38518.43
45646.61
38366.48
39792.41
45116.16
32088.35
41568.24
27467.98
57928.2
38198.36
36627.16
31798.73
32411.09
35099.03
37824.21
49723.58
25910.97
37004.41
44482.93
41782.21
44074.12
36300.88
22710.13
16647.02
18646.09
26287
42985.18
54136.39
43450.99
52670.96
35915.21
34073.12
40721.16
56886.84
47999.73
47347.56
36762.32
37368.3
45435.81
46020.04
43264.55
40331.64
35546.91
25635.67
53197.79
41935.71
41400.49
38155.6
33225.63
41916.53
42428.68
31773.03
24346.64
39753.29
23517.87
29309.19
36190.5
16216.55
19040.59
34489.79
19325.39
31321.15
19734.06
28437.06
34511.3
28420.44
27050.66
24700.65
20950.51
24391.98
23760.64
19803.59
18802.82
19045.65
17424.72
25391.47
36285.05
31296.35
44039.66
24538.61
24062.6
24474.88
31613.17
35291.36
33119.34
28643.73
38863
20171.74
34671.57
27812.47
50165.84
31260.23
40344.99
45954.08
60621.43
54129.41
38672.95
32505.17
34482.48
37081.95
45006.19
34086.1
45840.42
30696.66
39371.41
40008.7
41330.92
43298.06
41200.28
35511.93
31845.08
49599.19
38742.84
41251.19
40161.08
34783.31
42340.13
32882.36
27164.42
47258.99
28134.32
25129.07
34789.02
37690.15
49630.3
37293
36926.13
41062.96
50408.83
43354.78
34432.14
36019.03
26899.34
27617.83
24956.21
21151.62
26677.55
40313.51
33813.12
23383.62
30053.73
28876.52
20775.47
32701.42
23989.35
27769.13
26803.73
30494.14
18230.94
25275.19
13042.23
15691.4
17809.29
18137.72
25963.76
34369.95
28557.35
42810.09
23018.08
24759.68
23725.06
22716.51
26459.18
37970.85
39818.97
38230.23
38334.8
41547.23
31743.87
37241.45
33021.24
32584.39
31193.25
34467.73
41707.59
34621.32
29932.43
26192.9
38513.82
32306.63
30197.7
29041.21
31609.12
24860.94
36987.06
37990.56
41054.27
39239.37
29646.33
32899.69
59295.98
31723.87
54634.68
48282.93
51324.91
51569.55
34909.55
39475.85
46365.94
55450.76
63901.5
64170.1
47090.15
33575.79
48473.8
46115.21
47662.07
38939.44
50839.23
34545.21
38784.1
37176.51
25774.05
28828.23
25602.94
19064.53
25569.05
22452.11
51679.35
28445.79
32888.15
30525.68
45021.41
38041.48
30376.35
28454.16
27922.28
35896.15
47818.1
31733.47
22793.28
34921.97
25509.7
37264.32
25310.82
21785.14
23176.4
21867.46
17338.5
31641.52
35735.99
39333.59
28127.47
38814.68
27927.77
20055.48
29615.52
21943.52
25999.4
30654.09
23425.67
22915.25
38976.03
45788.12
36320.2
31501.55
46707.62
36032.18
38305.37
30301.25
24054.15
29464.36
19250.54
33293.42
29010.98
36113.61
36114.48
41987.24
40056.09
30875
36699.58
27658.45
48632.09
42660.42
44996.97
40388.91
35433.56
41631.33
45907.08
41262.94
44529.82
47135.32
27866.56
37769.49
48833.92
43231.47
37706.43
51102.67
44836.6
35014.55
40852.59
45718.64
40770.95
40750.07
57063.7
32995.43
49754.39
28139.57
37025.54
36908.59
42216.6
38003.08
29778.31
38046.25
39625.88
26652.33
38295.38
33146.88
39466.89
32735.92
46747.79
38499.81
51578.36
37456.41
60747.36
41641.74
42937.57
33364.75
43367.91
35710.7
47420.62
26942
25042.96
37909.97
32641.48
27822.04
35802.03
34214.34
28580.2
40997.97
23693.37
21045.02
20336.13
33738.68
29062.82
31492.17
37330.37
48304.4
38949.42
36220.19
42684.71
60422.98
41521.84
52075.75
55924.76
29517.16
27516.32
36664.06
48600.09
44772.93
34500.29
30540.98
24904.5
40085.24
38120.16
46516.03
48521.68
29758.27
27033.62
23883.83
32471.43
36487.91
33086.45
31642.23
33662.7
49264.79
53032.13
32095.8
27355.69
43610.47
26470.31
31937.24
27270.62
37072.01
34457.11
27140.03
31179.98
37459.16
29669.43
29457.55
26186.95
21552.83
28212.46
21571.91
37709.76
41342.22
42772.55
54515.61
48026.88
44148.31
39751.43
34033.72
30581.82
42943.08
37746.78
44572.39
34141.98
40556.82
51395.37
35959.65
45265.94
40203.82
35360.71
31870.47
47446.82
30577.89
52792.56
33916.05
33958.68
41571.97
50231.61
51899.72
49139.53
35162.18
43682.13
42102.63
33119.97
40655.76
28174.21
40941.87
32669.44
39135.68
35604.68
36495.27
40668.35
41009.09
47918.05
43036.61
41980.29
41253.31
27783.61
34103.52
42315.13
36608.37
30421.84
37688.56
32616.34
32086.84
22024.81
20992.88
26355.6
39313.82
34936.29
28856
35222.07
48645.32
36783.38
27332.72
47459.7
36225.35
46339.43
38756.85
40913.89
28303.4
26407.87
39133.76
49246.8
32767.87
40980.1
35923.13
33331.71
37773.5
45642.28
40011.12
52747.46
47606.66
42974.42
37654.7
40811.87
44781.38
36551.08
48695.47
40333.26
43123.48
36178.43
53822.56
38881.32
46140.31
36820.76
43509.34
48174.33
35141.86
36511.32
25694.8
24001.37
41401.75
41230.22
36203.78
36147.67
45183.16
25009.13
49825.13
27108.79
32640.85
28113.76
30010.77
33364.67
31084.34
35110.23
25495.58
21783.62
40008.11
38590.72
41000.28
47910.95
31648.39
35360.69
31508.73
37076.85
31157.21
34593.94
41254.37
42505.44
33589.49
30257.23
27850.82
33666.12
39271.51
30305.31
23950.78
28662.13
38097.65
42572.04
32020.95
35680.5
43666.64
33869.17
26524.59
38081.59
29443.92
21987.87
34513.4
39118.62
23738.01
26889.77
34595.83
27580.47
34046.31
23788.35
27904.55
19902.99
17148.7
32663.24
43887.67
40630.12
28798.01
30942.71
20036.94
32273.59
34069.19
30006.67
26556.66
26255.57
26252.49
18268.35
22320.38
20812.37
15358.01
16863.46
29651.88
40691.1
39399.39
50475.03
19261.93
25396.25
26833.67
28487.56
14303.27
18100.94
19789.53
34187.18
24984.09
46474.51
38711.06
40782.49
43424.28
36605.76
59323.07
28328.18
34642.19
41557.7
36794.89
48123.32
42201.53
41514.45
38641.49
23392.97
28389.1
12240.21
20035.74
18631.6
37979.05
28533.7
13240.78
18975.35
12868.83
20394.8
35875.88
27348.75
32367.32
22677.23
39690.94
37926.02
40921.38
29929.48
34608.3
32514
17832.25
16112.88
20715.32
36075.35
17099.71
24876.9
20044.81
16626.03
24131.79
32333.59
30399.16
18967.81
20961.4
24160.96
37614.29
28230.82
26129.22
23046.49
28568.21
40458.54
26684.14
35242.18
32360.7
29699.05
24042.69
34367.92
30002.67
32059.87
27090.95
29393.45
30943.23
28615.03
29555.36
32090.47
21245.14
21968.48
15726.82
32464.11
35674.34
30409.34
46110.27
31723.79
20085.83
36713.34
35482.01
23551.78
25952.53
37683.32
35399.15
31865.04
30910.21
34466.87
35277.67
38781.61
45696.67
38083.17
33524.99
44333.21
46224.37
42539.27
40409.38
44997.07
49814.91
58028.19
63487.55
34101.13
44899.05
42603.42
43712.8
38353.39
36076.41
43022.46
41573.61
36805.86
45559.7
36310.62
40355.87
37224.73
34480.02
34810.42
47016.17
40860.71
41848.27
29143.22
33202.33
36769.87
29842.51
28419.79
34189.31
23066.78
27295.6
14812.77
20229.63
28067.95
31510.7
28090.66
28239.31
34580.6
35378.93
34048.64
24457.41
22304.19
27700.11
23775.26
26612
40504.97
31806.88
37139.56
45237.89
36981.73
23477.8
28165.26
20247.94
38755.25
30009.18
26780.12
30343.84
33671.32
37159.88
42632.7
26015.87
39015.06
46575.71
45776.85
32731.74
45921.79
43866.21
61326.71
38983.12
41625.61
36183.09
44332.13
27999.22
39231.54
42898.19
35994.7
29164.41
40864.22
28627.22
36627.63
46103.7
39668.11
31476.93
40617.97
33106.27
27411.64
23083.14
30097.93
32456.76
27584.95
34958.94
38260.84
44536.46
22098.06
26520.87
32335.94
33274.34
35791.77
23543.79
27250.61
23025.65
31949.69
34056.27
38042.83
31336.42
24113.2
16437.19
18470.52
21928.91
24093
22763.11
31698.26
21626.47
29661.62
19814.98
22634.46
25847.76
23472.44
24106.63
18048.07
31173.64
18970.91
9779.52
17404.16
27757.06
21584.15
55603.78
40944.6
43059.08
34855.64
31555.05
31653.36
39322.48
34990.04
59895.31
37433.23
40208.98
35684.27
24696.32
24411.13
16447.34
19508.57
13066.88
20089.54
30161.06
38949.93
30218.72
25344.28
13093.24
16000.49
17625.14
20350.49
28799.16
31389.78
18356.8
31976.31
31485.56
39893.46
46173.29
25129.62
29470.49
18088.18
19428.4
24095.66
23382.72
18643.62
18749.84
32744.64
32058.26
23007.1
19298.11
20339.24
22513.79
32645.05
20142.88
36480.77
49336.22
39302.23
29421.03
24835.14
24472.24
33157.87
34977.52
38469.21
46927.49
27417.19
30590.79
18889.54
28637.45
31255.29
32426.65
35590.19
33193.06
32179.74
28926.35
32439.51
32083.68
38845.37
43306.74
33872.93
35623.82
45931.83
29814.45
40281.45
39552.94
47177.85
45674.36
40869.06
40258.38
43087.83
41708.52
46943.96
43946.3
47623.24
44424.06
27971.04
24100.14
34795.76
44403.42
29078.74
32602.01
37149.99
30722.1
29726.66
29505.58
32154.06
37892.98
28732.47
33791.25
25193.41
28577.17
29577.04
37155.91
33638.49
26378.14
39116.56
33166.89
22476.82
29716.8
24556.36
30544.54
29355.53
28523.96
21757.33
29017.25
36032.2
33892.01
54397.28
38451.71
43148.41
23255.23
30021.26
38056.61
25867.22
27493.6
24045.1
27965.31
24050.66
20861.62
31251.35
43383.43
25368.45
18433.47
19545.87
34403.43
25050.84
30829.37
25450.34
27039.89
15682.79
23924.77
30081.3
49571.94
44196.48
46911.18
47164.15
30206.28
39677.21
49235.31
33338.28
38572.63
28086.44
32420.68
22338.34
43375.32
22144.35
28166.84
26463.85
28721.18
32679.55
29328.91
29305.05
29420.67
18662.56
37757.05
24188.99
20250.49
29598.2
33015.37
23439.39
20033.16
21732.11
13502
25804.27
16278.78
33093.02
15237.67
24446.7
23386.05
22316.66
28782.16
21807.27
18487.39
31315.47
20192.7
26174
35618.48
42200.34
23447.4
27131.64
31789.6
44761.8
33893.07
20734.99
21450.53
18380.51
26039.02
23511.22
28298.66
23102.83
30214.67
29449.81
37808.86
29296.87
28863.46
36288.26
25859.67
36172.18
25875.69
58861.84
20526.93
15396.81
19800.88
19469.73
30896.62
38047.4
27682.96
37321.09
31037.75
30981.09
28342.88
28740.24
36499.52
33492.34
47856.98
26620.34
33160.56
33063.24
18809.61
26464.11
23214.73
35287.27
32434.48
32682.62
43831.95
32659.98
33790.23
51756.14
32873.43
49550.45
38966.25
46572.78
50305.33
48633.98
46285.38
37297.06
56210.33
40835.97
31244.36
39711.14
31000.88
40424.27
29692.35
46262.77
32821.28
38297.96
32081.08
21761.53
34057.42
33165.91
31762.51
21338.49
38000.05
23041.67
20339.74
33954.78
39940.99
31662.36
30641.47
34303.84
25197.16
26487.67
46734.9
27134.45
20402.13
33879.65
25887.53
24462.76
20597.41
14525.38
15307.62
28101.29
14781.42
22158.09
25104.99
18265.47
18049.81
33523.16
23383.58
26285.84
10254
19755.66
22461.04
22587.87
24465.85
46689.82
33473.9
47086.76
33183.86
48038.44
29583.07
29000.86
49486.43
37314.04
43094.88
32558.15
26055.55
31154.45
35785.39
41585.79
27859.6
41669.73
27028.75
27749.14
31959.37
26526.06
31106.23
19472.6
21336.01
37198.96
32113.29
26445.02
37546.44
38558.85
32012.6
35018.51
62937.41
42685.25
33953.84
31764.71
20633.2
19876.98
22807.11
29356.63
30674.62
47789.31
30753.4
29341.25
40260.7
43532.25
52630.35
53253.65
41417.05
45523.17
37785.8
43663.48
55697.66
57106.48
52155.53
37599.12
43225.12
39077.38
43222.42
40650.08
34394.84
37453.61
47338.86
39058.38
30344.08
41688.83
38534.9
43394.77
39376.44
39277.61
60959.28
38657.02
39966.5
69828.19
46538.1
43373.28
54161.38
41930.66
33038.8
29558.54
43290.99
35287.71
28148.7
50187
37671.42
52479.96
28698.44
35332.93
52723.86
51082.16
37752.31
34209.68
42966.65
36263.02
34446.33
41098.77
32679.31
35061.69
42688.6
36413.4
46177
29468.97
47906.66
51973.14
36509.05
32064.72
38337.45
48584.96
33148.97
34186.26
40349.49
52082.95
45141.35
22994.54
33336.97
62087.47
37416.74
60980.29
37158.46
42888.23
49942.44
50426.31
41225.51
34175.86
48509.92
45626.87
54134.29
44041.14
52336.46
49005.7
32023.89
58596.75
47853.58
59206.21
43730.05
36667.08
37685.55
36197.88
31704.36
28801.8
35055.1
20149.97
23317.7
20387.54
45326.94
37203.53
33164.49
50355.61
42229.38
56366.91
33771.73
42738.79
37853.27
50939.38
36884.44
43366.12
41274.6
34318.21
55714.62
31624.97
29933.33
30071.54
25160.59
26568.64
26655.7
20006.54
33499.18
21642.82
28722.72
26693.61
35892.57
33038.2
24139.45
31499.2
40271.91
42415.65
32375.24
39860.64
35261.65
32935.2
27483.74
28163.61
32229.32
29656.07
20490.21
26017.51
23898.53
41080.86
40394.93
35414.01
29471.48
25740.61
32720.72
37954.51
41460.44
46404.11
30180.44
36165.37
30127.72
27127
32684.83
48078.82
21961.42
29395.76
29609.19
35673.87
29828.59
46812.32
42773.67
41780.62
43819.64
49845.29
46638.38
24473.15
31600.1
51102.89
55607.84
45826.83
43735.36
36682.13
42425.06
41813.43
41386.12
29818.9
44129.02
40401.74
45041.99
55697.47
39239.94
38940.24
50586.94
42701.8
41192.42
43156.22
50059.88
56527.51
43128.76
33251.25
20186.85
34044.21
40427.21
39606.22
36327.86
36396.23
29020.4
36063.38
32834.96
28295.53
42268.95
25172.6
23961.54
28100.88
30264.83
35061.96
38715.11
27255.4
26417.33
27406.13
29153.08
31608.25
29894.63
56137.61
44250.71
35476.94
24940.67
22589.62
33601.57
46339.6
44288.66
36293.78
34634.72
34584.73
28983.24
30718.25
42993.08
33653.15
42731.58
32051.47
34102.91
38351.34
35739.14
27981.01
33549.75
33354.53
34820.58
44733.62
23586.74
34581.08
37484.48
40787.08
37624.44
39781.07
30822.93
28304.85
43528.03
43166.02
42183.42
48331.64
35765.15
43192.5
49198.06
34016.5
47628.8
22588.03
32024.8
47873.62
36074.86
22891.32
38791.02
43491.99
40185.62
35433.09
38721.97
36802.85
31019.04
34510.61
41586.45
37193.39
38810.24
49207.37
40860.89
31365.1
38519.8
21277.66
28080.73
43608.77
49529.77
40662.11
44646.02
55550
44180.72
64621.17
43152.09
49605.28
42726.17
40602.54
32217.23
36502.51
52966.28
34903.84
32137.37
46962.85
34529.09
40203.91
48967.65
28420.44
40602.78
29894.57
41580.87
39392.87
36163.64
42843.86
45305.9
33047.04
46800.41
38677.47
34626.63
36099.73
37581.06
33431.33
53772.66
33536.59
75133.17
29956.88
35842.08
46969.67
32157.28
41026.17
43901.59
39314.38
42642.51
25816.41
28246.67
28909.41
37001.41
28877.11
28828.91
23619.71
27956.77
33590.31
34924.81
33598.92
37010.37
29092.57
28641.55
36584.4
28434.43
38573.4
50003.59
29627.73
28166.3
32046.92
39971.48
41157.33
31472.05
49494.27
36854.69
46185.03
38288.73
43488.57
44334.42
25245.31
26879.16
24703.38
26830.79
31496.22
26455.64
36482.89
31742.46
29886.58
31002.05
27992.84
37448.48
40216.06
35234.15
52022.21
40037.45
30128.24
38815.35
41035.31
44775.77
56513.05
38084.79
43788.11
43017.78
31649.65
39279.6
29641.93
34595.44
34044.51
40102.71
40009.45
32813.57
50725.11
30369.42
29071.15
34446.67
32488.89
40843.11
36006.84
44149.51
23511.91
33104.75
23858.72
22083.42
29561.41
24305.08
35234.75
40571.56
33593.87
25603.34
43480.24
28509.79
20811.26
28211.59
29281.21
40670.81
20657.4
38659.6
28186.16
31003.18
25501.64
43453.23
39270.82
29304.87
35941.44
36345.92
45797.02
44381.42
35686.35
41085.59
36318.53
30127.39
29404.44
33527.57
32117.89
31750.75
43888.29
40736.77
37771.74
26244.97
37297.67
38299.06
30944.29
33618.75
41465.43
25333.77
33172.09
27138.54
25871.68
31888.45
29031.74
49983.08
36933.01
31907.42
31795.87
21229.47
32367.27
31492.37
21100.73
20178.82
26171.69
32366.66
36647.5
32150.32
32286.71
25550.66
41303.27
31685.04
22041.23
27110.8
42622.41
40325.24
53675.6
35421.94
48901.87
61209.12
50759.33
38876.69
42109.7
48447.04
54129.93
51853.98
42989.16
33330.58
44227.49
45517.4
51473.32
42289.06
51684.47
47511.46
40192.07
35870
48081.88
27699.51
38040.49
30954.68
37260.55
27911.16
29591.09
25872.09
33235.9
15834.18
26544.5
24842.8
30500.01
45420.16
32117.6
28152.49
32180.05
31381.92
38541.85
30429.25
32627.43
39286.39
41488.79
36458.29
31162.49
32485.11
51857.03
25897.18
37940.42
33663.75
43933.18
32599.85
47784.92
41400.39
61367.01
45141.64
38891.35
39514.84
39648.92
32362.85
36613.4
26646.59
43783.64
34040.77
43614.39
31813.33
37020.41
39638.98
26290.06
52182.76
26596.61
24633.96
22751.69
22353.4
25274.6
51570.3
34185.4
29797.07
30589.75
30793.92
35690.38
20370.86
33804.44
29873.11
41421.56
37024.62
40264.45
34955.92
43159.44
42070.17
28002.54
30380.73
30151.61
40377.41
57929.16
40562.28
29393.09
34892.38
28624.73
41894.8
58207.98
41617.76
41504.34
35529.38
33483.69
26513.38
23289.9
23285.39
27324.68
25990.9
23786.01
16962.04
22028.77
40210.01
25801.56
22837.77
31325.61
36177.3
35161.39
22220.97
25665.63
23210.44
24193.47
38077.49
39034.14
35624.31
39621.13
33233.51
27057.46
38025
35838.28
25554.23
24982.67
21205.94
27614.33
26150.69
33491.25
21347.33
26846.45
21672.92
26508.78
17352.65
15077.76
18479.17
17928.6
27778.91
17965.31
26027.83
28763.73
25140.17
25457.42
24943.78
20722.64
41453.45
25462.58
19981.8
17919.71
16220.99
22979.43
33890.43
29488.42
22967.55
29101
26404.46
36435.63
22989.08
34925.95
39821.88
27701.95
44928.36
30452.77
38976.74
32828.11
45872.77
41568.45
45333.63
26084.63
39234.9
34135.93
30876.97
39292.62
25885.13
32559.99
38335.22
34788.64
28999.48
39948.73
27157.88
17880.48
25284.23
26466.67
30432.44
25799.17
23986.16
22785.06
19975.04
25689.99
32159.21
19337.89
64976.17
29895.28
28407.85
29493.41
42978.22
30488.82
37813.18
26452.81
26621.6
27748.22
46902.38
33131.66
22887.16
45067.82
30606.96
26764.5
17170.83
23964.09
22938.76
19170.34
31409.17
39848.1
45402.84
53189.86
43651
34736.66
34142.55
45918.89
36310.38
27784.97
45122.38
35691.21
32880.22
23714.89
28222.93
23700.34
20311.44
18658.33
27773.74
26946.1
22983.93
39496.65
39638.63
42462.23
52561.42
52012.89
39814.31
36186.67
45169.02
44313.37
43824.63
45405.2
40913.06
39370.04
43661.08
45057.95
42737.46
37664.51
34931.24
28279.76
36306.15
29817.52
44004.8
49082.53
51005.05
34082.21
41827.39
36617.7
30802.74
26118.48
18259.3
27671.36
22494.97
34846.65
32952.29
33943.7
34874.31
34252.73
32803.92
32664.88
43108.42
28520.52
29460.8
25107.2
22930.93
30365.68
37296.15
36978.51
32232.56
19659.9
20603.74
26760.38
29100.78
37957.28
34739.36
36025.73
25509.72
33674.69
37673.68
24093.84
26090.67
20870.75
23148.4
23393.07
29295.15
25663.86
23561.9
16172.28
21141.24
17477.3
16760.1
19406.12
22157.33
30003.69
40003.59
22126.46
30106.52
25605.25
24858.31
24935.06
40534.41
27259.34
43196.57
14655.76
28634.81
53349.85
27893.58
20141.61
25769.11
26373.19
33528.9
29879.16
35875.29
43403.45
31821.55
25789.16
43955.73
36643.29
38841.69
36029.09
40221.98
22029.19
24875.37
38147.67
32137.54
37197.92
50899.82
29935.61
24445.24
46563.94
32985.09
26261.05
27763.2
39331.95
51380.96
38042.07
36933.96
48241.41
29350.25
24521.97
23883.26
27217.6
33305.99
17320.77
25630.64
19676.37
40259.96
17020.51
20310.08
34145.94
19340.26
15539.21
24697.82
17767.89
20411.09
30155.52
21415.91
23891.22
34944.45
24971.59
25525.92
20923.51
28861.56
29617.82
32212.85
32601.89
53390.03
34720.52
54973.46
36735.89
38364.03
33701.77
37210.87
38591.91
32469.65
44822.5
29682.64
22575.88
43486.3
38349.85
36003.96
35756.02
26668.41
44228.55
33065.97
48486.55
32575.89
45012.43
58781.7
40954.42
32818.43
47239.29
34951.78
29485.6
46991.06
22480.39
25828.09
26559.12
38804.12
37642.77
32039.19
27270.32
44978.3
35679.05
25143.89
27170.91
29075.61
35580.86
48933.46
28003.85
35025.99
37469.82
43898.9
47413.66
34655.48
51071.3
39984.92
36640.82
30387.66
28560.5
43134.87
28730.8
25765.83
23690.54
32385.39
26284.55
29224.43
28154.39
32512.32
26552.12
28112.57
20796.44
16380.99
35570.17
24705.92
25368.43
21696.05
22822.2
31394.7
46603.23
26097.43
25409.58
31872.67
28801.06
30982.93
19680.1
19238.57
43183.21
32716.1
45895.24
20406.67
26276.86
29186.47
35925.37
44585.31
39002.13
25133.31
33950.37
20900.95
27649.65
30849.26
43094.99
25482.41
31085.75
34251.07
20886.05
38166
27982.39
30631.26
30163.38
47716.13
39553.85
34634.34
31691.24
41113.48
43599.8
30192.43
38733.37
19554.67
17612.09
17247.81
22849.02
29290.2
18221.34
25816.43
28258.3
34122.77
47776.39
40200.29
44125.86
37678.3
20701.55
50019.71
35272.98
56660.8
31115.01
41736.74
32757.12
31588.41
30183.41
40590.04
45356.57
38065.8
35492.74
31189.93
20375.84
25096.99
22844.05
27119.64
24353.9
16496.58
20047.6
20304.2
21459.08
36073.15
38141.58
27869.05
23358.02
24183.59
26974.32
35858.99
39115.14
32591.18
23604.7
33753.86
42962.39
53560.93
54269.82
42298.19
46628.39
46086.52
41823.24
38073.72
34719.79
44998.94
48564.53
34184.8
49429.94
39181.12
39830.8
46595.4
49546.04
39977.31
47213.86
34412.53
40179.77
30370.99
44939.35
31918.4
28871.67
51509.94
31972.73
51778.5
49658.02
39227.17
30858.63
25925.89
31290.03
20131.5
27012.33
14500.08
19854.43
27046.71
32541.22
36683.4
31208.93
28619.41
28224.07
44857.91
37156.56
47794.16
52559.41
31721.42
31783.12
29363.84
25063.66
28122.2
20352.11
31890.3
25081.62
25911.35
20643.34
33677.69
25321.46
20791.85
26753.76
27397.96
26235.01
24693.34
37470.3
24655.94
25735.22
33988.58
20652.2
27836.5
22051.99
14864.7
26650.17
34316.47
28428.24
48276.63
50493.41
46697.8
39068.42
40870.84
39833.3
47666.14
33426.96
38290.5
53929.3
58449.98
45627.76
32144.26
44637.71
46486.27
37318.06
49975.23
43669.61
45895.76
40082.05
30698.52
35477.18
36731.55
47350.64
45264.53
39563.36
36191.42
57909.01
46917.01
45318.21
36814.25
50397.62
33611.11
21855.15
26329.23
25131.31
21966.58
26788.71
20701.79
26130.57
24395.3
24337.44
14493.51
27388.39
41606.69
46500.73
22458.94
41186.62
38916.84
33296.27
28218.85
31825.76
47770.5
33903.59
27164.34
45089.76
45179.31
29729.98
48825.94
49632.52
31728.4
31405.74
37588.17
58797.9
48127.85
44451.06
40011.15
33246.8
49478.67
34588.99
37025.93
42473.22
38334.48
30028.02
35211.02
45351.11
42246.41
31560.07
30400.15
21741.08
35172.08
32389.97
31958.22
24059.52
29637.85
20240.87
37074.23
26851.2
34077.63
17279.2
25443.52
28847.96
17354.89
29822.29
24208.27
44864.86
21627.62
18745.34
31000.46
32145.31
39816.92
34418.89
28426.54
42713.96
35638.04
21344.4
26742.6
29547.29
36535.04
30126.84
34367.45
40078.55
31321.34
35392.86
13216.97
18473.8
28238.86
20464.01
19422.87
26503.19
27586.56
33235.53
21979.22
39514.01
43714.51
38433.48
53770.97
37128.89
39349.62
48750.94
41991.08
29251.95
44643.75
