16.52599
17.34707
17.72158
28.15183
23.63077
28.34869
15.35545
14.84949
25.23435
12.21486
16.16239
13.59097
7.813113
11.30777
11.99752
12.84157
15.06544
18.16248
22.73275
21.5241
20.0698
17.72401
18.20107
20.61195
14.11984
12.16817
18.51341
20.13899
19.31077
13.32976
16.86942
19.75611
14.62796
11.08824
19.52274
15.12331
13.07748
9.292275
17.67568
18.0363
20.33918
24.96083
18.79227
17.33326
16.8138
14.76888
19.46533
14.17248
15.25463
28.49614
14.74784
14.30457
15.59696
19.76855
16.80987
14.52189
26.22204
17.93344
21.06028
19.52623
20.16503
21.89981
24.11126
26.03308
22.25814
23.87211
31.67781
19.52242
22.95383
16.39936
15.02898
14.24894
9.84191
7.966869
6.788625
11.83606
9.023462
8.552704
7.649975
17.36967
13.01839
19.53336
22.77966
17.76293
22.76192
24.16524
32.11467
21.34575
13.66222
17.81378
20.39396
12.67233
16.03585
19.10227
25.19121
23.55849
30.03884
26.61568
22.41946
25.98224
31.76233
20.28001
23.12378
25.109
15.50037
16.02045
15.61415
11.74043
12.69593
11.24187
15.06003
19.69798
15.54154
11.57863
16.43845
15.63582
13.48903
19.14175
22.02056
26.03804
20.90681
18.36224
28.19648
25.02985
17.14421
22.99857
21.2267
17.59858
31.48955
13.962
14.53967
19.11317
20.21379
22.78614
24.56555
26.11272
17.37929
19.78917
17.57191
21.89602
25.96382
21.59895
27.29581
18.86978
17.64429
20.05446
24.98785
15.63359
35.13232
14.63976
12.82753
20.55629
23.07849
26.38119
23.79942
26.15913
18.15066
24.61664
33.27679
23.33094
21.74967
14.04903
23.30355
20.28109
20.66228
26.19189
20.48116
20.34266
18.91013
21.4645
19.68949
28.17643
21.21332
20.69256
23.09609
27.57359
20.83673
27.18665
25.76238
23.1657
19.85855
29.64852
22.61739
23.54763
19.99897
26.64895
36.24596
21.31292
24.02233
23.92911
13.69926
21.20533
20.59812
18.31242
25.54255
21.72836
19.65335
34.31044
24.36535
28.22778
27.27568
19.0813
21.6439
24.88822
22.76177
23.74556
21.59419
28.46329
19.10409
26.18222
26.41241
25.23867
23.23511
21.18765
23.93343
21.28976
24.01977
28.34322
21.3436
18.6708
16.62969
18.67903
21.08084
15.1804
12.6016
22.2577
16.43443
19.44079
25.47458
19.1913
16.67046
15.18005
21.00545
23.74853
18.74747
25.09879
25.75471
18.71498
30.92314
27.21585
20.25384
21.56088
28.90069
20.54182
27.2217
23.37012
19.59607
22.45346
21.85939
22.81736
16.11413
24.67167
21.07795
21.85288
24.80989
25.03881
30.01234
30.84115
23.74123
20.91122
21.53003
21.44814
25.90192
16.4532
16.53829
24.78832
15.55705
17.16555
22.33533
19.88948
15.86509
19.01599
20.65913
29.68313
21.06856
26.86507
19.37406
32.98531
24.62266
17.7799
20.44979
21.41701
31.35974
22.94976
21.03857
21.7256
21.46958
26.59188
29.20428
21.31336
26.95601
19.13183
16.12564
22.25653
13.94298
19.71748
15.41881
15.31403
19.86566
19.34613
21.46297
18.54383
22.15242
15.98932
23.01032
11.65695
21.5788
16.79444
12.8182
17.09326
16.24591
13.47397
18.61758
25.74365
24.6054
24.00777
20.7153
26.93786
18.59711
21.05615
22.12363
18.91934
21.31746
20.52592
24.45623
29.52235
17.89507
21.40945
18.99158
15.79279
14.10587
20.98157
14.49825
22.30889
18.36778
15.17274
21.32982
20.75266
15.48282
13.12502
24.66492
17.83978
22.51599
22.19137
22.5228
23.74796
17.71685
19.701
18.19897
23.79406
28.64312
17.42806
21.76757
25.39487
21.45046
21.57881
26.55811
27.87263
31.25726
17.43574
18.57943
24.38921
15.20825
24.28048
13.96265
13.86423
16.52596
8.838356
17.63111
12.9595
9.150904
9.118591
13.38814
17.15057
14.0308
18.99169
11.35328
12.60046
11.51511
9.497576
20.39216
25.18918
20.51576
18.62955
16.18476
22.07461
22.1614
19.50587
23.30883
20.0621
18.2544
15.30387
11.4262
17.36742
16.39583
18.60678
11.51831
14.68254
16.97817
14.8401
7.664567
6.593444
11.8874
7.776763
11.82827
9.269374
12.28848
16.72862
13.0478
15.33235
20.10248
16.89783
17.53133
20.07751
13.69855
17.83865
14.56866
22.82546
21.97045
13.47948
13.6203
14.365
18.68889
19.5465
20.31685
16.00164
20.63322
15.05694
13.64837
16.63891
11.99466
12.25393
17.7963
15.81504
14.98778
19.83499
16.30498
18.79705
15.90603
19.37038
13.70924
20.56199
23.00394
22.55155
13.26805
20.49165
19.17683
20.48785
18.0939
19.79323
15.19607
21.3645
14.1545
12.58104
17.48157
18.22431
16.37022
14.77091
19.44042
23.07261
14.63729
23.13822
34.60604
20.85022
23.35459
17.05938
16.45315
22.07373
22.12714
26.30748
22.74903
21.09107
16.05558
21.09948
22.46587
23.09638
19.51049
17.58884
15.77473
20.40749
15.77618
13.37737
16.20602
14.33191
18.63524
12.24795
10.31663
16.74184
10.83502
11.90366
12.37335
16.72931
16.12152
12.16115
19.34307
20.16657
15.28647
28.04802
12.48954
14.52772
11.71427
21.89921
14.81403
10.91766
14.51862
13.56842
18.74284
18.63685
16.15628
17.91456
18.96159
13.76992
19.85853
17.163
13.09383
22.89994
15.71525
14.82067
19.76047
20.44897
19.67562
17.31338
20.56507
12.65818
20.01571
17.48845
10.17309
15.54094
19.30389
25.56798
24.36589
17.25641
19.5789
24.09629
26.76761
21.42822
18.27407
13.27077
19.47871
27.31563
18.50679
27.29306
26.59075
22.3987
15.3819
17.55416
21.43209
13.92021
20.68402
17.20162
17.61339
16.59159
24.23321
28.02057
24.08031
32.01502
20.02265
25.05626
23.85164
21.53337
21.39922
20.89279
19.34068
31.8935
30.66908
23.44044
31.33745
21.68458
26.57404
22.48766
22.12874
20.62382
20.45836
24.01312
21.02328
14.40466
16.57508
15.60401
21.51006
21.648
26.42739
17.56741
16.95322
26.44162
22.50096
20.34574
19.35641
17.95288
20.31116
18.69438
18.98433
25.15518
15.61794
20.10132
10.38391
13.4543
17.05899
12.04559
9.596735
18.79345
15.48149
17.3569
21.92283
18.80599
26.33296
27.0469
24.29215
22.47252
22.73259
20.55401
23.68224
24.62576
21.75427
23.88505
23.36998
26.62973
23.6059
19.31207
18.87506
23.53443
14.87624
15.02976
17.0293
12.98146
21.83631
13.92207
22.98062
19.2095
29.88406
19.12333
23.97174
22.25659
13.30288
17.24236
20.14821
19.71683
22.3056
14.24167
12.59455
19.28863
24.75453
15.32957
22.05958
18.13084
12.49036
22.7314
17.70781
16.46937
23.30942
23.47686
29.42033
26.94198
26.94531
20.19968
21.59374
23.90345
21.38835
19.52837
32.79301
27.80242
20.2235
24.43827
25.26604
22.24053
26.92506
20.08187
17.87106
23.36231
18.3454
20.94225
14.60665
21.57443
16.15428
26.06941
21.02459
18.14911
19.81846
19.1049
16.53912
22.10389
17.11157
25.72008
21.48035
22.46164
22.06374
24.96836
30.54454
23.66468
18.52386
21.86391
19.87202
16.13379
23.68935
21.91117
28.70034
19.72972
23.28221
19.88271
18.38557
20.24964
21.9509
22.54071
24.83079
20.33735
20.39367
21.43668
18.47658
30.42246
22.54483
20.69673
19.6909
20.65007
13.51546
28.09529
15.85538
24.52016
22.24788
17.12829
17.74314
19.33486
25.36572
25.98497
16.04329
15.47927
23.05596
18.54238
18.53425
15.79186
15.099
15.52541
22.35328
19.18098
16.1405
13.64509
11.72312
19.17148
15.8546
19.75723
16.34141
21.30674
24.58105
21.86517
19.89092
23.00298
21.16773
16.00892
18.16378
19.22862
18.68948
21.73469
25.41652
20.42123
14.96771
16.34289
14.0052
22.34506
23.35365
16.39029
20.96663
16.54488
21.46357
18.43664
20.10185
20.25634
31.92391
25.09374
21.85444
23.55092
26.19372
19.72121
27.57339
29.32737
27.3359
22.74296
24.7273
22.98577
33.50447
21.52694
31.02869
25.35537
28.86592
26.80648
31.98156
26.35089
23.54972
21.25833
16.32807
23.39962
16.20895
26.5265
20.1194
25.95521
24.55445
24.58508
23.48654
20.83753
24.4644
21.30483
29.32487
21.69499
25.8361
22.62617
18.35189
26.74017
24.40178
25.88802
26.90299
22.67078
27.05128
25.13457
21.41822
23.8239
22.57714
27.01448
20.66143
19.23459
24.7846
28.93014
26.28169
22.92821
24.27387
24.12813
21.60617
24.55768
25.44884
31.60446
18.9598
24.34686
19.46691
12.80133
21.11357
28.30033
19.94998
20.56204
18.5505
21.7668
23.07615
15.47243
29.87384
18.66874
23.08101
21.2028
20.50827
23.04545
22.2263
14.60237
18.3085
21.29926
18.96158
17.50636
15.84931
15.26217
11.9565
15.25091
25.93187
18.73641
18.55466
26.63426
20.16385
19.57299
31.96786
17.68229
21.98072
28.75448
16.97964
24.80931
16.8824
22.56039
18.88657
25.64791
20.04847
21.82447
20.08189
15.03008
22.51446
19.99225
29.35077
15.92913
18.57274
24.4179
16.12544
19.61731
14.57533
15.80817
21.54372
16.18175
14.64522
5.598896
9.825277
13.81823
18.38222
13.63584
19.20744
19.57691
24.00542
15.37758
11.88946
14.39837
17.21293
12.20732
13.58508
9.325219
11.78868
22.5408
22.09568
17.9375
18.16915
17.45892
16.34912
21.14485
21.11881
23.46453
25.92109
20.4968
30.35341
16.695
30.54082
26.89783
17.33316
30.85827
23.18989
21.5911
25.09659
23.58516
16.23827
17.22813
20.05778
21.35392
24.77475
17.92303
24.03535
20.01907
20.20366
17.8604
24.85698
21.77379
19.34568
20.68941
28.65215
18.40541
24.37729
17.94864
22.9272
24.88154
20.99243
25.87399
20.93055
22.43112
27.94766
22.94786
24.5605
29.8168
23.95242
22.1042
21.99886
22.09877
14.21094
23.56873
13.24148
14.44327
21.59564
23.23586
21.28971
27.87981
24.18212
21.54553
18.45352
22.66176
25.20221
27.00499
18.06131
18.58652
20.36318
18.4309
17.5716
13.9054
16.3109
16.35404
19.93936
20.28071
23.89883
19.31489
16.35222
28.90008
16.57558
23.37634
22.83911
24.74073
23.37816
22.00416
18.97446
18.78737
23.11041
23.7318
18.21365
19.78933
16.81592
20.67317
17.47428
17.8505
20.40808
12.14434
23.50278
26.63817
16.08692
20.65934
17.18658
17.94228
18.65837
22.71444
22.19389
21.59745
18.55275
20.1321
14.41063
19.42205
23.95254
19.32999
17.76384
19.77254
15.31975
21.80039
16.37365
27.2228
18.5405
19.61989
14.85501
17.62318
17.75236
14.38206
14.41852
17.99634
22.72525
19.72906
19.22799
23.11797
19.00664
23.64375
28.88035
25.95281
19.26137
21.90532
25.48894
28.5358
24.04554
23.70653
30.8526
26.86832
20.18568
24.08334
25.5037
26.8242
27.37464
24.53425
23.31682
22.65425
25.83001
27.08481
17.88397
22.15678
18.72648
17.87659
29.44044
22.66942
23.86387
26.76058
32.51766
23.79559
20.90227
24.48256
20.42199
24.04195
28.11355
24.8297
30.50084
25.98288
27.32255
24.07543
29.52501
19.40985
18.78062
25.6532
21.12124
22.39412
27.27608
26.68942
27.53041
21.04033
22.59646
22.39043
21.30059
20.7429
19.22909
29.34828
23.05881
18.49449
10.57243
15.75075
21.00818
18.25043
12.48754
30.31644
19.97239
19.08553
19.78279
18.7901
17.29867
15.06016
15.55392
14.03011
12.94368
15.02615
20.25092
12.16154
22.08006
22.35211
12.64625
21.30771
26.82024
18.20481
24.95602
24.25073
17.78649
24.33022
25.98574
15.09083
20.07534
16.36869
20.30922
18.63799
10.85125
12.45495
15.21258
16.63069
20.75732
17.02334
13.60081
15.30146
23.17053
21.28917
12.97382
16.1149
14.61022
23.48249
23.80056
20.51923
20.10495
17.02787
17.71889
20.90022
15.38728
13.91423
10.81525
8.191465
18.80671
23.20299
28.71414
18.75002
19.6625
18.9475
18.38845
26.7763
17.20695
15.08065
17.22489
18.28745
19.87932
16.79751
23.53816
27.72318
19.36618
12.256
29.95323
16.71854
21.34748
21.76136
16.89838
25.1407
17.19712
15.41688
15.55694
14.78861
25.78587
32.25202
18.14316
24.24331
19.72403
28.01056
20.88023
21.59749
21.17373
26.14039
23.93131
22.63003
19.82979
19.85058
27.22134
25.99638
24.2125
22.42468
20.79823
24.26325
30.49464
23.32725
20.33839
22.67951
21.68885
21.67563
22.63019
21.2311
26.80111
23.40357
33.71069
24.44196
24.39658
20.84972
27.15664
22.10355
27.96777
16.46383
19.81629
20.72214
15.05498
23.37381
18.97866
26.20033
23.52058
18.32534
20.75513
26.55608
18.33828
17.28998
15.89879
17.40308
15.7003
18.42608
24.35231
20.20316
21.10874
22.90228
20.46117
18.53407
20.96995
20.8825
18.95357
17.55188
23.21196
27.59618
21.06945
21.30235
13.84251
18.23596
25.79106
23.27678
18.66975
20.28198
26.92025
19.14626
20.16921
24.90844
17.33039
21.0251
18.21076
29.80719
25.00531
28.47972
20.03591
18.27132
15.64152
13.01267
16.24098
15.02951
15.0857
23.55232
24.95875
22.47793
22.20416
17.11321
18.84265
21.44235
16.45244
19.64781
8.52038
12.23814
7.952141
8.89283
10.15493
15.8248
16.64518
8.991263
16.23142
13.20543
17.43024
19.91266
16.03998
32.99094
15.42221
20.69401
16.41548
17.88641
18.88831
22.77745
14.35809
24.87326
17.08775
20.26671
19.36528
20.11053
20.83004
22.35415
24.56854
20.37078
17.43143
18.46866
14.93811
18.79075
13.31071
18.45059
21.44216
18.64025
14.59239
21.4989
21.95182
15.72606
12.98599
21.52049
18.97307
24.47235
17.10416
18.64635
17.73108
15.4237
18.52402
10.71683
11.53691
14.48943
17.97664
19.0979
21.95747
23.89773
20.33328
22.42906
24.3538
15.12057
17.8532
19.46978
28.09129
22.10407
20.38743
12.9315
16.88347
20.32981
13.9162
18.83431
16.29763
12.33335
17.06688
20.70684
19.8982
17.39968
14.79216
22.33134
13.86189
13.40556
17.87819
15.02685
18.38837
19.32467
19.16136
15.85537
21.68812
25.15617
20.5255
14.21147
18.13203
17.36243
18.45341
18.64381
26.07668
27.05131
18.20028
22.54896
15.47033
14.52367
11.92979
10.17284
16.68117
11.3301
14.05843
19.76619
18.32375
15.07558
16.55864
15.24622
21.45813
18.21576
14.93187
20.09086
22.74807
11.54329
14.38909
14.95117
9.060117
11.44433
16.83787
20.1135
11.51369
19.56289
10.80944
13.88374
12.44965
12.27453
14.66457
9.176008
14.60509
13.18492
14.16201
15.14929
23.58785
16.42757
23.89705
16.83763
16.92406
22.39798
13.64395
20.74373
17.56944
20.30388
21.80281
14.99073
25.9911
19.99657
16.39787
15.44081
17.72456
22.94012
25.7873
27.50143
21.59754
23.84874
15.06159
20.39531
27.35398
23.04216
21.06944
24.69529
28.75933
24.61918
21.25717
22.13352
16.99477
22.81424
23.04988
21.95975
22.36622
21.46382
19.44155
24.86223
21.2832
19.44938
16.26711
24.06845
15.5389
16.6569
19.97921
19.70996
23.66921
28.83976
22.32951
30.93924
27.27668
20.26799
24.94772
21.03947
18.90784
21.31484
20.95842
23.55446
19.79496
19.5367
16.94097
26.22144
16.59587
31.66217
31.35314
23.06782
19.53048
20.46016
23.10583
24.69939
17.82858
21.38289
26.00075
25.14961
18.39597
21.64752
22.26037
9.685133
17.266
19.29586
18.63533
17.09388
14.80109
14.92153
21.16389
21.31996
13.53107
15.78554
14.04825
14.68671
20.29841
16.31382
17.82659
19.42813
13.06062
12.89717
22.8972
18.35689
15.87125
22.76183
23.88294
19.53687
23.00093
13.79198
16.44196
10.7101
17.8342
20.73717
17.6037
14.39733
17.93724
24.21723
19.93901
18.26184
15.93555
18.76169
21.07054
25.43413
20.13805
23.89853
18.70641
18.349
21.46969
22.49871
27.91089
16.68011
26.02324
19.45251
22.43652
20.6269
13.3646
11.77705
17.86257
15.51455
27.66144
18.68146
22.54651
26.15897
14.94841
14.83168
17.97237
14.61881
22.00587
20.51632
23.40913
23.60696
30.18939
23.4662
29.11002
24.08324
19.43673
20.87233
24.08755
21.22067
24.77944
21.10344
26.74102
29.78679
17.02047
17.04385
15.02872
13.43041
15.16249
14.1249
19.08813
17.71687
14.21289
11.94097
13.09633
14.51105
9.529189
13.30906
13.8813
14.52119
20.65239
30.40263
18.56377
13.14009
17.10725
24.57716
22.38906
17.77476
24.82464
18.96267
22.18644
19.12865
21.40159
32.63408
22.46129
15.80556
15.20075
15.45398
25.58401
14.43188
16.89153
20.47348
12.12274
16.28422
12.45995
19.8128
23.78342
15.41868
16.88578
23.54634
14.80097
26.95879
22.87332
18.40488
25.42927
13.14738
8.969174
13.62908
13.89923
15.41118
15.6254
9.560281
9.337206
15.68649
7.555461
12.12636
17.63449
11.82398
21.30906
13.32246
18.50038
26.95091
13.72916
16.70714
17.71534
26.19834
21.61064
23.14447
24.17203
26.18921
25.80049
19.64917
28.75479
21.67557
16.57369
11.30243
19.08741
20.00278
18.60261
19.73065
14.74595
20.17125
14.35288
14.91769
9.915141
14.41243
18.76655
19.99659
15.58531
16.73355
24.21274
28.37968
21.21232
23.04291
20.44269
25.74269
29.53486
29.31159
20.90614
21.76628
22.11365
19.45916
18.94327
19.16944
28.27463
26.21983
18.44266
18.42201
18.87454
33.37826
14.31074
12.87846
15.78747
22.43094
23.32968
28.84984
19.93122
27.14376
13.78342
17.70348
13.47657
10.87879
11.43255
14.13763
15.84945
22.13756
16.42246
16.81797
18.05383
12.51039
20.84083
11.65781
15.8842
18.48559
16.72726
13.67938
27.78952
20.85348
22.04076
15.4096
16.76809
30.91545
22.29592
17.74592
18.98758
23.19406
19.54145
18.28001
19.69849
29.54285
20.42042
15.75888
28.10641
19.16971
17.35036
21.18556
16.51945
19.11097
19.78654
19.74139
15.32332
14.45497
17.76516
10.18806
11.90108
10.12109
9.307334
13.64858
12.64111
12.14491
25.13255
18.52253
25.59169
17.23591
22.81731
19.77449
18.26861
18.26696
19.11313
21.99537
19.52269
26.53855
16.06317
17.65923
19.30915
19.24483
14.08886
22.34413
16.03509
20.32212
18.30649
27.14167
22.19862
27.57032
24.64662
17.64266
19.30132
15.92952
20.89446
15.69588
22.26131
22.59789
22.35302
24.26736
21.19388
28.30142
23.86448
18.18192
21.40678
22.59056
20.33585
31.94964
23.4614
20.67633
20.12234
25.66063
23.89823
25.23949
28.18266
29.88461
26.96713
21.37257
27.46627
17.31191
28.83145
23.65025
25.18794
23.10831
25.37229
35.13279
24.34524
19.84543
19.17942
20.78633
21.18747
18.36038
17.37897
24.99779
27.92259
22.1334
23.63573
19.26967
26.45669
20.67957
14.96671
16.20874
14.24578
18.89801
16.81776
18.15194
25.29613
26.08227
22.87677
31.96527
25.16495
24.28534
21.77623
23.63429
30.58719
22.75839
26.31783
26.60518
29.20408
31.86584
31.86106
23.34856
18.38926
26.65885
17.32968
14.12796
25.05868
13.91273
15.57849
20.77819
24.06334
21.14858
26.11439
25.25572
31.71049
26.07818
17.53163
19.12218
20.42547
29.28297
20.41479
21.0198
29.42068
27.66965
20.42855
21.72682
26.48533
23.52338
32.06951
24.35396
22.64568
23.67779
31.06509
25.13654
25.86861
26.319
28.81932
28.61018
24.80221
21.72256
24.72893
25.39619
25.50415
23.30032
27.08217
16.21641
24.75944
20.76992
22.51251
20.99642
21.06594
20.80392
23.8212
26.36992
18.04873
19.97231
27.34499
24.12252
15.40138
24.07164
26.62255
20.92832
18.62552
25.0667
23.06479
23.73858
22.1327
27.30871
20.26926
30.45401
27.73146
23.78723
39.0728
29.54186
24.52008
21.80112
28.7091
21.10315
18.86852
21.0543
19.41393
17.99358
28.14643
21.05738
20.34269
17.51751
29.02616
15.62481
18.87878
15.63652
14.82254
15.0517
23.69606
21.44232
24.56694
35.14087
21.99167
27.56223
25.93759
17.7899
29.54889
20.71611
23.45292
15.35335
27.56941
28.77102
17.17517
24.06502
23.19042
26.43716
26.93454
20.91009
28.13312
13.12485
14.19797
16.18108
15.02285
19.74808
18.26292
20.80758
26.97831
16.95599
23.07877
20.22553
23.71055
25.23442
21.18432
18.74484
23.5415
23.79248
33.60735
21.73089
22.96966
22.89931
18.25957
20.1083
24.67642
16.19191
24.34728
30.49063
19.51246
21.14479
31.56561
23.16908
22.34635
32.63401
27.80706
30.70449
30.06398
24.89526
25.31234
28.19308
27.58463
23.89405
21.84879
29.28425
24.35204
24.42991
23.88912
30.3815
26.63089
23.36045
20.46889
28.99138
23.80428
17.09986
17.52641
19.91611
26.6266
18.06899
20.69967
22.1524
20.81725
13.18484
25.35541
25.67167
17.56532
17.83686
16.97533
16.41605
14.33341
10.32606
12.59505
16.3409
15.01377
15.91397
24.00071
19.24994
17.01448
17.74863
14.72712
22.10452
18.64552
24.44023
26.16972
22.96725
29.32055
22.09954
26.98183
22.44268
28.54678
21.83455
28.96506
22.57811
25.86313
22.03072
26.31232
22.8612
24.4104
18.79514
25.81599
24.57284
27.4294
28.52191
20.24837
22.22753
22.58437
23.0378
21.69457
20.57282
24.32262
17.74717
20.07369
23.27331
16.1788
16.8341
17.73
19.54656
15.76202
18.46682
16.58815
14.20384
15.44186
14.95889
20.31223
9.920768
13.5708
14.68381
21.28606
16.76623
19.24148
24.40601
26.68606
24.47312
25.06423
24.38095
21.48761
24.8934
28.26282
29.5773
32.89205
23.37028
24.71517
30.13968
14.06064
21.08839
26.96298
26.46514
31.58075
26.09955
23.69838
25.89646
28.90457
22.19107
19.80477
21.28064
14.76878
30.10758
14.32203
18.3261
22.41945
20.25537
26.26923
23.81881
27.17987
22.01273
26.97268
24.00238
20.6398
24.67057
18.47809
27.1312
22.12397
23.71288
26.10128
23.9718
26.9194
21.5583
21.18377
22.37901
26.48927
22.15152
25.66538
25.3095
24.70312
26.3231
23.14176
24.6757
21.82338
20.57367
25.09521
24.9463
27.12102
19.22243
32.87202
22.29764
24.79744
17.61751
18.84042
21.44406
23.71733
24.06268
29.67712
16.55784
19.74109
17.64778
21.46859
19.43404
14.23447
13.83676
16.70652
11.69455
13.91755
11.84847
11.25632
15.49419
20.0754
10.97705
9.729068
9.915082
12.19098
15.07432
18.77501
23.55009
17.57759
19.67103
16.21957
15.69184
18.24932
20.46248
16.26013
14.91496
13.92649
11.54088
24.77643
18.17452
24.58979
21.63459
24.95169
22.40905
18.38773
18.70128
23.12436
13.19891
15.87819
10.84905
17.93217
26.18662
18.44191
28.6257
16.03056
21.60841
14.60231
10.072
22.09056
13.00041
23.65685
13.92081
13.37702
20.31548
19.96498
15.06437
19.7653
20.99989
19.32385
18.44247
23.4098
21.522
20.29041
25.37881
17.03968
24.24441
22.3856
12.94007
12.75735
10.829
10.37591
10.53112
7.791899
6.334567
11.87049
12.71541
13.02656
15.52212
19.93858
15.96946
18.0696
19.88335
20.79001
19.77023
24.83775
22.88551
19.9616
19.89327
16.64817
17.10073
23.52622
11.94073
15.29825
23.45229
15.78522
11.41639
23.0753
22.29569
14.85443
20.13841
13.33454
17.61985
15.78825
15.128
23.113
18.19073
14.5331
20.9941
19.0428
23.19733
27.12282
20.55389
22.18063
23.24396
20.97017
26.55736
15.18911
23.41391
17.62866
27.07769
8.868067
16.19103
15.14067
17.28102
19.30415
23.62109
26.04643
25.9003
27.78032
22.90241
21.43878
22.99788
14.73948
13.37499
13.86893
15.78841
18.11771
17.54392
18.76624
15.61815
16.97915
17.72967
23.80318
22.22491
18.1381
20.74829
21.85178
21.23888
20.09038
21.45129
22.35524
19.66791
18.25635
18.53205
19.00811
21.21877
19.72165
21.64598
19.76386
22.06586
25.53892
27.17012
19.74123
22.78673
11.11722
19.33246
10.45484
11.98574
9.287155
13.2423
14.2657
11.44927
15.11352
15.60845
18.65231
14.64999
16.81609
13.70548
16.16012
15.67628
22.31067
19.89531
25.207
22.3642
14.89821
14.48495
12.74577
17.17689
25.74902
22.47387
23.38894
19.83688
10.80945
7.725528
14.16721
9.591547
9.423564
14.47977
15.08438
20.961
23.87017
20.81815
16.75045
16.06467
16.60561
22.98944
20.3947
15.49911
23.3304
21.27064
18.71771
21.74227
21.21188
20.85609
19.51946
20.81058
25.60039
25.24546
23.54608
27.73603
19.12277
22.89881
28.429
21.18492
20.80329
17.68359
20.70549
28.32521
22.52975
16.84811
24.23013
16.41103
13.26873
14.03728
13.78534
12.12134
11.38655
9.409187
9.057709
13.30217
15.79069
13.26266
14.78569
17.28392
17.16057
21.72768
14.01115
22.76183
21.72578
24.83541
14.78694
10.58175
11.44341
16.39877
13.76332
18.8772
19.61477
18.68705
25.1397
14.2268
26.01154
18.89219
14.69526
14.21938
14.99949
23.71917
16.71865
16.95863
25.83168
29.42828
18.16545
28.58152
19.17321
20.08032
17.38792
13.79126
18.42205
18.66639
20.39255
17.0866
18.04183
20.60498
30.38719
24.34363
27.6151
28.48436
17.23567
23.8446
21.83452
17.2104
20.93124
25.23655
26.0853
22.14893
16.77263
19.96611
18.0496
23.55813
15.34382
16.28833
16.80736
20.33026
21.23385
18.54297
27.27699
28.66807
21.03914
17.67497
27.39256
32.77046
28.39923
17.20561
17.99384
33.49483
25.99185
14.54583
19.31232
13.79564
16.624
21.62322
22.59737
18.48239
19.80894
20.04443
20.08677
22.99769
28.99047
20.08345
22.45063
19.63931
15.08581
17.25697
19.9239
20.35365
13.26505
11.94627
13.82693
11.16347
17.3164
16.68338
18.28029
18.70238
15.43411
11.72474
19.47782
23.35885
19.35755
18.14507
15.47527
14.22057
15.41472
16.99979
14.05527
17.56264
11.97937
11.07328
11.85135
12.04833
14.90056
16.08398
17.43619
26.30842
22.70541
16.44773
17.4109
15.3853
13.03063
11.13078
23.56465
21.08537
18.42152
17.98051
20.51821
24.58063
30.11838
20.10646
17.07793
23.15201
19.26933
20.86683
25.24755
34.64695
21.28595
18.69682
25.61158
31.11412
24.16777
23.20017
18.64933
19.06358
21.70003
13.11826
14.95065
16.21955
16.75712
13.42477
15.39102
13.02355
17.72233
22.6941
16.0857
27.40398
18.72956
25.72617
37.17111
28.304
20.50406
28.19832
22.14827
20.0932
27.72132
24.04606
17.72168
22.69031
12.97414
15.44872
19.50521
22.49385
25.13601
35.68611
20.29983
17.57555
10.95971
15.124
11.57008
15.80371
20.657
17.20804
14.9384
21.50779
21.65648
14.46128
21.73414
18.70592
24.83409
30.28958
18.06777
19.14195
16.67198
21.38095
14.59559
16.77781
22.69357
14.18368
21.81313
13.32536
30.96859
18.31253
25.2242
20.13272
16.15693
18.19035
20.33025
13.56754
10.65364
14.60072
10.29374
15.37123
13.09991
14.58999
8.319425
12.02494
12.97026
13.1947
17.25738
20.59288
19.96905
21.44312
18.95796
19.21505
17.52962
26.12576
24.04317
20.63331
14.40259
18.13955
19.65053
16.52464
20.55139
21.41402
16.15561
22.54931
17.42364
10.84078
12.48811
8.577797
8.15988
9.944524
18.15373
23.22259
16.23301
22.7753
16.72026
21.76186
18.2326
25.00976
25.04691
21.31196
21.58142
23.54696
15.27524
14.60796
20.48455
19.87785
16.77694
21.66993
15.49583
20.72965
16.06073
14.80105
19.45509
22.34288
15.4707
20.60016
20.76186
22.74624
18.20574
14.00358
15.28972
23.96231
19.65064
21.17994
20.46177
34.68033
33.54432
15.26392
16.16319
20.16636
20.35687
23.70776
20.6184
23.32195
12.83661
13.57059
18.05944
15.38662
14.53575
13.63126
17.28489
13.23175
18.34954
14.19953
19.65029
15.91731
15.99464
22.76032
15.2535
14.2621
15.22861
16.16585
15.21417
19.97974
17.23363
17.71637
28.18907
23.4188
31.71663
24.54839
16.47833
20.09886
24.40646
21.62413
19.24222
21.47221
20.92838
29.32719
23.02894
23.35776
32.59368
19.68279
22.76897
22.64395
18.36962
29.66976
26.3692
31.05626
24.9921
21.96555
19.0479
24.89277
31.04549
20.88727
20.09974
24.42903
18.9072
24.77169
26.72662
17.72622
24.38515
17.61669
16.80322
22.18595
24.46153
20.48262
22.64347
28.06007
27.84498
22.19271
22.21895
19.64767
21.83504
26.79502
20.72381
22.41739
24.00403
22.11243
25.42632
21.65504
14.97051
20.02297
18.93171
29.01745
20.46604
20.85099
21.91273
14.38207
14.22939
22.67055
16.29884
16.27491
16.03186
14.83041
10.30646
16.97133
13.9484
17.02365
17.25126
14.50401
20.4898
21.54671
18.51223
23.45854
21.08107
14.75595
16.31696
16.23517
13.05425
16.50251
16.5703
14.35057
25.60939
25.79825
25.39381
16.05236
22.99767
21.08339
26.90282
27.18349
25.10002
21.66664
29.2997
30.11137
17.45366
19.3623
26.07808
24.6875
20.69462
37.0836
32.70913
22.69237
24.1092
21.24009
16.5534
23.04163
24.03764
22.40488
27.54275
19.52137
30.54392
22.7484
19.64544
22.73424
24.35092
22.75453
20.89558
18.46154
21.12929
24.96299
22.84533
31.45666
21.45409
30.21714
28.507
24.04051
24.50161
18.37129
17.99947
28.04846
16.29882
16.79429
18.40849
20.39332
21.48094
19.96311
13.99161
19.43343
15.13398
13.96281
19.35482
19.61672
16.04729
16.35371
17.22632
15.41161
14.29523
11.33797
10.07025
11.14184
15.64863
16.94956
11.03359
13.97649
18.34719
19.52498
14.21083
18.89314
17.06083
14.03394
15.55349
14.53723
18.33622
13.11823
11.8071
16.30732
20.97705
22.88631
18.16205
14.84057
24.02732
23.58176
23.55298
16.45632
23.67977
22.40563
17.11983
21.83288
25.53821
24.37489
28.27299
20.89416
22.91682
24.23497
23.35702
18.37194
21.62027
25.09628
20.63338
23.95745
22.08323
26.49836
17.70177
14.87386
13.75691
14.83455
14.85838
23.47602
12.06663
9.78245
10.01949
21.98239
19.91795
14.29433
21.83376
23.89237
20.39982
30.42971
19.99964
24.5692
26.57669
26.24399
25.93404
18.21152
25.63215
20.87103
24.29269
24.39358
28.21489
23.74636
19.12702
23.09981
30.42841
30.59687
25.8984
23.47028
25.50287
18.79054
27.0341
27.25408
22.41162
26.26405
23.87389
19.08855
18.59849
17.9172
16.73569
17.94443
25.3975
22.06724
24.4399
26.72297
21.66186
19.52003
18.50603
17.95911
18.09614
19.12189
18.37237
27.5582
13.5653
15.60044
16.54284
20.97462
16.65808
12.26332
20.573
18.64177
19.49691
16.15859
21.91962
22.78436
20.34443
17.14981
26.52514
23.22543
21.78765
19.16991
21.05531
21.32848
14.4689
20.59462
17.65101
18.01626
18.56434
19.76306
16.98262
16.83917
19.73649
15.37647
18.5984
18.61211
25.31685
21.54081
20.69603
17.7085
12.42366
20.06151
9.431559
15.1603
13.05267
9.629936
8.129826
11.7948
15.03179
13.93051
11.13177
9.267325
14.41707
15.5781
17.52938
6.251359
11.4729
9.481722
20.33672
12.72355
12.24655
14.96154
13.22167
19.64464
14.28722
12.16042
15.55841
11.6622
14.73228
14.40483
17.80184
14.67403
13.97866
21.47956
19.35827
21.75459
17.89979
11.92967
21.61949
14.52017
14.78584
14.73936
20.6222
16.7793
16.78327
19.66958
13.93455
21.65954
15.26897
20.0712
19.88894
25.84306
20.88456
21.82588
19.77622
20.14905
23.38767
18.17579
19.40701
22.27794
19.76464
13.44164
15.14424
12.97362
14.59495
20.32606
19.52004
21.05588
23.32822
29.7221
21.86255
16.56909
17.70134
11.59917
18.91989
12.49278
13.13665
15.89407
16.20079
10.10076
22.24498
15.53139
21.13782
15.08234
17.27461
14.10254
12.74074
15.63823
14.81253
23.0968
20.77579
26.34013
22.08481
17.78105
24.68161
27.94995
22.18708
19.28243
33.019
20.76562
21.14405
26.81693
30.33475
29.67436
15.88343
24.22732
20.84364
14.65377
14.3722
10.87778
11.56665
24.27404
17.88577
16.61943
22.99688
7.137778
13.56543
15.3977
12.86542
12.62393
21.35482
14.81421
16.65718
23.48564
19.37544
24.36389
19.7482
22.20362
24.17813
27.53672
23.46405
17.36108
24.95899
27.55558
21.20277
15.23736
22.70672
27.68107
16.57982
18.41513
13.30394
17.00011
23.60726
27.28056
22.61029
18.61866
17.05204
20.21031
19.80813
20.45536
10.2061
11.89886
21.30909
13.39255
13.88804
12.88937
19.30756
17.60809
19.95501
16.77167
22.96922
14.54388
15.82951
18.0207
18.30386
15.69183
13.19753
14.00837
12.85459
11.30299
14.52789
22.96266
28.92807
25.13427
28.93203
27.10264
19.1926
22.81517
26.37304
30.65191
26.39124
23.89224
24.3929
16.93921
10.98289
15.67708
17.38629
22.47423
16.6519
14.96115
11.16739
14.64216
11.29642
12.42728
8.776725
6.572122
12.22661
9.270858
13.88683
13.50439
21.58492
17.07934
19.77657
19.56587
19.45746
21.53672
16.10932
22.75113
32.64949
18.99402
21.84908
21.53809
18.50977
20.05032
21.48686
29.05716
18.35044
23.49928
20.46187
21.58534
22.25296
16.09059
18.15456
20.90495
21.73614
19.57308
13.99528
7.679278
11.13306
10.42393
6.767793
13.61776
16.36917
14.59998
15.69255
18.7541
21.7857
29.35482
28.71335
27.24464
28.71529
25.05299
16.98783
25.707
30.55189
20.07057
28.68308
22.93112
24.77844
18.32608
13.99271
15.54456
14.66833
20.06735
20.05098
18.76135
14.14775
18.40962
15.31923
21.3159
13.86229
19.04877
17.96032
17.75998
15.93199
23.78094
29.58773
24.75091
29.51395
21.66322
17.72023
21.92915
23.61052
30.37903
21.51869
17.61428
18.81979
18.78871
11.87766
21.45428
14.35156
12.12246
14.18551
18.14383
17.33076
13.44163
11.90063
15.23417
18.19773
14.37014
17.85744
22.59336
21.57701
20.28303
21.98113
24.44062
27.99172
24.71769
17.86332
17.15846
16.32489
22.18015
29.64678
23.71074
24.65178
17.60635
23.68479
25.82159
24.68882
33.58658
23.02545
26.99171
17.07977
11.93158
10.7513
14.76311
20.01644
19.66343
24.37147
24.9126
20.42334
18.80698
18.63499
27.21524
18.77584
24.37111
24.69268
24.28708
14.37026
18.42522
21.15674
25.71736
14.97619
19.31155
20.58684
14.59154
17.9883
17.31874
11.48925
12.44875
16.12714
22.04846
19.51472
18.75884
13.1411
16.89292
8.564493
12.20814
20.32498
15.87707
20.14316
18.81499
13.65815
18.22878
21.02392
22.05731
20.04472
23.69528
23.13922
20.57428
23.66655
17.63965
25.48543
27.19405
19.6483
18.46353
23.12128
19.43208
20.13893
11.09046
19.56652
14.35901
12.37143
13.71142
14.28735
19.86061
18.73432
16.26231
13.51055
25.64656
25.28088
24.26366
22.67444
16.04917
14.08035
13.91845
19.66536
22.75839
16.20072
20.7461
15.9023
16.88226
20.41965
22.17572
19.04057
25.75699
19.72599
26.34059
25.69498
20.07411
29.35427
21.87955
20.30896
22.22713
19.99079
12.706
13.57823
14.83726
22.38069
21.22252
22.83375
27.02342
16.08706
23.33269
19.2188
17.5356
12.9511
10.18105
16.13518
17.24383
22.10624
20.32814
21.64128
24.82293
19.04202
18.62889
19.6706
20.49918
21.85799
18.96013
14.75603
23.33181
22.24542
20.65489
28.09478
27.49509
28.03261
22.14815
21.82916
27.57027
23.74161
28.48126
24.61385
27.4673
25.46734
21.97468
18.81494
19.02453
21.57721
24.73007
30.64552
17.21935
18.49992
13.90418
20.80399
23.42502
23.13305
26.33265
16.35221
24.06568
19.89831
21.04324
16.54547
19.2326
20.58796
17.562
17.9194
18.94192
16.02399
17.50004
17.65847
15.46895
17.42553
24.48399
19.86129
15.99956
18.36371
14.23945
12.52784
13.56939
19.08802
12.03681
14.86989
14.42203
23.78934
25.58535
26.18261
21.61839
22.97544
21.67872
19.95052
21.84172
16.48675
13.12154
25.15408
19.64245
23.80269
21.09349
23.12002
24.14919
19.45405
22.51604
33.02406
24.46409
19.9386
26.25593
31.08007
19.83626
24.86403
26.08925
16.0671
17.14269
19.50152
21.47864
21.19913
20.3799
12.38936
34.47079
24.47934
21.20363
25.94733
24.70639
22.21831
22.5849
27.98398
21.12837
17.8791
15.3058
19.74007
23.87509
19.14447
25.33666
45.99602
14.20652
16.37745
16.57894
21.7177
25.17237
24.42902
14.12982
19.85897
20.31102
12.32432
13.5229
16.59654
19.15806
12.55002
12.79946
11.59568
13.55585
11.27487
18.65318
21.00272
16.41654
18.69284
18.7305
25.85254
10.56069
9.39088
11.1475
13.62733
18.90894
15.20181
18.34206
25.87137
19.83912
23.15133
24.13605
25.65024
19.88855
23.61198
26.0307
21.94727
22.7141
17.14158
23.12067
24.42685
16.42271
22.10091
14.7562
16.85671
20.09811
28.76649
20.6563
19.87625
26.88203
15.74187
15.45211
20.08979
16.90931
28.04262
24.12377
25.93626
14.11168
18.49909
14.38782
11.77342
8.879841
10.98101
11.28846
17.58027
24.38148
25.26781
21.56672
14.98304
17.06096
11.85627
13.70129
19.40927
18.16001
18.18689
18.10228
18.37556
14.4462
18.07877
18.67275
22.04348
20.36287
23.1641
23.20063
16.69527
22.26944
23.9427
18.90829
22.72906
25.981
23.56716
23.74441
18.38217
13.83545
17.70556
19.60683
18.44108
16.4957
16.01693
14.10715
13.43626
19.24033
22.69446
20.5163
19.99459
21.41864
25.87092
23.78599
22.61325
21.32162
20.15191
18.27645
19.14096
18.91238
13.86821
16.83507
19.81897
12.14162
17.58914
19.28231
20.34602
18.36233
14.59142
12.14563
21.45809
22.54258
21.45698
22.65366
21.38963
26.08621
18.97526
23.6747
29.65804
18.69139
20.34148
31.13197
15.18278
18.70057
19.87681
16.0299
22.17888
13.88382
17.96337
20.86747
18.70712
22.42572
20.42373
19.44064
24.13475
19.45632
22.55763
19.56819
22.45176
22.31796
22.18524
17.26732
16.67738
16.16543
20.04967
22.61915
15.95023
15.16618
17.45688
15.4169
17.56163
17.07923
13.30088
24.41513
17.21335
24.25408
21.82059
19.01364
24.32906
23.72359
21.10817
20.99232
16.30199
18.89587
19.25151
32.37867
24.28864
25.88251
23.44146
27.05543
22.32871
25.30737
18.67045
17.66707
14.3589
18.95826
24.98673
16.75807
20.0097
29.84209
21.48751
17.47397
17.12126
19.72663
22.28397
14.2234
13.25919
13.49546
15.04867
14.87992
19.76946
18.87954
22.66627
25.50208
28.1211
39.15327
23.30543
24.09193
14.04473
31.30947
19.24488
23.82806
24.87365
17.19942
18.43159
12.78892
20.26483
14.24933
20.79261
18.77508
19.91719
20.27344
19.41058
22.16939
16.24992
19.73389
26.29136
19.5314
14.26081
19.91751
33.05444
15.89485
16.14421
23.14984
23.55794
24.55708
15.65766
32.29695
16.88041
14.49092
14.52098
20.39222
25.42252
15.40799
35.02273
19.22913
21.611
19.80359
13.77099
13.39942
16.71794
12.79239
23.06663
15.97726
14.68293
17.32438
23.13158
20.80538
21.05597
12.5218
10.27093
10.11489
15.62055
16.22428
16.60736
14.30218
16.13926
9.969273
13.70739
14.4083
21.73398
22.44361
13.04145
18.68413
12.70827
17.83952
21.99456
25.81166
27.23254
19.20796
21.16276
22.13198
26.13426
19.22849
23.0041
25.0562
21.84198
20.62241
21.72119
21.81432
19.06174
24.09384
23.90926
21.87363
29.07494
25.22891
26.8567
23.39518
28.38217
24.77957
21.72215
28.92294
22.06809
20.7414
20.66661
28.00095
18.93061
14.20599
16.33674
15.81754
22.46971
18.38831
19.12159
18.66864
23.41049
14.22128
16.41269
22.68935
22.74143
22.83681
24.42155
19.04339
24.36946
17.4265
16.87129
25.00555
24.55888
20.66127
22.3533
19.98694
18.68713
15.30894
20.59395
18.21204
10.91864
8.896013
8.257059
11.69818
16.84948
17.14307
14.27468
11.91585
20.06027
15.28224
13.90653
12.1225
11.96681
8.66317
14.79402
17.18627
16.97031
21.03395
19.09028
18.53639
20.89291
22.3706
22.12726
27.67405
25.22414
21.12309
18.80494
22.58741
24.69652
23.77758
25.78354
18.73746
31.31875
21.92242
12.60096
19.36083
17.70049
21.34788
14.64733
11.48926
15.21373
15.01942
21.87189
18.59231
26.24779
24.31641
24.47505
16.5161
17.43691
19.89805
23.42306
30.66873
19.48545
17.78356
15.84505
12.95171
18.95507
17.51954
16.7541
10.81813
7.306027
16.04557
13.04251
10.08591
13.75407
16.04426
23.86388
21.9194
27.76895
22.47703
24.28942
26.41247
24.41416
24.91189
17.1991
17.83564
15.4885
11.73718
15.63096
16.93203
19.39672
17.08572
19.12772
16.5499
21.19054
14.29143
10.72732
6.61665
8.520465
13.98626
12.77092
14.254
15.16511
22.02285
20.81618
17.10239
16.28491
24.28136
20.45215
23.42649
20.17772
16.73868
14.58994
12.89861
8.587881
14.24225
14.74047
14.34973
15.64169
17.32408
11.83482
18.18479
16.15711
14.81896
12.82178
21.11061
28.4778
22.45248
29.22839
23.51578
23.05593
27.16102
26.44103
20.20953
21.53063
16.54122
15.22748
13.14446
8.631728
10.9805
19.44283
17.73741
16.4532
19.48659
25.48768
27.26843
26.6376
20.40624
21.59684
15.01289
17.84642
13.88543
20.47211
17.68034
13.81327
14.38388
26.92726
13.48021
10.98986
9.579561
16.17024
23.09324
22.27489
16.8444
14.56272
19.03886
14.40524
20.8406
25.6321
24.95498
24.12261
30.83487
29.4148
23.84335
24.81452
20.83278
20.17204
31.33181
17.32365
23.36296
32.03239
26.35609
34.88995
25.81604
10.07553
12.35566
13.60687
16.22537
23.52587
15.69895
19.56905
21.5625
20.23932
17.55732
23.97826
18.93143
25.61843
30.33003
25.31276
18.98869
26.80865
22.15702
24.25228
19.41696
26.91335
20.8884
20.07521
28.50004
16.65494
21.17732
19.09259
13.97751
16.67048
18.88128
25.73927
18.7721
29.62393
30.58
21.9071
25.05748
25.19931
18.6058
25.73536
18.97935
14.02187
17.39189
20.92141
19.68054
20.07178
17.037
18.06721
13.82815
19.8612
15.56963
20.6024
19.00977
23.16241
21.21156
16.34633
14.31321
19.85008
14.95667
17.01466
23.67241
21.91224
26.6679
18.00001
18.28378
14.3092
13.26502
12.21361
12.33651
14.31329
22.23428
26.28423
19.55829
25.39737
19.64901
18.0302
14.78299
22.64642
18.34805
14.4801
25.17928
18.60177
17.79132
20.9472
19.34071
19.38557
12.96032
12.94392
22.86252
20.16033
18.38831
28.44416
15.47804
28.79046
31.24366
16.93272
17.69312
12.26065
18.38436
15.89067
18.09853
21.29458
14.59528
38.10477
19.59242
23.14384
17.13297
22.16278
15.53368
20.59063
16.54052
20.24123
18.95218
31.29879
21.76752
14.80437
19.15767
25.60592
28.11381
17.35722
17.78793
20.11188
16.89049
13.94157
17.08537
16.14725
24.21901
20.55569
21.01739
22.12742
29.61334
22.48762
17.94192
19.71039
24.0012
17.04956
21.67317
15.48715
14.20917
11.54101
13.86039
16.98652
17.39537
12.27096
12.7989
25.32593
14.86837
23.31696
20.22637
22.14457
23.05188
14.7653
17.94428
15.39174
13.76196
12.22653
12.06468
11.69418
17.41516
16.68298
13.74171
7.052546
10.0235
6.361235
14.56389
15.58049
16.31414
15.98582
17.48492
19.90304
26.27899
28.2754
19.34165
25.08548
26.11635
24.43507
22.01845
25.18902
32.67609
14.84489
27.19151
20.82648
9.309431
23.92194
26.914
17.67391
22.58536
21.41527
23.62139
19.81459
18.23673
20.22682
23.69998
21.8128
17.80802
13.99756
13.3087
14.74615
20.89945
14.74789
12.17357
24.27836
19.38412
14.12792
11.55086
10.47589
21.61516
10.22882
17.3139
15.75178
12.69734
17.56528
22.78098
23.23319
18.7746
16.24255
14.37244
19.59967
32.17157
22.4833
14.24819
27.08292
23.21048
26.527
23.27889
24.57685
28.38
22.52938
21.16094
27.47885
25.65822
24.3903
13.54707
31.35885
20.77941
21.81326
19.91626
14.86929
24.68438
20.77339
22.84214
25.34332
23.70628
28.88007
23.39526
30.28722
15.51791
10.25378
10.23133
11.56621
13.7799
17.0017
8.427887
9.874652
7.191198
8.375039
9.97441
16.99165
10.33032
36.70136
27.74136
16.77219
26.62522
14.00632
19.9142
20.89333
33.7344
24.15256
38.8501
24.44469
16.20031
13.20505
16.96276
17.69947
15.71026
11.55646
11.31689
10.0387
11.59351
14.04278
15.37766
15.00806
8.167767
12.01263
17.78145
20.11972
22.43636
15.33936
17.60299
24.4224
13.25104
20.49844
16.28181
19.37726
20.83471
15.77471
18.19072
20.09577
21.27778
21.65711
19.11807
24.03292
15.68106
16.47271
19.11424
17.33923
14.90824
18.58707
26.06893
24.68972
18.84958
21.42315
23.84601
18.86544
21.55251
22.01265
19.9344
18.69491
15.3037
22.7739
20.93084
15.41121
18.75054
23.8863
21.28132
16.94369
21.42693
21.89735
17.66513
22.39742
14.46314
16.17023
20.132
19.73499
20.96246
22.39404
23.20822
21.8483
20.40784
24.40065
24.5979
24.26988
22.05418
21.04355
25.75985
21.36653
26.7833
19.53379
18.03471
18.69914
16.18305
16.30088
19.4879
19.31544
18.98649
11.55403
19.2166
25.37648
13.42656
18.66708
19.30669
21.39137
15.69901
22.36645
15.92717
23.48164
13.61267
14.96301
24.96098
21.94315
14.79262
13.98941
25.42146
25.38291
15.78391
18.16737
23.33028
25.61468
13.59504
19.99327
21.52475
31.35973
23.06248
22.68772
29.67702
26.61206
15.81984
25.25416
22.71889
27.63826
20.15517
13.51818
21.17872
22.72924
25.64
13.32675
21.97213
19.38106
17.50981
15.44179
17.90301
25.09697
25.73353
17.93647
15.3589
13.32364
22.79038
22.54426
19.85384
20.97974
9.835456
13.49892
18.21677
11.86736
12.67045
12.83969
12.62826
19.61996
17.13719
15.73963
29.81914
21.77384
21.8079
18.79673
15.78762
21.28634
13.63916
25.87402
18.88421
27.36661
21.37019
26.98057
21.92059
23.05373
24.88644
28.53873
25.45715
20.78017
24.50443
23.89767
18.77896
14.14438
20.31871
27.69517
17.93213
19.90207
20.0721
38.20084
25.7886
23.94943
22.62757
25.58096
23.93853
17.54932
20.40127
16.11864
13.57751
18.28941
10.52872
15.44257
26.2664
28.92173
31.44168
27.44309
25.02714
19.11989
24.64046
26.09798
24.17897
17.56573
24.11192
15.12013
20.59502
18.36619
23.31031
22.49839
21.16134
13.45374
16.56627
16.61454
16.89295
13.96289
19.39332
13.09127
14.4611
17.23165
18.60912
19.46753
26.87248
19.42901
17.92033
23.0952
21.18955
24.41124
19.17718
15.55902
18.49448
24.15448
22.27016
25.05074
22.57661
23.56427
16.07853
23.08509
21.6886
13.79483
14.24404
17.33977
22.35917
21.6791
18.90208
24.09789
15.93221
14.85794
23.08425
19.73472
15.51277
23.86453
22.29131
20.30937
28.14075
30.41087
22.43316
19.37528
22.07671
28.81498
15.60226
15.72629
17.53932
13.90201
17.54477
28.66338
23.27094
21.8965
20.98235
27.59939
26.75112
23.21768
25.82785
17.74285
27.44986
25.737
21.72542
16.21103
17.35169
20.79646
12.67737
18.02767
14.32445
18.32995
22.33109
13.22336
16.28655
21.46858
18.71127
17.72716
22.12519
22.61797
20.92842
24.33163
26.99511
20.37011
28.66972
27.13743
27.99854
20.74404
21.21483
17.68716
23.5857
20.06753
20.88766
15.06809
26.7313
26.19493
23.90073
31.8272
20.73347
22.18238
26.8579
21.31704
18.02093
24.65941
28.26416
30.95081
20.53329
18.21921
13.2569
15.0934
23.15774
22.42154
17.97799
28.15013
19.18466
22.89364
33.93856
25.48467
21.47872
22.33605
20.05979
20.55635
15.56087
20.38688
26.7404
25.70016
25.52183
21.44212
25.49544
21.71825
15.22389
18.53953
22.67061
21.35328
22.99501
20.44812
23.43248
20.84581
16.92913
17.32739
21.66927
23.50451
25.65246
16.2896
29.83137
27.443
21.36189
19.26762
18.27858
19.45593
16.90962
16.79925
19.46265
14.22127
20.34102
14.12404
17.56913
18.80121
21.33086
18.52974
21.59493
20.37446
16.80575
17.66176
17.46633
27.80899
24.47643
15.89758
21.01409
15.46408
19.39165
16.99895
23.42164
19.95535
20.90496
30.06754
24.20345
27.49451
22.1749
26.15245
22.87459
25.49591
20.19855
29.29678
19.44243
26.56562
25.86054
26.07472
14.72722
16.20759
17.26727
21.67496
29.98149
20.96723
27.01993
22.45549
21.86353
23.00588
21.67396
25.412
26.97259
17.43262
14.93788
20.83288
15.67318
23.22451
17.47764
20.48638
12.79089
22.31463
21.83355
22.96654
17.96241
19.92717
14.28939
20.72706
22.78989
23.10429
28.11887
23.4275
13.63135
12.51554
14.11375
15.13405
21.73883
28.72628
23.36653
21.27509
20.93003
27.11756
21.35121
26.69891
18.85019
24.17687
24.98377
28.06414
23.67393
21.88054
27.11722
18.10959
23.57163
22.16439
19.31687
30.36969
25.8304
10.59543
14.27169
19.08427
21.16578
31.18376
25.58396
16.10554
21.11544
25.18318
20.77822
14.60933
18.86288
17.93773
15.00589
19.50361
30.51941
23.9591
29.04047
22.97702
16.95554
17.64616
21.23586
24.4599
27.69795
24.23698
21.50394
16.96922
25.96782
27.4813
22.62238
22.58816
18.24277
25.40515
23.44563
25.5808
26.40776
22.87524
25.04999
14.8469
22.28392
26.59631
25.25362
18.80012
17.40641
22.87201
25.59653
23.91501
21.9956
23.83965
15.1261
18.35219
23.64712
22.49121
17.51396
12.64255
13.4639
13.98389
23.40168
24.04624
18.74098
17.92241
19.99019
28.39055
26.0497
19.785
19.96519
21.5938
23.19415
12.13984
20.07798
19.74969
26.0068
27.42255
20.28102
27.44641
17.42694
26.97737
17.68347
18.22002
18.39486
28.08135
22.08456
19.09535
23.98089
19.72528
21.95039
16.83351
26.09617
22.94313
26.62384
23.09445
26.95154
19.12303
31.97212
15.62731
21.11266
19.65987
24.18075
19.23042
19.24627
21.66721
25.73547
34.4549
29.04261
32.49094
21.96379
26.4057
23.8659
23.36079
19.2947
23.68369
24.44054
18.12762
19.70092
30.06949
25.74928
19.89758
19.81957
19.87472
18.92797
25.46379
14.63894
14.7096
25.33228
24.79761
24.347
17.52627
27.49713
22.11709
19.87275
22.85803
25.52985
18.8607
22.95374
20.67222
27.10855
19.70509
13.91143
19.29327
25.64036
19.77678
21.07059
28.17285
25.32793
27.2551
23.29521
16.98109
22.03403
16.70299
21.7319
27.26476
22.22411
22.37989
18.36366
28.55487
21.17342
22.25352
15.28812
37.16439
21.11891
26.74139
20.36779
22.68856
26.73557
21.57175
23.59766
23.4278
15.39961
15.23365
26.48848
17.33633
32.49889
16.44639
22.19033
18.67035
24.2254
23.07908
18.80744
22.2821
24.39321
18.04414
21.87975
21.71638
20.44066
22.53025
25.31064
20.8834
25.69363
22.01662
17.46665
18.4327
18.06783
23.91773
21.24126
26.10717
31.72021
33.79531
23.07557
17.97658
24.02421
22.68399
22.98007
21.97693
25.11622
29.16465
28.97403
25.08031
16.47578
20.71477
19.15872
25.41313
19.06989
22.32011
24.81375
24.09396
24.32261
28.94563
20.17781
22.04476
17.1853
21.29494
23.36248
22.92895
18.7884
23.80746
20.15763
33.24717
23.17309
21.62849
26.72091
18.95551
27.75125
21.80304
26.03746
20.43089
30.29103
19.43343
18.91356
19.94745
17.56896
18.77069
20.65409
24.71366
18.34711
33.46623
23.62419
26.1445
19.71397
19.08409
22.35978
13.04408
19.24075
21.55363
26.82369
28.96181
21.42706
21.51042
26.44723
22.43635
33.86955
20.06946
24.37166
19.56383
19.57198
26.71532
21.06279
20.77489
29.76374
20.30475
25.50081
22.9357
23.72627
17.22627
27.7034
24.13035
26.67978
21.32518
19.94816
32.06339
18.68832
39.18405
34.95456
28.03748
20.86541
15.18881
20.77059
27.47573
21.2288
17.907
23.96942
26.81242
20.54006
21.60511
29.86161
28.3534
23.45645
25.95857
28.07039
35.05505
20.74721
18.05641
21.13735
27.63888
27.31297
23.52237
23.52216
18.79474
27.24415
28.0335
26.78128
22.43012
19.63799
24.84489
28.19961
18.99224
33.14547
24.91083
23.46049
33.02703
21.72637
24.7176
23.63525
28.49904
20.21941
18.16609
25.19809
18.26586
21.71408
22.39151
22.83012
22.93085
28.3792
22.09667
21.66394
22.48658
19.46229
22.56689
25.1322
25.692
20.29449
24.02055
26.17788
15.89556
16.89553
25.76389
25.25729
17.8048
16.74652
28.48186
17.55678
22.31785
20.25947
27.85964
25.55375
25.67595
30.62114
28.45288
23.52945
14.42846
11.48521
17.67704
20.83258
21.82351
24.91912
20.92914
22.17035
24.56227
23.52116
18.38883
14.21106
14.98603
7.116592
13.2512
21.51373
21.11247
16.80627
25.72989
17.31096
23.5741
25.85199
28.83259
26.11937
27.61148
18.50696
21.98605
20.22895
20.63756
19.9766
28.36321
16.21892
22.58383
29.65201
14.42915
19.60199
21.62536
31.21906
22.86284
28.54751
23.14447
20.59954
30.09508
20.01885
23.49642
20.24892
22.96346
22.52334
18.73788
24.48396
28.85096
27.71666
29.82243
21.2623
19.26847
15.57652
21.26921
17.7854
21.46312
23.94222
13.23323
24.21171
22.51265
19.26615
18.81619
30.88572
17.52749
20.54937
20.84588
24.03666
21.35849
15.7571
20.22393
21.74937
26.59588
22.0663
22.60492
24.55065
19.96857
22.92357
19.16487
25.45804
25.76013
29.29385
24.39455
19.62661
21.00565
19.20439
19.72222
20.79622
26.65501
23.09613
18.62936
19.24426
18.76485
17.92832
23.94412
28.03996
18.80065
27.34274
23.71419
13.56456
18.07696
18.0944
27.39101
17.37146
13.56922
14.20326
24.19689
18.06626
18.28486
25.22414
24.20137
21.14381
26.87002
29.71258
31.54401
30.2039
21.29449
18.8491
29.07374
26.11659
27.17112
25.65158
21.87896
25.90076
14.41057
18.13502
18.75651
20.31464
19.83144
27.27073
20.36749
21.32807
24.89293
21.11019
19.30798
24.48949
22.23389
20.17666
25.65322
20.32696
23.95628
25.35411
21.94307
20.92931
36.07068
23.39549
24.17499
18.55333
24.41993
20.88378
19.62755
25.19399
22.58999
17.97585
23.02293
29.93031
25.79603
19.46359
17.34821
18.66844
29.56533
26.66883
15.11254
18.71772
14.40304
25.05939
21.26286
18.96185
29.05782
26.37575
34.06543
20.59877
20.13994
27.46634
27.02366
16.14857
26.71724
20.92403
23.33914
23.13879
41.45303
21.07237
25.48639
25.47879
22.20913
24.21885
33.56939
23.61987
24.68517
20.61971
16.06588
14.22052
16.21717
28.34024
20.00037
25.18465
27.10218
20.13375
27.42053
26.9928
22.27946
17.83336
22.92594
24.7041
22.15421
28.11155
27.14589
17.25458
21.44787
19.82201
18.87088
36.93521
24.80445
27.50291
23.30954
27.61076
24.64124
30.83087
22.86908
28.66846
26.25137
28.43076
24.39256
20.29077
26.89547
23.85561
20.88377
25.81792
42.00796
26.98529
24.60634
21.57664
20.09347
29.34495
21.03069
28.18137
24.13574
20.06764
21.70447
21.18163
18.38846
23.58412
25.57857
18.70624
24.09468
25.65161
23.93471
24.13508
21.08916
24.86303
19.86599
26.54522
24.06908
23.29782
24.57675
20.8042
27.8477
23.31511
24.30452
26.00991
23.66376
15.09616
11.61149
19.36131
22.61798
18.74037
14.85123
29.21449
16.87055
28.55142
21.4354
22.06062
15.10312
16.9262
16.00791
16.62712
12.96175
13.50759
18.79177
14.61441
15.51843
14.89224
17.429
23.26654
22.15429
26.10525
22.73286
20.7701
18.02047
26.98748
22.5522
21.56879
24.05754
18.8864
16.49899
13.14246
10.47854
15.62923
22.60487
22.2615
29.06644
18.87551
18.48147
19.43306
18.36382
24.59737
18.22788
24.83903
16.85212
26.84273
21.97262
23.74934
21.26724
17.49483
26.88659
19.95571
35.72708
20.51917
21.35786
23.14936
20.75001
23.98741
15.14339
18.96246
20.35029
25.70471
18.28804
36.14364
21.84453
26.33642
24.56034
24.3935
26.22988
24.06943
27.82526
17.46119
16.89524
12.03112
22.90917
14.64028
19.45837
22.67547
24.90191
19.69354
32.31789
23.10036
21.00328
20.07106
31.96337
27.72435
21.82799
22.42307
29.82086
29.97947
17.18712
25.07437
23.57521
25.43743
13.74114
26.51888
28.82287
20.97624
24.02226
22.55552
20.0637
24.90722
19.96162
16.67845
19.641
22.24312
34.13951
28.4014
25.67172
23.05848
19.74735
21.34159
22.06502
31.60447
21.78211
19.84037
15.79831
25.8072
30.11566
16.79204
21.7093
20.41325
16.94065
24.95138
19.29694
24.84677
14.39256
18.79723
16.65111
23.87379
18.18051
20.79882
17.74067
26.47729
27.54826
21.02789
17.5957
21.79273
28.19223
23.05522
16.88864
17.31879
27.1766
21.60265
25.40109
19.07489
17.32191
17.3158
22.56779
24.76568
16.04499
19.01872
12.20777
19.68491
22.27865
23.74754
20.77821
20.4309
30.14975
17.75908
24.19791
24.98404
23.95736
16.19855
16.77507
18.42035
16.36456
17.93395
29.22377
25.92081
23.5974
28.15472
22.81947
22.32243
24.45451
22.12802
20.81152
17.56265
23.33058
12.37591
22.60708
21.59828
17.0594
18.56213
17.15384
21.92257
16.43336
20.2483
15.55288
25.07258
26.64012
19.14133
23.04967
33.96433
26.36967
21.24538
27.41168
20.00177
19.04181
22.81706
29.75721
24.3916
23.42897
19.06599
19.48835
23.86309
22.91033
18.87227
28.79777
28.57525
18.36511
17.78853
21.78294
20.79672
26.1592
20.49294
29.04759
25.38127
22.56367
16.31819
26.72176
21.83981
18.2534
20.70036
19.26104
29.43308
22.25923
19.67547
18.07403
17.16903
25.14223
22.46618
23.58812
20.00485
21.3368
25.54999
20.64337
23.22713
25.86556
21.27581
21.4154
18.10985
23.35402
25.47867
23.67117
29.0054
19.90658
28.84467
23.80458
28.44768
26.26418
23.41669
21.6724
16.20925
19.77979
13.00661
21.24364
19.32147
18.94405
18.20476
20.41043
19.34929
24.81486
24.60184
25.35128
27.38206
20.37944
27.41766
26.56484
19.69486
17.53092
20.14663
26.94897
25.2334
22.61381
27.32953
30.23456
16.52085
26.25104
31.89965
23.1682
25.43163
25.32726
21.5853
16.60362
15.17654
22.45847
18.04682
18.51338
19.46111
14.87952
26.05381
19.12555
21.85689
29.00145
21.88736
25.15147
27.50347
22.68715
20.3926
16.983
24.38936
25.02339
14.44708
18.25628
26.48701
23.7358
18.04869
26.55433
27.38143
32.04906
20.96019
19.43291
20.5099
28.47925
17.9279
27.46015
20.14224
18.54164
22.7351
16.15013
20.46302
27.79583
26.05015
24.25138
26.8082
20.26361
24.0229
14.8413
21.26573
21.14809
26.72937
27.26482
26.17889
15.76754
28.64833
25.66156
20.42745
19.20157
23.43491
24.23495
17.21527
20.76633
29.00936
27.9826
22.94919
29.02717
31.48062
24.90723
19.04329
19.91717
19.0108
17.64947
23.14282
29.58174
27.04522
19.81925
22.22204
21.0405
29.35994
21.37981
26.57533
25.90745
18.17177
26.50452
20.1359
20.0285
26.17413
15.32829
24.44518
20.40944
29.17059
18.20812
28.03385
19.68042
20.36904
16.94362
23.31002
17.94859
17.94874
25.04845
19.39071
23.87978
28.59902
27.60765
25.01257
26.68665
21.77368
19.86251
17.05781
21.45791
21.04086
25.02011
20.10181
16.55258
24.74743
17.2571
17.44981
22.69869
19.34887
24.61489
20.90705
23.22837
26.80637
31.58593
21.09343
28.47327
20.38747
22.32744
32.49648
20.80456
18.25578
24.85852
27.74496
25.87787
19.70518
20.48522
21.01598
27.52598
21.75175
22.82675
20.8339
15.8192
22.33981
20.17054
31.47507
24.33456
23.06619
29.75147
28.33372
17.75699
27.14992
18.96548
24.65414
18.93766
22.51736
15.12081
17.55948
12.72355
16.82445
22.50318
22.26627
26.96788
20.95192
18.83373
23.61623
25.76777
24.30876
29.91593
27.82602
20.27334
24.29944
27.52613
24.71875
21.21237
23.88741
27.32525
22.19679
17.24687
17.51071
24.90971
15.75121
20.25733
27.79961
24.04238
19.10031
17.57223
28.17626
22.83961
29.69245
21.25254
22.46641
24.07286
21.14504
26.35125
21.0635
22.00475
22.59173
21.48769
22.50157
16.4167
20.59186
22.21518
23.29235
24.25409
20.08768
24.13429
24.62278
24.19607
27.03891
21.42769
25.60821
17.21902
17.0425
28.62279
30.85156
23.81488
19.3251
20.09884
22.43183
15.23724
26.05634
25.63379
28.52282
23.04588
23.87742
22.75623
20.07205
24.67239
17.07755
30.07019
25.46187
30.9975
19.81198
25.00619
26.48012
22.94825
17.54151
21.89324
17.70193
25.03488
18.37709
18.21435
24.14861
28.55857
19.50417
29.37501
28.76738
17.84903
18.28496
22.47041
16.03466
23.19029
22.49264
23.44921
19.19732
22.54933
26.25171
22.10819
25.39422
23.21146
18.27978
20.87811
22.60796
20.65936
15.80641
20.79516
16.67044
22.14795
15.12866
24.61915
20.18062
18.56298
22.61013
15.05171
22.01571
25.825
20.21656
21.66869
21.1452
19.89843
25.59984
17.83689
34.1461
16.07177
15.52536
13.64054
25.44817
18.33205
26.86117
24.899
18.63793
23.72469
22.61091
24.84041
25.20597
28.50419
26.90131
23.5103
23.8504
27.67684
18.44184
25.61596
20.8071
26.70406
26.35848
28.90712
25.48832
21.52316
25.0204
17.15446
22.35329
17.58317
26.02397
21.12286
18.65446
20.62915
24.32377
