700.1528
755.2242
776.6023
722.8847
767.7342
730.7648
692.1174
763.2711
761.6628
818.7945
723.0459
758.7755
767.4801
735.0126
714.074
718.965
729.6401
847.1331
731.9893
725.7911
779.835
727.3844
716.9988
694.6231
722.3373
756.0641
738.6886
716.2555
733.5158
696.7387
746.0398
712.662
677.8538
745.343
723.5494
727.218
723.5646
800.581
715.8833
814.1258
734.9668
786.6148
679.4169
742.5252
664.497
773.0391
711.6749
699.5486
783.3705
745.2345
747.3799
729.0188
711.7227
758.6116
786.4147
714.5526
745.2985
832.828
757.2531
697.9707
674.139
783.1712
807.919
720.1545
729.1933
714.3826
725.5225
743.096
561.2691
746.8565
752.9221
745.7825
758.2967
705.4102
748.5126
720.6332
731.4545
744.8072
745.6498
681.1763
755.451
767.1627
692.7303
680.0913
764.3808
752.1484
707.1434
694.0364
845.6983
756.434
679.6113
735.323
765.9662
662.0957
729.263
802.5162
721.098
733.8302
754.8037
734.6335
722.0832
750.4507
667.6186
741.4391
739.2003
774.6526
711.803
735.3677
731.2963
708.6544
710.1724
771.501
662.2488
707.6854
755.6597
729.7163
759.26
771.8371
790.713
736.5017
707.6823
745.6719
774.7236
744.564
732.1171
741.743
735.7527
679.7253
702.4231
708.6577
748.4428
777.0746
753.3652
712.0096
764.6311
677.557
754.1553
680.7728
708.0722
722.5399
682.8406
756.3657
755.9914
778.1201
707.9849
753.5213
781.9435
762.8995
711.939
727.082
728.4375
748.8059
674.0855
686.567
681.6193
747.9775
729.4361
757.8652
782.3142
725.8801
719.2631
678.7865
730.0951
750.9986
738.694
716.9909
754.9923
780.4301
759.7838
762.4619
756.071
730.7979
765.51
734.2325
713.9767
742.6496
759.4424
729.999
689.1294
693.4851
732.2934
745.3102
732.5898
675.7532
700.8253
703.0607
724.0209
739.2788
725.7595
769.6445
705.9734
695.8781
674.6183
698.4826
762.03
739.5883
752.8573
710.2335
752.8367
746.8502
692.5137
699.9701
773.0172
783.6509
726.6504
751.7592
714.0231
694.4093
755.8276
700.8241
770.3245
741.2819
720.352
741.1819
747.0232
797.8385
729.9975
735.1866
713.0417
786.7137
728.2421
724.8866
707.2538
674.9336
708.2929
737.6957
777.2057
734.3572
704.8876
760.0546
735.694
779.5427
735.2679
752.9263
721.2832
775.1052
732.0385
677.1109
704.1177
752.5746
734.3555
756.6538
698.3319
723.341
739.0065
639.044
703.9486
750.1468
796.9829
703.1825
708.9255
731.2698
702.0038
702.3844
676.5633
755.7162
759.2372
731.4857
717.6899
702.3433
682.4563
701.0288
762.0784
733.2307
758.9249
784.3594
737.3306
749.3302
726.1308
792.1892
727.3531
747.6361
714.8732
716.631
766.3674
697.1697
727.585
795.1874
744.838
751.3034
709.0116
749.953
790.2089
727.0651
786.3713
754.6178
764.8091
745.051
747.2452
689.9518
727.6935
767.1038
749.4385
762.7481
709.2923
691.0514
688.6351
750.1455
676.8759
766.9816
676.0882
663.6468
726.9588
742.1731
758.8114
744.9703
771.0673
699.0289
744.5375
731.9662
769.1586
742.2256
785.4515
728.1325
705.3375
772.4854
701.5302
775.1461
760.1916
758.6154
654.0336
707.8682
714.8892
691.5695
711.1885
722.9028
713.2683
772.3479
733.5825
767.6737
725.6853
754.8779
713.3711
763.4893
703.6692
729.5681
692.7154
730.2351
746.0787
720.1414
729.8643
796.83
742.4939
702.1002
739.0967
712.7726
801.4982
692.0354
707.2282
751.675
689.2161
777.0472
756.2437
719.9346
734.2742
673.9031
756.0066
716.0034
719.1334
728.6947
696.0743
814.8984
787.2556
764.4522
772.4812
740.7493
725.1176
675.5148
737.5305
668.4171
679.803
715.0691
686.2479
665.5595
736.5453
740.0233
721.93
754.5671
723.0924
744.819
680.2507
743.7536
684.1496
753.2209
687.8805
750.193
713.1262
729.3443
763.5988
731.3754
717.3471
736.5942
758.466
694.1588
740.5671
715.818
765.8403
699.9604
735.442
738.2656
733.6612
747.8708
703.3817
714.0418
738.3691
742.3061
690.9451
770.0646
669.5499
775.6407
733.9445
787.3077
762.1307
725.5315
762.7257
774.3554
733.074
724.288
702.2696
748.2327
764.1441
760.5304
781.2667
738.082
800.9837
718.915
731.1866
720.4106
707.1652
690.2989
709.6951
730.861
651.6637
729.1835
741.5897
748.3846
740.1104
704.0171
748.9193
731.544
724.303
745.4003
773.0837
682.4713
701.6207
728.7976
754.2272
736.3547
772.3244
765.2634
816.6443
755.8187
716.3
704.9481
751.0323
753.3608
755.0262
673.827
737.1748
730.8916
702.5033
747.7175
750.0965
683.3305
699.3263
746.6978
739.2401
733.0689
732.336
686.0995
682.3436
718.5255
766.3152
704.0444
765.8435
707.5371
723.2736
738.1283
687.9373
723.3555
769.1644
770.5927
735.607
711.9974
710.9356
729.204
726.8616
796.5205
821.0041
746.6412
722.9604
729.6177
779.4722
692.0702
752.1505
752.374
662.3642
683.4473
753.2664
731.4012
799.8627
732.4376
761.5947
743.7106
739.9103
734.5948
753.2838
745.4562
739.7642
762.5511
756.2061
755.5581
741.1933
727.3783
740.4485
698.8802
761.5056
693.3991
754.0351
702.2336
773.3568
666.3643
701.1089
735.3371
720.9203
693.6045
712.9368
803.3597
748.0743
771.479
696.0121
705.9604
752.8571
769.6348
696.986
723.6724
775.84
711.4369
728.1497
749.8729
768.1429
677.6029
705.0388
713.5575
727.4904
795.9532
702.6648
741.0619
732.9351
759.7986
685.8396
761.6027
742.0474
717.0775
728.9845
709.3579
743.5224
736.6387
806.1268
751.493
695.6014
772.8238
720.8423
698.7534
778.6002
688.2367
711.0821
689.8243
766.3014
725.323
753.1517
742.2231
689.3842
760.5475
696.1853
695.5885
720.0963
665.2967
778.3888
780.578
769.6173
675.358
773.9971
768.646
716.2893
755.1616
717.6761
701.8507
732.0237
726.687
755.2985
725.8894
728.9211
672.4726
731.7771
725.7434
712.0659
735.5292
754.866
662.5429
745.8663
710.2925
754.3335
680.9083
653.3731
748.8605
721.2811
690.1614
735.5354
749.7369
739.8362
673.028
728.3677
750.8265
787.5521
821.0466
745.8758
727.5894
736.6088
721.3202
704.2584
678.6308
708.173
704.2416
751.3547
647.6741
741.3767
747.0798
744.5062
726.6863
726.2181
718.643
711.5863
778.1449
658.943
735.3299
732.0361
777.5903
728.6733
747.8109
745.1979
697.1781
704.2091
690.4033
711.7314
727.0824
742.4002
680.8313
744.4373
784.723
730.4549
777.0405
750.5745
729.4617
706.4256
757.125
739.4285
741.5532
850.443
738.0104
756.1097
688.3096
768.4387
771.7478
701.7948
777.2583
745.4766
734.7783
688.4106
752.8583
754.8243
722.6806
756.8486
746.7155
731.3377
755.0327
752.2542
718.4866
736.8874
757.0331
741.9382
694.8271
723.1094
794.4215
749.1297
763.0673
700.3654
708.4916
741.4571
702.5226
677.5036
718.9055
709.4101
714.5323
722.2438
756.981
692.5623
676.0651
734.9046
735.9527
738.0517
740.6751
716.4704
710.8106
823.8982
699.0164
748.8294
717.3345
705.6685
755.9498
739.8375
698.7138
753.7305
691.9701
732.6335
732.5845
719.1814
757.1234
775.0481
768.4949
691.2318
728.5017
775.0246
697.5171
755.2825
731.6507
661.2303
727.3307
744.2987
682.2976
731.2878
702.2698
698.4154
715.5221
776.8918
725.4859
715.3298
724.6068
707.3185
686.1738
781.332
707.6034
767.5844
697.0314
771.2634
711.41
727.499
698.6432
743.4135
719.8189
746.5755
751.3544
707.6304
771.046
725.9978
765.8541
785.7061
702.759
756.3787
790.3655
752.2718
723.229
709.4781
702.3757
696.323
757.8504
678.6466
745.0435
697.4369
712.9389
728.0585
740.073
729.7336
702.5984
729.0192
750.8031
695.6704
762.1355
694.1637
722.5476
747.0636
762.5253
738.2213
741.3883
742.5523
755.6997
749.7934
765.2725
799.4767
704.746
741.6829
725.4715
762.8403
669.7983
700.5885
727.2955
693.1388
771.3383
783.7962
746.2897
698.4297
767.4807
744.7474
665.9588
703.8496
736.5042
719.6796
763.3911
644.6206
747.3962
752.0368
742.037
752.856
724.183
718.4221
766.7986
717.4465
711.5997
746.8596
690.2182
736.4546
771.1007
689.9649
688.9527
680.1844
730.3551
697.5857
721.4977
764.6587
702.9377
706.3621
682.596
755.9602
750.4706
726.2824
735.7775
735.1845
756.0103
704.5813
711.1104
738.7956
738.2792
692.1608
782.0757
752.9187
771.2957
761.3224
692.418
736.7323
728.2267
703.1481
773.4317
707.0187
731.7764
735.6258
795.9846
755.792
696.029
748.9925
761.3418
724.7984
749.5071
731.5268
718.0393
755.0419
718.9375
784.1586
706.631
769.5824
766.8923
746.6609
739.2465
749.1136
707.4787
750.077
771.9281
715.7761
727.7666
786.5105
702.959
746.2716
707.2769
685.3293
731.8832
717.7216
701.0716
717.2043
748.3812
718.5503
733.3932
717.8881
702.228
746.4052
697.0361
756.6353
729.6969
758.5957
759.7073
704.897
754.983
732.8566
739.0738
713.1128
713.063
738.07
683.2621
712.8192
676.5871
708.7237
662.706
736.9699
743.5722
679.859
724.4595
754.4952
713.8607
692.8432
727.5829
702.3983
760.7322
702.4589
725.6901
737.6729
719.0945
721.0197
695.7078
700.6768
785.2149
752.4208
715.3163
778.5963
755.3877
765.307
719.6458
755.9844
677.5154
722.0709
738.9011
805.5356
738.1469
705.8134
757.3523
748.1791
730.7562
715.3247
721.1405
734.6288
700.438
783.0797
723.2376
672.1908
719.349
735.1061
707.7257
741.287
740.2743
716.983
697.8375
722.9828
790.4071
786.9995
787.7515
731.1422
740.6454
738.9761
721.8286
699.3207
725.2295
834.0215
756.5629
685.6128
742.465
707.4051
748.9127
731.5703
749.6722
723.2664
709.2041
724.2893
739.6392
724.4677
736.4871
727.039
732.8414
729.9268
698.6006
710.1979
698.5867
749.2634
763.0586
731.0358
789.6644
712.4211
716.4397
706.5737
718.4439
744.657
788.6939
746.456
701.5042
738.8881
735.0628
746.73
781.0262
752.6461
739.2293
774.1802
724.273
725.4751
761.6179
728.7433
697.044
730.0562
683.336
743.956
672.9703
764.8
724.7568
787.592
759.9742
721.2838
721.1832
731.1676
742.578
738.0524
727.1828
726.4681
777.27
726.1073
766.3947
731.3552
717.174
719.1376
731.7193
713.572
720.4586
706.6963
720.6858
766.6954
753.2285
751.9605
726.1611
765.4616
773.5551
721.5253
725.838
691.016
736.2414
721.0665
728.8201
724.9748
736.4829
695.7223
781.7808
680.8755
720.5118
716.6691
724.8723
710.0844
757.5102
752.8051
740.4643
658.9578
704.1276
765.9909
750.9978
692.9981
714.3998
749.3674
788.5651
778.2154
722.9825
703.3857
691.4543
639.4769
699.6539
712.6764
720.6743
695.0184
677.3466
716.0848
730.8408
727.3635
736.6262
727.2878
693.3184
761.3759
742.5214
739.8593
746.9206
767.058
795.2322
711.4689
737.6502
716.5622
713.1511
768.2788
747.1213
760.7078
731.0462
720.6844
747.5895
746.5621
735.6208
728.826
756.5634
772.5596
692.9868
671.0173
737.193
717.687
776.5127
732.1345
715.3538
733.8853
770.2647
727.7725
767.4223
716.0444
718.9374
749.8754
730.0361
715.2632
731.4642
719.8309
761.9012
723.8805
747.1632
708.6831
701.6774
769.0359
720.2101
772.5536
736.6178
745.1687
672.398
727.9663
768.5486
752.7274
764.9511
737.5602
752.386
684.0477
793.0431
740.815
717.3904
717.9822
712.6754
743.3261
720.0192
684.0235
710.4899
735.839
723.8166
767.536
712.2856
735.9192
757.8927
792.0111
659.4094
765.1268
740.983
737.4609
739.8605
678.906
728.6258
766.5516
707.5788
715.694
739.7859
648.7042
735.0662
730.6032
693.8229
775.5365
791.2603
725.5288
725.5797
663.6119
747.5237
738.9008
717.9651
793.8013
692.7539
753.4903
760.0118
797.107
723.6363
821.3949
737.9735
772.7706
738.7035
748.6824
689.2333
715.5437
761.2357
749.1988
755.0789
708.3339
786.2724
732.0914
784.8135
686.1392
737.1356
798.6058
731.3399
735.8004
739.8587
771.6007
786.0811
702.2102
706.131
786.2368
784.8356
760.4417
729.4942
669.7804
787.3924
736.5993
734.7838
714.4524
716.9385
690.3371
782.5928
714.8486
729.0526
759.9045
639.1857
744.7554
736.4165
713.3393
752.0271
729.9395
716.5892
770.1858
729.8999
742.7407
691.711
721.7205
758.7771
733.9418
751.8807
720.3389
758.2497
719.3396
745.0779
801.3127
713.7337
735.1053
760.6909
700.1041
695.1743
753.9116
749.8295
722.5411
685.7875
780.4821
720.7074
725.8195
712.4195
803.8143
763.2983
709.3422
700.8171
744.1414
788.1135
740.038
748.8083
734.1109
712.8467
745.3275
683.0821
797.8831
776.0257
752.7267
707.2606
707.9366
757.8925
729.2046
725.8274
739.3817
712.195
685.9653
769.9622
711.9842
753.8037
780.9854
725.9496
779.736
701.6799
748.365
738.1217
687.164
724.2963
715.0895
677.2153
728.448
766.2581
697.9344
739.8747
687.5378
774.0976
707.8182
725.3585
728.1128
736.288
724.1674
765.7394
720.3795
736.046
732.4823
786.9795
718.1254
789.4891
743.1537
711.8091
710.9715
727.3329
754.3259
685.4874
684.5993
726.9129
681.7845
712.5418
730.4984
679.0793
718.8327
765.1532
721.8488
762.0584
725.3524
703.7128
745.0094
737.575
762.1705
716.3651
743.0117
763.5934
700.9098
745.0115
722.3799
749.755
695.3838
756.6082
725.9137
736.414
746.7058
738.8909
718.2584
769.7091
715.6093
729.7674
730.9157
730.9983
713.9328
752.1755
752.9228
716.0677
710.9073
745.5906
706.4301
679.1288
785.9686
729.7483
722.2359
705.3215
769.3414
766.2494
789.0245
716.2456
756.5365
680.2607
756.4484
747.6678
712.4354
711.834
714.5673
770.1422
771.1958
745.2656
713.5662
732.2373
685.6478
721.7083
771.7665
696.1255
696.9009
762.1981
727.458
738.2634
762.9547
783.8053
775.7982
756.3425
766.3524
751.6655
715.3585
743.0859
746.2047
727.6871
682.0214
640.4992
733.6964
767.6142
721.0197
773.4329
694.0726
782.0559
674.0701
720.0832
723.6397
716.4423
713.8006
719.3659
752.2099
738.6276
759.9445
755.8586
778.6238
693.7957
778.1663
710.4711
712.775
734.1683
744.1005
692.7952
729.8972
803.9107
789.1553
720.2987
689.5409
739.4236
688.5055
769.3272
724.6794
689.4018
704.7494
745.661
697.3935
777.6389
760.5199
779.4963
713.6237
761.8477
776.271
761.2016
719.6282
724.5909
789.4629
774.2572
730.9239
641.2413
718.4782
727.6183
736.0423
717.2371
731.0058
730.2229
741.264
717.1258
705.5684
681.2423
711.0612
712.7319
693.9661
709.9669
774.2028
725.8238
712.4046
666.4546
714.1677
731.4441
682.9837
733.0962
782.2806
755.6604
741.8737
781.4108
767.7645
705.7394
710.375
760.4275
755.8707
756.8622
700.6909
696.0671
726.7189
739.4506
706.0097
725.2691
696.0136
770.3255
714.0526
745.3709
714.9739
698.7678
773.056
665.3623
788.5545
700.6216
739.7792
750.9622
672.9921
695.8252
724.8443
780.62
733.0765
757.4313
744.7836
741.1561
706.1667
726.5227
743.0756
700.9455
738.6299
770.5387
684.3026
742.0927
697.8248
738.8436
754.3031
712.0526
702.2278
725.9906
673.2332
764.521
742.7277
722.0107
715.7586
721.8439
705.6993
698.544
720.0276
759.142
716.174
765.9097
731.4078
694.7789
728.5805
725.3514
741.5459
766.077
710.2386
742.5533
706.5419
744.5171
766.7952
722.0646
763.1408
713.3989
764.5518
713.5455
704.9253
748.7384
776.7902
721.1545
680.737
718.1634
731.1183
711.0633
746.8567
744.1551
723.8869
763.3472
720.5172
703.0982
705.953
697.815
786.9867
728.3704
734.4265
694.3074
704.2619
715.5524
704.7729
787.5313
806.5717
747.7286
711.1038
744.2102
754.2387
754.0178
720.4826
753.1902
744.0341
719.9336
704.925
744.0232
758.6146
758.3258
726.2745
754.643
758.5878
745.0376
738.0833
706.9925
691.1848
681.1661
704.8817
732.0798
702.6434
734.3729
716.0194
731.6163
723.2799
720.9886
726.7711
753.6187
706.6599
729.9552
692.8492
669.8059
722.3171
734.3132
654.2505
755.098
731.0153
717.7748
679.9302
764.5564
719.6202
761.5465
764.8033
696.5257
722.8929
736.5643
684.4942
756.2128
734.5119
750.4012
731.856
751.2595
827.1433
679.5012
695.136
752.321
719.2654
683.8265
712.189
762.9519
744.5746
738.7167
775.3471
728.3166
717.393
700.6059
726.0637
724.8407
722.9242
739.9293
739.6027
711.3522
767.8874
688.5315
781.9907
693.4933
912.0162
774.5243
758.2458
745.0026
733.8895
731.7376
745.3841
699.4503
746.4086
776.6568
745.7476
702.1928
663.3806
738.0391
787.9911
779.0212
782.2311
737.5813
721.6694
663.4649
743.2434
698.5104
703.1651
743.7625
816.6188
697.8432
739.9195
699.916
773.7418
754.2925
812.1822
729.9368
698.7466
766.5805
798.8483
719.7505
698.1617
789.4482
752.6306
738.8147
713.1548
761.0665
698.3306
792.8079
748.0096
719.5122
699.5557
761.6531
727.1081
711.2861
785.4806
704.3223
704.9265
832.0957
718.1388
742.6048
715.5526
737.5408
670.9284
774.6626
720.1613
741.742
725.6736
760.5696
721.8579
744.8282
754.8794
727.9225
694.7508
720.184
689.7519
753.8597
714.3021
683.7411
748.6162
702.2009
749.5358
756.02
662.2698
717.9321
752.7777
756.2765
749.2111
729.6775
732.5215
719.5075
740.5571
736.7143
677.7147
701.8809
707.1903
725.206
653.9819
790.5027
743.9554
679.1082
738.075
739.3279
731.4126
704.1469
814.648
726.3115
753.4672
699.5752
767.9841
764.6744
702.308
698.3402
743.9501
736.1633
738.7667
721.9391
762.4909
708.6512
724.6437
797.6909
746.3152
698.0395
722.0102
725.0609
782.5799
706.2555
746.2291
734.4784
720.7501
728.7723
770.3323
719.4904
712.466
676.0864
732.2422
753.8822
699.9631
711.3145
761.2279
719.2904
775.2212
704.189
732.6008
712.6794
694.4556
774.615
787.1496
710.7792
669.618
665.8574
746.8468
746.0828
731.0018
741.647
732.1826
757.1588
752.4682
718.9722
747.3116
774.5281
718.2586
746.4585
754.8156
717.0702
759.2049
706.8777
751.3023
718.99
720.603
730.1459
798.2245
696.2928
695.1011
739.0476
752.209
772.1118
703.836
762.8781
710.9888
708.2099
766.4374
754.5136
741.654
749.0988
705.6105
773.5373
725.1033
704.458
758.4983
708.6045
721.8073
760.6317
754.6291
740.1725
704.8778
740.8153
717.0883
672.5298
746.211
715.5662
695.7476
765.9275
690.0844
708.6005
726.0959
736.9849
707.5166
733.4836
761.0361
767.5895
754.3155
730.5166
736.798
763.3882
702.2422
668.5739
709.9152
755.191
679.5963
700.7324
732.7163
672.9107
780.2472
724.0426
726.8261
726.3529
752.3704
739.0569
714.9575
806.3891
709.6677
716.484
727.6404
729.3358
726.8991
792.006
654.7435
723.8194
677.0212
710.6454
667.2574
732.5245
697.8057
745.5766
732.2201
719.2514
718.6139
688.6833
724.1722
713.1472
702.897
700.8972
689.2052
735.2839
723.1118
723.4361
695.1492
717.4727
751.403
798.9501
744.2109
823.5212
745.4881
711.0123
671.0548
733.2375
691.9625
710.5699
719.6019
685.9929
727.668
713.383
654.8672
778.4701
712.2739
723.9207
739.1819
743.1404
771.1512
756.5214
748.097
793.7881
747.1006
787.8643
785.418
747.6827
743.3969
693.2238
764.3111
681.6385
711.8505
753.3094
688.3291
773.3785
755.5063
736.4643
747.3547
786.4706
750.3401
689.1874
796.1159
794.727
749.5139
758.6881
758.111
714.854
722.4763
686.7106
729.5913
697.6873
709.2415
718.9042
783.227
748.7641
766.054
753.6211
715.6972
761.5394
725.3761
714.8103
711.271
687.7053
747.0464
725.1669
719.3658
719.7704
722.3117
787.5216
741.7199
657.7775
736.2857
745.959
717.3705
772.938
683.6181
714.7489
699.1641
700.9676
738.2965
695.5094
670.3421
726.118
800.7248
760.1064
741.7163
746.213
683.5746
758.7294
753.6022
697.5985
732.0067
703.4625
714.3911
748.1742
732.2239
706.9893
731.2251
705.0755
740.2456
732.0121
767.1139
710.8884
688.1441
736.293
746.1728
673.3896
675.0075
726.6335
746.9345
740.2908
706.0804
724.2963
712.0022
740.1005
739.9985
730.0079
721.3012
752.278
679.402
737.9551
726.1879
702.3511
710.0936
784.3706
761.8842
754.92
749.1938
720.0802
721.197
765.8853
735.9509
721.0247
712.1075
776.764
797.1255
764.3038
649.0996
695.682
719.1745
714.7203
684.483
693.2777
727.919
692.9184
741.3119
715.3515
683.6582
744.5289
713.9302
716.8971
761.2683
714.5046
737.4824
702.9372
769.6277
767.1513
712.2596
732.1867
725.1541
695.5843
708.5845
751.7131
720.6149
705.4703
719.1134
777.1691
796.3465
699.6915
745.2743
697.82
735.8329
731.2036
689.5489
707.4797
705.4223
780.0267
751.7288
750.3285
685.2909
742.9879
722.3931
731.7585
657.3827
726.9624
716.6421
701.1219
690.583
775.4335
772.6749
744.665
760.9985
692.3863
722.0378
693.2605
679.8785
704.9798
730.2568
729.1359
716.171
730.0429
756.7007
682.5284
704.911
740.0751
744.8376
672.5763
714.247
760.4383
742.6426
776.6676
707.058
777.2994
739.9504
755.793
754.4161
694.4171
765.5928
758.2523
691.5231
716.1531
720.8566
734.2604
768.037
750.0024
757.2983
716.8487
703.0828
732.6527
722.0459
747.6758
681.0901
768.8891
733.8855
776.3949
709.8323
709.558
707.8733
762.8234
750.5569
747.8809
754.7539
753.7435
727.4465
793.0083
724.8104
739.8176
746.826
762.2132
754.5049
730.9482
704.9388
690.1602
754.6565
763.7446
739.8975
710.0348
677.1297
743.869
658.7036
724.7357
694.4173
714.5005
705.0092
720.2449
762.2264
709.5373
785.969
702.3056
709.0745
798.4828
750.6424
767.3825
763.6997
740.2666
664.172
713.8098
781.7464
713.6167
694.4952
746.9874
720.3974
728.705
691.847
794.924
728.372
702.9353
734.0889
728.2659
740.3932
719.5934
714.1289
728.7366
739.2113
733.0986
748.2402
739.8043
718.8235
724.0222
728.5745
727.9269
705.702
670.0839
753.9882
798.7079
715.4168
754.7318
815.809
724.3727
746.11
766.3046
742.4492
684.5969
772.5638
697.7285
713.764
787.3453
675.565
775.0409
730.7701
708.0201
742.8352
720.036
715.4294
759.843
767.3452
705.8199
699.1922
656.1485
699.5775
741.569
778.863
749.9567
664.6436
711.817
743.6043
767.5949
741.6127
737.8003
684.9911
745.4142
761.1888
778.9372
730.7296
681.3413
736.6364
742.5142
805.2347
641.1186
729.9305
738.3343
717.0045
718.8367
741.7192
784.8072
734.5965
782.8838
756.3153
754.1779
738.654
651.8954
780.7722
720.4039
729.1234
736.9922
773.5061
723.5129
716.1368
768.6773
720.7823
757.1287
714.7884
717.654
715.2662
707.6703
758.4739
741.8772
690.8332
746.8295
793.5615
723.0078
707.8921
689.8166
778.3073
705.0127
729.2153
784.3085
724.5905
744.7614
716.7145
700.46
707.2645
750.3183
749.9988
738.0403
732.6724
716.7786
761.1508
737.4072
761.2738
736.7329
741.8289
659.5249
739.8722
782.4824
713.9605
719.0473
774.831
749.8396
737.5736
762.686
829.0024
736.0072
705.7535
722.3446
710.9577
720.8774
759.7863
689.3665
772.9019
776.2385
707.4439
710.2004
748.0872
735.4713
716.4041
713.6974
724.9574
725.2494
752.0078
684.3279
730.3623
695.9839
712.9844
704.6377
731.8516
720.6781
640.1275
704.3514
700.5443
725.0204
786.467
757.4323
685.0344
740.0778
766.0533
702.8851
790.5748
738.186
753.8372
784.0473
778.4343
691.982
729.2258
786.9043
697.8034
719.1347
730.1953
732.8328
737.8253
705.7229
744.0963
770.3315
752.4211
730.8646
726.2047
727.4387
744.6436
652.8879
729.7291
746.8629
718.0148
733.1608
718.8774
732.9081
751.0194
747.507
738.9425
692.6346
732.9586
705.4109
737.0289
707.454
746.8726
729.6284
724.3601
765.747
736.1176
756.3608
697.7194
698.1061
773.9717
801.3426
669.8195
787.9179
720.3155
806.6271
753.8553
784.3108
704.8521
744.6106
749.8196
712.296
710.3521
764.2764
741.5903
800.3037
768.6505
711.7777
750.3746
687.7578
714.1764
759.5142
698.3774
781.0236
769.9839
690.3441
735.374
676.2109
752.9983
721.637
701.7477
793.1246
737.3222
726.6055
814.9135
734.323
759.1765
708.2276
757.8805
725.1051
728.0277
721.6317
697.7505
780.2475
743.0383
673.5631
730.9174
725.488
783.5484
709.8641
735.0647
717.6316
700.9924
726.4796
741.7334
698.8425
752.0258
676.7886
756.156
723.028
812.6445
716.3104
691.7125
709.5147
722.6903
769.0881
749.7452
809.6428
733.4247
704.9282
704.6569
749.4532
744.2046
742.6722
672.1722
756.3294
678.7175
751.9855
671.4502
760.1155
724.0969
793.8036
770.203
785.3754
712.8832
720.8374
828.768
741.3192
715.9875
752.6453
783.5657
753.8302
743.5042
737.6309
731.6524
753.4553
726.589
654.0158
765.0195
770.3399
791.9211
727.2075
751.1906
693.4358
681.7324
727.1447
704.4943
796.2988
691.8953
732.2641
735.6338
770.0366
779.7555
763.4378
720.7288
744.4739
734.2844
772.2947
752.8966
717.225
716.6438
708.1083
779.7877
745.2947
725.9147
651.085
724.3102
709.6913
719.4564
712.6461
745.907
754.1885
706.1285
691.4755
833.9864
699.9184
797.7585
699.3146
725.2091
749.7289
738.2734
700.6083
726.7881
745.1872
718.3298
723.1678
777.1461
715.0359
772.9678
718.4008
756.4207
706.4919
696.9156
715.1694
763.3247
795.4911
689.7833
767.601
703.8371
736.1063
754.9404
748.8194
718.7399
704.8886
737.9157
724.957
685.9173
669.4333
767.0402
717.6425
741.0095
750.1538
742.3229
750.6985
741.313
743.169
709.7427
742.8672
731.0041
763.4922
772.6853
791.9911
730.8187
716.6485
729.4778
736.6372
745.742
672.6745
729.8465
763.8261
732.0303
773.0335
755.3822
767.3003
749.2193
733.2677
739.1673
725.0203
738.0809
802.1103
686.3437
771.9403
714.4368
755.4591
737.2391
745.8268
740.6182
707.7164
770.426
742.7821
729.6212
703.4084
685.7334
788.3963
764.6138
772.5821
734.7111
694.5995
665.5747
710.7218
717.8705
707.0887
749.6332
749.9519
708.6719
770.923
718.6528
794.1085
714.0223
716.6211
741.2935
714.262
768.1367
741.8993
791.0041
727.6796
734.748
696.1331
675.3082
704.7611
721.3251
738.8647
739.671
728.0633
694.6192
795.0582
707.9303
731.2721
704.3996
741.4933
751.5772
762.9036
747.2218
673.2475
714.0357
727.8812
711.1578
740.0927
753.044
686.1645
756.8437
748.5511
731.0292
756.2031
703.2424
767.8474
780.7048
809.4552
678.2517
675.1295
724.7935
708.9204
761.7192
721.8832
751.7487
738.7006
771.2636
750.0535
739.738
726.3166
699.5812
728.4317
762.8884
747.6266
719.6563
698.9583
747.2687
745.417
773.9431
722.4465
747.702
703.6278
737.3409
760.5891
721.8417
774.4714
740.8554
699.725
777.4868
738.8889
750.2827
758.8681
766.3818
734.5357
730.6743
692.5385
672.9239
718.9876
690.5561
729.8886
765.2798
657.8698
768.1483
719.1438
696.8981
717.7288
746.9668
704.4466
672.6841
758.0749
745.8228
738.8488
740.4503
740.1465
756.4322
752.3586
755.1827
725.94
716.0145
819.0097
732.2086
709.1528
727.3469
743.3252
726.059
686.7588
752.9489
723.1771
745.0331
765.4956
682.1456
690.9618
773.2003
694.4251
678.7677
682.3293
744.452
670.4778
741.9269
747.231
740.535
778.3894
794.636
730.6454
743.704
798.4979
699.0716
725.8769
773.6986
703.538
719.6549
699.1881
787.1006
711.0601
710.8394
746.2344
706.6312
676.7777
645.6539
747.1056
726.5898
795.3271
668.7288
691.8957
741.102
806.3752
707.859
702.2343
720.7018
726.0347
694.4601
659.8212
710.9306
706.6922
701.2537
763.0091
669.736
664.5326
735.0656
740.4919
718.661
716.6538
676.4086
704.664
738.2639
723.7177
724.5525
745.7786
710.6646
727.0883
739.0069
735.2028
736.2677
750.0908
716.3463
690.3278
710.5957
793.9929
754.3811
728.7197
714.6051
734.0548
679.0373
801.5271
784.7661
747.1069
814.6208
750.0233
668.1537
789.3665
777.66
752.8295
719.2405
761.2662
694.4493
723.06
774.3536
765.0556
757.4644
728.8167
693.0136
763.9495
698.9035
694.9563
707.9847
721.6503
743.8582
773.1786
741.5059
735.9476
697.6015
709.683
726.7662
699.3715
755.8749
772.7397
786.78
733.7547
728.2641
725.1211
698.488
647.0273
758.0047
719.9001
734.1143
712.367
679.5556
726.2328
758.785
801.3218
735.6796
744.5573
672.1913
710.6361
700.3018
742.2592
718.2257
731.9358
739.5351
735.6029
679.3769
778.8911
693.6604
736.6971
773.1964
780.2211
791.0618
765.987
734.0654
777.2752
715.4129
756.5314
632.8614
687.8127
695.1948
747.5284
725.014
754.1933
742.5453
705.4455
742.2134
740.3719
710.9424
727.7919
745.2212
698.9948
711.6399
752.5136
708.0802
671.6034
748.4492
725.8723
689.2041
717.6192
684.8147
756.0168
771.1708
718.0216
714.1039
728.0938
695.7793
753.1774
721.9284
670.189
749.352
709.8986
753.4258
714.0429
777.1396
742.617
764.8926
712.6083
766.6831
705.9238
729.3264
706.1967
761.5583
768.955
690.0265
783.3846
680.8279
677.0556
772.3586
714.2191
730.7523
751.8459
690.5756
721.9618
729.9133
796.3665
692.6444
712.4303
775.8325
755.53
729.9306
730.437
759.3749
730.6754
661.4423
781.6994
648.1418
743.372
771.0588
675.7542
699.2906
748.2094
663.0529
755.7024
731.6303
735.9908
755.9649
786.3716
718.2151
756.7076
714.5467
707.6158
775.0324
724.0698
690.9695
781.0979
724.6196
783.4386
766.5714
767.401
703.4144
682.3701
736.2812
777.9669
813.2449
736.494
713.7282
730.6202
701.358
726.2602
759.8353
710.0951
732.0165
713.7742
656.9503
742.8501
746.9822
773.1622
747.0636
721.2628
729.1086
769.0598
787.5134
778.9466
677.1818
744.1519
768.8609
736.2232
739.3162
739.5836
634.375
756.5033
736.7478
779.6045
690.1747
747.9173
678.4422
754.0488
695.6212
762.7061
681.8786
708.2946
793.7932
789.6589
683.3991
743.7127
755.0973
844.422
739.5545
738.2024
768.337
720.2833
664.2872
751.9729
715.8201
699.7394
768.4508
739.3877
717.0781
651.7633
755.7759
725.6335
733.6712
762.9473
714.0462
764.9283
713.3378
779.6875
783.6507
760.5245
751.8412
749.4641
709.745
744.7246
733.208
740.4402
741.9377
724.4954
715.8656
710.5523
681.3472
745.7264
738.1744
782.9954
753.4137
738.2394
772.1379
722.0658
836.3049
791.2489
721.8687
776.6732
731.9512
713.631
751.7586
730.1394
733.7717
710.0373
724.3009
667.9404
726.6275
746.7809
725.4142
728.2304
730.5913
670.7815
743.4633
747.1726
844.842
719.5294
752.7448
731.2154
692.7828
692.9143
717.2515
750.3138
742.8367
690.7997
770.5239
739.2081
752.9927
684.8388
733.1932
755.6467
742.0281
771.1241
712.0296
728.6835
733.6064
736.7101
716.243
688.6552
708.2608
760.7783
699.7919
736.189
743.7851
687.2785
714.2375
734.3877
706.9982
718.5626
759.2929
775.6255
722.3377
672.3089
733.8761
787.2317
714.0398
711.0514
721.5597
715.2783
694.6232
702.378
776.7268
730.7441
716.7631
783.8922
712.6428
705.2128
779.4213
722.632
783.0173
716.0433
750.6862
696.0194
780.8953
735.9656
694.464
755.8093
744.7963
690.93
755.8179
751.9915
680.7275
732.5264
710.0429
742.7656
717.3776
801.2474
790.2608
721.4997
732.4412
757.8572
735.0171
769.4262
704.5551
724.2059
690.1872
766.295
710.0804
694.6637
716.2814
792.7957
737.91
752.1435
754.408
702.6192
718.3666
748.9971
704.0286
699.4494
744.1884
693.8386
729.6849
737.5201
746.2224
633.5531
728.9992
705.0157
750.4698
760.1237
758.8774
696.6123
749.9799
755.1762
735.948
665.4917
709.8541
753.2698
704.9568
731.1444
713.1726
708.1071
727.3157
711.2242
719.2904
721.8089
744.7183
731.2208
756.981
785.0631
745.3205
741.9792
745.3139
738.3152
715.4088
695.5977
675.432
737.7048
707.2909
784.6708
716.6353
727.1419
730.9655
760.8762
751.1697
744.7796
765.4799
756.9657
749.0286
742.2437
810.9229
737.0571
695.5954
698.1781
709.2232
745.3796
713.1414
715.2062
769.0505
689.2418
705.1489
764.5975
726.1678
745.362
755.1615
714.8919
707.3918
698.7151
743.2787
764.124
696.0186
822.7799
715.678
761.0546
707.9202
752.6409
734.6377
760.7212
747.6584
706.679
681.9926
785.3689
801.722
674.1097
741.4789
687.0969
772.2285
727.6924
764.6146
785.3731
791.3495
752.1874
764.9897
743.1914
757.7486
693.5249
760.5633
754.0792
734.8335
737.7345
793.3783
765.1324
694.3498
791.5816
804.2109
721.2287
756.0984
750.886
745.3321
712.6701
662.0628
800.2191
705.541
756.21
712.9201
731.0063
778.1814
734.9179
725.3923
740.2348
751.3457
723.8143
800.0027
757.8654
733.075
790.1481
784.753
722.8594
759.2562
747.1865
688.6794
681.5345
741.936
752.7578
805.9787
760.7174
778.7075
742.8417
681.7514
723.1419
685.8311
714.2092
678.5263
737.1714
712.5152
702.5036
722.2731
803.6233
668.9784
741.5969
775.8321
754.4937
760.4677
730.0512
774.0094
748.6026
775.3005
739.9798
740.2251
716.7656
748.4155
722.7713
749.737
722.1097
690.3734
752.2163
753.6901
725.1596
746.7937
750.1546
739.2822
691.6866
674.5115
747.593
749.862
738.5955
687.3839
755.9854
747.3118
692.1
739.6785
766.1297
754.4991
722.1223
743.8725
750.4907
766.4056
740.2109
737.1671
765.1586
733.272
748.1021
751.0687
714.2672
765.0169
705.2048
849.8882
701.964
716.9896
702.3189
705.1277
688.7373
712.6177
742.8556
774.7429
745.8458
756.0123
690.0085
699.8662
764.5567
737.9741
730.5473
709.7889
726.6388
724.7083
763.1361
730.258
750.431
730.8537
726.6797
808.2393
772.7709
720.0583
777.7918
755.4476
664.3502
778.938
744.041
679.6917
663.54
775.8987
780.8119
748.2837
733.0493
732.6372
710.9986
750.0731
732.9741
719.649
737.0018
709.0831
688.8652
732.2639
782.0626
723.0396
711.8473
718.1741
737.8667
751.1481
770.7729
791.9806
746.6936
753.5092
786.5108
668.1476
747.3649
791.9457
690.6585
747.0152
745.053
755.5499
748.875
766.9557
759.5609
754.5138
778.0608
742.2136
768.2187
737.0651
719.6405
700.6949
749.9196
734.6512
696.1622
688.158
760.2099
708.0561
727.8226
714.7067
764.7947
739.6072
718.3938
757.0013
762.4439
707.5048
772.8644
735.9717
719.5964
748.9721
738.579
713.3473
693.4759
717.9818
738.277
755.6547
718.9643
761.031
751.2073
793.9844
792.4269
729.2387
784.9899
699.1155
799.0048
753.718
710.1134
771.7309
715.0023
749.8032
740.6903
734.229
730.8736
735.5071
727.8349
763.2185
718.3381
756.7155
734.5039
711.4368
744.1624
734.7692
754.4763
741.7884
724.2495
669.2839
763.2367
789.1924
742.1926
718.4743
768.9039
744.6845
752.4532
684.9007
721.1248
742.5343
723.8514
771.364
703.746
773.5085
770.0285
718.8683
716.1981
700.9233
795.4859
706.1043
722.099
736.2197
755.7931
771.6654
737.4885
715.0903
746.209
747.4611
734.3883
697.8697
816.6016
735.2085
725.5258
740.5393
737.4364
741.4825
735.7014
627.7183
791.7407
729.6586
759.064
771.1656
719.0339
739.1425
745.9208
755.6729
773.1428
682.9866
727.3354
710.4755
753.1889
700.2352
737.3044
717.8241
775.5347
784.1648
735.025
716.2005
785.1087
728.1798
748.5159
743.1694
747.9042
769.0146
784.8432
722.7629
725.5593
724.819
707.4283
688.5157
743.2713
738.527
814.4455
803.0699
723.1366
745.1397
805.4473
768.5891
714.0007
711.297
755.4491
687.2653
737.9259
720.1128
712.8211
724.3463
799.3654
766.4005
686.4992
668.7889
713.1997
797.7377
719.301
694.2841
757.8442
718.2709
706.2338
780.081
771.4948
727.031
698.1095
701.2434
705.6484
736.7309
739.8258
748.1663
634.7142
722.7096
703.3767
746.576
741.3643
712.3754
716.0853
753.3905
691.0265
734.1345
713.5754
696.4218
686.8616
749.1683
776.687
749.983
795.9867
742.014
736.4242
701.9843
745.0346
780.0945
751.8656
730.1104
724.3688
709.3223
722.412
673.377
684.9219
723.2063
791.3573
690.8906
743.6354
735.7984
717.8597
694.1591
697.9862
738.8862
690.2937
781.4886
680.1132
783.8831
773.7564
712.4347
764.9333
688.1704
729.2428
756.5137
746.4692
692.5884
755.1068
720.3172
757.0045
700.25
728.7353
678.4621
718.1027
698.7023
713.406
702.3836
784.7604
790.1992
756.821
807.2393
748.4394
720.4174
743.2855
741.7292
648.9033
716.5667
718.115
720.1524
764.9224
729.8047
758.5029
774.9038
681.5132
724.0677
741.2318
770.7971
723.3804
696.9551
733.8133
710.0544
669.4822
741.799
734.4401
729.3913
768.2732
764.3718
723.8543
709.9686
743.931
784.5705
751.9462
794.0983
761.6462
751.228
678.964
703.0096
706.7978
674.9577
706.5219
704.785
741.1461
725.6953
708.1287
721.462
674.4203
736.8473
781.2409
732.7902
769.3596
733.9617
702.1148
787.0549
752.3489
695.5034
745.004
719.2718
702.4746
780.0561
702.6011
699.9792
765.6411
762.5502
745.4943
789.6301
726.1489
732.3746
728.8539
680.0586
712.9461
714.9662
743.4718
719.6116
748.6468
687.0092
668.7165
743.2931
720.8337
713.8666
766.393
801.184
698.7096
747.5082
760.1967
705.7808
708.1699
721.4721
727.9092
720.6259
747.5313
767.5756
768.0978
753.2832
704.8944
709.6551
721.1217
765.9344
750.9509
738.7891
726.583
705.302
723.946
834.4314
725.8568
702.0363
751.7806
769.6215
739.4993
694.2254
731.7921
736.9436
742.1528
785.3736
737.979
729.0335
736.9403
716.2564
745.4689
702.1421
727.6333
694.1055
730.7416
714.5267
674.6362
707.0418
710.842
717.1449
716.237
766.7232
709.4767
733.3899
736.0365
737.6936
717.5413
760.5655
745.1531
740.0994
747.0265
743.4202
711.1067
736.0531
717.0081
731.2737
770.209
697.1174
727.2737
678.2398
756.3428
727.7701
715.0835
730.2397
738.2728
751.8717
737.7944
714.5464
766.8254
703.4656
760.2639
723.2731
723.5644
676.2318
742.7235
742.588
719.1623
748.526
703.7018
756.9118
691.2876
807.6102
786.3927
710.9958
795.2457
693.2939
722.3546
707.2232
724.2165
702.7696
715.1689
798.7133
794.8258
741.5557
775.8796
738.3749
780.0047
713.8938
715.4961
727.2946
729.8579
758.1099
707.1428
769.8709
694.0979
702.9274
750.3119
744.0486
729.0671
751.51
742.3512
776.4175
739.0766
746.5931
702.1165
793.3159
711.1179
762.014
728.8286
731.5677
761.8898
733.7473
727.6934
754.0886
711.0647
710.2433
749.7025
785.14
753.7684
693.4315
753.7694
688.0111
762.7242
778.9468
775.4846
757.2639
728.1236
749.4208
741.1011
724.6307
775.1954
730.2852
729.6475
753.2486
735.8538
729.1432
715.9229
764.649
768.4726
758.195
714.0878
694.3906
717.5159
737.6472
750.1488
739.9349
718.3313
758.0398
731.231
803.7855
668.8943
744.0084
710.1472
768.5285
730.2936
737.4595
679.0667
703.6497
720.1658
741.7777
756.824
757.7405
709.7963
754.5451
713.7606
764.7046
712.6879
721.0141
727.7387
717.5789
721.8796
733.7262
743.5104
738.3199
784.2426
657.6687
722.9311
714.8696
759.0785
620.3629
754.744
776.4336
721.2499
714.6928
697.8862
700.3649
720.2876
718.633
691.5785
720.2579
735.4398
783.1043
699.6488
754.6421
797.0116
724.2042
688.2265
721.8725
773.924
733.0169
743.3927
737.7538
781.0954
724.7401
721.7602
740.2016
748.2005
755.9634
724.7253
721.597
747.9192
766.7805
780.0685
737.8772
771.7028
688.3067
716.8429
662.9341
761.6963
640.9059
705.0659
681.6999
673.3259
747.3234
717.288
717.9697
737.9705
739.5684
713.6431
711.8297
692.8047
735.6095
764.5272
724.318
773.443
714.65
774.7924
726.3344
689.7295
718.8205
734.3806
732.3269
656.0389
729.4962
745.333
732.9471
734.2656
671.2733
750.1641
753.6568
717.5007
710.3062
714.8395
762.3024
737.2535
741.9389
723.4102
684.4313
761.8212
725.9437
749.6575
736.4473
713.8751
718.9799
740.3356
672.7948
735.3502
739.5682
728.3692
774.7012
765.1357
715.1207
768.7699
715.2406
745.3816
750.9439
742.6503
721.296
714.9019
741.9896
730.715
717.4333
754.4908
793.3054
680.1443
721.176
694.328
726.2936
754.07
727.5682
763.6821
761.1806
702.0232
820.473
767.4684
690.5454
817.7425
762.4045
743.052
741.1224
727.7031
664.7606
706.4926
742.3217
767.7554
710.4445
711.811
763.2317
701.4354
736.9656
806.5942
737.5146
739.9551
721.1426
726.5474
827.0912
769.0256
634.1963
677.5106
780.2476
642.0341
676.387
758.8615
756.7772
787.3558
735.4474
722.0184
768.6222
776.9256
755.6958
719.6189
782.4841
824.7463
696.9885
693.9041
710.169
693.7817
710.9652
745.8871
701.7337
683.3303
690.5724
670.5474
740.0351
780.875
746.4749
705.476
776.198
742.6845
748.0811
721.5648
778.1865
742.7775
771.3043
696.2282
762.8853
779.7587
744.956
748.6984
724.6236
744.2451
743.2175
768.0648
717.9106
757.9355
740.6027
774.2961
751.5332
749.2791
739.9796
787.5388
722.8437
741.8109
668.7991
741.1832
748.5261
732.2076
695.2828
780.7025
704.707
737.5659
739.0793
736.6176
772.8251
735.139
701.1347
744.5783
760.8802
766.1779
735.3369
750.218
729.1473
755.9577
656.6375
740.3284
763.0967
723.5725
730.9137
758.8576
749.4236
719.7617
786.7027
774.1414
766.6402
727.904
737.5953
747.5111
736.997
765.4002
748.9173
722.9941
706.2769
714.1572
728.4911
744.9404
702.8615
743.1911
660.1787
676.1492
676.0744
704.8751
790.3686
726.1135
803.8035
757.0939
702.96
708.1418
684.3029
700.3802
717.6003
744.3173
725.6485
726.0316
725.8561
715.5356
727.6173
715.4992
766.2125
783.0731
758.714
747.9217
746.0929
771.0616
798.4867
715.1573
711.4707
711.1276
770.8186
758.6944
729.5427
716.8815
749.558
729.5894
771.7567
698.9351
686.6674
748.0321
700.715
772.2742
712.7756
739.1899
680.2875
732.7872
738.7682
738.5958
696.8499
681.4993
697.6381
676.2343
676.804
751.3958
731.3468
742.4455
732.8811
696.0814
774.1181
691.6543
713.7788
724.2432
712.4356
704.9524
721.2678
726.1809
721.1885
741.9388
740.4986
746.4571
737.5531
777.7663
730.6109
743.1669
671.419
647.1689
716.6685
684.9759
762.0631
723.2803
673.8973
731.162
733.2332
812.2455
715.6153
735.8431
746.4006
700.1241
734.1589
732.119
737.4588
788.3466
780.4784
722.9255
734.8461
702.4429
710.323
779.7217
716.7313
757.7969
700.6609
742.8426
763.3279
700.7252
720.9792
728.3501
785.7709
764.5955
751.8201
679.0723
752.07
730.1012
648.0697
721.2906
724.4339
715.0741
745.6547
743.2658
747.1001
709.8534
699.1393
795.9412
727.3755
759.8088
750.9802
685.7806
761.5891
767.2985
667.6445
719.799
788.2126
723.8103
729.1183
706.3047
779.5031
658.8817
744.3184
762.4015
714.3634
735.0044
713.4972
675.4161
768.3147
762.4523
739.6657
719.0738
726.6265
697.0206
776.3712
675.3543
676.5682
730.2906
719.9876
768.0056
735.3664
805.9022
713.7209
774.9518
736.5124
744.6288
764.0971
748.9957
639.4887
697.3022
757.3882
699.4744
675.3706
808.3815
726.0435
775.0031
743.0849
659.0827
813.9208
708.9706
697.7097
722.4246
710.5658
735.6839
724.2925
764.7102
736.0473
775.1741
717.4918
747.7743
742.9824
740.6609
723.2379
680.9352
700.5875
724.6128
692.9974
716.9549
691.4806
778.5598
753.4859
733.5575
731.7402
709.4449
712.7005
729.6407
723.6345
729.8147
720.62
631.0409
739.7825
729.1057
781.2754
739.1536
691.7782
794.0765
754.0395
739.0634
717.7281
711.1791
716.3232
748.6393
682.1262
725.1365
784.1902
732.5646
714.936
743.3711
782.9021
783.0755
731.0375
755.0553
780.7012
755.9983
732.9896
710.0606
752.2689
749.0855
704.2008
729.8061
726.6431
723.731
695.7673
709.6675
766.8071
708.9946
767.4022
732.1479
704.2073
715.3786
736.6123
660.7875
687.3099
700.6922
698.3857
693.8324
742.9554
720.4459
749.3791
785.8349
762.1255
761.6965
711.8601
737.5697
712.2415
748.2968
729.2441
732.3425
721.5381
721.9226
744.6537
757.1463
760.996
713.6343
693.2002
757.2792
723.6622
709.0046
735.2237
718.4857
711.4216
737.2343
699.7343
762.7932
743.2595
689.1473
727.9191
747.0789
740.6865
720.475
703.1508
713.5223
762.2521
736.7069
717.6397
719.2062
721.6318
713.0992
758.5759
704.9793
723.9701
709.7608
701.0199
780.9759
742.7563
758.8015
760.5969
722.7728
724.9743
761.0596
714.9715
725.6213
768.4529
768.6589
765.3796
730.603
770.1102
754.2323
666.6511
727.3362
747.5566
671.0874
764.9554
683.4692
708.6071
732.4039
663.9276
759.8352
702.0112
791.7109
689.8222
764.118
752.4126
730.4165
779.2026
724.3906
683.8895
697.8974
730.3625
728.749
705.7969
744.055
782.8409
715.7569
725.6691
794.6973
736.8082
679.3075
757.6471
761.6585
681.638
696.5672
719.1864
734.5987
772.9891
776.2913
749.1015
744.3626
762.272
751.1382
731.4728
763.6567
721.9355
721.8863
736.8386
761.4735
725.3781
729.5759
741.4115
721.1898
694.4715
716.4366
726.6934
697.6262
741.6761
713.2237
729.6777
763.2233
733.8662
761.2298
746.5867
723.7553
828.5959
703.9955
737.2649
634.7559
736.5695
746.8951
737.0338
699.0102
713.3341
766.7109
748.8303
688.7971
769.5983
758.0301
690.2002
715.5317
682.4373
709.8179
738.3206
774.2455
723.0161
726.1871
688.9224
782.5398
725.9954
736.3057
751.4034
760.5584
747.0108
726.6492
726.268
734.8042
723.7936
768.3293
731.6363
714.0517
809.4188
757.734
716.7414
722.0023
744.4489
715.7805
749.1235
733.3521
774.4823
722.0872
711.4971
719.2615
734.0154
683.4946
754.7431
771.2545
725.2795
753.3129
764.2399
709.1659
732.6626
730.5815
739.4877
634.2866
746.7621
748.6053
657.9682
804.9062
720.1252
721.0009
720.8734
742.049
717.557
736.7772
729.1275
710.6439
724.3375
743.6016
771.4881
805.3116
757.7295
746.3599
731.6856
704.0789
749.4764
692.955
729.3957
720.7563
783.0844
748.9417
748.141
798.1402
734.1269
713.8204
729.557
781.2353
689.6281
740.9405
689.5106
708.87
736.7283
698.8016
755.2154
704.2971
688.5327
669.7266
738.0064
777.4914
752.3811
692.0329
788.065
714.8819
711.8009
738.8854
716.7052
703.0027
742.7186
735.4512
731.1936
769.8105
798.4065
704.6837
742.9564
713.4601
714.3406
724.584
715.6881
672.6185
704.8314
766.6776
779.7147
746.7171
704.8648
778.952
767.8161
720.0674
681.6229
762.5155
817.5371
717.2968
721.2804
721.3316
732.7849
709.1762
752.9687
717.5636
723.3417
754.9799
748.1133
729.1907
738.2007
750.0327
718.1259
714.4278
800.9215
733.3954
806.3753
727.4104
718.3886
723.3756
755.9741
786.0485
740.5004
736.2114
757.2465
691.7215
811.9938
732.6574
725.5358
770.4569
796.7795
690.3975
693.559
734.5652
740.1396
753.6922
763.2381
734.8018
716.116
708.2377
768.2492
776.265
704.8285
751.3914
711.0384
743.3071
724.8009
744.6115
707.6181
763.0458
807.3861
680.716
677.1737
769.1986
722.7063
764.6461
743.3811
778.1993
778.2225
687.1513
753.552
767.5877
728.4314
743.4664
748.164
759.8828
763.2331
681.9225
740.6407
718.5916
684.902
662.5814
735.7819
675.3031
733.3846
719.6439
749.0781
687.0787
702.3215
802.584
735.6969
794.6783
716.6068
721.7931
803.2042
810.1215
729.3118
779.0343
769.5866
654.0778
722.705
738.8459
690.3067
730.7014
749.2061
788.7383
733.6912
692.3267
783.1678
722.765
756.0185
706.5317
737.3199
763.7897
750.0325
748.4108
723.6359
641.6337
743.7996
739.8324
690.6194
700.8248
799.6087
691.6563
734.2875
729.4511
729.9651
705.2614
757.4714
742.9432
726.323
760.3201
729.3211
760.7768
738.525
715.8962
750.7166
781.2594
765.3552
742.0265
711.4745
715.1359
712.8905
738.507
749.7844
733.2999
719.7752
703.3785
724.9043
768.9051
724.4504
724.6094
755.1781
755.5539
734.9733
740.8254
747.4636
747.3687
715.5596
734.9298
772.3058
706.2292
715.4954
657.7574
722.8144
763.883
719.6686
751.8314
734.3661
762.7902
728.5876
734.5924
704.9699
685.6728
771.0116
730.0981
713.4967
707.1829
747.0334
712.0166
722.8362
711.8062
837.2285
703.1894
784.7412
758.0153
784.476
738.7857
727.9533
697.9717
803.9415
677.3857
764.0079
748.8225
660.8412
713.909
743.531
764.6623
769.33
715.6309
801.4102
732.2183
774.3678
671.5369
731.2757
637.7753
726.3894
738.0365
711.9027
770.8285
743.3584
718.4456
731.9272
781.0743
716.2252
768.1383
742.81
810.344
685.5031
712.1847
698.1485
706.8907
696.547
748.2263
702.0089
742.7068
772.7377
672.5166
700.016
725.6992
736.2752
719.4014
722.5267
765.9156
728.7109
744.9001
735.2627
731.323
762.5774
755.0856
716.0127
753.5955
763.9302
735.4834
777.9699
752.3646
699.6436
697.9857
725.9209
755.0917
727.3099
721.5639
746.3163
737.9777
803.9739
702.1525
737.7053
690.2267
818.7245
729.1622
766.7211
734.1272
749.7522
709.7348
707.2043
738.7893
777.8189
773.3247
720.3488
685.6104
810.1363
750.011
809.8335
703.0825
707.3693
712.1855
766.6164
760.4583
715.6517
757.7625
733.0654
727.4785
708.368
714.7104
751.3167
762.8019
733.4618
690.9099
711.5365
677.618
713.8092
707.7246
728.5169
746.9726
748.3193
771.864
740.543
797.1765
725.6352
744.3726
708.3241
758.3379
754.6138
780.7871
785.7468
715.2778
774.4205
721.6791
654.0305
712.2821
720.4793
665.3521
767.6026
741.4538
773.3131
732.8434
708.8038
733.2699
675.6858
724.3804
738.6983
700.7353
762.5223
742.4016
735.0612
720.1084
721.1074
804.1936
700.9263
719.6408
738.9734
742.2881
669.5998
801.1144
684.1655
730.8293
791.1202
677.4241
726.0962
725.4636
776.7291
701.5567
673.2432
699.4955
754.0086
713.843
782.4333
724.314
768.7121
724.1038
740.1753
688.4255
743.4348
750.5185
750.9213
724.0527
725.955
665.2245
730.2193
734.39
755.0532
753.876
731.8899
765.8111
714.2445
768.0004
706.0145
689.1273
712.9199
766.0108
784.0526
734.4606
698.8091
678.9306
725.8686
748.6115
765.3294
688.0332
760.5175
747.0293
709.3141
720.1304
735.34
760.4187
734.8501
728.6286
766.7054
715.7132
743.0395
725.8488
693.813
775.9259
686.8584
701.9538
770.4302
681.0671
725.1231
722.3051
768.3658
728.8751
778.4888
729.9471
694.4288
700.4096
690.8172
713.2858
695.2831
741.1809
750.25
726.9397
777.5511
794.495
717.4972
710.126
722.3907
696.3885
741.5814
755.8486
760.3533
698.6691
725.937
783.6763
685.765
711.5713
798.5997
735.1761
785.5579
704.8622
685.741
824.9431
729.3913
741.9129
698.2644
718.9814
695.7579
702.9022
748.8706
789.9847
739.3191
792.4193
705.3092
734.9414
717.3508
694.2094
726.885
764.9021
709.3406
792.5882
769.8729
734.8421
690.7645
761.4871
714.209
767.2006
729.8268
750.9339
802.0131
651.4343
719.9426
742.4233
662.5413
778.241
768.6587
751.7888
747.3911
696.0738
652.6666
731.8243
749.9347
758.8589
704.5277
751.6718
744.7377
702.5999
696.4306
747.457
726.1191
790.4823
733.6561
757.8329
796.4233
716.8685
718.0222
713.9202
689.8735
750.1269
781.8343
735.0588
769.7028
751.3573
708.6447
715.416
766.7495
750.6486
693.0875
773.0587
738.9742
738.3243
698.0649
731.0136
737.2464
739.8474
759.2431
714.1862
716.8674
722.9597
705.2537
734.2665
756.5259
752.813
749.4107
750.4992
772.4897
771.3154
727.0102
756.0604
718.0171
732.3657
729.091
692.8109
749.008
703.6428
711.2016
734.9985
767.8245
694.651
733.1734
758.0279
759.5105
724.0621
738.4562
733.5106
710.2595
710.5425
716.7502
722.1038
731.3022
716.4285
733.145
752.9593
743.0079
758.4321
741.052
753.7116
720.614
714.2408
695.6077
761.7548
761.7845
741.9661
650.523
745.9985
704.4851
700.2948
741.7283
724.6023
691.5394
745.8547
763.3491
730.9456
720.2073
742.8198
752.9331
754.877
705.2285
738.182
744.2674
709.583
741.6162
743.5558
731.7068
752.2031
698.4263
720.2544
743.1819
776.7873
751.3357
657.3932
750.585
739.0293
730.6444
790.9743
728.2107
675.9152
735.2151
724.0029
694.5012
734.657
769.1708
790.6407
749.3868
680.4237
757.7083
679.5524
724.9044
788.4453
772.1245
766.8238
756.2956
771.6376
746.4191
719.2635
716.2628
733.7872
744.8908
721.7111
682.8754
755.5121
766.1934
772.0677
768.2165
741.2331
736.8956
768.2257
747.6125
754.6994
785.2784
765.4974
747.997
708.2696
634.6717
777.756
723.33
768.3445
789.2267
826.9932
701.1479
770.4207
717.688
780.0729
774.7468
688.7446
725.1048
719.272
695.6076
746.7754
742.2016
783.1887
712.5703
740.8841
743.9095
746.8667
730.6625
702.4716
774.4084
776.5428
712.9655
754.6833
729.6629
772.0565
763.7008
740.931
723.8082
702.4228
748.2113
671.9943
757.7711
739.3711
678.2084
746.3752
713.4031
712.3874
686.5137
762.5247
735.9418
756.0537
700.1055
700.6028
707.8595
778.4862
731.804
813.1687
730.4117
783.4297
742.9598
762.1413
714.0377
716.5878
733.3699
724.8348
795.6152
785.3588
758.4325
775.6914
733.0916
770.0752
799.0326
782.9264
751.3397
684.5015
750.829
805.9715
721.5539
741.0838
816.3807
766.9857
714.6038
724.7244
652.4091
821.1394
706.3489
749.0535
730.6609
755.808
727.4153
772.1456
747.2052
675.279
655.8436
763.536
724.9587
725.2148
717.2812
706.3141
683.0698
761.0431
758.7972
713.329
708.8012
782.2772
696.149
781.3995
791.439
689.8523
739.771
733.194
684.479
701.7542
730.9457
711.6912
723.4764
750.6944
770.4451
773.7403
721.8964
728.5314
730.586
710.9799
719.064
774.3212
768.4976
684.354
757.6621
691.2669
710.3622
773.7926
714.2852
703.8706
746.122
722.0433
653.8755
730.1606
707.5812
733.27
708.4934
710.6394
746.3394
752.1201
730.1055
733.9252
704.4652
743.6591
697.047
720.8097
697.9376
726.635
831.6611
756.014
682.5193
697.4594
767.2859
733.9913
705.1652
677.8501
745.4437
769.3272
732.8975
717.7789
666.4748
733.0041
770.2405
722.7627
758.4144
725.6825
724.0839
707.9043
709.4489
740.1092
761.3164
725.4142
733.9613
791.1031
720.5788
724.2513
727.0069
716.3702
756.7049
724.4006
726.5943
692.0827
701.9807
756.6211
774.1027
709.4072
757.2538
699.3945
761.9275
681.2317
727.5545
797.4573
761.7492
778.7467
667.9692
754.0655
712.4042
725.0907
733.8429
757.7721
723.0883
696.3358
732.9425
734.6148
732.2336
707.4669
754.1676
769.0356
715.0206
767.8382
721.027
719.6849
714.4954
739.8079
740.6661
783.9057
747.5661
740.8031
718.4062
758.9776
776.5649
726.044
725.272
778.8396
758.2001
744.0853
771.0555
760.6739
721.5785
704.417
765.6381
754.535
754.2577
738.4497
758.8463
710.323
749.4015
703.1397
751.7307
701.4097
740.284
738.1068
696.4185
777.4994
771.8714
696.1728
748.8123
744.5611
754.4221
781.9555
709.8139
698.8694
735.1993
764.2917
738.8096
710.5362
695.1301
728.2527
725.3154
697.4432
770.2389
710.0932
720.7883
746.039
730.7764
748.3431
728.5122
728.5644
690.8777
726.0263
741.9922
730.223
741.4804
694.881
785.7724
709.8152
739.5966
763.0894
779.2301
722.6117
749.7401
718.1914
710.2158
712.8653
750.0301
726.9054
753.9231
723.9981
729.2021
719.8899
723.5273
728.2137
743.6315
747.5633
759.4344
739.6425
687.0874
773.6505
718.882
736.8007
746.927
743.752
732.6941
744.8563
684.8365
770.2171
735.4301
750.348
704.0685
790.6559
733.0387
721.3642
784.1834
723.8033
741.9178
703.1164
669.4697
757.6217
727.6887
700.685
745.1486
766.8876
705.5113
736.5189
716.5927
749.613
764.5818
681.7886
758.1916
753.0913
723.6724
756.1936
702.0838
709.9921
744.4479
716.7012
829.7194
708.7953
745.4194
702.1168
758.1584
708.0172
719.4707
716.8942
686.1649
746.7454
703.4367
757.3037
753.736
723.2032
739.2577
716.5021
718.3754
741.3018
752.0372
750.4786
686.7486
735.9075
759.4467
761.7106
732.4796
719.7298
676.485
763.5006
763.1858
683.1736
701.8446
758.797
747.7208
661.5882
773.158
679.2266
791.6236
735.515
779.8796
730.5228
768.8119
655.716
717.7628
773.8947
764.4597
758.9035
696.0057
754.4873
771.7525
752.4544
735.4417
763.0153
724.6395
758.0826
678.0214
731.7513
768.4174
720.174
722.1167
773.0815
743.3162
758.0168
770.8162
719.1344
751.5703
760.2243
683.6254
784.9058
752.9537
703.1243
756.7656
772.7968
692.8078
792.5757
769.1534
756.6814
769.4533
715.3154
716.7289
797.148
735.2474
747.4607
722.9816
715.699
712.503
746.1734
757.385
734.5979
776.4254
723.8946
730.1445
772.4652
716.9438
753.0045
729.073
724.314
715.9719
747.9826
724.8108
730.8324
716.8809
775.8719
707.2393
759.5981
709.1823
745.082
726.0156
728.5029
695.5628
713.0505
771.8261
733.0441
738.0067
750.7123
706.0904
650.9019
746.5903
734.6674
716.7055
708.2276
748.5239
754.5299
695.7498
727.1751
744.1659
715.7722
762.9429
744.0911
776.5314
758.2617
734.7146
761.1909
703.2206
687.5202
671.8988
715.6473
690.272
736.6508
745.3205
711.207
750.0993
705.1149
699.9729
773.1745
769.7558
748.6336
694.7807
739.6945
762.1059
733.8718
738.4813
725.0162
743.3066
703.0627
780.0628
763.8363
766.0484
660.2999
756.9527
774.2794
777.7952
710.9005
742.3068
744.3337
720.1492
720.936
728.4761
687.7233
753.5851
757.7872
692.443
747.0134
709.2505
723.4079
678.9748
792.5824
687.5905
764.2011
732.3221
765.2701
722.5958
741.8369
702.3328
681.648
742.011
805.5631
755.2708
709.6699
680.5051
689.0222
679.5131
716.8415
767.7067
705.7168
711.0016
704.4291
764.9048
693.9232
732.9724
721.666
730.8968
687.6538
713.1105
709.7809
770.8638
724.7306
715.6507
721.2427
691.822
728.6664
702.7096
712.2757
739.9804
696.1388
773.2662
715.5144
751.2068
702.282
708.8854
747.944
715.7239
765.556
706.093
751.5043
706.3873
744.1803
739.2815
762.9554
753.5113
764.4723
785.6327
691.1285
769.9688
697.676
725.2139
733.9237
704.9639
681.7157
809.3366
754.5838
728.3583
691.3495
738.1314
765.751
726.6996
703.9744
683.4074
743.3457
710.3796
781.0944
729.8523
772.7495
738.3313
765.879
774.1138
781.22
707.0208
768.4637
743.5395
696.3895
732.5348
701.3561
701.389
726.842
703.7078
754.6899
752.3396
772.4531
749.9047
741.4311
787.844
725.8934
727.3838
677.3868
700.1287
758.8185
724.2229
702.1726
686.0868
704.4531
730.6789
774.1841
715.846
788.5579
740.6393
755.5979
737.5757
727.8102
784.8229
788.743
731.101
748.4502
682.6192
704.133
730.9402
694.7241
729.1417
699.0028
652.0732
718.575
779.032
694.7937
728.5787
663.7696
758.5758
724.1998
713.9439
674.7883
685.61
755.8214
731.8451
703.0622
725.3282
766.6753
766.3361
767.4376
743.398
715.0445
723.4024
714.8571
803.8355
704.2175
720.824
709.7206
730.3024
735.9688
720.5816
712.4201
708.2703
712.5912
715.3145
721.1563
756.0959
728.6706
705.4847
801.2996
716.116
749.4868
759.2592
705.3621
729.0334
725.0648
718.1368
742.4639
754.1324
772.8136
697.2594
746.001
786.3524
799.6905
786.6662
743.0051
713.4077
713.9557
762.4512
739.0298
711.4638
738.3174
