0.0641333
0.08232773
0.08208712
0.06934038
0.09332089
0.09383293
0.07129638
0.05610279
0.09888008
0.08521582
0.09235831
0.08990421
0.09288118
0.08664952
0.0714037
0.07573458
0.09550043
0.1108591
0.09336485
0.08515409
0.05219789
0.08096148
0.08827356
0.08184525
0.07399925
0.07951136
0.08136514
0.05647697
0.06545001
0.07906082
0.07729839
0.09832419
0.07205866
0.07551059
0.08756627
0.0718681
0.06572248
0.0980054
0.07317102
0.08066634
0.0843409
0.05496261
0.054014
0.05367931
0.0595923
0.07642527
0.08948284
0.06931721
0.06115238
0.1155233
0.07800217
0.08139835
0.08097979
0.1019727
0.07949576
0.1051729
0.100504
0.110876
0.08585153
0.0959659
0.09170629
0.07557813
0.0901921
0.08719553
0.1174956
0.1057758
0.1013798
0.1154566
0.0676484
0.07311319
0.08298688
0.09578814
0.07263451
0.0481546
0.0662796
0.06699047
0.1177157
0.09188919
0.0854669
0.08843664
0.0767191
0.09783218
0.0593134
0.08535029
0.07552153
0.07204471
0.0757765
0.08121139
0.1022787
0.1059522
0.09440078
0.111069
0.08164126
0.08016505
0.07351484
0.0617244
0.04514483
0.05225606
0.07195817
0.07226667
0.0969423
0.07622417
0.1213497
0.06601023
0.08617735
0.08216206
0.06228115
0.0585911
0.07444635
0.07272442
0.0953503
0.07566392
0.08255425
0.1016446
0.1376932
0.1087793
0.09705905
0.1163183
0.1157645
0.09377501
0.057973
0.06731919
0.064607
0.08171447
0.09002815
0.07669441
0.1078157
0.05580649
0.03780648
0.0653334
0.07706218
0.06828841
0.07063221
0.05606452
0.05641625
0.07875637
0.05870959
0.0810085
0.07493729
0.07629424
0.09024913
0.08501652
0.1013109
0.09865418
0.07496195
0.08069146
0.089116
0.1166271
0.1163499
0.06727682
0.0714527
0.09629217
0.07773033
0.05202373
0.06120354
0.04360017
0.04427757
0.05595205
0.06454973
0.07007658
0.06380452
0.08664141
0.09469956
0.09141002
0.1195487
0.07318705
0.08539151
0.0978996
0.0806686
0.07471769
0.09493454
0.1025125
0.0631254
0.1068268
0.08502071
0.1043233
0.07803598
0.04991976
0.06369378
0.06467198
0.05935439
0.08103372
0.05302749
0.06225087
0.08162521
0.07395512
0.07628298
0.06410706
0.05156021
0.0811444
0.08371556
0.08129026
0.09036901
0.092046
0.07318944
0.05385739
0.07077651
0.06671784
0.08752811
0.07179126
0.0765239
0.09284115
0.08758608
0.06374036
0.07770997
0.08718526
0.06740721
0.07004251
0.07688235
0.06958235
0.09936623
0.1289801
0.09060496
0.08170949
0.07433962
0.09317386
0.09348149
0.1003821
0.08948435
0.08659055
0.08141589
0.09346105
0.08773889
0.06279758
0.07562356
0.05839973
0.0507239
0.08918683
0.0736886
0.07460251
0.08661072
0.067276
0.07576255
0.08756995
0.04629846
0.09125329
0.07189043
0.05617621
0.06804977
0.0791563
0.04894188
0.07376343
0.06342072
0.06531142
0.06258722
0.06286536
0.08337719
0.0647324
0.07173485
0.08391883
0.0639402
0.0457398
0.05434744
0.07135759
0.07229972
0.08400718
0.05860714
0.06757477
0.1208993
0.08146279
0.07595513
0.08323905
0.09985849
0.1158651
0.07319229
0.07757573
0.09011809
0.08018099
0.06500176
0.06588543
0.1097945
0.07144378
0.0814074
0.07505212
0.0563436
0.06988392
0.07339816
0.07966721
0.068161
0.08795992
0.08086742
0.0711593
0.05174092
0.07582422
0.04894095
0.04525584
0.04960571
0.09506825
0.1177652
0.09608665
0.08446745
0.104031
0.09268007
0.1056943
0.08441775
0.0728551
0.09314362
0.1007649
0.06931625
0.1029898
0.08077541
0.08586425
0.1161294
0.1149334
0.07851196
0.06128058
0.09958621
0.07129289
0.08742996
0.09381412
0.09009278
0.08614565
0.09201214
0.09192385
0.1001193
0.09313086
0.07867002
0.09290705
0.07513912
0.1036487
0.1269058
0.07696409
0.09018734
0.07150183
0.07323729
0.08616871
0.08524003
0.0768265
0.1011061
0.06602974
0.08765671
0.08121359
0.07429884
0.07669904
0.08638805
0.09160729
0.07663777
0.06195599
0.05782925
0.05037081
0.06974785
0.06028336
0.06471716
0.12848
0.08140314
0.08180267
0.08351411
0.08047865
0.06845281
0.1006192
0.07390273
0.09769953
0.07605311
0.09637098
0.07055973
0.07273254
0.08238317
0.05914478
0.07667002
0.07746951
0.06083061
0.107312
0.09097149
0.06964749
0.09015673
0.1113249
0.09169819
0.09220661
0.08154831
0.09981595
0.08651394
0.07898544
0.07455894
0.08410838
0.1035018
0.0935231
0.08502154
0.07567315
0.07462552
0.07737752
0.104087
0.08229133
0.09589582
0.09780263
0.07696462
0.09096636
0.09683925
0.07047385
0.07958099
0.07435135
0.07468957
0.08618078
0.07509023
0.06141576
0.04569573
0.0762446
0.05727133
0.08240405
0.07159185
0.0827966
0.09185195
0.1018163
0.09249247
0.09301855
0.09456244
0.07954375
0.05115906
0.04711408
0.0674693
0.07336346
0.09815613
0.1172922
0.089371
0.08987235
0.07870072
0.07339324
0.09516289
0.08634286
0.09683963
0.08056378
0.08240524
0.06863193
0.09389817
0.09975588
0.08856472
0.08808813
0.110251
0.06965603
0.0698373
0.09203455
0.07709316
0.08269754
0.09557575
0.09202135
0.06430898
0.06186477
0.08395486
0.06885637
0.05659186
0.06754092
0.08154483
0.05893766
0.06297528
0.08362076
0.06645827
0.07754798
0.06471069
0.08434614
0.08580103
0.07331091
0.06868118
0.1044123
0.1128116
0.07043272
0.07421694
0.06750675
0.08729066
0.0649789
0.07769526
0.101141
0.1090908
0.1026194
0.09416701
0.08789663
0.07950146
0.09876735
0.07954372
0.09067968
0.08723036
0.1064527
0.07009005
0.08600589
0.08758354
0.1077742
0.08816387
0.07372636
0.0707149
0.06451237
0.09316422
0.05895856
0.05405231
0.06052075
0.06875978
0.04027193
0.03115127
0.06934145
0.09846621
0.08775547
0.1139242
0.07203225
0.1025747
0.1078171
0.08963374
0.1015199
0.1124603
0.08183617
0.1039559
0.05783908
0.09527364
0.07647836
0.09582852
0.07450298
0.09750631
0.1405887
0.07342946
0.1075415
0.07762949
0.06014663
0.09527875
0.09778436
0.1174138
0.08892634
0.09486834
0.09344361
0.1083263
0.09737383
0.1020414
0.0821551
0.0913879
0.1077682
0.1022284
0.1234887
0.07738916
0.09225929
0.079942
0.08936269
0.07737795
0.06079983
0.08295233
0.08576681
0.05791353
0.07059493
0.08157
0.1020747
0.08113976
0.07133707
0.05087757
0.04559049
0.06943014
0.04812943
0.05702432
0.06400887
0.06853881
0.08379032
0.08469422
0.1054628
0.06371938
0.04421349
0.0743339
0.08060219
0.06961675
0.08636632
0.08828789
0.08645074
0.09576374
0.08834279
0.08936195
0.09154293
0.0854317
0.0609745
0.07988828
0.07558937
0.08041953
0.0924657
0.08220957
0.07956861
0.09577536
0.08407966
0.09871886
0.08260169
0.09619863
0.06766718
0.08093288
0.0832792
0.06623983
0.07208735
0.06246826
0.06425106
0.06494918
0.06810901
0.06718769
0.09920209
0.05970764
0.08312114
0.06723081
0.06891078
0.07997971
0.0573764
0.07587533
0.06470767
0.08377742
0.05429279
0.07079132
0.05297083
0.07374691
0.08267572
0.07283607
0.09738127
0.06494872
0.06774637
0.07490967
0.06295871
0.1046285
0.08099347
0.1172152
0.07371912
0.06961918
0.06967072
0.1340511
0.09847529
0.08672982
0.08463696
0.08500916
0.07287994
0.09062191
0.09763617
0.1345959
0.08833246
0.07640531
0.08994164
0.06540587
0.1075525
0.09044942
0.08180414
0.09623855
0.07629518
0.06379858
0.09740566
0.06537646
0.07723863
0.08230292
0.06562845
0.0911132
0.07131086
0.07632752
0.06645929
0.1242483
0.09253939
0.1021947
0.1003159
0.09476086
0.1040911
0.1063567
0.09260323
0.06067745
0.08032678
0.1002149
0.08511173
0.06124561
0.06676224
0.08976361
0.07199224
0.08497727
0.08434176
0.05726561
0.06157184
0.0671073
0.07255751
0.09539321
0.06714569
0.1028805
0.0730804
0.05302794
0.09270151
0.07039667
0.08595256
0.09143537
0.07326499
0.08618404
0.08538377
0.08597927
0.09170575
0.1153633
0.07669602
0.122521
0.112996
0.08870222
0.09101955
0.1070271
0.09038881
0.1085578
0.116819
0.09220241
0.07820358
0.09819527
0.07986641
0.105247
0.07872043
0.08414421
0.06288814
0.08819541
0.09204786
0.09746463
0.09224977
0.09680465
0.08249702
0.07851259
0.1042703
0.09216763
0.09346009
0.1130528
0.09880846
0.05864283
0.07644565
0.1267121
0.08485155
0.1044844
0.0810066
0.07201392
0.09515167
0.09851096
0.09677738
0.1686548
0.07478605
0.06538618
0.05766593
0.06524637
0.06220625
0.07371381
0.09478729
0.07514841
0.09420691
0.1063877
0.07803205
0.07998733
0.08934544
0.1015433
0.09417893
0.08004483
0.07086408
0.1180508
0.08771778
0.09313613
0.09588492
0.09216247
0.09331956
0.1003706
0.09250402
0.09106757
0.09713232
0.08508682
0.0940563
0.08654168
0.0781001
0.08663587
0.06195148
0.06036542
0.08766066
0.07316648
0.06076277
0.06959106
0.1006832
0.09871989
0.06285227
0.09771468
0.09926462
0.09642323
0.05868407
0.08556041
0.06516012
0.07498898
0.07089425
0.07087437
0.07068526
0.07039322
0.06505533
0.05468488
0.05658299
0.06797967
0.05330019
0.07924339
0.06980699
0.07112626
0.08391256
0.09383685
0.1039748
0.07223274
0.08201073
0.1080236
0.05181276
0.07661026
0.05714792
0.06871439
0.0821765
0.07516045
0.09234481
0.1005276
0.1199928
0.06537673
0.08254219
0.0724797
0.06794476
0.0994988
0.07660192
0.08473514
0.10795
0.1004625
0.1126346
0.09542275
0.08361491
0.08437104
0.08982032
0.08026451
0.1026568
0.1129812
0.1010121
0.09034974
0.09484604
0.09421398
0.1022706
0.07170046
0.08341061
0.1089218
0.07234342
0.07158445
0.06281677
0.06217831
0.0827474
0.08846201
0.1006993
0.1176158
0.09300189
0.0740838
0.08994712
0.09365682
0.09383873
0.07839271
0.09588962
0.09895961
0.1237163
0.08947489
0.09702264
0.0960339
0.07546078
0.07903202
0.06091756
0.06975599
0.06605097
0.1055902
0.08464377
0.06758817
0.08389006
0.08191977
0.07019561
0.1030953
0.07747003
0.04941018
0.05053169
0.06282136
0.07612127
0.0682248
0.08714518
0.09724761
0.08959738
0.1273336
0.08303295
0.08244679
0.1233533
0.07527109
0.08726155
0.09938064
0.09760504
0.1042897
0.1123727
0.08524984
0.08544615
0.0928603
0.09937195
0.08955275
0.08102105
0.0799134
0.07462694
0.07508979
0.1061307
0.1124543
0.09901879
0.07339553
0.08416815
0.09913059
0.07029492
0.1128538
0.1055855
0.06945564
0.09938676
0.06727174
0.08977364
0.07887093
0.1106748
0.09969961
0.08589205
0.09953838
0.08281361
0.0904458
0.0813147
0.08082715
0.1131975
0.08860984
0.07386312
0.07101505
0.0908649
0.04962536
0.0484425
0.03804343
0.09127416
0.04998089
0.1137692
0.1190997
0.06183146
0.06897405
0.09489627
0.08532806
0.1015208
0.05945138
0.07421039
0.05844034
0.08173977
0.07552117
0.1350023
0.07898821
0.08457396
0.08188985
0.07880592
0.06885889
0.05403324
0.06626963
0.09207429
0.05587595
0.06706101
0.08358368
0.05713947
0.08480928
0.06028711
0.07438512
0.08602256
0.07739612
0.08154752
0.1159396
0.05521725
0.07872997
0.09150368
0.05737148
0.05622171
0.1013814
0.1151383
0.07299501
0.1134793
0.0974678
0.08361183
0.07663109
0.08054248
0.07800191
0.1154625
0.08448471
0.07619328
0.1133222
0.09822086
0.1068959
0.08044336
0.08764812
0.07470144
0.05976797
0.0669367
0.07762519
0.07989884
0.09854126
0.08355506
0.07500085
0.0788306
0.0843386
0.06806489
0.06158337
0.07384943
0.06754404
0.08266936
0.09977263
0.07431157
0.07794325
0.06088429
0.0668469
0.07068834
0.07563921
0.0763033
0.07086603
0.1309842
0.08369594
0.1214368
0.09635129
0.07613237
0.09190638
0.08349145
0.07814661
0.06212796
0.07027041
0.07377977
0.097338
0.07060921
0.07455672
0.08061009
0.06560675
0.0710203
0.05527228
0.06469459
0.09716453
0.05570942
0.04721007
0.05585519
0.07254264
0.08977254
0.06796665
0.09302502
0.1092741
0.1077902
0.0934052
0.09438217
0.05692835
0.07597825
0.108239
0.08076199
0.06773187
0.1082703
0.06597951
0.06082182
0.06763357
0.08268329
0.08048072
0.08292383
0.08106877
0.09379481
0.0926941
0.07045646
0.06740583
0.06766041
0.1019446
0.1228582
0.06903604
0.09900817
0.07208239
0.09404112
0.09262212
0.09318985
0.06984335
0.1205538
0.09326912
0.07724322
0.09079187
0.08129145
0.08767557
0.08501902
0.06506039
0.0967764
0.09263128
0.08040041
0.07738392
0.07796229
0.0624689
0.08360072
0.09666996
0.07753561
0.06340313
0.08834792
0.08397153
0.09149832
0.08621894
0.08155423
0.06690826
0.0601982
0.06348663
0.07991047
0.09041336
0.08136119
0.07631279
0.08621453
0.0792473
0.0786096
0.06237438
0.07354383
0.09985012
0.07632707
0.1113947
0.08889926
0.07549474
0.09119182
0.09292963
0.07638616
0.0854146
0.08256537
0.07839339
0.1049016
0.05793159
0.09931043
0.05788027
0.06390322
0.07998582
0.07068316
0.0748309
0.1283485
0.09580236
0.07253146
0.1064151
0.08307665
0.09239978
0.08927231
0.1187378
0.1059651
0.07762804
0.08599641
0.08771497
0.1116092
0.07831197
0.06455131
0.08251819
0.07750293
0.07483851
0.1069587
0.116153
0.08853079
0.09755052
0.09801937
0.08261435
0.09156347
0.0674654
0.07704148
0.06357558
0.07949155
0.06191874
0.101163
0.07886055
0.0427313
0.06241471
0.04922658
0.05672934
0.07123691
0.06337664
0.05994192
0.06008769
0.05805119
0.09834279
0.06915443
0.09319667
0.08018765
0.06682106
0.07698944
0.08854116
0.09097527
0.07641996
0.07746216
0.0771432
0.05908754
0.05675246
0.06727069
0.07419556
0.08934805
0.112974
0.1232082
0.0719114
0.06308637
0.06633942
0.07635489
0.05976961
0.090947
0.08854821
0.07564058
0.09551355
0.07877985
0.07069818
0.1063606
0.08365072
0.06510665
0.1408467
0.1581113
0.08721135
0.08049069
0.09135938
0.0806219
0.07638031
0.0788446
0.08095524
0.09368446
0.06636818
0.09223356
0.04447906
0.07573276
0.05576318
0.06657457
0.08506428
0.07714219
0.06953871
0.1021304
0.101782
0.08816125
0.07285012
0.07761209
0.06518297
0.06815201
0.06368961
0.06709213
0.08784454
0.08047671
0.07647137
0.05532733
0.06140086
0.1009948
0.07841828
0.06210925
0.04855791
0.0701608
0.1010539
0.07496531
0.07853627
0.07752084
0.07929988
0.05105826
0.0689547
0.0764923
0.05924164
0.07419229
0.08996839
0.100983
0.08196981
0.07127799
0.1188857
0.07353598
0.06719717
0.08065907
0.0759671
0.07386314
0.07704484
0.09269147
0.08977119
0.07085184
0.08193782
0.08128027
0.08017474
0.07657326
0.07663431
0.09281342
0.08338598
0.06803566
0.08726291
0.09646019
0.1034135
0.05272251
0.06587834
0.09782257
0.0812811
0.07639811
0.1082004
0.1083519
0.1162997
0.08607654
0.07931701
0.08594013
0.08584149
0.07245625
0.08676003
0.08280189
0.1142398
0.12236
0.0556191
0.07793395
0.07293481
0.07429279
0.06313119
0.08150958
0.08087045
0.0672279
0.07354089
0.08248924
0.06753648
0.08256401
0.07727138
0.08439792
0.07441802
0.07640823
0.09433907
0.068863
0.09052605
0.1148767
0.08765807
0.08013946
0.08211271
0.06613819
0.05970726
0.09203619
0.06984699
0.06939847
0.0839838
0.07341685
0.07333363
0.07247583
0.06138046
0.0640217
0.07457017
0.08487468
0.05946116
0.06822078
0.07596045
0.08073574
0.07574161
0.06247376
0.05265497
0.09638627
0.06557479
0.04562918
0.07484967
0.06013948
0.05495168
0.07196725
0.06224598
0.05259902
0.04115026
0.0768666
0.04751009
0.0738758
0.07564375
0.103808
0.1028987
0.06797386
0.07789157
0.09847676
0.07910387
0.07518716
0.07816018
0.1290848
0.1062651
0.07624406
0.08167944
0.08454235
0.0935387
0.08975815
0.08412133
0.1030098
0.1031377
0.08122058
0.1063004
0.07860538
0.0852904
0.06240026
0.08769537
0.07713429
0.06140948
0.06839991
0.06636745
0.09425162
0.07848422
0.06250244
0.05665285
0.09541919
0.111452
0.06612051
0.06947748
0.08616638
0.07845633
0.09548359
0.06679318
0.06349556
0.07406855
0.09206742
0.0772196
0.08234988
0.07741465
0.07319324
0.09370017
0.0693784
0.1006827
0.06899709
0.07480289
0.07396465
0.05285635
0.05954578
0.07274397
0.09014657
0.1021454
0.08093743
0.08031977
0.05941251
0.07574239
0.05614799
0.07659708
0.09080277
0.07091438
0.08875011
0.06577892
0.07729002
0.06449925
0.03921313
0.0606119
0.08492257
0.06780151
0.06556331
0.111528
0.06213456
0.06915486
0.09070427
0.0941717
0.06004741
0.06243694
0.08378655
0.06506563
0.04526506
0.05300862
0.03324107
0.04838349
0.06283143
0.04456729
0.05148925
0.06935619
0.0767202
0.05679559
0.06966292
0.05591509
0.06885259
0.06477459
0.1113336
0.09867676
0.08482099
0.09952819
0.08812762
0.09576349
0.07487499
0.07421724
0.07914105
0.0810874
0.08416556
0.08970273
0.0745063
0.0587809
0.07966893
0.0791067
0.08664709
0.06838533
0.05022589
0.08057434
0.07778493
0.06782317
0.08895187
0.06627128
0.07971964
0.07799695
0.07373499
0.06994248
0.07051557
0.07429745
0.06574405
0.08119629
0.06517344
0.06101526
0.04978313
0.07710206
0.08137201
0.05249099
0.06189072
0.08024932
0.1113267
0.1082861
0.0840739
0.08401194
0.07869838
0.07622362
0.07339872
0.09352807
0.06528089
0.09437884
0.09158983
0.08312559
0.08335876
0.07130996
0.07954693
0.09255857
0.07198595
0.06165313
0.06827363
0.07903966
0.0621082
0.05450529
0.06076232
0.0878213
0.09590597
0.09856941
0.07106121
0.1177377
0.08978019
0.1046475
0.1007839
0.07629398
0.0795778
0.07073545
0.07225625
0.05560092
0.05596929
0.0650152
0.04655214
0.06870439
0.07923579
0.06160767
0.080543
0.1139004
0.06394114
0.06298299
0.09394692
0.08263001
0.08315194
0.0993235
0.1039523
0.1068767
0.09883304
0.07629858
0.1091248
0.05738912
0.08772413
0.07275971
0.07318394
0.09532019
0.07280307
0.08071664
0.09195413
0.07312247
0.08488492
0.07406692
0.07499948
0.08877659
0.06614611
0.04808881
0.07508287
0.08363822
0.06674058
0.09498534
0.06772073
0.06037553
0.05320574
0.04199388
0.07434017
0.07867472
0.06002794
0.06388772
0.07689383
0.08724076
0.0601415
0.0689575
0.1087741
0.0622356
0.07861164
0.05420121
0.07260926
0.05874768
0.07843653
0.07579145
0.1003055
0.09676433
0.06870367
0.05999355
0.09125696
0.0697338
0.09027644
0.09957667
0.09361806
0.1155634
0.09520143
0.08885573
0.1024526
0.07587953
0.07710608
0.09595082
0.09688812
0.05252503
0.05678387
0.06466713
0.06614443
0.06102591
0.05530957
0.08843437
0.09481272
0.07608557
0.09833894
0.0907626
0.07913565
0.09142922
0.06649749
0.1136005
0.1005942
0.09961188
0.09031688
0.07562383
0.07888134
0.1057884
0.1213551
0.09328204
0.1003053
0.1279932
0.08127688
0.08631361
0.06804007
0.07911802
0.0894163
0.08936391
0.1015267
0.07593308
0.07736976
0.07537594
0.09137804
0.06836903
0.07184825
0.07958351
0.0999141
0.06481877
0.07079595
0.1023753
0.07351128
0.08237558
0.1034856
0.06559411
0.06155968
0.08059901
0.07631983
0.08348735
0.04658341
0.09552095
0.06939157
0.07997955
0.09014254
0.06794423
0.07541445
0.07948514
0.08040493
0.06611014
0.06765307
0.07670384
0.06799501
0.08452781
0.09681538
0.08586397
0.06247045
0.06717784
0.0846634
0.08212943
0.07274423
0.1060965
0.07202902
0.0694414
0.06597917
0.05795595
0.07900515
0.06035953
0.08513259
0.0575328
0.06303492
0.06836501
0.08151056
0.06114184
0.05602519
0.06723374
0.06790453
0.08142333
0.07564762
0.07000565
0.07892599
0.08588033
0.1202396
0.09888466
0.06010226
0.08324528
0.1033331
0.08798441
0.06795143
0.1154073
0.08159287
0.08667608
0.07900103
0.08408696
0.1051867
0.08388461
0.0721277
0.08777467
0.09366047
0.07194895
0.07773126
0.08534031
0.09130703
0.06781061
0.07013798
0.1038453
0.05337743
0.06144226
0.07522957
0.06438662
0.08759168
0.08821081
0.08734294
0.1071917
0.08408027
0.08922094
0.08847963
0.0888802
0.08242144
0.1009392
0.08616492
0.09830841
0.09014945
0.1007887
0.0885569
0.09164306
0.0921437
0.1210566
0.1054183
0.0977308
0.1123508
0.07437401
0.07739327
0.05917825
0.06946428
0.08508731
0.06997886
0.07706953
0.04964657
0.1010153
0.08177024
0.08815593
0.08402557
0.1025865
0.0727489
0.1053355
0.11527
0.1065282
0.08258668
0.1237339
0.09327241
0.08161113
0.07508998
0.09476465
0.08950369
0.09672014
0.08327203
0.07517518
0.07852162
0.07631438
0.05986546
0.08270353
0.04201798
0.04396334
0.05958337
0.05840189
0.07356443
0.06572075
0.07566348
0.07656396
0.06124122
0.06318003
0.07673705
0.08178669
0.09970768
0.1130668
0.07792723
0.07788547
0.1044306
0.09959156
0.09809611
0.08739283
0.05724339
0.0761283
0.0598522
0.05692679
0.06271801
0.07375421
0.08044926
0.07379416
0.04892134
0.09446903
0.08393549
0.08019359
0.07327004
0.09542636
0.06896934
0.09435445
0.1119104
0.06899046
0.09401124
0.09430284
0.1074014
0.1089266
0.07994785
0.08145391
0.077492
0.0945235
0.09359562
0.07698399
0.1136788
0.09528308
0.08948131
0.1197262
0.09497738
0.1038836
0.07596142
0.0599836
0.1028145
0.09446355
0.06269374
0.06014892
0.07697818
0.05780393
0.06884749
0.08434312
0.1035019
0.06789552
0.0619644
0.1098616
0.1036663
0.06366835
0.07720704
0.08123346
0.07351231
0.06504811
0.09198824
0.1071206
0.08589812
0.1134313
0.08480331
0.1031204
0.06589337
0.1052193
0.07400952
0.06854596
0.08418188
0.08953206
0.129154
0.1168142
0.09755624
0.108048
0.08846315
0.09283951
0.09701333
0.07041273
0.06810669
0.07487477
0.08350267
0.09349398
0.08948054
0.09725793
0.07638344
0.06924437
0.06757883
0.06321154
0.1236231
0.09520978
0.09320719
0.07036896
0.0580528
0.0859423
0.06657332
0.06495296
0.08224206
0.06102486
0.08785577
0.09938067
0.08114276
0.07319389
0.06541783
0.06038484
0.08477201
0.07539673
0.0962469
0.07520945
0.07065664
0.07300527
0.04782011
0.05315218
0.06951465
0.06708962
0.0707491
0.07542987
0.06589739
0.1037967
0.09834057
0.09757246
0.06836796
0.08072868
0.07013102
0.1152166
0.08984467
0.126542
0.0912164
0.104409
0.09269553
0.10712
0.1130541
0.1027786
0.08749402
0.0807155
0.09070016
0.1039398
0.1323558
0.06933214
0.06643422
0.07052598
0.06212242
0.06797519
0.06892593
0.07654961
0.04662346
0.07822648
0.1205376
0.0612866
0.06068353
0.0613937
0.07614603
0.102849
0.09756016
0.07112458
0.08887539
0.07150051
0.1152454
0.08841519
0.1099974
0.08208092
0.09228399
0.08856875
0.07469935
0.0939333
0.04882467
0.06357712
0.06511401
0.07030088
0.06283208
0.08545992
0.09799216
0.06507537
0.07250371
0.07171292
0.0705267
0.06401253
0.07902248
0.05886151
0.08091592
0.08903165
0.109668
0.08475182
0.1145592
0.08734204
0.09462056
0.1093959
0.1208899
0.1032552
0.09358764
0.08966219
0.09001137
0.09292404
0.1087316
0.0873015
0.07989915
0.08921566
0.09259491
0.08652732
0.07725146
0.08207017
0.09529558
0.09481631
0.0731151
0.06433594
0.05550766
0.06810657
0.1042624
0.06941276
0.05486921
0.060502
0.05936957
0.06694099
0.07847497
0.08733925
0.08184441
0.07559702
0.05244826
0.08399053
0.06600147
0.07782656
0.09863312
0.07482541
0.05821126
0.05424638
0.06189416
0.1019961
0.09420491
0.09958511
0.07726386
0.1020736
0.1020507
0.06877805
0.07495812
0.1062558
0.0659745
0.08434644
0.06552785
0.06957401
0.08296081
0.05502663
0.06255021
0.1182686
0.09155969
0.09369837
0.07155377
0.05747172
0.056315
0.08850351
0.08047447
0.06617649
0.08065358
0.06792618
0.08668794
0.08125133
0.08306483
0.08226464
0.09424711
0.08288915
0.07138559
0.07754604
0.07030459
0.08942266
0.08277199
0.1002046
0.09247315
0.08898526
0.09241452
0.1049544
0.1010846
0.07103884
0.1025433
0.1023601
0.09649435
0.08740051
0.08600866
0.1016292
0.07845932
0.08699248
0.09742938
0.09278438
0.09168741
0.08220838
0.08214392
0.1241642
0.100454
0.0964929
0.06700378
0.06789567
0.08288876
0.09363988
0.1005829
0.08220091
0.09963938
0.09195314
0.07673756
0.08688879
0.1054798
0.1024191
0.09982798
0.08461989
0.1271857
0.1211518
0.1003255
0.1043518
0.09513755
0.0700213
0.08319825
0.09293526
0.1137085
0.1053574
0.07392989
0.08921923
0.08683292
0.07361659
0.06116887
0.06201121
0.1015162
0.06176495
0.07606637
0.07182641
0.05743023
0.08376425
0.06439574
0.07214834
0.0837647
0.09114708
0.066053
0.09272265
0.07171039
0.09573043
0.05992002
0.08422347
0.07264317
0.1008171
0.05298387
0.07463417
0.06467079
0.08078426
0.07398451
0.07842675
0.08238911
0.0557847
0.07931518
0.05920677
0.0720583
0.07106866
0.05928309
0.09028763
0.07102433
0.09819127
0.1224957
0.06077348
0.1141798
0.09574629
0.06680208
0.08147262
0.07682302
0.08447147
0.08143829
0.06913304
0.07964706
0.1058949
0.05755331
0.08357959
0.08036053
0.06117484
0.06310326
0.08351897
0.07138829
0.08985702
0.09312387
0.09350466
0.06583678
0.08156358
0.06401142
0.06162055
0.05095657
0.08191385
0.08759321
0.08145174
0.07537387
0.1170068
0.0949972
0.09381391
0.0809672
0.05973965
0.09547542
0.07948031
0.07852449
0.1018935
0.0605463
0.08143595
0.06634853
0.07543538
0.05555979
0.07436052
0.09438408
0.09794281
0.07423366
0.06657835
0.08574828
0.07742279
0.08024062
0.08478634
0.08795212
0.07187912
0.07084072
0.05888535
0.07488955
0.08886776
0.06744918
0.05238121
0.05891505
0.0592182
0.05161109
0.08505623
0.0751934
0.1007426
0.1043257
0.07654468
0.09723373
0.08086391
0.0756609
0.09198539
0.08361015
0.126104
0.09253579
0.08532742
0.09770889
0.08625701
0.09882358
0.09247038
0.08772256
0.1253446
0.08801405
0.08470686
0.0616099
0.07281123
0.09945109
0.07240978
0.0765465
0.0802787
0.1128176
0.1083925
0.08651917
0.1088595
0.06086267
0.07847166
0.0889711
0.08730923
0.07916046
0.1024521
0.06623859
0.1053866
0.0720325
0.09001968
0.1000187
0.07950699
0.09947661
0.1234181
0.08501557
0.07312935
0.05176249
0.0535762
0.08852468
0.09834838
0.05736747
0.09642831
0.08815234
0.08714104
0.06395614
0.09207386
0.06774026
0.08359673
0.06357109
0.07330491
0.07465077
0.07565617
0.0608379
0.04691134
0.0884358
0.0549539
0.06536948
0.0659659
0.08209264
0.07609586
0.1219955
0.09310388
0.08262378
0.1157831
0.08296676
0.09085196
0.07526453
0.04531969
0.05161246
0.04501743
0.07148456
0.09252149
0.05193632
0.06440062
0.06757844
0.08106559
0.08547386
0.1162336
0.09255224
0.09750314
0.0944283
0.08950699
0.05744352
0.0747729
0.08046758
0.111611
0.1118353
0.07085471
0.057174
0.06325379
0.06716125
0.05690366
0.08232009
0.08667706
0.09467602
0.08097127
0.06343418
0.07017373
0.08392106
0.08529164
0.06363444
0.04721149
0.04973057
0.07288842
0.06202828
0.08690935
0.06926037
0.09600225
0.08363256
0.09825058
0.09744796
0.08728106
0.09260023
0.1091614
0.09192286
0.07829281
0.05099972
0.08062674
0.1057082
0.08498663
0.1110307
0.0857398
0.04893428
0.06452653
0.0812461
0.07994627
0.07382059
0.07526134
0.09151719
0.08508114
0.1072983
0.08770094
0.06825048
0.1140112
0.09113509
0.09807331
0.08397671
0.08722574
0.08548418
0.107515
0.09072724
0.08268318
0.09820983
0.09497901
0.07942801
0.05776214
0.0688581
0.05612271
0.07418656
0.06366172
0.09576561
0.07051347
0.1201237
0.08475569
0.07409164
0.08106411
0.08954055
0.08051947
0.07854265
0.08400509
0.1033395
0.06694856
0.0461248
0.07300926
0.05701101
0.07856003
0.07429239
0.08547699
0.06828173
0.07577567
0.07787312
0.1031437
0.07702209
0.08084589
0.0958023
0.07316989
0.07795911
0.09552484
0.05941042
0.06824801
0.1013945
0.09051474
0.09531206
0.08193286
0.08229339
0.08493452
0.08939758
0.1110996
0.07764774
0.08805914
0.1091234
0.0920732
0.09218806
0.08395361
0.07363985
0.06717245
0.06351541
0.08724718
0.1027113
0.07724532
0.09957837
0.06844907
0.06776394
0.06350455
0.08690233
0.07343634
0.08935756
0.06866632
0.07948654
0.07247449
0.05692469
0.04820018
0.0719295
0.07950733
0.0823246
0.08649267
0.07411601
0.07784882
0.08050062
0.09451663
0.08584358
0.1018702
0.08051332
0.07725676
0.08102208
0.08912179
0.0692646
0.08954678
0.09180839
0.07183754
0.06286255
0.06191923
0.04661256
0.06167312
0.04590904
0.1029924
0.05990414
0.07961873
0.08375219
0.06703369
0.0582837
0.05117676
0.09236335
0.07183262
0.08403502
0.07316155
0.061386
0.07850934
0.0677111
0.06487534
0.04325165
0.05674076
0.0632878
0.04960434
0.07402588
0.08778443
0.1031591
0.07131869
0.08695295
0.05714442
0.06292214
0.1324795
0.09120289
0.07941763
0.0856996
0.07091853
0.06051862
0.05970254
0.07314634
0.123496
0.1112644
0.06409208
0.091244
0.08385935
0.07003324
0.05270927
0.08941253
0.06680911
0.07894495
0.07399936
0.0782604
0.06296239
0.07884574
0.06437402
0.06498225
0.04925021
0.0613294
0.06824192
0.1199067
0.07434382
0.07368178
0.07217176
0.07611221
0.08851045
0.06612153
0.06396879
0.1017009
0.05998972
0.06680136
0.07271068
0.09659647
0.05650366
0.05838179
0.08909082
0.08578349
0.08771689
0.07085449
0.07965301
0.09772062
0.08123194
0.0603627
0.07201814
0.0789312
0.0571645
0.0486818
0.05404392
0.05284873
0.09217203
0.05077608
0.0706724
0.06329972
0.1003534
0.09194654
0.07686722
0.1221879
0.0872406
0.09000256
0.1062372
0.07811186
0.0864726
0.08447835
0.07332644
0.06579036
0.06409395
0.05757655
0.04582383
0.06989093
0.0573262
0.1100927
0.07900691
0.06194107
0.05387576
0.0598478
0.06723546
0.09625825
0.103746
0.07387034
0.05748494
0.06137224
0.07917406
0.07861451
0.08286403
0.06652815
0.0581588
0.07062002
0.06879703
0.06281326
0.1081779
0.04874178
0.05302507
0.05790511
0.06763403
0.04886969
0.07956154
0.04531274
0.05620069
0.0672079
0.07150246
0.07233698
0.06814818
0.07037223
0.09317225
0.07513594
0.0655447
0.06496679
0.04077583
0.0678945
0.07110714
0.1003786
0.06372959
0.07941397
0.07165122
0.09021845
0.1036438
0.0572021
0.04809608
0.07185444
0.05205485
0.06182695
0.07974465
0.07196648
0.08148469
0.07839581
0.09412784
0.1040481
0.08190368
0.1051127
0.08411643
0.1180197
0.09962098
0.07483021
0.0809887
0.1393723
0.08362602
0.09151048
0.08150116
0.1079594
0.1017693
0.09040471
0.0851227
0.08288021
0.1115351
0.07682102
0.101423
0.08662638
0.07334025
0.08765834
0.07607593
0.08353643
0.08990342
0.06604792
0.0895767
0.04940326
0.07325113
0.05573878
0.06407491
0.09660181
0.08758641
0.0753811
0.03782445
0.05312082
0.0508805
0.05569029
0.07155197
0.04937901
0.07333481
0.06250663
0.06237214
0.06523462
0.09005242
0.09052292
0.07547773
0.08139582
0.0764927
0.078284
0.1143214
0.09539506
0.07023726
0.0636624
0.09847725
0.0868083
0.08619061
0.07376113
0.09433993
0.05475494
0.05503624
0.07810544
0.07236445
0.1014904
0.05269486
0.07433872
0.0746128
0.08152065
0.07802865
0.07736789
0.08784973
0.1047522
0.109662
0.06454413
0.06086198
0.06108198
0.06370492
0.09007248
0.06131774
0.05301855
0.06156893
0.07296506
0.05177557
0.1041571
0.06743171
0.05439788
0.08359772
0.06553692
0.1035118
0.08484277
0.08179046
0.09587838
0.08711182
0.1169098
0.09604662
0.0803329
0.07561788
0.07068906
0.08493774
0.0871239
0.1050565
0.08371653
0.07222402
0.09571535
0.07855972
0.06294769
0.08010237
0.07006856
0.06335272
0.0824094
0.07224413
0.03958803
0.05628634
0.0767096
0.06769733
0.07390479
0.09578176
0.06863769
0.06163289
0.06053299
0.07504417
0.08074462
0.09150381
0.08053753
0.08305663
0.07913669
0.0849655
0.0725607
0.1067985
0.07006698
0.07675804
0.09015521
0.07594077
0.0830197
0.07384669
0.05746102
0.08622011
0.06504762
0.04531989
0.07237008
0.08022603
0.06341296
0.08927355
0.09136714
0.1233509
0.09335475
0.08030291
0.1001208
0.108522
0.1027235
0.09364456
0.07292397
0.1088292
0.08055876
0.1013874
0.08115515
0.08716274
0.1014248
0.08560299
0.1054341
0.09418285
0.0958905
0.08665287
0.1099794
0.08883771
0.0801172
0.1160999
0.08997303
0.0981055
0.09327733
0.07410764
0.07252463
0.09106444
0.07485993
0.0783732
0.08720935
0.05443353
0.06052373
0.07773317
0.07239591
0.09476597
0.04031644
0.08874403
0.0789418
0.06252905
0.07924061
0.09127667
0.08809803
0.05947697
0.03865156
0.08400081
0.06013765
0.06374524
0.07692039
0.07993537
0.09531479
0.0595398
0.07504015
0.09481731
0.07188436
0.04705582
0.08379341
0.08741173
0.06075646
0.05735671
0.1050914
0.07102974
0.1119465
0.1014855
0.09314274
0.08809885
0.1093761
0.08902923
0.1138999
0.09017377
0.1017574
0.08726738
0.071867
0.06576496
0.08964872
0.08065538
0.08033932
0.08746598
0.07621925
0.08857028
0.09003767
0.08869545
0.06541494
0.08298866
0.04887894
0.06062805
0.1010066
0.07165888
0.0560504
0.05581152
0.06098648
0.07510289
0.0787481
0.06286997
0.06518567
0.09321235
0.07770873
0.08109433
0.07532402
0.07530249
0.09073251
0.113348
0.07690819
0.09920071
0.08188615
0.08675058
0.08653624
0.09566648
0.07331948
0.08901565
0.07869333
0.09616971
0.04108782
0.08119058
0.05547015
0.06707553
0.07063707
0.07965219
0.09011238
0.1066422
0.09066698
0.08874691
0.09571685
0.08593233
0.08626078
0.1076656
0.1028209
0.08443744
0.1002651
0.1027325
0.08167696
0.0795516
0.06965189
0.07846918
0.1063984
0.09744468
0.08523839
0.07750369
0.08271575
0.06488396
0.06083982
0.06699196
0.06902798
0.06367258
0.1057174
0.09814288
0.08200166
0.09975811
0.084478
0.09044898
0.07429741
0.06556074
0.1127747
0.0547059
0.07415111
0.08955356
0.08463448
0.08879003
0.07352104
0.0792511
0.09032024
0.07201581
0.07171424
0.07213561
0.08207141
0.1106682
0.07887727
0.09365616
0.1271028
0.1019123
0.1067872
0.1035296
0.08168824
0.1144968
0.06154716
0.08686057
0.08096785
0.06528712
0.08227544
0.09094915
0.07976429
0.09116717
0.08148144
0.09709615
0.07941839
0.08616158
0.08337039
0.0663481
0.07273021
0.09414151
0.08354137
0.06646566
0.07104208
0.08331151
0.07359397
0.1021738
0.08266128
0.06300602
0.08618119
0.1113987
0.1034985
0.1002793
0.08546895
0.09331299
0.08811278
0.09725734
0.1075852
0.07814577
0.09506505
0.07736711
0.06555905
0.0710122
0.05030435
0.07361978
0.1207685
0.1226033
0.08334424
0.07250008
0.07048625
0.0853981
0.05462787
0.09351065
0.05907033
0.1040546
0.1123641
0.07879317
0.07525765
0.09236493
0.0946711
0.09628262
0.07725773
0.07198851
0.07846387
0.09547071
0.05111806
0.06674204
0.08168318
0.05571871
0.09149899
0.05469718
0.07161935
0.07231003
0.06998516
0.06869377
0.1008049
0.07005409
0.07995868
0.07304157
0.08577664
0.1096154
0.1362369
0.07800939
0.0507774
0.08915867
0.1011585
0.106896
0.08558159
0.0940899
0.0866733
0.07104883
0.08783909
0.08087109
0.09512951
0.09753761
0.0548558
0.09376259
0.08182064
0.071062
0.06408786
0.1077514
0.1020283
0.1046547
0.09431843
0.08106757
0.06648767
0.08788331
0.1002925
0.06969295
0.1205897
0.06205462
0.05756378
0.07028488
0.09878066
0.08554006
0.06502864
0.07016001
0.05802223
0.07552317
0.08635868
0.06695021
0.05111283
0.06542692
0.07970876
0.07562194
0.07269961
0.08195924
0.07502675
0.0748589
0.07915412
0.0612266
0.08169352
0.1244632
0.09242777
0.09258368
0.1127603
0.09114993
0.1289017
0.07880804
0.0819418
0.09503496
0.1169333
0.08644227
0.08612318
0.1339686
0.05917506
0.04730686
0.05602831
0.0804394
0.1053086
0.05918853
0.07502306
0.08243785
0.09831254
0.1371157
0.09093827
0.07523715
0.1074351
0.06547656
0.1024527
0.06577357
0.1245427
0.08558859
0.08509344
0.06365025
0.08138479
0.0819073
0.0557353
0.1048997
0.09460875
0.09843248
0.1030794
0.07030059
0.07583204
0.08208388
0.1007072
0.08633938
0.06748035
0.07486201
0.1014795
0.1102071
0.07438563
0.1024084
0.07834147
0.1101421
0.1014216
0.083803
0.1033849
0.08192447
0.08225682
0.09903789
0.08807324
0.09382514
0.1006126
0.08297496
0.1034603
0.07359684
0.09673619
0.08305774
0.09078217
0.0763642
0.09664611
0.06742652
0.08590762
0.08840712
0.09631312
0.07628357
0.07959574
0.06607178
0.08975418
0.076039
0.07872845
0.0776898
0.0703309
0.08350301
0.1104259
0.08081342
0.08382006
0.06047604
0.05461383
0.06172821
0.07817032
0.1067485
0.08596845
0.06224536
0.06712721
0.05645874
0.07667748
0.06689642
0.09679338
0.08477727
0.07251569
0.1018491
0.1079291
0.08525252
0.1007393
0.1244027
0.09811318
0.06057956
0.07927802
0.09513731
0.1022401
0.07906269
0.1177688
0.06762031
0.08487134
0.05798187
0.07390247
0.07475174
0.07467017
0.0942298
0.08643546
0.09390209
0.1072539
0.09352088
0.06169164
0.07039564
0.06056996
0.02988638
0.06648001
0.07370574
0.04951303
0.06335905
0.04898275
0.08473484
0.1199548
0.07898946
0.07658109
0.08324059
0.07810768
0.04811452
0.0624768
0.0624535
0.09763476
0.06538661
0.06947052
0.09709133
0.08325697
0.1094438
0.1011153
0.08240494
0.0719447
0.1020845
0.07119093
0.09978403
0.09472032
0.0953344
0.07104782
0.0854025
0.07525641
0.07236233
0.07380039
0.06539956
0.1069235
0.06768024
0.08436066
0.07271338
0.08984267
0.07139593
0.1021563
0.1037164
0.1140197
0.1031519
0.07935278
0.1158048
0.1049689
0.07994229
0.09550779
0.0977775
0.1161147
0.09981306
0.08239629
0.07243121
0.08165957
0.06620817
0.08046439
0.06731262
0.07947108
0.05294435
0.08288817
0.09534379
0.09774309
0.08293233
0.09782945
0.1149649
0.05178849
0.04681892
0.08770047
0.04366847
0.06425745
0.060699
0.1129869
0.07939884
0.06747265
0.07712065
0.08322356
0.08764526
0.09957218
0.09763462
0.0897365
0.09166957
0.07548683
0.07599851
0.07316144
0.09097471
0.09933346
0.08717314
0.08978016
0.07240785
0.07601366
0.08635989
0.1106868
0.07002354
0.08576181
0.06783428
0.0677121
0.0897785
0.06531617
0.07611122
0.07083294
0.09404943
0.08165526
0.06095169
0.0606431
0.08354408
0.08268343
0.06711058
0.08946427
0.0836392
0.04843372
0.07588706
0.07484567
0.0706473
0.09437455
0.06502692
0.07125407
0.07517456
0.09595479
0.06549063
0.05884349
0.06531618
0.07275867
0.07913685
0.06991721
0.06245537
0.07776546
0.06589017
0.06425571
0.07304188
0.06414721
0.06920987
0.06102337
0.07841753
0.0753034
0.09105585
0.07417765
0.082403
0.08002991
0.07248736
0.06772049
0.07837192
0.08884989
0.08704016
0.08828177
0.1128137
0.1013124
0.07626888
0.1159553
0.08144707
0.1004934
0.09084903
0.08214158
0.07658353
0.05868468
0.06922866
0.07605362
0.1099369
0.1052332
0.06844654
0.05856377
0.06002118
0.05486566
0.1046454
0.09388508
0.0651589
0.08981734
0.08835235
0.05604587
0.0468534
0.08819278
0.08695863
0.08258678
0.08742144
0.07039692
0.07285455
0.07574217
0.08088417
0.09763903
0.09754008
0.06801322
0.101533
0.07937548
0.09119288
0.1048774
0.08427418
0.08203692
0.09540858
0.1030113
0.06380653
0.08073331
0.095079
0.08976343
0.1007146
0.08582903
0.08213234
0.07742738
0.08894194
0.0607047
0.09754812
0.0941039
0.073928
0.07572405
0.06848421
0.05889909
0.06579798
0.09084259
0.07117594
0.07327385
0.0519223
0.07671381
0.07797733
0.07412233
0.08812549
0.07636253
0.1052378
0.09591009
0.07674278
0.08389876
0.0842218
0.1033966
0.07492991
0.07987638
0.08199861
0.0686543
0.06399651
0.07534754
0.08688198
0.08470157
0.07881264
0.06656676
0.09242837
0.09455641
0.09821663
0.0993284
0.0861899
0.09652344
0.09871442
0.09268202
0.0898101
0.08341283
0.1043725
0.07267329
0.05549194
0.08212141
0.07752052
0.07396147
0.07877965
0.1170956
0.1005083
0.07904273
0.1040625
0.07047022
0.06421952
0.08885641
0.0756286
0.0886083
0.08532251
0.06504804
0.07164833
0.09993624
0.07371325
0.07972215
0.07467621
0.09425473
0.1240172
0.09575651
0.09825113
0.07092271
0.1049393
0.1068756
0.1100408
0.07182911
0.07228834
0.09851562
0.09430663
0.0900788
0.08501376
0.06318176
0.06954409
0.0803001
0.109927
0.1324539
0.1135386
0.1180028
0.09549244
0.09814694
0.08532517
0.09002406
0.08736633
0.06107767
0.1150197
0.1038249
0.09176033
0.105191
0.08174801
0.1153968
0.0708156
0.07072865
0.09016341
0.1067283
0.08794169
0.08564218
0.09927976
0.05237872
0.07588806
0.07820945
0.08277736
0.09007061
0.07678801
0.07599564
0.05912921
0.06372031
0.08264651
0.06994681
0.06969577
0.09568854
0.1059914
0.09552727
0.08357924
0.1002679
0.1146753
0.07476657
0.07104244
0.08141307
0.08393782
0.1068204
0.0949646
0.07358559
0.04810063
0.04725289
0.03897362
0.03850341
0.07100189
0.069156
0.05695899
0.06983952
0.05866938
0.09476561
0.1251243
0.11138
0.0883036
0.08323859
0.07845715
0.07338575
0.08699747
0.08442176
0.08802184
0.07525916
0.1201643
0.08486733
0.08806106
0.08841704
0.0721854
0.09973208
0.1162802
0.1087694
0.09213962
0.08062684
0.0790477
0.1374256
0.09506615
0.07040962
0.05940327
0.1026309
0.09828016
0.09176739
0.0979382
0.07124498
0.06357525
0.06209992
0.06975447
0.08258604
0.08073809
0.08660207
0.09149282
0.1036868
0.08921461
0.07691269
0.06771782
0.06121734
0.07096346
0.08557953
0.06591926
0.09367487
0.09262917
0.08382102
0.07743214
0.07890713
0.06277604
0.08459086
0.1157178
0.06680316
0.08740384
0.08736375
0.1287818
0.09631133
0.09551441
0.06318657
0.09380566
0.1032406
0.09465426
0.08697183
0.1068775
0.09803888
0.1015183
0.09778032
0.08831689
0.07807146
0.1082415
0.1110314
0.09239749
0.06441069
0.07604064
0.1062352
0.09023012
0.09463742
0.1030061
0.09853941
0.07845068
0.1015803
0.09385936
0.07694127
0.1121027
0.09447861
0.1227693
0.07811069
0.1094561
0.09907512
0.07590772
0.08138046
0.1041816
0.1169584
0.0765576
0.1121392
0.07527034
0.08733572
0.1018607
0.08756581
0.1103485
0.07526775
0.07670199
0.0801925
0.08315394
0.09526371
0.08788147
0.05890681
0.06300894
0.06679177
0.06193723
0.08114519
0.09581334
0.08324202
0.07585569
0.0830093
0.09098293
0.07025771
0.06000914
0.1334845
0.09005363
0.0912575
0.1161239
0.09179921
0.06880102
0.06901827
0.06506861
0.06043035
0.09218874
0.09125263
0.06623471
0.09226038
0.1074301
0.06282425
0.06535144
0.08432729
0.09107578
0.1058315
0.06786458
0.08258523
0.08775277
0.08728851
0.08320521
0.1459712
0.06810064
0.07984649
0.07503028
0.09688666
0.06376874
0.1076013
0.09704402
0.09482536
0.1264028
0.08567208
0.07698021
0.09454251
0.07319969
0.06514096
0.05757583
0.08317084
0.0755504
0.08141277
0.08884021
0.06178867
0.06175446
0.07031238
0.05586423
0.09078414
0.06001427
0.0901853
0.06746467
0.0682298
0.08905752
0.05885175
0.1175435
0.08548231
0.08238113
0.1237228
0.0819244
0.1128943
0.1077779
0.09124097
0.06988601
0.07826148
0.06923961
0.08562681
0.09024128
0.07864719
0.06248444
0.06782145
0.0686529
0.08134133
0.07023544
0.06756843
0.07998163
0.05427914
0.06335278
0.05913885
0.0612967
0.07034545
0.07397237
0.05524828
0.07896732
0.04768972
0.04713819
0.07390634
0.07073614
0.07474912
0.09110736
0.08887069
0.06805761
0.08015508
0.087925
0.09510093
0.08422537
0.069378
0.05910579
0.06072408
0.0661537
0.07991498
0.05855296
0.04225921
0.07687511
0.05269632
0.04781786
0.06539138
0.04839718
0.06019982
0.07687693
0.05763091
0.089499
0.05171257
0.05290274
0.04825517
0.06570184
0.06903756
0.07646296
0.06982545
0.09829455
0.1013865
0.08638287
0.06143205
0.0964305
0.07915097
0.06205969
0.07885115
0.07590754
0.09985942
0.06769307
0.06572061
0.0787303
0.07776195
0.1002453
0.1109126
0.07632612
0.0796502
0.09285784
0.07134924
0.07179089
0.07357476
0.09815703
0.09502583
0.09200159
0.08435281
0.07572933
0.07582056
0.07598536
0.1058571
0.07543426
0.08505188
0.06349609
0.06301583
0.08642233
0.08863136
0.06705055
0.05597993
0.03954228
0.07789698
0.05288695
0.06182592
0.05155552
0.05213652
0.06135
0.07395444
0.08062449
0.07654071
0.06485729
0.05352911
0.07366151
0.04802303
0.09612792
0.06911671
0.06037069
0.05580508
0.06594036
0.06974858
0.06838104
0.08589583
0.0723451
0.06752285
0.08638713
0.08500457
0.07843953
0.0963712
0.1126376
0.08429584
0.07957562
0.1298718
0.1089379
0.0940185
0.09355517
0.06818892
0.1002151
0.05585401
0.06044633
0.06956684
0.07391113
0.09143571
0.06708966
0.07482329
0.08143882
0.053976
0.0855535
0.07501296
0.08025117
0.07621482
0.06153421
0.07840051
0.08861006
0.09408043
0.0878646
0.0952472
0.07510892
0.1075526
0.0822473
0.089572
0.07790402
0.09255139
0.07261876
0.08490081
0.05660118
0.07036376
0.05680002
0.06815167
0.08306375
0.06568118
0.07598368
0.06729158
0.05837624
0.05724356
0.07233269
0.06983464
0.04839573
0.03921235
0.06285556
0.08114061
0.05267436
0.05178748
0.0528726
0.07404423
0.05996938
0.07987148
0.07754258
0.07794092
0.07242066
0.1026887
0.08794208
0.1026519
0.06781715
0.0854928
0.07323197
0.07304098
0.1163957
0.09207157
0.1069214
0.08755314
0.06671708
0.09960086
0.1301506
0.1026105
0.08385812
0.1249908
0.1379826
0.1074689
0.07963825
0.09276856
0.08322324
0.08667218
0.09495753
0.0961116
0.08146758
0.06215262
0.06765524
0.04922272
0.05960761
0.06554546
0.06527663
0.06248077
0.06905066
0.06556816
0.06466643
0.05620718
0.08117746
0.05298438
0.06638487
0.07357423
0.07184681
0.09365244
0.07434276
0.0695775
0.06695145
0.09983169
0.06595177
0.09884775
0.08672951
0.06798396
0.1009191
0.09511144
0.08918382
0.06942441
0.07440012
0.08557394
0.07134078
0.09773498
0.08909894
0.107199
0.1154436
0.09884718
0.09124265
0.09435204
0.08047457
0.07879519
0.06746449
0.0722915
0.07198896
0.07444692
0.08304111
0.06180533
0.08475248
0.07369008
0.1024214
0.07990644
0.06934459
0.07850977
0.1002198
0.08292537
0.116597
0.06460651
0.08023741
0.0712595
0.05581925
0.06495514
0.05977904
0.04770551
0.06161461
0.07885978
0.06271675
0.05355952
0.05905684
0.04440895
0.05406247
0.07642712
0.07565723
0.09195806
0.05679082
0.09550603
0.06932219
0.05947659
0.06914341
0.07493322
0.1186701
0.06621857
0.07257466
0.06018053
0.09152498
0.09315423
0.07807189
0.05805522
0.06999636
0.08300384
0.08116943
0.09256559
0.07808042
0.1001417
0.09205995
0.08624083
0.09862317
0.09197618
0.08988538
0.0618663
0.08331472
0.06945768
0.07520785
0.08372969
0.06015872
0.06917336
0.06546669
0.08577677
0.07598404
0.1035115
0.08257311
0.09057988
0.07053496
0.08879959
0.07777079
0.06021941
0.07324939
0.07225715
0.06535439
0.06086226
0.0672955
0.05529813
0.0882478
0.1012708
0.0669485
0.06863036
0.07187316
0.05851914
0.0795526
0.114232
0.09092133
0.09075109
0.06924978
0.07367765
0.07428671
0.06103394
0.05250552
0.06116449
0.08088199
0.06387551
0.06876268
0.07800154
0.05580164
0.0943426
0.06848196
0.08246418
0.06916826
0.05215344
0.07720941
0.1249725
0.1008561
0.1010068
0.1189564
0.08652156
0.08228142
0.07335048
0.1071708
0.07893601
0.09243515
0.07066782
0.0851631
0.06182452
0.06606934
0.07666603
0.09499259
0.07029268
0.06442639
0.0884255
0.08072381
0.06263971
0.07052957
0.07849092
0.06276195
0.06737055
0.08975773
0.09242047
0.06595664
0.0722778
0.07445391
0.05416577
0.07024455
0.07872048
0.08966785
0.08566652
0.05651622
0.05700505
0.0547304
0.05418647
0.08660548
0.06878742
0.08752025
0.09987402
0.08512443
0.07959702
0.06450696
0.1038018
0.08073066
0.06841086
0.05630477
0.06200669
0.07922292
0.06684806
0.1203995
0.06619435
0.08222551
0.07910574
0.1215448
0.06233581
0.09426783
0.07088849
0.06390677
0.08963822
0.07921246
0.09676098
0.0650534
0.09078496
0.05891777
0.07575046
0.07423626
0.06200328
0.05419718
0.05272057
0.06185173
0.07940721
0.06822473
0.04245881
0.07490496
0.0692688
0.07467549
0.07467943
0.0630397
0.07243266
0.05475352
0.07511201
0.06468799
0.08718737
0.09352325
0.08449104
0.0843802
0.1153917
0.110115
0.07929568
0.07830671
0.09598406
0.07071487
0.1099564
0.08317373
0.09828828
0.08639038
0.09713569
0.08905804
0.09014519
0.06932445
0.06920834
0.07230823
0.07313714
0.0925688
0.08264622
0.09764905
0.07276069
0.06423341
0.0566742
0.07129824
0.1070607
0.06285404
0.08012851
0.07447329
0.06942038
0.07528192
0.08552607
0.07311884
0.09986789
0.09712642
0.09486566
0.1211613
0.07882733
0.06926325
0.0722263
0.07573395
0.08070204
0.1011732
0.08402933
0.07113511
0.08307213
0.05887321
0.06432319
0.04636871
0.0537972
0.07226685
0.07429073
0.08137957
0.072066
0.07419178
0.06218079
0.06592682
0.07611193
0.09060263
0.07898433
0.08587555
0.114281
0.1185099
0.07304236
0.08186839
0.05289353
0.06934761
0.1067125
0.0592063
0.09160607
0.08203736
0.08370371
0.07767289
0.0558462
0.04548224
0.07156754
0.08528956
0.1023061
0.1141777
0.08681923
0.1080897
0.07837863
0.0961237
0.07314256
0.07303965
0.07665644
0.06634362
0.1092632
0.09560503
0.07838373
0.1117021
0.08321725
0.09913308
0.07623171
0.08253187
0.06672575
0.0821781
0.1118513
0.07543228
0.08878879
0.0652289
0.08966794
0.08457761
0.05488001
0.06749307
0.07720122
0.04417943
0.063308
0.06745024
0.06216641
0.06520417
0.0774028
0.08898044
0.04428063
0.06038946
0.07123477
0.1140586
0.06499055
0.07449054
0.06497439
0.0818515
0.08177414
0.08561128
0.09328903
0.08675039
0.08314488
0.1135586
0.1018759
0.1110636
0.1025321
0.06901472
0.05503922
0.0820209
0.06966445
0.09391048
0.09650264
0.102777
0.0818055
0.0816153
0.08847536
0.07126528
0.1039767
0.1102851
0.0553752
0.06222915
0.06585951
0.09035617
0.09198262
0.1149437
0.09725543
0.08401199
0.09822674
0.080794
0.07925103
0.08474762
0.09541923
0.09002096
0.1098286
0.05493626
0.08216278
0.08163013
0.07064187
0.09180161
0.07116368
0.06922392
0.114916
0.06469517
0.07269563
0.0594635
0.1027624
0.07286732
0.06295367
0.1076269
0.07194658
0.08790152
0.1062225
0.1054767
0.0817718
0.09587486
0.1196785
0.1002751
0.08688507
0.09845407
0.07950905
0.08654086
0.07790756
0.08289303
0.07264027
0.07464908
0.08875433
0.06274696
0.06936811
0.05688505
0.06798846
0.08167347
0.04593921
0.05859591
0.07501522
0.08047033
0.07707543
0.06465274
0.07968883
0.08144291
0.08419253
0.1070301
0.05846767
0.06980353
0.07572552
0.09042703
0.1106378
0.07353573
0.09408842
0.09648015
0.08684492
0.09695454
0.08452769
0.07465043
0.1110183
0.08689632
0.08537603
0.07023231
0.1037008
0.0710303
0.1063812
0.08526589
0.07133523
0.07322315
0.07112603
0.09576182
0.08596184
0.06401989
0.09660068
0.08497924
0.06398685
0.05537435
0.06675497
0.08187263
0.105354
0.08762766
0.07490632
0.06647237
0.09423194
0.09509078
0.07250708
0.08209611
0.07997921
0.07676925
0.07893851
0.07921241
0.0539064
0.06887626
0.08632777
0.09697943
0.0625411
0.0638308
0.06436284
0.0756968
0.06817371
0.07878816
0.07021188
0.06742286
0.08183134
0.09277715
0.09696568
0.07445115
0.09146438
0.09208897
0.06691016
0.08089016
0.04651566
0.09967137
0.09182019
0.04964878
0.05187703
0.0473422
0.0610478
0.08613507
0.06441916
0.05916594
0.086485
0.08162669
0.07684256
0.0951025
0.06829873
0.09545033
0.0913423
0.1070427
0.09291913
0.09081447
0.08531153
0.08259636
0.1242911
0.1139569
0.06674604
0.0704689
0.08612593
0.07174547
0.09318931
0.05158156
0.07883207
0.08686089
0.04473889
0.06206758
0.04887067
0.05944473
0.05868047
0.08970034
0.07973662
0.09426415
0.08393476
0.08445246
0.0981624
0.08664649
0.08751959
0.0837061
0.08335031
0.0648262
0.08920992
0.1135479
0.07014489
0.1169197
0.08401245
0.08517991
0.1014486
0.09656216
0.09331287
0.08357985
0.08154118
0.08240728
0.06633105
0.05454046
0.0561814
0.0773717
0.09964042
0.07974257
0.0862049
0.1064202
0.05938715
0.05872502
0.09285771
0.07569402
0.08262156
0.08454397
0.0909293
0.09993633
0.09123452
0.09652522
0.05884546
0.0833184
0.08001803
0.08349662
0.08391762
0.08766462
0.08394888
0.07075568
0.07404377
0.07930817
0.06253663
0.08572598
0.07890383
0.0822693
0.06973882
0.06274418
0.08594989
0.07982563
0.09813378
0.06398392
0.07680585
0.09539181
0.05576644
0.07051246
0.06379113
0.07194504
0.06472115
0.06045058
0.08451202
0.07325304
0.06129761
0.06823414
0.1024151
0.08236024
0.09764454
0.1093339
0.1025493
0.07143355
0.07740033
0.06386154
0.06069602
0.06297177
0.05903167
0.05959828
0.09358491
0.1090034
0.1225865
0.07206277
0.06109826
0.08284708
0.08519212
0.08196388
0.06548386
0.07807304
0.08552517
0.067834
0.04031723
0.04860735
0.05892195
0.06142273
0.05428292
0.04826548
0.08148536
0.05845672
0.05257991
0.06026427
0.04767891
0.07235869
0.07901446
0.09260311
0.076918
0.0637085
0.08697503
0.09688214
0.06010327
0.06633251
0.08710715
0.1136511
0.06164308
0.1020592
0.0859466
0.06751913
0.04826428
0.05978683
0.06473082
0.0772878
0.07391164
0.07504047
0.09033144
0.08735655
0.05809733
0.05222475
0.09170957
0.0993254
0.07537855
0.060371
0.07123761
0.1029542
0.07706652
0.06701668
0.06529935
0.1137453
0.0708422
0.05873612
0.08867913
0.07441925
0.1115852
0.05337569
0.06985709
0.1189929
0.07579325
0.08165548
0.0796259
0.07740896
0.06208673
0.09225582
0.09959302
0.05904027
0.08399587
0.09228394
0.08503617
0.06023408
0.07734726
0.09197237
0.07280409
0.08850133
0.07484697
0.08427108
0.07307492
0.06986401
0.0788935
0.07479559
0.0870968
0.09142174
0.09637894
0.07638986
0.05824597
0.09131823
0.100622
0.07990152
0.1007059
0.07480269
0.08258515
0.09407425
0.1003564
0.08035738
0.08470437
0.05763833
0.09467942
0.083124
0.07997605
0.0602078
0.07874298
0.0770324
0.08900937
0.05034224
0.07015444
0.1070387
0.08257224
0.09566965
0.06061335
0.07247015
0.09801158
0.07238139
0.06029112
0.08824652
0.09477697
0.07731672
0.08055041
0.0798802
0.0825949
0.07349466
0.06146111
0.0625359
0.06468161
0.08664493
0.08162227
0.07942383
0.07567791
0.07251715
0.1089815
0.09889838
0.08161099
0.08115202
0.08002922
0.1003136
0.07482429
0.09091119
0.08530524
0.07635716
0.0947753
0.07741268
0.08465173
0.04993262
0.08874774
0.06718222
0.1112035
0.07185939
0.07469517
0.0756474
0.08014006
0.06263825
0.06774762
0.08991306
0.07134048
0.0627114
0.06954492
0.05803634
0.07260892
0.07192027
0.08334813
0.06405003
0.06173728
0.07452934
0.07335526
0.08760534
0.07848614
0.07709135
0.07471424
0.1126926
0.08625042
0.08113629
0.07108885
0.1053148
0.06999006
0.07350674
0.08137869
0.09504009
0.06856732
0.08182439
0.06542399
0.05088685
0.06249182
0.07183156
0.05382769
0.0415492
0.07897862
0.07522102
0.06044832
0.04355325
0.07776042
0.05117367
0.06504889
0.08812672
0.07205603
0.04234136
0.05044852
0.06742219
0.0990701
0.08568784
0.06880983
0.07085904
0.07133693
0.07282281
0.06204656
0.08144292
0.1039108
0.08211622
0.06603268
0.08038013
0.09292756
0.0664576
0.06941191
0.04281883
0.06615394
0.07858311
0.08890511
0.07412398
0.06112284
0.095405
0.08960057
0.06530441
0.1090426
0.08881868
0.06782002
0.1007224
0.06876239
0.1112038
0.105717
0.1062015
0.09351815
0.1068038
0.06198025
0.06269715
0.06754716
0.04859103
0.07568411
0.06304967
0.07690142
0.08692411
0.08763364
0.1079547
0.06469662
0.07337738
0.07220392
0.09112338
0.08304398
0.08226434
0.07777029
0.08515019
0.09678791
0.05673498
0.07499033
0.0709691
0.06549167
0.04324019
0.07274466
0.0851098
0.06458169
0.08083824
0.06779342
0.07417874
0.09622397
0.05628185
0.07620573
0.0810302
0.07823063
0.08183032
0.06070885
0.07277379
0.1553466
0.07994493
0.0680555
0.08454381
0.07589458
0.06780095
0.05691657
0.07793745
0.07349651
0.05507253
0.08692217
0.06993897
0.1009626
0.06514948
0.07599533
0.08424202
0.0879904
0.08769899
0.1093627
0.1051079
0.0554871
0.07413102
0.09885467
0.06425915
0.07073393
0.06876412
0.08054235
0.09015561
0.09291978
0.06574284
0.06840117
0.09183897
0.1005479
0.09251784
0.09615964
0.06566835
0.06265369
0.05470866
0.07014625
0.05004759
0.07945031
0.100848
0.06837842
0.08517022
0.08318029
0.09625019
0.06896092
0.08552448
0.08739191
0.09078101
0.07033345
0.0887887
0.08733704
0.07465019
0.1109168
0.08072507
0.06408661
0.07218142
0.05613028
0.04749296
0.05496628
0.07353229
0.05137223
0.08172924
0.05672846
0.04587326
0.05805809
0.07521793
0.05129072
0.06091939
0.05858292
0.05730513
0.05295378
0.10282
0.07053673
0.05617169
0.06913104
0.05559777
0.05127152
0.07193153
0.0567565
0.04258791
0.09245267
0.08069573
0.07157707
0.06252914
0.08062626
0.03532924
0.04996929
0.1085738
0.05430671
0.06521891
0.06963235
0.04608951
0.09307662
0.09405486
0.07335062
0.08606231
0.09231668
0.06366455
0.09059584
0.08779656
0.06907984
0.1039255
0.09451341
0.0811753
0.06378244
0.07122217
0.07674986
0.07985029
0.1006698
0.08500657
0.07022287
0.07271169
0.06353267
0.07268674
0.09414178
0.05401286
0.1020656
0.05974619
0.06278387
0.07799362
0.06489983
0.1126291
0.06318726
0.1053998
0.06056823
0.0873525
0.08072653
0.05330769
0.06235855
0.08391501
0.06492459
0.06803507
0.08625772
0.05183616
0.0411088
0.05184735
0.04328011
0.03853234
0.08114429
0.0464315
0.05800703
0.04460732
0.06862766
0.06876784
0.05514474
0.0456039
0.05602414
0.1051932
0.04768747
0.06949194
0.07618392
0.07347478
0.0781684
0.06207807
0.07799263
0.08453519
0.05967186
0.1043169
0.07789665
0.0508117
0.05910757
0.1011479
0.0536557
0.1045596
0.07984016
0.07031417
0.05880629
0.06615783
0.09332021
0.07689594
0.08344631
0.08752455
0.08616801
0.05752991
0.07488142
0.09414958
0.09801091
0.1063212
0.09589411
0.1170859
0.05991516
0.08259499
0.08065525
0.07414749
0.09841457
0.07156851
0.07000342
0.04929939
0.05488246
0.09373173
0.05724442
0.06167183
0.0784315
0.05842545
0.07832668
0.06831648
0.03951703
0.09161099
0.08109227
0.07877253
0.09535569
0.09310684
0.08737415
0.07092036
0.09401965
0.09355278
0.08950757
0.1204702
0.08272449
0.06740938
0.1028353
0.07483038
0.07824013
0.1297505
0.09002474
0.07019736
0.06480234
0.07078675
0.10413
0.07452068
0.1369253
0.1193457
0.09976148
0.08946434
0.071858
0.08997458
0.1160408
0.08530424
0.04754273
0.05284385
0.06065468
0.08457728
0.06640766
0.07976365
0.08256187
0.07491006
0.06078612
0.05060067
0.08997183
0.07885238
0.08093954
0.05003793
0.07144886
0.08456736
0.05834294
0.09257269
0.05675965
0.04937659
0.06115864
0.07108291
0.07654089
0.05212407
0.06101103
0.09535407
0.1074721
0.08347221
0.1213998
0.08821759
0.07800293
0.08373091
0.1066339
0.08018649
0.08803975
0.08280589
0.07962489
0.1048836
0.09642887
0.08958878
0.08342995
0.09639309
0.08657113
0.09050864
0.1017669
0.09272152
0.07300837
0.07853335
0.05692503
0.05540582
0.06472025
0.08136152
0.09162865
0.07278451
0.08406833
0.08052629
0.1162545
0.1039806
0.1085002
0.09404667
0.08364972
0.09818031
0.1013734
0.09009717
0.06803544
0.06859619
0.05292438
0.08717744
0.06692912
0.06694243
0.07122917
0.07562748
0.06248206
0.0609332
0.05294163
0.07938841
0.06340156
0.04768791
0.06942366
0.05848866
0.07229529
0.09230411
0.06551019
0.06533556
0.06518505
0.04874935
0.06274671
0.05193704
0.08578303
0.0909942
0.0833871
0.07257413
0.07917511
0.07238378
0.07729212
0.1234842
0.07929695
0.07696537
0.08656678
0.08300936
0.08708868
0.09252558
0.10789
0.09037216
0.09334046
0.07582288
0.09701248
0.05782623
0.1040212
0.09923751
0.08062022
0.08440528
0.06106336
0.04906275
0.04457236
0.1201189
0.08549536
0.08655479
0.06620383
0.06592889
0.0626939
0.1012491
0.05496382
0.08341206
0.07813152
0.07571344
0.06525404
0.06711864
0.0557312
0.06484559
0.07602365
0.09009281
0.06245366
0.05962901
0.04802447
0.06815006
0.08374004
0.06018203
0.1037691
0.08280519
0.1123968
0.1008783
0.09401948
0.08997589
0.09453629
0.07139708
0.09923502
0.08713221
0.09006395
0.1041997
0.07191574
0.0627334
0.05856232
0.06545301
0.08927299
0.07378305
0.08459414
0.06334112
0.09609313
0.05794043
0.0787341
0.05688814
0.05693213
0.0727619
0.1010644
0.07011591
0.1087436
0.08936307
0.07576398
0.08661896
0.08996663
0.07903739
0.07390778
0.09543695
0.1172465
0.07212352
0.1084763
0.06889269
0.1107653
0.1051532
0.09557173
0.1010514
0.09995401
0.1000214
0.08107674
0.1079126
0.08636304
0.1008994
0.07026486
0.06408342
0.06631022
0.07263956
0.07297206
0.09325349
0.08346589
0.08781476
0.08601373
0.1151832
0.08444177
0.09378833
0.07489254
0.05235737
0.0678822
0.05825013
0.05567394
0.09700392
0.1011608
0.09525478
0.07277634
0.0677269
0.1126285
0.06497066
0.05342002
0.06951181
0.07341253
0.06673147
0.05738192
0.0855853
0.07474939
0.07421121
0.05677828
0.0594445
0.1059466
0.08371116
0.08873778
0.08980055
0.07512905
0.08577994
0.06304641
0.07399207
0.08871167
0.0538383
0.06296053
0.0674601
0.08227075
0.07829873
0.06710904
0.0977022
0.05891685
0.08178596
0.07683486
0.0856086
0.06551676
0.05497316
0.08648681
0.07969952
0.08071733
0.1027381
0.05933105
0.0867254
0.07425818
0.07949423
0.07294126
0.08976724
0.07258569
0.07869146
0.06686431
0.06880967
0.09464864
0.08298492
0.07193073
0.07810621
0.08238187
0.09439034
0.1088795
0.1104712
0.09535543
0.06876516
0.08538624
0.06849209
0.06325207
0.0806393
0.06654231
0.05237341
0.08852496
0.1097801
0.07479507
0.07123353
0.07857219
0.1088208
0.09028549
0.07000647
0.07666012
0.07021182
0.1102685
0.07096843
0.09633143
0.08172574
0.08232123
0.08658835
0.09232543
0.08562194
0.08552544
0.07769773
0.05313449
0.06842107
0.0596899
0.1072216
0.09406183
0.1006803
0.06579202
0.06982218
0.07845708
0.09496624
0.1290169
0.08706053
0.1046601
0.09506788
0.1199037
0.0780787
0.09126774
0.09788267
0.07333742
0.07211127
0.07941395
0.08102017
0.07792516
0.05939025
0.09524142
0.07052979
0.07700537
0.07266533
0.05500547
0.06564109
0.06986653
0.07509757
0.0723554
0.05231203
0.05622401
0.09532558
0.09245006
0.08217777
0.0513307
0.08200563
0.05295225
0.09256233
0.07325495
0.04583276
0.07234902
0.06186019
0.08822562
0.05111506
0.06978556
0.06660849
0.07601592
0.0673066
0.05468026
0.05439037
0.05268443
0.06616443
0.08614127
0.09091795
0.05743855
0.08634727
0.09292385
0.07093391
0.08045205
0.08710125
0.0795129
0.09117379
0.07563306
0.08676683
0.07918561
0.08839598
0.08504748
0.1068436
0.08084415
0.0744313
0.06908709
0.07314093
0.07880082
0.08583539
0.1022879
0.0625437
0.07766957
0.06952463
0.1203152
0.08880175
0.06683979
0.09712469
0.09232841
0.0717825
0.07558444
0.06310374
0.06569885
0.09383051
0.08988945
0.07422158
0.06108194
0.06852296
0.1106966
0.06728185
0.07784438
0.05159849
0.04625266
0.07419727
0.07004989
0.05726959
0.07623821
0.08982284
0.07974805
0.06780846
0.07993252
0.1018681
0.09049466
0.07250783
0.05513897
0.0773973
0.1029369
0.07239534
0.08269587
0.1023386
0.0866179
0.06913742
0.0916315
0.06872974
0.06713106
0.09602958
0.07679136
0.06817405
0.08131397
0.1052573
0.06003367
0.06689279
0.08808889
0.07181879
0.1079485
0.08855952
0.07713171
0.097683
0.09529203
0.08659097
0.08162653
0.09020992
0.09509059
0.04450069
0.05268491
0.05365968
0.084922
0.0839165
0.06311424
0.06895137
0.1175973
0.07714875
0.08467284
0.09448813
0.07803611
0.09582016
0.1066675
0.0833965
0.0838725
0.07225848
0.06102376
0.08688459
0.09825824
0.1118101
0.09176863
0.05949234
0.09447438
0.08190723
0.08292919
0.05508063
0.1087066
0.07957929
0.06985406
0.09208215
0.06498846
0.08159112
0.09354189
0.08153338
0.08143955
0.07874459
0.07012174
0.09960554
0.09094495
0.07666264
0.1077567
0.105157
0.09302203
0.1107661
0.09389845
0.1092115
0.1230637
0.1045014
0.09387413
0.1129115
0.08953583
0.08546871
0.06572052
0.0526846
0.03984006
0.07389385
0.05818149
0.07333554
0.07070232
0.0513971
0.07500759
0.09980633
0.1067193
0.08265387
0.08209524
0.07555965
0.07785939
0.0516268
0.05569974
0.04363
0.05986318
0.07193062
0.06886707
0.06965354
0.04736338
0.08114203
0.07646746
0.08188776
0.06000213
0.04510139
0.06487731
0.05560911
0.07455977
0.07877929
0.08582658
0.07031818
0.06172911
0.06672298
0.06105913
0.07463988
0.06322478
0.0495771
0.09157442
0.1022432
0.06630809
0.07361451
0.09254742
0.07689537
0.06057255
0.07556689
0.08036399
0.06677133
0.07134197
0.07973353
0.08345204
0.08305228
0.09351598
0.07250028
0.1127109
0.0918271
0.06017707
0.09119503
0.05717691
0.07760707
0.06310394
0.05432431
0.06995188
0.08706177
0.0658104
0.05604688
0.06038819
0.06082588
0.08231278
0.06860325
0.09741702
0.07814726
0.07527965
0.05127077
0.07598987
0.08366251
0.07547262
0.07747941
0.0701211
0.07358269
0.05290885
0.0654346
0.06435519
0.06769812
0.05696097
0.06899161
0.05649818
0.08351375
0.08464456
0.08418699
0.08407498
0.07133867
0.08177115
0.08933847
0.09000484
0.06890101
0.08826888
0.07956787
0.07500854
0.08710764
0.07316088
0.06067565
0.0620118
0.0747457
0.09250853
0.06001192
0.1019134
0.05961205
0.0849557
0.08828583
0.07090041
0.0809873
0.06134096
0.08620014
0.07369208
0.101618
0.08837294
0.07000079
0.09398797
0.08610126
0.1049542
0.08535635
0.1144683
0.07833432
0.05530579
0.06176154
0.1044369
0.09345355
0.07411108
0.09430305
0.09817615
0.08544514
0.06137522
0.06721682
0.08141516
0.05852642
0.0513694
0.07924929
0.07220059
0.08634281
0.07717583
0.1105224
0.07273145
0.07889065
0.07177615
0.09419522
0.07477965
0.07027654
0.07406873
0.08250519
0.09336011
0.0861329
0.07784129
0.06188721
0.07709547
0.0570003
0.07364728
0.0641912
0.06869019
0.06616074
0.04730553
0.06491738
0.0826639
0.1089313
0.08026931
0.09248541
0.08704949
0.08206219
0.09764554
0.06623736
0.1037628
0.06440111
0.09510788
0.08940179
0.05180262
0.08160285
0.05449029
0.06293221
0.07687971
0.05777213
0.0824637
0.06187868
0.05109767
0.05865628
0.08394139
0.06643578
0.1010447
0.09363311
0.08494313
0.07352187
0.08403544
0.05299481
0.08964768
0.09193964
0.07582629
0.09097681
0.08573128
0.1031216
0.09971527
0.08139179
0.09561545
0.09376545
0.08884648
0.08079174
0.1239981
0.09912537
0.05347363
0.1131648
0.04644735
0.07374227
0.06464606
0.09367229
0.08283056
0.07685657
0.08981481
0.1072358
0.07452414
0.09716924
0.1095391
0.0922218
0.09215413
0.06114084
0.08608254
0.09027037
0.09097328
0.08477769
0.07784854
0.06496845
0.06705275
0.05934899
0.07906384
0.07346693
0.06059505
0.07572131
0.06294585
0.07202261
0.08661121
0.07672725
0.09295143
0.07156132
0.0705144
0.0599794
0.1016447
0.06153434
0.06701366
0.09057275
0.1251983
0.08451746
0.08952522
0.06664626
0.08096176
0.08529379
0.08472624
0.08140296
0.08524683
0.07393014
0.06085617
0.05888843
0.08248343
0.06400574
0.07717777
0.07251399
0.06877949
0.05817853
0.07826782
0.05580818
0.06249459
0.06013992
0.06350316
0.06690873
0.06317408
0.06652795
0.08678506
0.1017932
0.08401518
0.08431591
0.07704107
0.09848652
0.08462224
0.0900958
0.07738396
0.07587378
0.06317658
0.08542761
0.06626368
0.07645305
0.06314705
0.06922991
0.07496523
0.07796571
0.07955346
0.07977399
0.06558733
0.07590299
0.07610379
0.05433217
0.06605959
0.07525827
0.0675729
0.08284813
0.08998149
0.07244152
0.06062735
0.0961686
0.05596255
0.05546962
0.06516651
0.0750477
0.08878053
0.06527486
0.05793919
0.08284043
0.09297582
0.06680203
0.07623868
0.07182824
0.08005864
0.06019084
0.0437383
0.05378367
0.0578909
0.05477247
0.04862827
0.05030793
0.1054728
0.08211603
0.07151093
0.09422282
0.07490233
0.07299513
0.1143833
0.08555079
0.08723247
0.09810387
0.1194142
0.1070746
0.08670091
0.09866936
0.1007251
0.1125882
0.09271225
0.1127824
0.1322741
0.09945513
0.07284023
0.08264195
0.09016199
0.100744
0.111026
0.1083586
0.1236848
0.0717168
0.0653782
0.09527583
0.05721353
0.07414697
0.09798429
0.07604514
0.06480362
0.08565847
0.06718915
0.06564306
0.08541506
0.0754686
0.08363096
0.08723029
0.07552435
0.0799258
0.08243218
0.1136008
0.05457938
0.04765203
0.05242069
0.07522499
0.0688283
0.09436251
0.05936098
0.07177637
0.05747666
0.05057918
0.04097456
0.04276156
0.06729601
0.1074773
0.09514462
0.07671311
0.07552282
0.08404367
0.09381364
0.07578093
0.07951398
0.09676707
0.09437194
0.1071578
0.1158172
0.09460826
0.09045515
0.08477516
0.08891738
0.07421563
0.08730833
0.1138884
0.1011411
0.09605583
0.06816746
0.06470177
0.06256441
0.08062128
0.08337361
0.08217587
0.07075695
0.06658435
0.05946608
0.07121217
0.05201868
0.04666901
0.07561145
0.104299
0.06534965
0.06946491
0.07874846
0.08346542
0.1019489
0.08307171
0.08670072
0.06819029
0.07723937
0.06578613
0.1141985
0.1123099
0.09526711
0.09272461
0.09266049
0.08011867
0.07091853
0.08079931
0.110507
0.07433351
0.0911402
0.08294462
0.0776897
0.0950736
0.1023875
0.07538185
0.09766407
0.09450968
0.1205351
0.09394574
0.09416573
0.1001688
0.102097
0.08743736
0.1107903
0.1036924
0.09409538
0.08796451
0.09722332
0.08628083
0.08737768
0.07577482
0.08907258
0.06518234
0.09463188
0.07980525
0.1021181
0.1039242
0.1040005
0.1066694
0.08310932
0.09286273
0.08355638
0.072303
0.08006369
0.06244843
0.0629283
0.07504573
0.0726275
0.09642932
0.08011854
0.07119199
0.07078996
0.1059152
0.0869992
0.09229307
0.08588022
0.06285508
0.06573592
0.07531001
0.06554229
0.07539899
0.1050484
0.1088436
0.08801683
0.08754399
0.0837539
0.1159
0.07832467
0.08943385
0.0851955
