549.3374
543.6094
585.6852
542.392
570.5231
584.4813
590.3492
568.7289
553.26
592.6729
541.1859
543.9489
552.3256
601.8253
624.5828
563.482
554.3405
554.8075
558.9496
568.2325
560.3613
573.3743
560.0986
560.9826
549.6226
571.2494
564.8648
568.6171
548.0172
530.1089
559.3679
554.6711
550.2419
561.1975
567.0153
515.2323
567.5485
550.0926
567.7752
560.2778
548.0717
561.2981
540.3819
544.1405
560.3701
558.7822
564.27
533.6868
564.2188
579.2616
583.5739
573.6986
515.663
577.0507
575.988
588.0182
577.7109
533.3461
534.9242
556.2617
567.7962
552.8778
581.6843
561.5146
567.0395
593.5642
576.3505
563.4444
548.1513
566.3839
571.6765
585.3763
537.4154
553.82
530.9631
557.713
535.4657
570.061
544.318
578.2756
594.9648
566.7757
564.7354
581.1068
556.0934
547.4334
579.2176
582.6382
589.5844
577.4541
579.5864
556.2432
526.9856
576.9485
539.3104
555.8552
583.2615
561.0523
534.4147
553.9208
557.9624
553.1558
559.2117
533.013
541.8733
572.2324
567.6354
557.5791
571.7978
529.1216
577.2404
561.7361
567.7342
532.2516
545.5443
563.6019
550.2518
538.7264
555.5899
571.2161
568.4073
569.6466
563.0218
548.9704
548.1259
523.3806
536.1083
569.2172
559.7539
571.5671
559.5317
600.137
545.6628
602.066
562.5038
547.2313
571.3292
559.5703
550.9195
581.5999
569.8173
568.7357
513.1101
571.2688
557.2115
541.8581
550.734
576.2603
577.3196
598.3031
538.7439
573.2268
550.8357
539.1179
555.6199
546.4684
614.9818
545.4126
538.5959
556.2649
539.3665
579.4433
578.0097
598.6535
557.9088
582.4725
555.8056
554.2388
554.4062
555.1411
562.6693
548.4509
546.3809
560.7835
542.0104
544.2662
598.6961
577.6308
530.9759
577.5318
545.2633
579.2022
548.6588
528.9495
598.8415
585.7611
534.7763
586.3514
568.7102
527.3918
592.0326
571.5774
535.6026
581.4522
549.6361
557.4099
555.9942
548.0423
576.9253
561.5106
540.1801
578.5728
572.4721
524.952
547.6898
565.8789
503.2956
552.9683
561.0287
564.0429
541.8908
572.3557
565.4642
578.3876
558.5597
574.0839
584.6041
586.3407
568.6192
566.8782
567.0035
545.3964
560.6318
573.5019
581.1508
600.1383
576.8457
580.4464
557.0026
570.918
569.9538
562.5777
575.1317
567.5415
530.5497
595.401
563.9508
575.3519
593.3678
587.5654
585.7171
547.2323
573.0042
550.6084
572.2317
579.5685
537.5506
542.8802
565.2561
576.8405
545.0518
586.018
580.0874
588.0153
558.1661
604.1076
578.0588
550.8915
574.9571
608.4439
561.3768
542.5776
549.9219
598.3479
560.8348
566.7109
579.4424
546.9507
565.0519
534.2517
569.4653
564.7333
531.6246
545.1109
549.2555
525.4893
548.5503
581.5492
589.1495
541.9093
539.7943
572.1281
562.9156
525.6918
598.7836
580.3795
583.6148
580.0762
565.2078
559.2084
569.4542
562.8725
579.6564
568.664
550.4666
530.9183
561.0293
574.2575
556.8225
557.5511
546.3757
555.1786
514.6497
547.3446
574.4257
545.1109
545.5689
574.5463
550.6389
546.2919
548.222
556.4277
572.2675
553.2146
577.559
510.1133
570.5806
592.7409
577.7124
562.6065
571.9871
565.1597
523.1376
568.9348
580.4294
554.6201
574.806
551.6081
538.4005
551.3263
536.2331
589.3315
542.5462
577.9782
571.1745
561.8533
550.8772
578.3076
596.0161
566.6292
556.6701
563.4444
568.0427
565.524
540.9403
563.4384
549.4248
516.4386
587.7652
577.9026
567.0872
593.9986
576.8764
574.4768
561.7342
560.0266
573.4469
575.3574
580.5055
558.9856
551.3755
553.6447
541.2249
577.036
604.0573
580.0293
553.9135
588.6613
585.843
583.5733
586.5637
557.3617
575.7346
563.7105
543.3539
556.756
586.4409
576.4493
517.3643
574.8816
543.3557
601.6735
588.2144
564.9048
591.0132
544.0426
575.7124
553.7971
580.7941
565.3002
570.3299
552.3591
570.5873
551.1226
556.2207
555.8956
577.6321
554.8782
540.4557
547.1292
565.1555
574.2372
542.782
561.8499
591.9144
576.5202
563.4706
546.8328
556.7515
556.1076
590.2693
528.9638
607.2045
579.6759
578.7165
565.3525
571.5514
554.9375
594.272
574.1641
565.3506
523.8789
548.1934
562.8809
540.6911
568.6556
567.1297
577.1824
565.1976
607.7976
535.5886
591.5071
577.2568
585.4819
594.1587
559.2034
568.8338
540.0672
584.8999
621.94
597.9872
567.6277
571.5807
592.4805
520.9421
542.8827
558.4821
573.2092
552.0219
518.9665
597.7046
585.4887
558.4166
562.3811
582.9287
568.7815
587.3293
546.9292
556.0685
551.1247
526.5109
559.1059
616.0736
570.6118
579.1534
581.3055
586.8352
568.7759
547.7243
531.8101
534.9763
543.3158
568.6212
570.7808
548.6691
576.4336
530.8182
540.8799
543.6394
542.8959
569.56
565.3464
560.0473
571.8331
565.857
539.178
572.9536
531.5335
580.6754
556.2904
577.9922
559.4115
596.1927
566.0188
575.9288
541.968
577.2716
573.5934
553.1193
595.1935
555.3744
576.0133
579.773
553.7679
583.7934
566.6244
574.6182
571.9333
571.8407
587.2465
561.0655
545.0614
564.5446
562.9153
556.5343
506.7059
545.6639
580.0428
566.6547
581.237
575.6399
552.953
579.8497
522.1364
586.3832
577.8455
545.6701
588.5237
578.1782
561.7601
563.9494
526.7766
594.1831
547.1912
553.1709
596.4019
567.4272
564.1017
584.2164
575.0192
570.6616
579.7663
541.5273
543.1638
573.6025
551.8329
591.4056
562.2717
546.8294
566.6624
559.6607
541.8009
552.9582
593.6645
564.1148
534.8399
559.762
567.532
560.4401
501.2426
583.8517
588.4335
606.5334
578.8229
587.4164
558.3019
576.5661
557.8823
541.7233
567.5269
597.1569
528.4364
550.5119
565.1153
582.9518
579.4489
554.6316
584.649
585.5596
556.0309
570.7098
567.0424
575.1543
546.7765
573.5804
555.7347
566.6893
530.6596
575.3134
558.1292
569.4402
590.5009
539.235
568.4893
552.479
539.8684
548.8068
556.871
542.417
595.3535
540.5488
531.4085
569.3653
572.8974
590.1354
596.4479
588.0651
565.7489
561.214
600.4847
567.233
582.2053
568.1197
545.4921
592.3944
519.1382
557.5407
566.0907
585.8337
574.0204
543.7069
574.182
522.2453
552.7921
564.5302
567.8213
596.0217
551.2721
562.9658
578.1397
575.5144
554.2691
547.5323
545.3468
529.5228
566.7452
583.8543
542.9512
566.4735
513.4112
586.546
614.0496
580.6903
576.246
581.4287
561.1827
591.1923
494.5215
605.7941
568.8188
559.7369
573.4038
561.494
583.4095
568.7241
551.5954
554.0826
542.9766
544.3938
545.6212
571.4234
568.0429
519.4101
572.8318
558.1084
577.2417
558.6803
620.2272
595.652
570.8681
542.8456
569.5902
561.8091
584.3637
547.7591
569.9999
557.2695
524.3922
558.8732
576.9024
580.5063
555.7991
590.3538
580.4805
560.0086
611.5312
613.4984
563.3282
569.9113
582.7752
530.629
533.5086
572.1301
555.5493
577.8934
523.7474
548.6272
545.2323
562.5885
577.7714
563.863
610.5943
541.1384
574.9715
558.9134
582.9763
570.0937
582.4903
592.2768
522.8202
567.4055
559.0968
565.5558
529.8741
563.3537
551.5217
578.0492
564.1663
558.7011
525.052
535.9853
584.4595
561.3196
560.2862
566.8852
562.2076
611.0454
621.5049
569.5262
601.5119
562.2691
562.4469
565.0821
568.1435
565.4863
536.9571
553.5672
558.4049
563.7872
574.1624
570.794
583.6007
579.4752
564.9146
586.2318
572.7092
528.5444
534.2725
552.9818
565.7239
585.8419
567.9777
531.1416
590.8891
562.3964
565.0794
563.8863
580.9835
553.5911
554.8727
571.0745
579.2075
563.3291
547.1434
581.8968
591.2195
588.0937
545.3458
569.054
560.451
587.5852
582.2028
547.3885
563.4999
593.8899
573.7813
557.8634
566.5423
571.7687
576.7052
557.1889
575.5372
552.3915
557.9054
566.5886
544.1994
571.7539
552.4326
540.1199
538.5496
549.6608
595.8541
581.1787
528.0979
582.887
522.7062
559.4268
562.8665
591.7004
575.441
557.8843
554.4894
581.2348
543.5093
555.4751
535.366
578.9013
571.0605
588.0433
544.6896
560.1298
533.8163
577.6352
605.0013
526.4052
593.5802
583.4535
563.9701
553.6157
540.4505
595.7331
557.9522
598.9374
533.9862
566.2923
552.3899
582.0537
580.203
576.5651
548.4843
588.6217
553.7901
561.2217
553.2394
573.0223
558.4086
584.5724
543.2563
537.5902
584.5612
593.7431
567.1393
571.061
534.6744
582.8219
581.8753
572.8521
583.7586
539.8518
567.7749
555.3446
572.4356
591.2551
567.4197
564.9386
586.7213
530.5467
557.782
543.2391
608.114
585.9427
539.7278
560.374
572.4545
577.8286
573.2155
577.3465
500.2662
562.4642
574.4892
552.5137
552.236
509.5651
599.6801
546.5478
529.4175
612.1913
599.1386
592.509
599.3177
575.3861
559.9879
548.5225
551.9079
582.8748
507.9606
594.6863
546.3597
596.7427
595.5708
549.6157
562.9647
554.8624
576.1635
571.3741
588.9228
553.8026
534.1905
552.7416
558.3965
546.3558
580.2479
588.7195
565.2381
576.2973
555.4829
527.4939
560.2549
571.1543
618.6368
548.3883
550.0851
549.4118
551.211
550.7063
590.8571
562.0015
599.569
572.614
567.5877
567.0419
562.4054
548.9045
552.9602
578.9972
597.6871
549.4061
552.4584
595.2314
584.1368
579.6162
550.3513
570.2516
560.0274
541.8927
557.3791
519.9674
583.7399
571.6657
532.1045
583.5667
585.0834
588.5068
552.715
553.5097
557.4192
562.3973
542.6163
565.2443
563.4731
556.9687
563.3997
535.2869
567.7766
550.7177
553.317
562.4182
550.1084
551.3775
551.5813
584.7188
555.6633
577.1656
592.5582
567.8768
543.611
575.6163
559.3859
551.9196
557.9453
567.1806
565.8411
586.5383
548.7194
558.9477
557.9497
577.9297
548.6068
560.4287
573.8837
577.4981
561.4416
559.8763
569.1659
579.5667
582.9191
568.306
556.5731
588.421
568.6723
541.4027
568.4293
571.6465
610.1808
558.4447
605.6544
586.2394
558.8428
550.2623
603.4313
547.7985
584.2537
520.9993
549.0486
561.5577
578.9922
592.0638
568.2525
543.5076
541.3219
570.101
567.2639
556.1417
535.1085
570.0976
549.5439
577.4133
562.4751
557.2229
579.9785
584.1235
560.2757
537.9608
580.9956
550.0176
568.7152
575.6717
568.2104
567.4457
550.5349
557.2614
547.4986
562.8217
555.7425
544.3774
565.5377
571.028
593.9326
608.7279
581.2789
601.9016
559.0519
575.9645
568.6848
592.4032
561.0605
551.0668
584.0843
567.8785
576.0519
578.6411
581.4885
574.0612
528.1588
566.1482
563.5289
551.5908
554.9624
574.9289
556.8754
568.3758
530.3268
570.6403
598.0628
588.2352
563.2083
558.3647
533.2308
539.0533
556.2327
534.5255
558.7875
597.8839
558.527
551.5016
558.6995
578.2508
544.658
568.8973
511.4283
565.824
552.9633
528.8012
544.3486
558.2902
539.6929
572.8622
562.0806
560.8366
524.566
535.5994
584.3471
584.5424
562.4822
599.8944
526.7053
529.7281
548.3086
588.5393
559.4176
554.8632
603.8537
555.9215
551.7012
590.16
577.0555
547.083
567.285
560.1311
541.6421
577.1098
592.1637
570.7967
593.5242
587.0088
514.9425
569.0722
582.0652
553.1718
566.8652
548.2014
577.0693
592.56
589.6898
569.2453
573.722
548.7779
528.6184
614.5567
580.6129
558.2455
533.2944
581.8709
583.1079
599.8026
585.5741
563.7949
557.885
533.9783
599.1919
556.5914
567.7892
554.4195
530.3007
567.1161
571.9228
556.4605
536.6342
578.9935
558.3573
574.2703
587.2691
584.7749
567.2711
597.9432
589.9147
594.5483
541.0618
608.2098
547.4142
562.8782
590.0875
557.1014
566.4001
581.0267
566.6268
546.5277
596.2791
545.3393
598.0842
542.123
558.1718
560.7206
560.3088
536.8376
551.2485
566.4296
566.1911
572.8997
574.3723
557.3642
544.3414
592.1103
583.9236
566.4449
529.1203
551.9094
552.9432
574.456
577.9178
545.3013
591.3534
557.1351
577.6094
565.8326
542.6243
560.108
545.891
538.2436
585.4561
546.4734
575.8373
580.0695
584.555
496.6564
549.9258
607.2206
563.5306
570.5829
580.2034
545.9261
588.8348
548.4201
583.7176
584.2296
572.4646
591.9266
574.2096
537.3357
557.9314
598.6415
598.0026
547.272
570.0778
548.0891
584.859
559.4833
543.9048
566.9369
565.0051
561.4716
591.7675
559.7506
597.7981
602.306
552.1861
572.3177
555.2105
564.8586
556.9057
550.6941
599.224
602.3835
593.086
578.4393
548.7621
583.5505
567.0915
544.328
610.5495
561.7884
590.731
538.7907
592.4552
582.5005
562.3516
564.7068
539.7636
532.2598
578.5209
599.4149
556.5579
580.0728
568.0966
565.0677
565.5236
574.5453
578.2605
568.4414
553.8313
585.7368
528.7316
549.9005
513.6491
554.6935
557.0997
580.4193
567.1359
553.9166
561.6605
562.1464
571.2747
546.9599
583.7834
575.4195
550.7955
567.9878
582.8227
532.5121
568.9991
540.8305
545.267
567.7729
576.1092
555.524
563.8287
551.2957
557.4799
595.9299
565.2621
550.7371
552.1807
572.21
575.7124
549.9041
563.7201
587.6213
588.4289
528.8122
569.6152
570.8441
537.8748
552.5427
603.4204
535.4841
554.5206
569.2816
563.0962
548.3271
554.9919
553.5996
581.7892
555.5639
565.505
559.3687
554.7721
558.7754
571.06
572.3592
562.746
551.6215
545.9557
552.1196
575.7049
576.5022
582.038
570.325
563.2735
529.8215
563.3021
560.2656
591.0373
518.4417
555.245
581.693
559.5498
557.4071
586.4422
629.4667
540.0525
556.1781
547.3369
566.4916
572.171
566.9894
604.2014
549.6187
578.7371
558.7177
530.417
627.204
573.9318
577.1839
582.3074
564.6212
572.5874
559.7299
583.3115
552.5447
583.1113
566.2125
575.4172
547.3465
556.5765
572.4252
535.6555
563.4297
590.1979
590.3314
521.1103
584.2016
563.4858
532.3569
580.0156
561.4263
544.9875
580.3447
546.3112
583.3025
616.6404
568.8057
595.9399
543.0604
592.4025
571.7974
564.8338
542.997
532.254
558.9214
583.0342
562.5549
523.8284
543.6431
578.4988
571.3836
593.0446
593.8741
546.3636
557.6797
531.6674
557.8031
576.9811
603.1188
526.4755
572.8538
557.5414
565.0861
578.1128
567.1899
571.845
582.445
554.1274
527.5139
581.4445
577.9067
600.5296
575.5597
566.6106
554.8024
551.7364
606.8889
583.3196
551.2293
520.1864
555.1109
578.2269
552.8607
591.785
568.872
571.829
581.0689
585.4227
532.2952
559.6071
563.6923
553.7296
604.6465
558.6682
547.4236
598.432
576.6006
555.7726
544.3476
559.0155
539.5211
544.7304
575.3341
556.6607
547.7485
575.5408
550.3227
540.6993
570.8743
566.4423
555.7706
554.8335
576.4738
580.7837
598.8925
552.4898
546.3852
564.0884
570.626
546.3232
571.3466
562.8448
535.6215
589.5458
592.4103
600.4785
544.9391
572.8926
595.892
559.9243
540.2093
570.7034
563.5267
548.1564
581.4298
617.3776
576.8186
580.1006
588.4545
556.7746
579.1369
553.5112
572.665
571.2918
541.5849
523.0937
585.1511
578.3174
545.7138
583.5685
577.7804
566.2776
576.9445
584.2572
544.3776
533.1358
579.6896
551.6081
568.4342
556.9123
571.1309
547.9377
562.5355
560.9507
519.5324
573.7203
562.0147
593.5974
552.5175
584.9689
577.9333
572.177
561.153
583.4889
544.3153
588.5196
545.4337
568.9973
595.4995
545.7921
566.7248
579.3636
574.894
557.8828
564.3465
570.7891
550.8133
568.8655
588.549
553.3984
592.8292
557.8963
568.8726
545.9184
556.4372
570.9978
530.5591
575.2389
538.3789
553.3255
545.7974
602.3231
559.6285
550.5144
587.4887
564.6466
581.475
596.1669
555.5664
590.5012
575.7587
564.828
558.5329
576.1172
550.3497
569.7176
571.8984
545.1151
565.5158
580.6164
514.7975
560.4605
557.4567
573.6255
557.9833
531.9747
550.1181
608.0764
563.6748
563.4962
562.5564
546.1303
566.3724
560.6469
575.3721
561.6232
565.3525
550.5335
517.8244
549.6541
583.5198
551.2673
553.5588
583.7031
538.252
592.9612
558.9652
580.4375
613.0488
554.5394
573.9817
578.9621
555.0878
571.0455
571.8592
548.8435
550.6974
556.8826
568.75
584.62
550.5887
531.6497
543.5971
588.2892
551.283
548.8925
559.926
568.3828
581.0805
576.8945
586.8362
543.9426
537.96
579.3716
551.9579
567.5254
550.4953
548.7702
571.6475
570.4499
534.4717
560.4558
547.1081
524.2976
559.6071
542.6266
575.1259
590.7392
535.5684
554.0733
559.6187
576.4076
585.4335
566.3575
566.1735
556.7032
534.3049
559.7461
545.288
532.6416
596.9101
566.06
569.1035
556.7273
577.6376
615.0744
551.0513
535.0526
560.5036
580.8935
568.7645
547.9428
568.1697
566.1269
577.6123
546.8158
566.062
575.7241
543.688
535.3678
624.0678
552.1739
552.4294
539.4859
567.0056
527.8227
562.634
607.2038
572.0284
557.179
553.7145
567.9357
569.7373
583.0793
552.1432
545.6276
555.1889
572.3633
579.0148
528.4325
539.2901
571.1341
538.1012
541.7319
583.7158
560.8872
583.7906
548.1703
588.7647
528.5649
580.569
552.9454
563.038
564.4404
571.9168
579.729
571.138
519.9556
548.2961
557.5159
573.9734
578.1267
576.3949
580.1953
581.397
588.7643
576.4413
583.1461
540.006
552.3948
566.5231
583.9808
540.5489
567.5459
540.265
583.3548
609.2576
529.9717
593.5622
570.9015
544.8026
558.1453
543.4402
544.2855
541.8158
569.0606
546.1994
526.0362
566.3342
576.2827
546.3113
592.2703
553.9611
594.1881
589.3814
569.7644
577.6628
565.6101
549.9389
581.7366
618.0899
598.9389
580.5692
557.9564
571.1407
559.952
590.1527
550.5818
524.3359
590.9807
538.0967
568.2089
576.024
582.5894
592.5561
570.6727
551.7464
572.2851
549.9085
565.8041
571.2085
572.0471
575.5073
596.3941
563.7485
566.7429
559.578
623.016
586.4347
563.7398
571.9882
546.8144
572.5324
526.9427
572.2345
569.2002
555.7288
525.5614
560.2145
578.5088
552.6385
575.2093
546.9982
588.003
543.0768
572.9394
584.6549
550.3289
573.2943
573.4694
593.0292
532.7382
560.8986
582.8598
577.292
542
565.395
580.7382
556.5962
545.6045
559.586
569.1886
578.081
552.7722
555.1343
611.8412
593.5872
576.6969
538.3622
550.3686
530.0818
546.8008
541.5548
589.8607
598.6277
549.642
566.0775
572.4505
556.5274
584.4031
576.3585
541.8931
578.924
546.1872
545.0309
518.9544
539.9315
586.8862
543.8066
583.2203
545.7577
575.9952
578.5917
550.6877
545.9289
597.4076
569.9457
552.6462
584.3985
550.7834
537.5145
560.1496
535.9522
571.605
570.2637
580.7227
557.857
569.0304
533.2161
574.3985
555.733
541.9691
584.5103
563.7193
553.9859
525.1021
597.1854
565.8585
531.8754
561.869
553.6996
603.0134
545.5855
558.0223
582.397
563.1528
559.6239
566.3696
567.0973
588.7839
608.1643
545.9113
595.7507
542.7935
591.0135
604.4825
580.3974
581.1405
558.1069
536.6459
590.2512
552.3346
559.8077
571.7607
604.9998
574.0302
566.7414
547.7546
546.0701
543.7381
553.3911
567.9566
576.8085
540.1042
593.6095
593.6395
561.0944
617.585
589.4443
544.2487
594.3157
563.0035
563.5533
541.5213
586.4816
580.5553
549.4906
531.4068
548.7733
556.3438
570.4473
584.1153
552.4524
578.9761
567.6216
575.9336
579.6077
565.5089
547.9934
573.7496
562.7016
578.5814
587.3776
563.187
593.9279
567.9623
581.1094
525.6759
553.3517
569.7037
586.0331
548.8913
548.9641
555.2385
584.7084
558.8883
529.9583
562.4826
568.8659
567.5779
572.977
536.7119
533.0711
568.9474
584.9833
551.295
568.8682
573.1503
564.058
585.3101
579.0485
573.3673
545.3651
552.3885
556.2968
551.4931
559.187
555.8763
563.0309
546.6166
593.3228
546.9391
537.7646
573.9053
556.289
557.2567
547.8357
609.4472
583.7875
567.1646
553.2944
538.2546
585.3384
591.5191
564.7311
569.2975
558.1446
533.4619
590.7535
537.0329
560.3027
572.2177
532.1111
537.8291
598.0391
579.9951
558.2839
568.7573
551.8172
564.2123
596.0854
563.3456
586.5007
569.0776
567.7318
583.2991
546.5922
555.3924
582.2555
570.9466
580.337
563.551
566.4473
584.3249
569.2422
566.4392
541.1457
593.8833
548.7447
569.6071
556.044
531.0607
567.9248
602.9984
576.3331
553.5527
553.6429
550.8123
586.8334
553.9552
554.5606
592.5353
571.5637
553.1648
554.1321
590.4861
566.7605
592.8819
584.7195
569.3804
561.895
558.3626
575.8011
550.3405
576.1668
586.2443
580.6102
570.4262
531.4339
586.1653
545.2571
581.6011
560.6786
572.6216
574.493
571.6667
591.0059
563.0067
576.6553
563.4709
550.1142
563.7113
590.0745
589.0312
535.844
525.3602
548.2087
542.3862
530.0623
604.0413
538.177
601.1815
524.605
609.6079
570.6047
545.2875
583.1839
584.6412
564.719
569.1029
564.3176
563.2718
533.7954
593.2412
580.9655
561.7278
548.573
576.3314
580.3001
552.5537
576.9742
544.5461
591.8755
595.7334
581.1582
572.5669
534.8218
554.4613
585.6732
535.0711
569.1174
580.6693
539.0862
575.4599
540.4919
567.5129
559.1803
588.7098
559.6147
546.5834
589.4669
534.9127
568.5887
547.8087
558.8068
524.761
582.2177
550.4702
566.4623
565.5089
570.6133
577.0395
572.6126
541.9163
566.1643
557.0314
568.9988
567.6164
552.5288
611.5578
571.3438
591.5129
571.2307
552.8213
584.2476
554.5492
564.5975
511.2748
625.5473
589.0738
528.6303
580.2042
537.3081
556.151
573.2809
542.7775
572.3931
559.3501
536.3146
590.2492
571.4651
555.7785
547.5147
549.5855
558.3149
540.2257
542.4557
560.6484
594.7312
575.4553
573.5023
545.16
535.2732
561.5519
590.8065
566.6489
554.7404
587.2641
563.4658
558.0881
545.6468
535.1826
576.4726
567.9739
554.7771
576.1867
559.9471
545.7729
601.6986
563.7099
544.6903
557.2636
557.5238
559.5045
568.5892
552.1738
562.7575
528.0951
596.4131
592.0399
556.4556
579.4219
579.6869
557.5252
592.8211
576.9798
556.3144
518.8864
539.074
570.7087
541.8864
540.2056
567.2016
559.7554
574.2518
568.9043
558.1073
558.4162
552.3182
512.9639
568.3702
545.2546
580.8418
556.2678
537.9211
536.1146
560.7242
564.7911
560.0723
568.8909
589.0005
594.4909
544.083
550.6653
566.7676
541.8208
545.2706
583.3751
567.799
572.4961
580.0983
556.1982
554.2634
612.3467
563.2344
549.8767
553.9851
528.7277
533.1337
568.8104
583.0262
548.3829
545.0699
585.4857
556.5164
561.7232
565.2053
597.3348
543.7977
562.2694
558.0096
587.5285
575.7967
570.5607
548.7589
546.5112
569.9934
566.2579
593.8266
570.1789
593.6465
546.0344
544.1714
557.1399
581.6653
571.2928
540.3123
552.975
556.9599
566.6618
569.5898
545.1331
570.9478
568.3248
580.9379
567.2306
531.9656
582.6197
569.6555
539.1645
538.3554
594.5586
582.9939
537.6293
583.6866
572.2553
555.1767
548.9974
589.6001
552.4863
549.4012
551.8822
557.5128
568.0078
536.9221
555.8986
566.1765
565.047
556.2327
575.1468
561.4456
572.6488
578.7739
566.5923
535.336
591.6406
541.9282
562.0376
540.2313
606.0625
556.6391
550.3111
541.7929
563.2833
559.6288
593.6345
546.6599
588.3317
557.1197
551.4595
570.329
582.752
562.8323
540.5041
569.0662
573.4651
565.2231
580.5946
591.5139
561.3671
564.3617
524.8951
566.2463
558.69
573.9427
569.3822
562.2761
549.5548
555.9599
571.8088
559.8889
544.9499
576.3164
554.5976
566.3644
582.7398
546.135
529.6604
562.6367
569.8638
564.819
583.4692
576.0961
536.3842
556.7788
570.1574
549.8164
571.8715
562.5741
596.8155
540.7038
562.6475
555.4839
614.8097
553.8878
543.1374
588.8932
558.3257
555.6191
581.8318
577.7886
587.7402
532.757
566.6812
554.8302
557.777
577.6968
572.2298
559.3511
590.6826
545.0057
565.0924
577.8586
556.7206
562.8651
570.0114
550.7529
580.4844
565.0979
581.8404
554.9182
572.1043
550.0296
585.9804
583.0327
539.9886
561.9109
561.0423
603.4893
599.3361
588.4243
584.3439
576.0579
570.4933
550.5558
556.1098
582.5976
571.355
574.0146
585.9043
580.4735
585.5736
609.7038
569.0204
589.4978
569.9967
536.341
561.8546
542.8212
578.1297
567.0493
603.3852
497.9762
590.0353
556.16
563.0439
591.1278
568.0076
561.0613
544.0041
590.5786
535.4331
556.6901
597.4428
542.3911
569.6137
536.0719
583.0444
555.0864
594.404
587.7948
569.5861
564.2227
587.6042
574.0538
599.9965
527.6871
573.7965
596.9837
576.1005
534.305
579.4277
562.9666
544.016
540.121
564.9036
543.634
579.7212
591.7044
563.3252
534.9899
535.0986
585.579
555.3655
558.7317
542.0049
552.3723
549.6172
565.4761
577.1604
584.9212
565.1352
567.7207
568.7643
568.4047
559.4435
562.5574
538.7652
534.3942
593.6542
576.998
574.3631
583.1373
573.7754
630.0922
554.9115
533.6721
570.759
584.4707
544.9706
584.4179
545.3828
547.9198
565.6376
586.7435
546.4498
527.4583
585.5032
540.6756
543.737
562.2664
541.2715
592.274
567.7417
558.7595
586.1632
579.8088
579.7628
568.6795
585.4739
539.408
555.2676
566.2575
534.6036
527.592
585.3323
547.3594
546.5733
493.0434
607.5427
537.7112
549.0785
618.6577
566.4487
580.0916
568.319
559.51
554.1686
546.6214
591.245
550.3322
570.2006
537.467
546.132
584.314
552.9299
588.0017
570.5273
574.3949
565.1635
573.8516
609.5217
580.9218
546.4433
546.0552
569.355
556.9275
586.2393
564.172
560.9611
607.3502
561.3629
517.4703
592.7194
552.6952
577.6774
561.6027
567.3601
567.8678
558.4435
551.9076
557.0985
571.5847
543.752
573.8989
551.8312
594.9894
576.6453
576.6716
560.717
545.3897
591.408
547.3495
527.8537
545.8695
573.171
555.0631
546.6791
549.2983
562.6942
567.6583
574.4165
557.845
593.5271
553.7778
556.907
560.7558
565.1974
556.138
587.8802
546.1308
574.3374
585.0173
571.3003
561.9884
576.4795
539.4499
558.6877
573.9038
573.9463
606.236
559.262
572.3835
568.5231
597.8424
552.8823
579.631
564.8409
585.4455
571.8888
562.4693
562.5662
577.483
533.4597
570.5378
554.594
552.6295
560.0049
600.3898
573.7035
538.8982
550.4674
570.9083
548.5086
574.7598
526.6298
567.1431
571.9309
577.7353
532.6794
588.9161
563.4164
548.7599
584.9588
606.6482
573.6504
558.707
572.0521
577.2405
586.2603
580.2204
583.5014
545.9952
568.2111
558.3039
549.0893
585.2402
570.5888
539.9535
539.1867
533.4242
534.449
551.7195
532.5887
547.7385
581.5209
572.7121
601.9863
551.7485
555.1885
547.8266
587.6092
549.9454
577.5087
597.2923
597.2458
560.3005
552.442
578.2446
533.8238
580.3276
573.2141
539.6832
554.0358
567.4626
562.5763
557.2456
589.2751
559.8228
577.7483
528.5504
543.1527
561.9886
535.1121
542.4626
553.9226
541.4867
525.4693
549.0797
561.8165
567.6202
547.2026
573.5423
538.2649
599.9118
554.1898
606.8836
529.09
576.2838
587.5331
572.8516
554.6843
551.5235
548.6616
542.8996
577.3769
578.8429
587.6121
599.6694
576.9162
547.2068
623.1037
531.7853
530.3017
595.1895
588.0335
530.2593
528.4059
532.6005
556.4039
541.9894
581.2901
559.522
547.7433
569.7825
552.4325
590.3384
571.7059
551.1409
541.6367
569.6884
577.2972
571.0382
600.4462
543.2399
550.6182
556.8084
564.2638
566.5237
554.3734
530.0611
556.7216
570.4934
548.2029
599.4031
567.8789
576.2267
554.4637
552.4119
596.8581
571.2469
568.7675
548.9686
557.9797
554.2966
533.3963
549.3092
579.0492
589.6591
566.8093
596.1805
563.7134
578.2207
568.6277
566.3327
585.5587
585.1263
587.4637
560.485
569.5734
585.7199
564.1813
537.4386
541.053
555.6738
551.2888
531.2516
543.9117
533.5477
556.1902
541.3982
568.5659
560.6544
565.3832
562.0762
550.0882
561.1261
575.0284
593.2388
566.4435
539.5278
544.6794
567.4967
576.696
562.801
579.9893
594.1946
561.6344
514.9436
571.1497
527.3327
546.8996
561.0463
585.7232
566.6106
582.9184
560.0155
549.3244
585.6678
591.3508
564.5004
586.5346
594.4445
589.2642
576.1663
588.5986
533.4767
573.6277
555.8556
555.933
584.7249
587.6539
543.0282
609.5881
588.9433
538.9128
533.6676
555.6652
544.846
551.0908
575.2643
595.6018
530.3754
548.8917
551.01
568.1948
570.8298
581.1317
520.0293
581.9334
556.5067
600.6841
533.5761
555.9301
544.5538
588.2931
559.1834
539.2781
539.4347
564.0748
573.6921
597.6669
558.9769
580.8741
561.6474
592.7924
535.9937
551.1416
599.5185
570.2538
554.4872
569.1934
550.7737
589.8202
550.2288
558.4469
539.5949
524.3014
587.6245
573.0497
530.1003
540.3598
571.3214
524.848
576.3174
540.5245
568.872
580.6417
541.0848
601.2045
569.0406
583.3002
588.5343
557.0326
617.6389
564.4065
548.7579
577.616
558.971
585.4989
577.838
563.3283
560.9475
538.3462
574.7862
559.1088
553.2935
553.175
550.6469
565.7051
544.5233
534.6713
567.7013
607.3085
573.9464
577.8058
549.6125
560.1074
556.2876
569.445
567.0961
575.535
547.296
550.6825
572.8987
537.4262
609.356
590.7233
549.571
552.0028
574.6929
603.2521
577.369
574.279
594.4425
580.4033
562.6076
549.2387
576.7028
590.2619
565.5763
566.2523
565.1116
551.7413
554.7413
532.922
603.5795
579.114
595.5818
547.1114
555.8219
550.7149
540.8454
575.7849
579.9661
570.1133
568.0451
564.5336
569.6378
582.7862
558.3067
490.8786
575.3729
539.5845
560.1259
583.9833
572.8276
560.302
554.9692
570.7466
571.535
569.2507
545.2559
525.3928
597.0436
545.8482
577.4044
595.3621
546.0213
570.2247
564.9685
571.0336
579.747
570.6168
579.414
529.4414
610.6524
576.1391
559.2444
534.743
551.4465
535.4273
534.8237
557.0908
582.1222
602.3098
594.2909
531.4345
585.0977
557.3861
584.2554
537.7463
571.758
584.4083
555.282
562.628
540.4177
579.1853
563.517
587.6932
536.7558
535.9795
539.8441
549.5765
593.4989
554.2715
571.804
565.4303
557.0618
560.4245
546.5687
573.9786
560.5572
594.1167
550.6254
582.0071
534.7455
569.4904
581.2229
547.9673
553.5713
617.0284
565.4393
548.6178
542.9152
532.6064
576.6217
596.1793
551.5995
573.2806
556.4696
558.153
577.5939
555.3371
584.2098
573.0012
574.7377
534.3003
572.6213
545.0366
531.0574
594.5394
586.2624
573.688
546.3471
552.2741
536.6482
570.6586
564.2374
550.3461
552.6552
572.1759
604.0449
567.8035
554.0231
597.485
569.6643
529.7681
556.8829
571.7578
556.97
583.6313
554.4727
614.9592
573.4498
587.4856
541.8253
573.9721
570.7159
576.2193
526.3172
578.5293
571.7658
575.6951
543.8305
574.8988
545.8936
562.2254
549.1759
548.0891
563.202
568.5843
582.5251
532.6038
543.2787
557.7321
605.3668
559.4068
582.9996
562.023
548.3445
588.8813
543.0238
625.1907
562.2759
523.6721
551.5596
574.5672
582.3078
580.508
594.7818
544.0169
561.0287
550.3545
587.0022
629.3703
587.1762
558.7798
570.1257
604.6494
539.4786
560.5448
584.9805
585.1836
538.5996
543.492
551.3661
553.5031
566.7004
558.9829
582.8478
553.8106
556.3708
542.8221
555.7441
567.4531
548.2558
570.6025
588.3864
547.2245
575.3436
561.8198
575.1931
580.6277
554.3846
564.4508
574.3103
539.2406
560.3549
563.913
571.3756
583.6835
583.8727
578.1133
520.4184
529.1052
593.367
591.7085
540.2964
576.1509
580.4175
576.4662
562.7184
579.1164
514.5746
576.4147
545.1944
548.5194
565.5393
581.2678
567.2333
575.4029
562.7085
544.5524
548.2433
548.5964
567.6035
573.672
583.8742
570.3945
576.8923
546.337
526.3622
559.018
560.618
550.093
563.7822
589.0466
532.3566
572.835
566.4612
544.5467
545.5432
589.6954
565.4123
580.9568
555.0075
533.3486
597.6811
559.2547
589.82
543.6314
601.7452
579.422
573.1361
571.75
553.6255
547.2953
565.0272
571.4716
548.9406
570.9719
531.6936
595.3114
535.328
574.3577
553.7108
569.3303
540.1152
567.434
531.9491
538.2778
564.6667
596.4535
559.7245
596.8865
523.9004
605.1296
582.238
574.8892
579.8651
580.5592
583.6453
558.002
564.3494
559.2035
567.5483
581.3086
567.2116
549.14
586.9301
552.922
565.5605
581.1808
555.2462
562.055
533.8573
564.1924
531.3404
605.7789
561.1086
584.3039
569.0566
559.0663
547.9682
546.7818
546.1798
600.0882
572.5959
600.1693
566.6897
591.7284
553.9941
583.6184
546.8168
565.8063
588.2482
563.5246
592.9102
578.4508
544.223
556.276
621.034
570.3614
559.8964
572.2945
611.6514
586.0817
576.5134
587.793
549.9719
543.1832
593.7016
586.7863
598.448
523.042
587.1249
540.267
566.6699
536.2624
580.3839
549.9726
549.5366
562.0024
572.4697
569.7714
542.3749
581.3534
539.9453
567.7548
567.2017
543.8478
537.718
570.2132
597.6361
545.6093
579.9453
556.2813
548.6563
603.6655
552.0721
523.1231
601.2713
574.6174
611.6918
552.0887
541.3871
538.3219
572.937
564.118
607.5783
539.7539
575.8737
542.8834
571.4516
589.712
592.2235
586.6492
558.0289
608.2345
567.0908
573.9516
580.6667
535.0371
611.5086
582.0254
547.5378
544.5618
542.9227
540.0856
569.7643
539.3717
548.5698
590.1719
563.2669
588.7994
588.8284
577.7456
593.4115
569.8249
563.1115
594.3467
601.1315
567.2427
568.1104
584.0634
534.465
554.82
577.5959
581.0234
584.9525
589.2154
606.916
569.9068
551.6751
566.246
574.7422
604.2263
559.6209
600.791
556.6501
563.9904
551.7678
576.4854
494.929
539.3027
553.4074
583.0824
552.284
588.5582
569.477
593.8106
549.7836
545.8377
572.7613
557.2115
562.5437
564.0625
575.8073
543.1851
560.5234
533.4421
565.2727
541.9366
583.539
568.3553
530.1644
603.079
550.4538
532.1559
570.4525
559.6334
548.9843
558.1804
570.5401
539.4782
540.2677
576.1223
527.3441
539.0852
551.3195
534.051
548.2277
583.3092
547.6312
564.9051
538.2501
563.1082
596.4736
573.9304
571.3164
558.7504
574.4623
563.3138
554.4855
587.0154
539.1728
601.8863
552.9057
543.5343
554.7053
578.7581
540.6371
570.5733
578.3278
559.6373
561.6708
532.157
582.2846
557.9208
585.0705
580.8627
562.8232
576.8282
553.0176
596.559
553.3675
587.9425
573.8124
622.3689
581.0943
519.1442
589.4005
570.584
571.6934
544.707
555.946
549.3243
570.6665
559.6887
582.0242
575.5063
527.2577
560.2854
561.7099
561.8653
555.0607
533.9219
566.9437
563.0108
533.4032
572.473
567.6374
543.6894
576.5828
608.011
575.1366
580.0896
555.6489
563.4514
516.368
574.71
552.1578
569.651
551.3274
564.2422
565.4063
549.8116
527.2361
625.7548
570.7488
584.4902
535.923
554.4626
551.3503
565.9515
575.7224
559.5563
545.0098
567.7901
571.2759
542.4952
559.8262
589.8288
583.482
534.6979
563.88
566.815
550.6308
559.251
528.44
547.7381
560.8521
560.7464
566.9078
548.9698
549.5331
546.5397
569.2439
525.2787
519.8574
571.2649
580.4774
570.2259
577.3548
550.2553
574.0211
545.1583
558.9858
593.4442
581.5351
519.583
568.2785
548.1333
559.2004
590.8227
550.0747
541.384
566.3441
576.4336
556.2225
541.4886
599.8756
550.5206
581.1163
598.5024
593.2118
558.288
581.5309
578.121
549.6943
571.2441
542.0265
570.982
563.9561
576.695
558.9057
586.253
566.9212
557.625
546.9893
591.8852
575.8867
584.7051
572.0808
578.3976
529.2932
611.5485
580.2524
603.5148
571.9929
561.4415
568.461
545.094
591.7685
505.9551
579.6003
553.1368
561.8222
590.1273
568.9266
580.9412
590.4061
601.4335
518.7078
584.3881
548.8904
577.3153
539.5261
543.9116
598.4264
586.5532
547.2717
538.281
572.5351
532.0589
554.9345
556.9545
557.0255
582.2337
580.877
593.6222
612.4676
551.1712
592.7283
575.0521
602.6327
593.7673
605.1973
550.9302
547.9221
578.0736
522.1937
579.6676
599.9852
547.9814
562.7779
543.6846
553.3571
592.737
554.5623
567.37
584.7849
591.4294
585.9599
562.2296
564.1913
582.1072
582.2546
578.7628
571.078
588.7775
554.0993
621.7347
561.4821
571.5714
580.8896
559.0434
578.8174
594.4621
531.9924
568.4365
556.6289
588.6372
558.6331
536.5984
546.4702
574.7829
561.5097
570.1998
550.4347
558.0463
573.6001
594.3596
592.2929
534.0243
599.5608
548.3811
567.3194
542.6408
548.267
577.4702
544.6885
555.511
532.2144
595.8111
582.8616
547.7621
522.5418
584.4484
568.1469
563.9641
576.8553
602.7275
570.0156
569.698
542.7188
599.2312
531.1405
601.2545
608.3822
547.3317
538.5335
574.2379
617.3191
581.5455
597.1247
585.0738
523.0079
579.6222
564.827
544.8486
560.0773
577.2018
575.8083
567.4189
536.8461
562.8735
562.9973
546.8321
557.78
550.1446
556.446
553.9055
578.2646
565.2276
575.349
514.0977
573.5981
551.733
566.5082
572.6917
578.1858
537.5498
599.1749
572.066
565.0397
590.9293
588.1842
599.3412
599.0514
571.5404
575.1184
564.0708
554.8233
554.4395
537.2739
582.3984
555.2559
489.8278
547.4816
535.3368
540.2623
568.3333
566.2451
569.0801
528.5926
577.8671
633.3591
558.532
561.3072
579.4467
589.057
580.4587
583.3566
550.6823
549.0848
545.6196
536.4916
577.8663
545.602
552.0657
563.9025
551.9087
586.0232
574.0403
547.1603
553.1556
577.3373
576.1807
531.8273
538.5875
545.6673
531.8831
589.8454
560.4413
566.0983
592.7817
601.9629
529.5535
536.9602
580.8978
554.9619
565.1548
523.564
561.0793
586.2969
521.2502
568.0044
563.9201
580.8433
571.1638
573.8722
569.8831
539.8803
582.7425
575.9434
558.1044
595.245
572.24
577.0711
585.0009
554.2555
552.1737
548.639
527.7969
554.336
577.7393
541.4936
552.5688
574.6248
578.6074
581.3191
519.6226
584.9608
541.2379
577.1268
597.644
602.0953
581.3734
542.4675
559.3921
582.7503
551.9942
599.3539
582.4383
553.9028
548.3047
560.9402
537.537
547.7988
572.8604
553.036
561.2691
539.7383
567.9503
613.0165
573.5332
568.3457
569.536
597.4512
578.1938
531.9846
592.3917
563.8092
546.4541
572.7667
593.2091
537.2413
549.8662
547.0762
547.8808
567.239
592.7036
578.3624
530.8702
566.5467
610.2466
547.7594
564.5104
590.8165
535.0869
566.3273
540.5572
542.4441
585.5745
584.1885
531.3918
580.6985
557.8312
557.0133
566.6808
533.8819
613.1216
553.8322
547.3199
578.1855
528.0567
560.452
576.6824
521.265
620.103
531.878
566.8953
578.3927
528.7191
599.2587
552.9587
562.7885
563.3806
550.5582
557.4158
530.3799
598.057
583.0939
577.3228
552.439
566.7841
582.0472
555.3878
548.8945
584.2867
592.4499
558.657
559.5992
552.1241
566.0889
561.6516
565.9273
536.6562
557.6918
514.6289
587.5825
543.2175
557.5426
539.1958
569.8025
539.8229
597.4615
584.449
588.5798
599.7722
538.2406
565.9105
540.0372
564.9223
552.1292
536.0001
572.6603
569.1321
580.2141
574.5864
557.58
560.1232
569.6675
549.4107
581.6633
604.0025
555.2285
581.2824
558.9526
593.2058
573.6312
547.4046
568.5302
567.4305
539.0921
529.559
581.8585
565.4776
538.6442
552.6933
565.0101
553.3517
545.7306
574.1101
575.2673
601.5207
593.4678
565.142
593.7791
549.9358
589.2913
567.7242
574.0502
550.0378
587.3038
590.7579
537.5552
601.4382
565.7604
580.5882
573.0388
546.6541
576.3346
584.778
550.1496
564.6573
596.2461
542.868
572.8993
593.8043
552.4022
562.1113
563.3703
623.7096
556.0571
585.4338
563.481
568.1053
537.4095
536.771
582.4278
539.4177
558.391
538.2875
551.9636
578.8972
600.2652
551.2685
560.3771
538.3965
556.9314
546.4723
579.7463
568.2696
580.9542
544.6562
606.4378
553.5745
568.1225
566.8684
546.409
571.0461
563.4509
565.8335
562.1996
580.1878
588.2721
506.7648
565.9521
535.7085
568.5794
580.7792
513.4966
603.2454
570.7839
580.0952
550.5603
539.114
551.6958
577.6426
549.4623
530.6406
543.5473
587.6277
543.8562
549.8683
571.4696
576.2566
539.2683
588.9375
542.5509
601.9683
576.2009
566.6651
583.0842
554.0909
530.2769
577.1622
553.3297
540.8818
526.5833
562.1322
557.9019
544.2736
560.9582
582.8355
573.6029
557.5387
589.9519
537.772
542.7625
597.0437
571.3674
582.7126
544.2752
554.1145
568.4132
559.2563
547.4378
557.3199
575.1233
617.7272
557.3353
554.3421
567.3951
605.9489
566.8255
583.5532
545.1393
569.8059
553.6819
548.4523
561.4374
565.6578
573.3701
577.5025
561.2899
571.4766
564.9701
583.14
543.1962
566.3899
556.4747
571.7932
592.6483
594.7898
543.0719
579.4845
508.6453
541.1515
591.6169
570.8923
564.1799
561.4002
547.2109
571.4951
563.6031
567.1199
594.2713
558.64
557.0679
518.6587
542.6279
573.9383
575.9791
570.6423
542.5133
551.324
586.2509
560.4155
547.0176
547.0597
549.5149
605.1003
524.5494
564.8566
558.5854
579.2266
572.5594
533.4499
579.4264
562.6272
552.5439
557.7335
566.657
541.9423
540.7614
589.169
598.0335
558.5388
553.9821
581.6753
556.2088
556.6726
557.9831
588.5788
579.4095
575.9469
581.4365
570.2916
564.5684
548.7276
569.0782
576.7572
602.0181
558.0682
564.447
535.5662
578.0832
545.9899
558.1328
594.4377
586.4282
527.0805
542.228
543.8767
570.262
561.6519
572.428
595.1507
538.1436
530.0347
539.7431
555.93
562.1393
584.3006
589.0488
565.9762
537.9061
550.7635
558.956
560.1092
577.2351
504.2656
562.2991
562.3153
587.99
545.258
523.5532
575.9948
581.3519
560.845
580.5603
540.2172
575.4782
597.1195
522.8104
550.2673
557.7858
602.2832
543.9964
589.8584
571.6096
540.687
527.9243
571.6446
557.1602
548.6998
567.8262
578.5983
558.5116
568.038
592.6312
577.4694
567.5994
591.5417
553.0093
558.4747
571.0454
572.5713
532.2252
594.381
536.9176
572.5527
564.6907
561.1764
575.3137
575.7461
552.2568
556.6877
599.4376
592.6797
579.3611
581.8229
533.9141
577.9966
579.7877
572.1721
555.6548
543.4929
529.0845
588.5633
601.6055
583.6263
571.4624
545.5135
588.4351
556.9772
562.1558
565.3425
554.2232
554.1569
554.8538
542.848
576.1702
573.2593
565.2295
587.2139
554.2643
536.8698
575.6593
562.1414
583.3567
537.1297
555.7953
583.9621
553.6204
545.2101
540.9595
558.2679
512.2272
554.6729
553.7612
561.6553
571.7758
563.8466
571.7764
586.9247
629.4555
586.3942
572.0832
573.0982
562.8761
553.9666
560.3829
582.6996
592.5018
571.9676
586.8081
554.7217
588.9866
578.4568
592.2093
532.789
567.2548
547.5469
532.3564
624.2322
561.9002
542.1118
566.9788
553.291
533.6419
537.6798
576.9307
582.7015
598.7662
564.6204
595.0762
544.467
579.3834
560.9932
555.9805
546.7521
549.5215
556.1248
553.0383
545.9605
566.1147
567.5977
580.9881
541.7454
561.3237
544.064
563.1859
561.6934
562.7399
560.2144
567.5729
569.9677
535.1978
586.3017
557.6625
553.7203
571.1829
541.9071
549.6419
546.2807
536.5755
579.744
577.9785
498.4343
574.8239
549.9204
572.8541
547.2281
590.5538
573.0279
550.2376
575.126
583.1271
564.2434
550.4266
572.6997
551.016
560.9579
543.3619
561.7421
557.4741
587.0254
573.4276
582.5233
556.8833
507.2082
573.654
565.2342
576.9952
573.0482
553.4393
564.6254
588.8758
577.8731
521.4531
582.3923
554.6363
575.2713
520.2138
582.4368
557.7548
539.0765
558.5304
581.6891
515.5062
550.2427
554.9279
586.479
531.7345
564.7902
601.4984
584.9083
586.0395
564.8341
579.7869
539.3017
554.0048
557.6954
544.0035
531.2481
587.9026
560.3253
572.8197
548.8108
590.5914
576.3995
557.3402
541.3656
555.4435
566.7853
557.0434
564.9013
544.5584
557.2512
542.7222
555.3876
569.2014
549.5931
542.7669
554.7985
568.37
603.7718
546.3848
537.7394
548.3139
584.3612
533.0257
550.0552
578.4077
533.6514
552.683
567.2417
552.9663
541.5481
587.6727
575.94
558.0435
585.3948
588.36
573.4487
548.4735
546.8913
576.1372
575.3647
543.6408
571.7864
548.7894
488.7612
552.1694
587.2452
579.1164
589.0574
552.5829
564.152
543.2005
543.6091
585.7435
527.7245
542.1664
555.6953
545.2135
563.1254
561.234
572.347
565.1157
602.6141
572.7178
551.6676
594.9257
548.904
584.2274
514.0704
537.7334
556.206
556.252
605.2283
573.2427
531.5435
562.8755
568.7997
550.2271
552.1294
565.6801
563.2432
559.6683
530.2156
573.2161
552.5883
526.1874
576.4452
564.7399
563.5801
531.7867
592.7548
536.1706
573.0778
548.1149
549.054
560.7325
574.4651
568.6803
580.7086
537.1476
555.8413
576.3398
565.7855
568.6748
548.7342
559.6473
572.4317
611.0336
527.8456
564.1701
557.8027
574.4756
558.7029
558.4432
570.4641
545.9725
544.7607
587.8098
541.4755
568.8841
554.5606
561.5884
547.9144
594.8491
560.4738
595.1782
555.7408
583.4413
539.6137
601.6899
612.3247
556.3016
542.2969
541.5905
546.118
544.932
582.2392
557.1878
563.3412
572.4689
540.365
570.7959
567.3663
547.7595
567.537
570.7679
588.0142
583.223
570.2332
578.7611
588.4875
545.4085
587.7853
567.8901
542.165
586.9365
578.663
573.3974
561.5669
579.2216
567.512
591.8268
590.4111
579.9788
557.3835
581.3528
613.6402
578.3054
567.6577
578.5248
576.6996
560.8312
539.4506
547.4235
574.9022
587.5943
597.906
590.2315
551.2905
570.6111
556.9152
555.116
543.8255
574.0605
596.0868
572.4076
564.9177
524.2742
526.7166
590.8595
584.225
564.1431
556.193
583.6806
545.0093
549.4179
594.7113
580.0965
575.6826
569.6998
529.1008
562.876
584.4625
565.4456
549.9358
534.2285
575.4732
550.303
530.8023
552.0616
586.7264
571.9452
573.3501
544.7973
552.0907
556.8976
555.4082
551.9778
565.8547
553.8511
543.1453
586.8679
543.4272
586.9269
562.8336
548.7937
560.8834
593.7545
567.4496
592.019
562.9117
558.693
599.9491
595.331
531.3411
569.4206
563.6062
555.5205
568.6999
570.5441
541.3599
569.0711
587.1634
551.7778
567.5376
544.3155
558.0467
556.1301
532.0278
552.0119
558.8419
575.6497
541.7807
562.625
562.8348
578.7026
579.9099
585.041
536.2064
520.7124
568.2057
573.3212
597.3882
574.1061
592.5319
552.4547
541.6687
543.1968
568.92
545.3304
551.9912
587.6278
562.2807
539.5236
543.4699
522.2535
577.5027
575.9685
559.4447
558.8957
581.8613
580.9581
567.1849
555.5244
524.291
593.7922
594.6918
542.3878
574.4686
571.0026
557.1268
553.3854
563.4189
571.7086
506.7072
566.5885
551.066
559.3063
590.7735
594.4644
578.5679
602.3956
538.6712
586.8053
540.191
562.774
576.2558
568.491
549.4737
568.7122
570.2691
531.763
566.2299
587.383
567.8033
593.5817
560.5845
562.7298
552.0361
554.2917
559.0039
565.7857
568.4062
558.9424
593.6867
588.0863
554.6496
554.694
555.9951
561.001
577.5479
610.5396
556.8698
553.3838
542.5411
602.681
575.6596
571.1712
588.6632
582.3322
552.3337
586.9508
563.3391
548.7509
568.5416
544.4474
561.1088
585.4654
550.9354
591.5401
570.8089
575.5462
565.0024
551.69
562.2652
551.2513
527.3438
530.9166
568.4556
555.7734
556.6726
529.8907
576.4135
609.0379
600.6486
573.287
561.7736
559.1674
560.7873
564.1575
566.1571
606.0929
573.7448
565.5407
526.1415
587.2153
586.3737
555.3298
582.1119
596.2695
551.2557
572.5629
574.853
581.488
593.9772
607.9267
566.8711
569.2529
581.4588
574.4956
571.2378
570.5834
557.9102
570.9635
575.6336
580.3153
539.9088
569.552
560.1952
574.5204
568.934
558.1814
548.8156
548.1491
582.0467
543.5606
573.0889
544.1071
535.1465
575.2436
556.9479
586.6807
562.9462
538.1663
582.5964
568.9099
570.9746
559.2464
575.1007
556.8836
566.6286
580.81
545.2451
586.5186
582.6213
534.239
563.9317
520.5567
555.173
555.5477
571.2488
568.5254
575.5407
550.5445
565.1799
577.4578
556.3581
562.9863
556.2418
564.9993
578.4217
563.2305
565.3577
550.7027
573.4338
602.1476
592.5469
571.1114
542.5932
583.4731
553.5697
559.2022
582.3952
561.4312
531.037
558.574
583.4394
540.1595
558.462
580.1075
553.4392
579.8201
561.4227
501.2527
575.1103
582.5092
632.3176
569.9519
513.4737
568.6057
536.5968
546.5938
573.7715
559.2902
586.7502
602.8841
566.4204
567.3925
576.5626
529.9531
574.1706
533.8574
529.1289
560.8837
537.3295
639.0228
568.6305
563.1699
538.2036
542.891
571.646
568.9411
575.2006
579.3155
528.6611
564.683
591.165
608.3266
567.4673
551.4456
602.8552
581.5548
559.3469
593.072
529.9987
609.7749
550.8941
572.0889
591.7258
605.9199
562.8711
564.2862
563.6915
550.1953
536.2353
593.9962
551.3815
552.1283
576.1395
585.351
572.1872
591.4686
547.1574
570.7463
566.2167
590.295
547.982
539.8973
556.9334
561.8713
553.1991
558.7472
535.6865
573.1347
562.7118
556.4979
527.0851
576.5292
569.8792
591.4339
557.2463
544.7238
541.9905
586.9333
554.8981
572.6158
569.5002
571.5317
541.4691
589.7799
582.5971
558.0976
552.8895
591.1598
553.9789
550.4815
522.3416
543.5114
553.6134
566.7795
577.9745
561.335
556.1169
524.3522
579.5226
574.2411
606.7954
584.5311
540.5184
579.4896
576.7763
580.9303
569.2092
554.3856
625.3031
556.9133
582.9188
531.8135
558.5391
517.7842
548.9036
544.7751
527.1456
565.1586
558.6993
512.0302
559.3855
581.0063
600.3641
548.2104
562.478
584.6443
594.2669
571.1199
598.5875
516.1896
559.8733
573.3057
555.41
597.3467
567.7882
579.7348
563.1548
598.5428
594.9725
589.9247
563.4506
566.1175
566.6571
605.7353
561.3349
560.9712
571.7901
593.0504
572.6197
583.9121
569.0943
584.442
594.4333
601.3459
562.517
547.8807
560.7803
561.41
575.7801
570.4176
558.165
560.1556
567.1692
552.0384
544.248
521.2838
563.9295
552.4152
532.9221
553.7084
576.0793
586.921
616.305
581.2551
546.8814
575.9368
531.355
505.2234
585.9957
562.8582
575.1279
542.9159
582.1531
582.6249
533.7859
560.6676
572.6198
596.6838
565.9354
574.1457
587.4386
569.6363
573.7068
575.9391
565.8404
553.3789
555.8193
541.9834
600.7253
554.7758
554.1722
512.3687
573.7538
548.7863
560.8541
537.874
590.2519
580.1581
574.7163
542.274
566.1204
585.661
569.7635
576.5946
572.4968
562.9326
570.9741
589.846
599.6574
554.8653
533.622
561.4297
540.7065
521.511
600.9045
602.2226
562.1077
621.717
582.1447
575.3244
556.9458
565.3387
562.7506
572.117
532.1712
611.6667
561.2203
544.2591
551.9633
573.5326
523.3121
593.9937
546.6296
573.7087
571.6393
550.4672
610.5044
554.7366
579.5078
518.7809
561.3513
549.6579
582.4974
533.1401
566.5111
612.9458
588.2886
557.7648
555.8685
586.0518
577.4959
550.5177
555.0595
594.4121
572.3907
536.8999
546.8124
544.5324
549.4875
590.1474
565.1993
531.4898
565.8024
574.9984
553.4882
585.6786
532.0404
568.1957
589.6625
582.4915
540.6594
608.1559
568.4378
559.3833
554.5268
590.799
563.3596
565.7539
583.6174
536.313
531.2323
567.3957
549.8207
581.9543
546.5374
548.9997
567.8464
574.4104
552.4604
566.2466
572.7279
575.0366
564.0944
565.1414
540.4606
561.2249
571.1005
592.441
590.0038
571.9124
551.6957
543.2636
577.7206
575.015
555.3012
566.1629
571.571
571.1238
554.3278
590.9793
563.158
568.831
582.801
578.0258
560.0366
562.3741
558.6028
594.4299
562.6688
566.2627
566.2963
577.7759
571.6246
547.6614
570.3128
558.0527
565.578
566.2399
585.91
577.8608
558.3179
557.3823
539.9749
574.1797
545.5199
562.0862
541.4559
559.9851
578.6448
529.2425
582.5712
565.3652
560.0167
528.7999
514.3176
554.6742
581.1053
556.1175
590.3149
543.488
579.684
534.3467
550.2388
522.5047
568.8139
630.8466
563.8079
566.1053
564.8033
558.6526
570.3913
556.394
549.562
560.7934
596.397
542.8158
520.2589
609.0856
581.2509
598.2881
561.3369
579.9246
543.8271
551.6185
525.7017
563.4334
545.5066
589.5719
576.632
575.417
549.2122
592.1753
549.4981
594.456
583.2776
598.5108
530.3735
604.5251
568.3358
563.1826
553.7792
599.5424
578.1782
559.1361
549.8134
561.9865
606.7843
555.2436
560.2978
556.7135
556.7228
592.6622
564.2748
594.4091
578.0912
565.823
538.4033
560.3618
613.666
576.9079
555.0387
580.5931
570.882
551.4161
562.3037
568.6565
555.7139
583.9205
549.4336
551.886
571.4313
559.7192
551.8153
569.4794
597.5009
559.6507
549.9052
534.8114
545.5418
572.7805
587.0155
532.9416
559.0016
594.6626
581.7693
552.4385
555.7086
566.5982
572.695
569.5802
528.5122
542.2092
560.7115
567.1422
587.0282
572.8835
577.3123
582.3361
547.9778
547.4795
545.0561
572.7932
557.8431
551.4684
576.429
585.3285
567.4157
566.3178
572.7459
583.495
580.5439
547.0487
576.0855
548.9079
557.8125
573.6593
577.1373
561.8899
573.1134
557.736
535.3599
568.8313
582.1956
544.9411
591.7023
560.6921
590.9081
542.259
558.4568
556.7417
561.4386
575.3794
567.9405
564.9653
558.4339
560.5766
564.6135
574.5336
548.6399
629.6878
575.6642
536.9376
585.2238
587.0889
544.885
521.6358
579.5013
561.1763
578.23
539.3935
577.1243
576.6171
557.6918
621.7777
582.3488
563.6417
566.395
555.2885
546.5743
571.8006
547.9463
576.3038
564.4194
548.0978
543.0438
588.3589
539.7286
507.793
538.1054
557.8287
564.4056
567.5838
573.6706
527.0431
563.4437
555.1404
530.9768
528.2076
604.1414
562.4819
578.0942
581.0438
535.9396
547.1544
592.1137
516.28
525.149
548.247
563.1217
536.0918
549.4453
579.8686
553.9153
595.9309
514.9014
547.0598
593.5333
533.582
540.7402
568.7829
550.7509
559.4753
556.8674
586.731
598.3673
579.1739
567.7118
547.3024
574.6081
572.8602
579.6837
571.1831
570.3031
585.459
554.8665
557.4836
564.5902
557.3366
568.5715
570.4973
568.9907
583.0208
587.5955
524.907
554.5499
567.93
568.7182
594.7767
565.6058
556.0374
590.4904
564.3801
561.086
544.1802
571.5862
576.0881
541.1214
551.2471
574.2204
594.0639
565.5924
548.3774
599.6637
560.8814
554.2648
590.1286
585.5879
582.3724
579.2555
563.0131
564.6747
565.978
569.3962
563.5955
558.7372
574.0406
559.9585
614.8624
587.2544
528.5246
593.7648
584.3491
581.4527
581.1723
586.0813
518.898
567.7323
540.124
564.9121
595.1288
541.7375
547.9009
546.0904
572.0592
570.7471
546.333
596.9708
604.3888
576.9993
575.255
564.0145
548.9934
561.2428
575.5612
562.3623
597.6012
554.4355
555.8527
569.7625
548.4359
554.8981
569.4565
615.2616
589.1077
533.6058
559.1841
582.9019
569.7272
575.832
552.4779
567.8573
548.6767
558.7401
567.5372
566.7658
562.2839
555.2506
570.6028
578.6529
557.9729
585.7789
546.7483
568.2109
559.8494
564.2894
555.826
558.4585
575.5482
551.219
547.5885
565.5514
577.6045
554.6488
548.3574
549.7051
545.9053
603.3133
558.2985
571.3648
566.788
541.1369
568.0143
567.6364
572.9788
552.631
592.3992
547.5267
563.2822
563.1941
558.5842
580.3864
575.153
576.4394
575.9353
588.7369
541.6386
611.1518
566.2767
568.7127
567.1597
570.874
550.1688
593.686
566.7971
568.2637
537.9996
546.7172
579.7741
585.4662
536.4108
570.7591
558.8956
596.9001
567.0821
567.4516
541.1352
566.0739
580.8437
545.2939
575.6583
574.4311
586.3833
577.1135
570.9458
568.6626
529.4271
596.556
558.1462
550.1991
548.7949
578.3377
581.3936
587.6134
560.8544
574.8727
580.5378
568.3083
560.4389
562.9861
552.3598
593.5572
597.8106
590.4332
563.9874
538.6959
543.4533
558.2569
565.8377
553.1759
578.3911
569.4312
557.892
546.7451
606.8979
573.8697
565.7444
582.5348
556.0792
584.2012
552.4979
596.078
535.8494
544.1094
539.7593
551.2073
564.9707
583.332
552.0346
578.4243
540.8878
563.379
527.8402
563.391
572.8151
533.5453
594.5479
553.6484
559.0285
550.2669
529.5447
559.4636
561.2902
551.2661
559.1656
609.3018
535.467
599.2624
541.5406
549.842
542.8983
580.932
555.1864
567.0189
595.1207
577.5432
554.1832
528.7832
541.1784
543.2863
535.6505
566.4027
544.9684
563.7576
537.33
578.9239
596.0692
575.8468
617.0921
560.4783
565.4622
552.986
572.3157
576.2998
539.829
571.5607
550.5405
588.8772
533.5303
593.4167
532.6919
578.8322
549.8558
552.3747
550.5916
558.1134
544.4523
561.8642
579.1604
583.3197
567.6233
546.6014
580.7246
557.7119
578.8267
535.7027
577.5624
579.3189
574.3604
613.4057
571.5471
552.5272
575.8819
576.1879
556.802
555.7444
555.8744
585.7266
558.293
541.8402
590.0152
554.5008
559.6719
551.0892
569.2213
591.2081
540.1785
579.991
583.6616
558.7757
547.3951
596.2867
556.0222
558.2021
543.7383
535.9859
546.9321
573.743
521.532
584.3988
541.5561
597.7206
559.879
579.063
587.0785
524.0065
587.6425
597.2363
613.6934
571.9181
595.3454
549.6016
585.6982
562.981
593.3333
567.2523
574.6538
557.6196
552.6189
557.1536
603.6769
544.4517
547.6634
551.287
569.5711
563.0416
599.6534
560.9221
546.8452
523.6033
562.3434
562.4052
549.6401
551.033
565.7667
549.5457
541.1542
611.9944
546.3072
555.6053
583.0006
539.3614
544.2185
606.6413
555.1707
534.3446
549.7642
583.4559
580.5653
584.546
573.8653
569.2429
583.0891
572.2838
579.4344
557.2008
556.6446
622.7773
523.356
582.7024
571.787
576.0366
577.0271
560.8139
597.7679
573.4879
610.4923
561.6277
557.2884
608.4324
530.2634
530.6006
596.4366
544.3269
557.1334
551.5604
536.2221
600.5129
549.8144
543.6117
573.2971
611.8264
577.4857
551.2298
576.1673
536.5272
562.9385
539.6968
567.7488
544.9662
570.763
585.9181
585.6721
583.5797
574.8534
562.4436
572.7256
569.3217
556.3657
557.7288
597.7743
563.7773
551.1461
565.2404
584.544
565.2402
549.137
590.0403
607.797
539.214
584.2937
571.8825
574.4231
544.5802
596.8271
505.0321
563.9087
556.3363
593.683
560.1502
612.6251
581.1786
551.1924
616.2862
552.5808
552.8528
551.0101
571.5168
550.156
560.6291
565.8184
546.1165
547.3958
521.8836
546.3607
549.1962
565.9065
558.872
523.654
577.4386
546.5825
563.8838
583.6663
568.7948
563.7139
583.0608
558.2221
566.2206
550.6141
570.1904
535.8751
564.5708
574.7396
595.8617
561.703
523.1599
550.9846
531.3587
568.513
592.7002
549.8668
563.2601
572.4208
561.4381
575.0613
566.5629
552.4077
559.554
517.659
546.4056
618.4212
581.7748
587.9355
577.9248
564.8091
583.436
577.4207
543.8085
585.6184
554.7647
555.2126
604.095
539.9493
543.282
558.0074
565.9753
546.5323
505.6272
568.5354
594.0198
619.9132
563.4806
537.0348
541.2217
562.3502
546.8905
539.9324
562.3397
586.5446
586.6971
575.4918
625.4123
586.3462
586.6215
575.2574
523.4127
561.0938
556.0305
543.2141
562.2555
590.958
555.074
523.4066
541.1034
548.9714
570.7001
558.6525
559.054
644.8008
586.3626
584.0523
565.8171
554.4722
595.5743
563.9339
563.2979
535.8401
565.9035
550.8761
581.9042
559.8879
576.5642
534.817
561.4722
561.0773
512.2476
588.4237
586.61
517.2824
548.8093
551.0236
579.2945
578.7361
536.9616
558.3758
537.0493
563.8425
575.726
570.1117
547.3719
555.1144
551.1603
522.5463
564.1362
577.8329
515.6695
550.8776
541.891
587.8611
575.7839
552.2257
518.9728
570.013
611.1064
561.3179
567.7152
584.2284
569.1284
