0.09336639
0.07522907
0.05531363
0.0778666
0.09049719
0.0974844
0.07382056
0.1037803
0.09491615
0.08255339
0.08435224
0.07544257
0.06179752
0.09076581
0.1097886
0.09219049
0.09589301
0.118326
0.07987203
0.09587855
0.07722689
0.0750535
0.07075698
0.06434608
0.07638771
0.06987008
0.07046104
0.1320689
0.0528913
0.07691935
0.08037716
0.109086
0.0733016
0.08403542
0.08304197
0.06449487
0.08128063
0.09324055
0.0867428
0.09469695
0.09180017
0.07044122
0.06517756
0.06764575
0.06582716
0.1216993
0.0613225
0.08765046
0.1205418
0.08989515
0.09679086
0.05761639
0.05772706
0.08309504
0.08542825
0.09655533
0.07256119
0.09467826
0.0938666
0.06963025
0.06420805
0.05468395
0.05497506
0.09511331
0.0972826
0.08444527
0.05892097
0.08649028
0.08176421
0.1005854
0.1101848
0.08602469
0.08057427
0.06254496
0.06554707
0.0706777
0.07244423
0.1062139
0.05712153
0.07363132
0.09021343
0.09571007
0.09626557
0.1163053
0.08201248
0.09312805
0.06889565
0.07144098
0.0964342
0.06992009
0.08503263
0.07134758
0.07120856
0.08548211
0.09560689
0.05744444
0.07588801
0.0839835
0.09649999
0.08186814
0.1101494
0.1022305
0.07901748
0.0741972
0.1359741
0.1101167
0.0967186
0.07823416
0.05839077
0.09931938
0.07929675
0.0974254
0.06431906
0.09255134
0.07166206
0.06305381
0.06558896
0.1130127
0.09720132
0.1006197
0.0943639
0.08600982
0.0974776
0.09242502
0.08528153
0.1171063
0.08808331
0.1058914
0.09960088
0.07175372
0.09888358
0.1159701
0.08090668
0.08658228
0.1018007
0.08349162
0.1330447
0.09677138
0.1083788
0.0904975
0.08426188
0.1317952
0.07200453
0.07828453
0.1086028
0.08146519
0.07520449
0.06965312
0.07128322
0.1167171
0.1030944
0.1110446
0.07178649
0.08829691
0.0885622
0.07122394
0.09917013
0.09033368
0.06371243
0.06822718
0.07643449
0.08003037
0.08991854
0.06585621
0.08620273
0.05833868
0.1028968
0.1028999
0.09019624
0.1125508
0.0954227
0.09317634
0.09672322
0.1420587
0.09582794
0.06898125
0.07833366
0.06299273
0.06778655
0.0679372
0.09185374
0.08995624
0.09538251
0.06879274
0.07382494
0.07837082
0.1124588
0.08254766
0.07815214
0.07469937
0.07129098
0.1048925
0.06459859
0.07307564
0.06970715
0.06146721
0.1044621
0.113162
0.08617243
0.09695114
0.07382926
0.0870807
0.09597478
0.1313959
0.1144558
0.1225255
0.1297615
0.0861454
0.09211003
0.09656109
0.1228978
0.07007298
0.07339029
0.0884224
0.08336784
0.07511004
0.0978425
0.07931714
0.07480917
0.09691754
0.1048812
0.111404
0.1043439
0.05974858
0.09522206
0.06316087
0.06915994
0.1031158
0.1269386
0.09581512
0.1310169
0.1011002
0.06849082
0.1149105
0.05860693
0.0648333
0.1031277
0.08136911
0.08734528
0.06587222
0.08598135
0.06766018
0.1024248
0.08547961
0.07328983
0.09665316
0.1055833
0.08817645
0.09794778
0.07975427
0.1009376
0.096448
0.07025627
0.06535044
0.08499476
0.07842311
0.07568161
0.07927806
0.07629116
0.09259073
0.06330844
0.1062696
0.08440676
0.0748423
0.0955489
0.07150136
0.1260892
0.09583693
0.1306254
0.095042
0.07169321
0.06069301
0.05921614
0.07711091
0.07101909
0.08842539
0.08404333
0.08157897
0.09822977
0.1047861
0.09420794
0.1453476
0.09738913
0.06641562
0.0714101
0.08272117
0.1250508
0.07678804
0.1037282
0.1048043
0.1335531
0.1025442
0.1029963
0.09296243
0.09937583
0.108072
0.09464862
0.09363369
0.08744234
0.09721245
0.1051707
0.1185601
0.0922598
0.09914636
0.1005978
0.1283228
0.1034466
0.1168546
0.09809331
0.09698545
0.112391
0.08107929
0.07218871
0.0953257
0.08983137
0.06907589
0.1037545
0.05331489
0.08874863
0.1064244
0.06653949
0.04608498
0.06636122
0.08380395
0.07369015
0.08684879
0.06751576
0.05463507
0.06547558
0.06710179
0.09810596
0.1118146
0.1140512
0.09057064
0.06839844
0.07113502
0.05033633
0.06455284
0.09076116
0.07121967
0.1039274
0.07558208
0.08558631
0.06272721
0.05517229
0.06394493
0.07372955
0.03980599
0.07235106
0.03137457
0.04784115
0.06590437
0.1080513
0.09906414
0.1018438
0.104627
0.06145947
0.1096406
0.07843168
0.1106052
0.07424812
0.07195874
0.06646915
0.09500887
0.05959928
0.0541727
0.08081472
0.06756004
0.06514676
0.06345697
0.07808408
0.08008165
0.1059782
0.1035764
0.09863617
0.1090357
0.1055918
0.0804049
0.08446704
0.07004186
0.06990813
0.05764225
0.07093301
0.05866378
0.07504454
0.04773057
0.0897228
0.09513725
0.05339389
0.1408546
0.1245139
0.08567116
0.1026505
0.06283405
0.069808
0.08704264
0.08711333
0.07402029
0.08325187
0.07488137
0.07274962
0.0667479
0.06889654
0.08674819
0.06701356
0.100381
0.1131808
0.100314
0.102029
0.08907732
0.08106033
0.09607755
0.1129577
0.09856846
0.08646767
0.1014937
0.101344
0.1000873
0.08191426
0.1020786
0.08830419
0.1195029
0.1010597
0.1149237
0.1077138
0.1243084
0.1035185
0.07472648
0.06994445
0.09098037
0.08492726
0.05127317
0.06004669
0.06688603
0.06881055
0.05763927
0.051396
0.04629243
0.09121924
0.07660229
0.07059975
0.07353019
0.06648454
0.1027279
0.1150831
0.09670804
0.1044081
0.1105167
0.117396
0.1173963
0.08962698
0.07191913
0.1099117
0.06446989
0.0555701
0.08458047
0.0601325
0.05735917
0.08006494
0.0714072
0.06888128
0.05890984
0.05607473
0.07002966
0.04372636
0.06650181
0.1019319
0.07003374
0.07743413
0.07608522
0.08628778
0.1028506
0.08958067
0.07242488
0.08000336
0.1016627
0.08073804
0.09662462
0.09756937
0.07968396
0.1077613
0.09651122
0.0573957
0.08634332
0.1052522
0.1081335
0.07776389
0.1297018
0.07824174
0.1312821
0.08877583
0.1106937
0.1307025
0.07784777
0.1020687
0.08608064
0.1034724
0.1033966
0.07357451
0.1218511
0.09856951
0.0681932
0.1068778
0.08715237
0.115502
0.0996085
0.0839622
0.099783
0.1111833
0.07602978
0.1483205
0.06939991
0.07959564
0.06359798
0.07027118
0.08364934
0.100227
0.07481233
0.1081419
0.09736505
0.1258084
0.08004988
0.06690979
0.07653573
0.0724067
0.05141692
0.04872277
0.057331
0.05752519
0.06952369
0.0936375
0.07955932
0.08104164
0.08595026
0.07004761
0.09812545
0.091712
0.06666784
0.06459622
0.08413586
0.07014854
0.0649141
0.06801546
0.06678568
0.07502129
0.08720163
0.08465114
0.1357569
0.07301556
0.07958472
0.08550138
0.09404373
0.09223345
0.1145004
0.08079811
0.06671737
0.1066163
0.1031426
0.07268677
0.1101204
0.07700404
0.05691177
0.07344387
0.0945732
0.1028493
0.08908292
0.09150802
0.09542819
0.111225
0.09272824
0.1080854
0.1253861
0.08741422
0.08541537
0.06462097
0.07558555
0.07543879
0.06367557
0.07245676
0.08696552
0.0482305
0.09764249
0.05105246
0.08519125
0.09251548
0.1112457
0.1182161
0.05891747
0.07436185
0.0651596
0.08753292
0.11194
0.09080796
0.1014044
0.09045472
0.1148121
0.1509433
0.08512142
0.1353343
0.1183837
0.09029126
0.08796015
0.09126803
0.1144287
0.06736153
0.1089055
0.0753345
0.1078674
0.06506234
0.07114967
0.0709763
0.07294521
0.07956555
0.08069786
0.09834114
0.08859763
0.1116105
0.07944288
0.07416723
0.0996138
0.08757059
0.1077301
0.05734998
0.06026399
0.09008558
0.08011097
0.07082499
0.08273301
0.07991248
0.06847315
0.0837851
0.07471393
0.08227419
0.08331653
0.06413188
0.08873341
0.06308681
0.07423157
0.0984931
0.09422824
0.06461561
0.1092004
0.09872319
0.07917027
0.1153937
0.1009661
0.07555119
0.08459389
0.06192474
0.07306033
0.1150339
0.07432387
0.07937865
0.09751966
0.08162123
0.05953279
0.0869653
0.09166619
0.07784495
0.08649999
0.1133352
0.1031779
0.1060825
0.0691501
0.05428953
0.07695507
0.0862793
0.07407903
0.06753603
0.07453551
0.08308499
0.09574826
0.1295706
0.1069441
0.07884724
0.112985
0.09218322
0.1053827
0.1397496
0.07151331
0.09531978
0.1069402
0.08972712
0.08023831
0.08348915
0.09190781
0.09785649
0.06620777
0.07527749
0.07439258
0.06049726
0.07701312
0.1079935
0.09155338
0.09987075
0.08383304
0.07953948
0.06185048
0.07067098
0.06736524
0.0856875
0.06120535
0.1002336
0.08501134
0.09522763
0.09192425
0.06035779
0.06529472
0.09580105
0.07322536
0.05030591
0.05202602
0.04660189
0.0511761
0.07046971
0.04907424
0.05497028
0.07001545
0.07512455
0.07752315
0.08067898
0.06960821
0.06493191
0.08651092
0.1136489
0.07631239
0.08735788
0.0799058
0.07293053
0.07347771
0.07491895
0.06295303
0.06437015
0.09023128
0.06641748
0.09246697
0.07771355
0.08289427
0.08273323
0.0779058
0.08337159
0.1007875
0.08007662
0.09836927
0.08085938
0.08642956
0.1077484
0.07278963
0.06306339
0.08951099
0.05561919
0.06957205
0.07607682
0.09014965
0.07261605
0.06460293
0.07815989
0.1000239
0.06816334
0.06691815
0.08527596
0.09975582
0.09100838
0.09656529
0.07444175
0.07052006
0.09312838
0.07569478
0.1075634
0.1088199
0.1046882
0.07163854
0.08729482
0.07900953
0.09724511
0.095202
0.07102412
0.08798974
0.1038332
0.1045933
0.07326268
0.08500177
0.09294839
0.09955799
0.08177714
0.08184469
0.0976019
0.08577099
0.06934421
0.07809319
0.07214319
0.08036675
0.06439452
0.05826302
0.07177904
0.1067057
0.09599571
0.08289465
0.135787
0.1346477
0.1100727
0.144673
0.09404984
0.08626756
0.09849596
0.1137226
0.06794187
0.08453575
0.1101584
0.05738412
0.08910637
0.04622873
0.07970179
0.09694953
0.06234301
0.09025539
0.0976474
0.06506546
0.07750017
0.08575074
0.07434024
0.0914599
0.09034388
0.06922462
0.09849193
0.08882145
0.06932932
0.08320204
0.0900327
0.06514024
0.05133561
0.0741576
0.110328
0.1278956
0.06190994
0.06071553
0.05015822
0.06790731
0.1033808
0.08623011
0.115396
0.09776359
0.1015966
0.07831307
0.08011321
0.0637078
0.07453595
0.1005608
0.1089829
0.08942709
0.1212258
0.09278292
0.1040519
0.09291994
0.09865488
0.09195531
0.1108153
0.1040242
0.1138939
0.09698105
0.09590547
0.07074841
0.07251471
0.09993491
0.08760793
0.1068075
0.07116355
0.09931137
0.07833277
0.08163608
0.07100411
0.08426197
0.05986157
0.07178787
0.08922908
0.06887785
0.07355262
0.07374244
0.07408025
0.1148992
0.06557424
0.1048864
0.06556518
0.09473307
0.07888408
0.06354117
0.05950653
0.07679064
0.09729675
0.08418841
0.09100514
0.1003698
0.06424937
0.08291073
0.08967751
0.1111366
0.09294512
0.09187803
0.07780965
0.1014012
0.08075857
0.1116285
0.099104
0.09590074
0.111306
0.1103873
0.1105334
0.1270685
0.1142877
0.07938262
0.0786719
0.1014526
0.06522645
0.07617179
0.06082835
0.08372978
0.1035812
0.06886918
0.08683941
0.0760817
0.06399622
0.0955383
0.1048894
0.08011831
0.09028362
0.06712829
0.08147378
0.1217071
0.08983278
0.06098598
0.08631718
0.08315911
0.1020291
0.07940961
0.06584983
0.06944578
0.08407434
0.1101421
0.08457818
0.07922174
0.09851098
0.09450634
0.09432468
0.105642
0.06381554
0.06925488
0.0766617
0.0724725
0.08265996
0.08264624
0.0889975
0.07690894
0.06107065
0.08522746
0.07554433
0.07587474
0.08182687
0.09580253
0.1364646
0.07039925
0.0718206
0.09092964
0.06839809
0.07180469
0.1099765
0.08762384
0.09816917
0.08838224
0.08118477
0.1018136
0.111705
0.1138014
0.112056
0.1510705
0.1033032
0.1312261
0.0598816
0.1198151
0.07268254
0.1642572
0.08050448
0.07698219
0.07247971
0.07117204
0.0978148
0.1182105
0.08387587
0.1084259
0.1068412
0.1095229
0.09647343
0.07301013
0.09992468
0.08969076
0.07941381
0.07579488
0.06498096
0.09287734
0.1018848
0.08661408
0.08376972
0.0701994
0.07636791
0.07548648
0.07335673
0.07973368
0.03332144
0.05245555
0.08734652
0.08915831
0.07232429
0.0690837
0.08905366
0.08841358
0.0756219
0.09766615
0.1041868
0.08837692
0.121924
0.08447521
0.08985707
0.1080569
0.07285536
0.1033549
0.06770565
0.1255056
0.08275466
0.1036098
0.0839986
0.1124475
0.1047658
0.07547346
0.0955898
0.1722976
0.1051658
0.1067593
0.0827127
0.09500222
0.1019877
0.1011622
0.109677
0.1218612
0.1144014
0.1083595
0.08991877
0.06612438
0.1417058
0.08887196
0.1005688
0.09265966
0.07852213
0.1031847
0.08050254
0.08226835
0.08874259
0.07507091
0.1149176
0.09301177
0.1236514
0.07120729
0.07645765
0.09651636
0.05325603
0.08277071
0.0768317
0.08527862
0.07515619
0.08270505
0.0951855
0.08548301
0.08798019
0.07057706
0.08878113
0.07348823
0.05904098
0.1080016
0.1094602
0.1105008
0.1242184
0.1152568
0.1021019
0.09529458
0.1131344
0.1266576
0.0729673
0.1157287
0.0768992
0.09864549
0.04647411
0.1226253
0.08664098
0.09170385
0.0641538
0.09588736
0.06707472
0.089106
0.09538137
0.08704159
0.06082432
0.0637107
0.07935119
0.08095347
0.06181519
0.0676571
0.07799876
0.1111658
0.05609979
0.07434435
0.07719465
0.08842418
0.07496709
0.09555639
0.07643546
0.06876647
0.07633858
0.1070522
0.09962509
0.09176162
0.08296076
0.06863714
0.08635887
0.1045535
0.09479215
0.09821715
0.0885021
0.1008085
0.1012572
0.08039397
0.08343518
0.07819109
0.08716735
0.09028639
0.06484915
0.07114429
0.05366439
0.05165537
0.06827009
0.06471501
0.04749709
0.07387227
0.1118327
0.1087583
0.09628956
0.06252121
0.0946263
0.09645056
0.07507554
0.09365547
0.08101007
0.05518517
0.06198285
0.06766631
0.08381618
0.08954186
0.07539383
0.09206552
0.07888473
0.07209034
0.08227259
0.07068485
0.1133215
0.1233324
0.09602025
0.09635697
0.1349605
0.08933684
0.1182897
0.1023379
0.1026854
0.08962378
0.08076086
0.1080417
0.0952319
0.1023713
0.05808711
0.07959574
0.07706561
0.08116444
0.07722499
0.0640167
0.07557107
0.06434459
0.0566988
0.05322096
0.05532934
0.07511994
0.07620772
0.06699062
0.06791372
0.06801521
0.04586307
0.05069662
0.0564753
0.0460279
0.05402984
0.1016617
0.1180285
0.08660029
0.06580554
0.08649967
0.127976
0.09400832
0.07927421
0.09350169
0.08876928
0.06835105
0.09578346
0.08394451
0.09144951
0.06674372
0.06400141
0.1096403
0.09056608
0.09222686
0.09670047
0.09928136
0.0846008
0.06060255
0.1096341
0.09703109
0.07087238
0.0822509
0.09594949
0.09194401
0.09985428
0.1057375
0.09100083
0.07065186
0.07748731
0.09519638
0.1063806
0.07964061
0.0768609
0.1014391
0.06206832
0.05303137
0.0643625
0.05218654
0.0652959
0.04038743
0.07947521
0.06217096
0.05193569
0.06901786
0.08357044
0.06836253
0.07268133
0.05847619
0.0802242
0.06692532
0.1119887
0.06845657
0.08236797
0.09212777
0.09526537
0.1078264
0.07605901
0.09085694
0.08748809
0.07536511
0.07436307
0.07838679
0.1260179
0.08480869
0.09446723
0.1077016
0.09067748
0.0972075
0.1169066
0.09255755
0.1237012
0.09456911
0.07977096
0.06584715
0.07581044
0.09045962
0.07268766
0.08970407
0.07044482
0.1055716
0.0848215
0.07982062
0.08859183
0.07520529
0.09297973
0.08662249
0.08963065
0.08710845
0.08506122
0.1089303
0.05627442
0.06960204
0.07861037
0.0574156
0.117998
0.1363318
0.07687325
0.1245672
0.09611048
0.1306031
0.09140118
0.07823356
0.08921233
0.0935259
0.08670622
0.07796542
0.09099458
0.1078443
0.08542434
0.1043434
0.092118
0.06972263
0.1012644
0.07991133
0.08395334
0.1074091
0.08026171
0.06142931
0.08923782
0.05374725
0.05123477
0.09965719
0.08563843
0.08204436
0.08278771
0.06524222
0.0623107
0.1096833
0.08340531
0.07903326
0.08537229
0.09358229
0.0716381
0.09883841
0.06351432
0.08282378
0.06952836
0.07337423
0.07681701
0.08513649
0.0559546
0.04363799
0.07899384
0.06280558
0.07342301
0.04325383
0.08447421
0.08083047
0.08767553
0.08547932
0.07314871
0.0760134
0.08412293
0.093876
0.08102817
0.08538767
0.09585552
0.08851401
0.08618171
0.08298361
0.07883673
0.07931988
0.06704977
0.0786251
0.07992977
0.06938492
0.08920406
0.08672496
0.1002218
0.07196292
0.0974704
0.09296282
0.07900706
0.05652131
0.08080333
0.0788315
0.06758889
0.06756814
0.1025111
0.06724167
0.05480148
0.06763371
0.07647365
0.08258286
0.1016952
0.09354477
0.06486171
0.06654059
0.05720916
0.1229347
0.05436712
0.06020162
0.0772162
0.09442316
0.0838465
0.08783339
0.07715189
0.09050385
0.06067552
0.1045807
0.07013015
0.09077408
0.1195203
0.09554278
0.0948278
0.1059509
0.05825962
0.0685849
0.08405675
0.07864388
0.09840669
0.1206544
0.1126135
0.0993416
0.08841959
0.09034206
0.107157
0.08341359
0.101343
0.07341901
0.07641292
0.06514445
0.07373507
0.07341376
0.04427821
0.06491271
0.0621068
0.0572646
0.09353996
0.07320336
0.06399606
0.1006354
0.08914199
0.08012987
0.04786501
0.04233509
0.05860243
0.07897472
0.074015
0.0830076
0.07971574
0.08391531
0.09136561
0.1087776
0.08987591
0.1041801
0.09214004
0.1170138
0.1324565
0.08469114
0.08889207
0.07233455
0.06385204
0.06622763
0.06896418
0.0560905
0.0916383
0.09497759
0.06333226
0.0961946
0.0842166
0.1098516
0.08442391
0.1000849
0.09960145
0.07487517
0.08387372
0.1016953
0.1008898
0.07832206
0.07501009
0.07030356
0.07086187
0.09168555
0.0913934
0.1292442
0.07634942
0.09758432
0.09119871
0.09421834
0.08766585
0.07799432
0.06479582
0.08489352
0.1016418
0.1384144
0.1453575
0.1041617
0.1023073
0.09347341
0.08458704
0.1113813
0.1043151
0.08651603
0.09234905
0.1290961
0.1280362
0.09032963
0.08316606
0.08831848
0.09361647
0.08289058
0.1028901
0.06631032
0.07104758
0.08557948
0.09231813
0.1012501
0.1172437
0.1143584
0.07759496
0.08066287
0.116494
0.1165971
0.1292684
0.08222506
0.09262924
0.07696914
0.07896035
0.08863728
0.07143956
0.09942279
0.0905516
0.07306149
0.0767036
0.08604742
0.0777608
0.08617476
0.07200792
0.08289341
0.1109667
0.06962207
0.0925592
0.07625874
0.08176488
0.08681087
0.06219781
0.09073556
0.0665432
0.08283848
0.0560085
0.07808044
0.1019225
0.08071377
0.0833362
0.0579666
0.05465245
0.06993434
0.07170567
0.0501435
0.09574424
0.1218822
0.08777509
0.1280117
0.05669157
0.06491302
0.09740771
0.1110243
0.09920682
0.1075037
0.1292902
0.154107
0.09856055
0.08394935
0.06711482
0.0894863
0.09490831
0.07515298
0.08033715
0.09411758
0.1151554
0.07464735
0.1398101
0.09026786
0.1013701
0.1087994
0.08139878
0.08077847
0.08465685
0.08606244
0.09008974
0.07722481
0.09606939
0.09339284
0.09366361
0.08000532
0.05762684
0.07708326
0.06067442
0.06515403
0.1047618
0.07841562
0.08508549
0.0864995
0.08357025
0.08719904
0.09478981
0.07109135
0.09105273
0.05938039
0.06494354
0.1195787
0.08342044
0.08012153
0.08409383
0.08279253
0.06867315
0.07237281
0.09887839
0.09069818
0.09631097
0.09523631
0.09887023
0.09850962
0.08244884
0.08182464
0.07215397
0.05746068
0.04871516
0.04004332
0.05354548
0.07688111
0.08284489
0.04721593
0.06464579
0.09286818
0.0853933
0.09805222
0.1272268
0.06922176
0.09312927
0.07667921
0.1279209
0.07030559
0.1124647
0.1004095
0.1086952
0.09070036
0.08434278
0.09349375
0.07462184
0.1035848
0.06766728
0.1184703
0.0949584
0.1038226
0.09632021
0.07779815
0.07440697
0.08617928
0.07946452
0.09335086
0.06584924
0.0746679
0.1406891
0.07586333
0.09212812
0.07294598
0.08343389
0.1309571
0.08015776
0.128158
0.08840282
0.1113177
0.07616402
0.05290705
0.08100119
0.07556148
0.07325337
0.06800088
0.07455092
0.06223687
0.07644068
0.1019757
0.09146575
0.06375522
0.0958368
0.102323
0.08403046
0.09024912
0.06839718
0.06530452
0.06136986
0.06690316
0.1052811
0.09952543
0.09767685
0.08655871
0.1133558
0.1078351
0.08950392
0.08223447
0.09632171
0.08636397
0.06574248
0.08594383
0.08183818
0.1120683
0.09739283
0.06573824
0.1006066
0.09411586
0.088842
0.1045311
0.05173601
0.06136156
0.07572307
0.05603526
0.06822394
0.06089824
0.06513341
0.08375725
0.08998669
0.1051223
0.07931272
0.09519554
0.1160999
0.1079561
0.09266443
0.08581407
0.08471146
0.05790935
0.0893406
0.08494326
0.0811108
0.05947881
0.08900572
0.09249136
0.1279715
0.05251144
0.08349466
0.07951682
0.08049143
0.07343054
0.05989523
0.08274117
0.1349287
0.08968336
0.09848712
0.1172238
0.09613768
0.0851319
0.07418977
0.06800843
0.0980788
0.08428845
0.1215441
0.09770774
0.1148406
0.07764221
0.1246087
0.08334907
0.08168306
0.06968315
0.09417679
0.0598543
0.060976
0.06574603
0.06930037
0.1076798
0.1055151
0.1049944
0.07793599
0.1053192
0.05275007
0.08505924
0.05858997
0.0587843
0.07083056
0.08026316
0.09474102
0.1082295
0.09388182
0.06632696
0.1110697
0.08710877
0.07371245
0.08667565
0.06618364
0.1255312
0.05868865
0.07331464
0.1124831
0.08413807
0.08564051
0.09895551
0.08680402
0.09567309
0.07664724
0.06605141
0.1023656
0.08817784
0.07580543
0.09244055
0.104673
0.09513929
0.08771228
0.1041885
0.08794654
0.05571364
0.07956318
0.07507629
0.06544354
0.1146292
0.09782789
0.1010553
0.06714439
0.09675591
0.09836377
0.08254023
0.08556068
0.08112642
0.06418411
0.04328218
0.06559974
0.07324107
0.09389451
0.0826841
0.09225449
0.09441969
0.1104808
0.09398411
0.08042906
0.091336
0.07273652
0.1194237
0.08555048
0.1138512
0.1057927
0.0680946
0.10707
0.1035332
0.1099758
0.08532992
0.09409662
0.1178802
0.09862048
0.08205955
0.07150596
0.07290911
0.05535737
0.07653615
0.07066717
0.08832376
0.09377415
0.09186743
0.07910473
0.08050655
0.08984528
0.08348561
0.1206829
0.06516429
0.09248763
0.06591889
0.08633067
0.08878479
0.1061283
0.08190788
0.08578864
0.09215022
0.1016067
0.07218176
0.06542604
0.1266938
0.09090729
0.09946408
0.1004112
0.08449128
0.08888591
0.09864448
0.08180153
0.09965196
0.09659749
0.08392743
0.07266297
0.06055193
0.07124551
0.1007375
0.07443144
0.111131
0.08782375
0.1171629
0.08920741
0.09219613
0.1307722
0.09921541
0.08440928
0.06238261
0.07757739
0.1087791
0.09418745
0.08475596
0.06921229
0.1054194
0.07352744
0.1095157
0.0827364
0.1060978
0.1054737
0.08556184
0.08959844
0.06134712
0.08639701
0.09414672
0.09694164
0.07630147
0.07197201
0.07026122
0.07648035
0.0975341
0.08625859
0.07909344
0.07670994
0.06143163
0.0885589
0.11183
0.09057053
0.09137262
0.06806169
0.09347627
0.07750288
0.06090313
0.0978068
0.07193523
0.1172657
0.09751135
0.1033401
0.08282502
0.1001759
0.0991239
0.1078458
0.05723912
0.08666237
0.07452809
0.08804966
0.1137034
0.08640519
0.1042504
0.07159739
0.1109776
0.08219872
0.05941148
0.09905922
0.08486224
0.1004638
0.07957641
0.08863524
0.1068299
0.1179709
0.09832138
0.08222589
0.09990527
0.06921408
0.08085978
0.06100278
0.08520334
0.09983842
0.07888311
0.08773381
0.07487116
0.08879048
0.06770042
0.06751101
0.06403674
0.08002737
0.04840587
0.07755221
0.05297681
0.072578
0.04346075
0.0587099
0.06197058
0.07197775
0.06536305
0.1033908
0.08506859
0.09466775
0.123855
0.08812368
0.1026564
0.08435876
0.07218099
0.0803954
0.09262946
0.1098636
0.1226816
0.1052531
0.0802191
0.07247263
0.0715989
0.08502003
0.08352766
0.08073681
0.1021663
0.1247139
0.1027127
0.08698128
0.06334594
0.06904505
0.07335197
0.05090305
0.05277484
0.06558236
0.08110396
0.09970164
0.07590598
0.05755337
0.07303879
0.06773281
0.0967258
0.06373034
0.05845953
0.06248889
0.04174377
0.06533005
0.06479902
0.04982836
0.09555489
0.05734192
0.09102574
0.09563111
0.07334179
0.08324173
0.1102565
0.1019673
0.11356
0.100996
0.1117945
0.08266368
0.08866882
0.07578909
0.07190381
0.09327714
0.09877571
0.0666021
0.07973025
0.09189424
0.1332729
0.09609049
0.1055117
0.1268714
0.09486286
0.1431103
0.1028524
0.1310697
0.08153118
0.08620602
0.08707499
0.06879647
0.06188362
0.07145416
0.05897376
0.07514168
0.08339631
0.07968289
0.08142967
0.06384234
0.06379179
0.05284256
0.07492749
0.08900376
0.06613191
0.08854247
0.09566542
0.09925172
0.1029993
0.1222571
0.1019121
0.08307888
0.1102184
0.09026568
0.08412484
0.08558163
0.1093427
0.08733582
0.08007855
0.0770104
0.09428132
0.1064856
0.07438815
0.08006284
0.07405614
0.07064855
0.07326781
0.08809203
0.1153257
0.108767
0.09763741
0.09380957
0.1223048
0.07030282
0.05562142
0.07248326
0.08990707
0.07553533
0.0718958
0.07091
0.04993082
0.04367006
0.1343523
0.0687507
0.09513454
0.07040324
0.07389707
0.09236162
0.07313463
0.06769045
0.06988422
0.1002865
0.08747982
0.07661708
0.07561708
0.06298897
0.07722129
0.07846296
0.06504233
0.08040004
0.09286584
0.06232046
0.05560575
0.06783366
0.07457639
0.08648369
0.09913713
0.08061109
0.09928958
0.07048976
0.1281445
0.1180279
0.0975846
0.1063216
0.08354746
0.1198478
0.11311
0.08686617
0.08108155
0.1009338
0.1203638
0.09434526
0.06303888
0.0843278
0.06822083
0.103995
0.05212545
0.04977335
0.06238155
0.08585527
0.06057888
0.06168279
0.05796391
0.05897162
0.06011191
0.04194631
0.06034908
0.06599127
0.07439468
0.05363286
0.07037076
0.08270086
0.09938393
0.07070368
0.06984532
0.1202748
0.09930864
0.1067857
0.08252919
0.08421387
0.08913665
0.1035112
0.09872906
0.07456765
0.06746779
0.0794668
0.07479303
0.0720437
0.05323216
0.07111068
0.06501181
0.07013119
0.0618704
0.06432937
0.06316985
0.08384734
0.08556463
0.08766409
0.09101013
0.08600927
0.07540212
0.07662084
0.1583633
0.0834914
0.09527735
0.07825847
0.07722319
0.0845501
0.07651308
0.08716627
0.1104335
0.07888943
0.0634132
0.06266732
0.05553184
0.05585985
0.08072529
0.06486346
0.05152439
0.07106607
0.05053346
0.05463154
0.0656597
0.07811808
0.09173442
0.08906377
0.06208792
0.07440209
0.07374239
0.06689896
0.06381598
0.07621042
0.07232377
0.08351096
0.09196135
0.0907221
0.08345733
0.06888309
0.06441907
0.06205011
0.05222202
0.06862644
0.1265799
0.09536111
0.07178128
0.09574643
0.0877851
0.09353322
0.1183329
0.06813401
0.0793991
0.07856502
0.06201332
0.07906001
0.09121619
0.09233159
0.08997309
0.1086565
0.1033681
0.1046791
0.1116206
0.08893176
0.1021395
0.09519479
0.08844175
0.08915524
0.07730405
0.1202686
0.0730338
0.1331092
0.07299396
0.08754717
0.07249044
0.1280194
0.09422458
0.07504475
0.0853016
0.07141101
0.08872601
0.05910148
0.08349525
0.06752086
0.07408433
0.05203316
0.05271363
0.04517817
0.05148324
0.05594902
0.1011698
0.0805082
0.07523921
0.07072231
0.05086522
0.08020245
0.07135327
0.08140406
0.08012873
0.100221
0.07451107
0.08243724
0.1085302
0.09859066
0.1013011
0.1296695
0.09207074
0.08221679
0.06685487
0.1207339
0.1053265
0.08947382
0.08671837
0.1053857
0.06316444
0.0925327
0.09993358
0.09387245
0.08471055
0.07451225
0.08219799
0.07982012
0.09778772
0.05863171
0.07358506
0.1046142
0.07242762
0.08305512
0.08759244
0.1117933
0.05967979
0.03469137
0.04736781
0.05021191
0.08354034
0.07376069
0.07223115
0.0674887
0.06565669
0.08775261
0.08502584
0.08923643
0.09007136
0.07555232
0.0894555
0.08019628
0.0868363
0.07190298
0.09388693
0.09207548
0.1049625
0.1123453
0.108878
0.1081439
0.1075521
0.07572072
0.1109342
0.09235436
0.1012578
0.08398706
0.1038942
0.1239796
0.0913189
0.0841665
0.08144003
0.07800515
0.06344543
0.08182963
0.05756231
0.09281242
0.06009289
0.08973286
0.06967872
0.05497905
0.1352111
0.1532558
0.08786408
0.05836168
0.08353991
0.07336681
0.0682434
0.07334167
0.05923965
0.08867376
0.09764705
0.1181979
0.09198464
0.1044607
0.0682217
0.05894195
0.07479212
0.06604914
0.07366424
0.08195325
0.07456406
0.09381035
0.0606783
0.1036662
0.07086649
0.06102289
0.05269997
0.1073819
0.08379566
0.0800219
0.09246475
0.08220358
0.0675182
0.07283091
0.08674788
0.1021057
0.08746891
0.08692562
0.09999687
0.07523021
0.07904421
0.08269924
0.118189
0.07214337
0.1071948
0.06852336
0.08331914
0.07678314
0.1102754
0.07286004
0.1032384
0.1034305
0.06104835
0.06729021
0.08684154
0.063226
0.08762604
0.0918102
0.07584913
0.06411696
0.06891466
0.06712472
0.08749715
0.06165485
0.06065605
0.1021315
0.1052671
0.09534492
0.1017943
0.106159
0.09393657
0.08802517
0.08252698
0.08912249
0.1021173
0.08572593
0.1073875
0.08217162
0.06429723
0.1467498
0.1209498
0.08363712
0.1113483
0.09355191
0.1038229
0.1058208
0.1131317
0.09704281
0.07121015
0.09060637
0.09113507
0.09703971
0.08703611
0.06916305
0.07321728
0.09323167
0.1097104
0.06571608
0.09594867
0.09466755
0.06055496
0.0982195
0.06538266
0.0961486
0.1102433
0.09965022
0.1390656
0.08797235
0.06782053
0.0811198
0.08202572
0.06263267
0.05478614
0.08671518
0.07663776
0.0680757
0.07295468
0.08355137
0.1036133
0.1119543
0.1213928
0.08423726
0.1000466
0.1092595
0.09548527
0.0859612
0.0923546
0.1411853
0.1156903
0.1034747
0.1037311
0.08171824
0.06826857
0.05293495
0.07362369
0.09553042
0.06842062
0.1261969
0.09568039
0.09107362
0.1261392
0.09115066
0.1032159
0.08807867
0.09889874
0.06156195
0.07060979
0.09016306
0.06996031
0.06233282
0.05508228
0.09029394
0.105917
0.07196654
0.1041669
0.06619306
0.08213998
0.07267317
0.08803833
0.05131557
0.07145267
0.08415037
0.08586346
0.1013178
0.09978798
0.08254859
0.1197633
0.09655067
0.08167233
0.09327373
0.09773898
0.1155851
0.09191758
0.08921684
0.09735251
0.08135877
0.08173209
0.09104452
0.09368157
0.09822594
0.05339415
0.06654684
0.08844221
0.0825444
0.09224842
0.1213196
0.1289122
0.09167444
0.1217395
0.07892404
0.09279642
0.08384383
0.06605981
0.06889617
0.09935026
0.09395422
0.08661777
0.08224426
0.06868741
0.105716
0.08393662
0.07024355
0.1091225
0.07605651
0.0891593
0.05395155
0.0831658
0.07841339
0.1080832
0.075838
0.09773336
0.06681031
0.05541868
0.08004807
0.08750135
0.07781367
0.06372184
0.08873786
0.07665692
0.05320713
0.06960552
0.07790728
0.09625597
0.08621138
0.07709613
0.05828342
0.09460342
0.1140173
0.09158394
0.05893988
0.07533679
0.08542302
0.08180062
0.08883527
0.07192864
0.08307181
0.08366572
0.07668446
0.06898402
0.09287404
0.1319154
0.08573494
0.115904
0.080328
0.08652717
0.08993701
0.07394494
0.059179
0.1021227
0.06448009
0.06995508
0.07734746
0.0710603
0.08602713
0.1108786
0.07944182
0.05682641
0.05560912
0.06383514
0.06315182
0.08672787
0.07482988
0.0459738
0.06604358
0.09393988
0.07635491
0.1134019
0.094757
0.1135441
0.1443147
0.104832
0.08181322
0.1151635
0.0984309
0.104417
0.0750968
0.07834372
0.09493409
0.1050734
0.1057459
0.08220035
0.09039892
0.07341467
0.1068969
0.1238971
0.07945297
0.08363015
0.09703889
0.09184793
0.1038011
0.09333188
0.1042548
0.08879638
0.1140687
0.06510844
0.08625146
0.07699653
0.07281135
0.08244017
0.09189616
0.102028
0.1325494
0.07220701
0.08977059
0.07285678
0.07241734
0.08460554
0.08225505
0.07430609
0.100646
0.0678878
0.06569476
0.06326187
0.0908065
0.07861099
0.09483232
0.08134365
0.07831266
0.07052875
0.09642242
0.05996678
0.1052751
0.09993973
0.08278721
0.05954067
0.08231475
0.08936513
0.09829704
0.08597933
0.09743149
0.0843715
0.08936356
0.0794231
0.08276698
0.06812583
0.07181793
0.06790101
0.1117526
0.1146701
0.1444512
0.1016365
0.08948105
0.1060551
0.08201129
0.07603142
0.1009158
0.08343462
0.08306532
0.07328163
0.06786391
0.1220225
0.1255133
0.08736481
0.08744073
0.1003032
0.1186142
0.1050443
0.07156829
0.05638922
0.07841594
0.105488
0.07488124
0.07684651
0.08726809
0.1057594
0.1160543
0.08546507
0.1129376
0.1204403
0.141875
0.1011275
0.1231199
0.08008656
0.08046041
0.09222813
0.09465143
0.1321465
0.0892386
0.1023273
0.08084536
0.07265246
0.07709281
0.08557189
0.0938645
0.072117
0.09791449
0.07310437
0.1085322
0.09652597
0.06473125
0.07267803
0.06297906
0.08477605
0.08925466
0.07385345
0.06387474
0.08983662
0.06829633
0.07537701
0.05971416
0.09175338
0.09458631
0.1092131
0.08274958
0.09279544
0.08889888
0.102594
0.09863661
0.1278297
0.1047928
0.08175852
0.05717351
0.06837737
0.08082712
0.08329311
0.0806922
0.08228657
0.08556458
0.06721523
0.1016557
0.09891073
0.1007685
0.1182401
0.08206201
0.1034158
0.1364409
0.1233689
0.1281885
0.08243424
0.08850538
0.09989712
0.09057492
0.08324414
0.04570875
0.06610024
0.100041
0.06459023
0.07117669
0.1136232
0.1046655
0.1144598
0.08234232
0.07496341
0.1058921
0.07239223
0.05831596
0.06783472
0.05871856
0.03908871
0.04778612
0.07659917
0.05159758
0.06233456
0.07775257
0.07696988
0.09102782
0.07241575
0.09399057
0.08585978
0.1052772
0.09063107
0.1204221
0.06187756
0.07182692
0.08810218
0.08256486
0.06669392
0.09186141
0.09818359
0.09089577
0.1098435
0.1012709
0.08901672
0.1141668
0.1015563
0.1090094
0.07194634
0.05787083
0.06320101
0.0650211
0.08415936
0.06730046
0.05617724
0.07486693
0.06372969
0.1006769
0.05953882
0.07948811
0.05749889
0.07100999
0.05700868
0.07482506
0.07279794
0.07322792
0.1015425
0.09135604
0.108656
0.09907186
0.09701194
0.07897211
0.1002558
0.0869922
0.1117997
0.09447482
0.07990743
0.0810194
0.05578675
0.0618666
0.08332366
0.09516277
0.09619177
0.1063065
0.09821155
0.08569696
0.1113606
0.09688208
0.08075148
0.07000854
0.09660596
0.1080917
0.08594382
0.1001688
0.08004084
0.06388261
0.1007638
0.0852484
0.0984046
0.07362788
0.09628973
0.08947617
0.1058638
0.1201573
0.07847554
0.08926252
0.1066088
0.09608303
0.0627215
0.1090822
0.08261161
0.09246099
0.1073601
0.07912829
0.06742173
0.1020114
0.1136847
0.1029756
0.1102394
0.1054382
0.1262523
0.08721118
0.1042194
0.1181145
0.1156279
0.08819555
0.1189378
0.08995336
0.1190963
0.0713492
0.09776663
0.0731357
0.08214215
0.06360923
0.07017358
0.08972078
0.09229075
0.08742131
0.09473136
0.08592764
0.08275503
0.0546647
0.07808618
0.1141962
0.1153178
0.09538349
0.08213043
0.08030626
0.07526706
0.06345285
0.06018347
0.1097124
0.09764515
0.08999104
0.07873103
0.1065742
0.0900527
0.06349988
0.06196227
0.0833154
0.08890426
0.07547797
0.07284564
0.06601713
0.08591166
0.0881857
0.04881088
0.07590741
0.0716285
0.06806169
0.05315047
0.0582354
0.07126319
0.08759369
0.07691194
0.05936804
0.05397425
0.08391786
0.06026245
0.08417227
0.07878032
0.09732293
0.07786174
0.122528
0.09923194
0.0639645
0.08487288
0.06868647
0.072939
0.04965331
0.07228974
0.1020208
0.09866278
0.06571105
0.06066863
0.090348
0.05566975
0.08574737
0.03578963
0.05625393
0.05555135
0.05715886
0.08558257
0.09493112
0.08073335
0.08233845
0.08200877
0.06287639
0.07268518
0.07196358
0.07767814
0.06156357
0.08402831
0.08381953
0.11011
0.07058137
0.08190522
0.1134749
0.07862687
0.09239624
0.0958372
0.08620292
0.07359476
0.1245888
0.05396236
0.04506228
0.06860639
0.08969733
0.07686119
0.05691075
0.07012184
0.06879309
0.08970103
0.08249607
0.09372185
0.08772636
0.06782655
0.06996609
0.07767898
0.05855869
0.09465624
0.0821864
0.09034181
0.08214787
0.1221441
0.09417911
0.07238424
0.1063129
0.105284
0.08015102
0.07499463
0.08775862
0.1374985
0.08829249
0.08041353
0.09981893
0.06795972
0.07489048
0.0722485
0.08185909
0.08581076
0.09251846
0.120591
0.0947917
0.08904977
0.08183698
0.08046442
0.1113335
0.1206522
0.0624238
0.07160524
0.09713681
0.1087308
0.0788099
0.06829522
0.08117065
0.08015519
0.08989542
0.08182456
0.07267736
0.09441236
0.09085066
0.07422149
0.116931
0.07638449
0.07495824
0.07732686
0.06310082
0.08980904
0.07807117
0.08239633
0.08668583
0.06456178
0.07589179
0.09721138
0.08616046
0.08625774
0.1046828
0.06719073
0.08393046
0.06925451
0.08149859
0.06865553
0.0820506
0.101223
0.1138459
0.1035041
0.1075794
0.09246301
0.08687415
0.06832172
0.07966695
0.09343295
0.08783288
0.06644121
0.07742142
0.05914379
0.07917073
0.0559884
0.0606733
0.09304697
0.08174068
0.07430311
0.08277429
0.0574605
0.08729093
0.08459527
0.07970615
0.0813563
0.08700699
0.06053987
0.07124541
0.07875915
0.07212104
0.08504268
0.1040666
0.08106698
0.07550259
0.07592433
0.06433955
0.06540911
0.05817293
0.07369989
0.08860215
0.09831635
0.0534793
0.04805557
0.08382355
0.0776129
0.07236254
0.1089101
0.1054378
0.1006429
0.09448386
0.09721231
0.08648661
0.06506131
0.06464556
0.09694231
0.07009245
0.07583163
0.139548
0.07340947
0.08568907
0.08302191
0.1063215
0.1172955
0.1021874
0.08733957
0.08681092
0.0787172
0.05604462
0.08386856
0.06302552
0.08404842
0.07921771
0.09378208
0.09795289
0.07850677
0.08611894
0.1162342
0.1006435
0.08997702
0.1046286
0.09393846
0.09357076
0.08367719
0.06573357
0.08288388
0.1037685
0.08688138
0.1052705
0.06995697
0.09981891
0.08011774
0.1092831
0.07955839
0.109808
0.1298799
0.09860292
0.09371644
0.1135754
0.08791094
0.08454729
0.07947406
0.08714886
0.06450169
0.09159839
0.08985862
0.07602017
0.09417741
0.08927494
0.07366934
0.07651969
0.09147067
0.0759667
0.08125385
0.09046082
0.08815254
0.09558585
0.0753265
0.08210866
0.09770893
0.07835985
0.107976
0.1093824
0.08085824
0.08732303
0.09063089
0.1313219
0.1109897
0.114871
0.07779799
0.06397565
0.1128785
0.08617237
0.06157639
0.0717822
0.09259523
0.09516201
0.08242732
0.08560613
0.07400155
0.06526318
0.08908501
0.07829312
0.08233304
0.07316234
0.0733676
0.07459864
0.1145225
0.07700399
0.06567846
0.1294776
0.09612019
0.07403417
0.04897575
0.07057012
0.09244019
0.1075875
0.07687179
0.08697579
0.1059924
0.06925329
0.1138747
0.08174537
0.1037073
0.07334356
0.08575754
0.0811955
0.07892804
0.06403643
0.07208279
0.06759292
0.06101872
0.07329425
0.08623431
0.07889907
0.09701118
0.09017806
0.1153033
0.05731816
0.07100504
0.08226177
0.09196834
0.07914224
0.0802365
0.05758331
0.09476235
0.07363892
0.07810006
0.06818457
0.09753771
0.09201373
0.06531591
0.06467566
0.079
0.08965778
0.06989974
0.09850482
0.07207576
0.1239969
0.1299233
0.1320726
0.09841039
0.07777695
0.1048846
0.09266169
0.09874373
0.08335044
0.09671473
0.09317847
0.07644586
0.09478623
0.0913744
0.1227446
0.09310165
0.09144627
0.09368946
0.08659852
0.1020589
0.08846065
0.1099787
0.07987696
0.07962396
0.07040767
0.06094178
0.04980968
0.07182575
0.09732513
0.07020474
0.06712843
0.07777577
0.1000738
0.08307432
0.089637
0.06626357
0.06457442
0.07454128
0.07436235
0.08377625
0.09760275
0.08711227
0.08241903
0.09039035
0.05306132
0.09299892
0.1084453
0.08426629
0.06975508
0.06513377
0.09084081
0.0842484
0.1193755
0.0946293
0.1095335
0.08647141
0.1132948
0.1045707
0.09794387
0.1128727
0.1091785
0.0773427
0.0924385
0.09393522
0.09372401
0.107241
0.08646866
0.07212557
0.1103883
0.07695828
0.06566473
0.08328822
0.08102329
0.1098784
0.07713078
0.06960873
0.08527509
0.1074804
0.0860505
0.06245698
0.0576422
0.09730581
0.1245891
0.1032542
0.1000107
0.07964138
0.07688928
0.07154871
0.07175107
0.09621708
0.123614
0.1007167
0.1132375
0.1010049
0.1305719
0.08454962
0.09358394
0.1098501
0.09398754
0.06570045
0.1032471
0.1217859
0.08090217
0.1009062
0.1004044
0.09652529
0.09663749
0.0614869
0.0627852
0.06808826
0.08036748
0.07997128
0.07663411
0.1059843
0.09167095
0.08037154
0.123159
0.05448812
0.07148184
0.06733925
0.06845432
0.06433222
0.07419224
0.09595921
0.07644112
0.08579367
0.08333106
0.1067272
0.1051126
0.1070356
0.0915095
0.07430549
0.1036003
0.1007548
0.09243318
0.0802442
0.1014865
0.04944885
0.06505159
0.07069401
0.08518207
0.08964504
0.07954164
0.08527655
0.09034864
0.08229712
0.03812034
0.05540934
0.05015161
0.04584028
0.08222293
0.07860873
0.07357183
0.09017862
0.08606184
0.1145957
0.09697549
0.06691111
0.06547408
0.06609186
0.07136221
0.07355027
0.08957873
0.1143166
0.08973223
0.06693408
0.07521332
0.05141579
0.06760565
0.1173334
0.1157293
0.06517075
0.0620819
0.05683899
0.06817202
0.08016908
0.07609322
0.06220669
0.05110531
0.09002683
0.1013902
0.06790594
0.0937112
0.05351011
0.07526706
0.0609468
0.09856649
0.05961283
0.08227793
0.128658
0.08337007
0.07095148
0.05007686
0.08956108
0.08790398
0.09115878
0.05422711
0.07911557
0.09929386
0.06129412
0.05952553
0.06557305
0.08517299
0.08592502
0.09333675
0.08969602
0.07398031
0.05537227
0.07511838
0.07286616
0.1215307
0.08981172
0.1019611
0.09974582
0.08748566
0.1161232
0.07390342
0.07227112
0.0584928
0.06212835
0.1120929
0.09851103
0.07370987
0.08228294
0.1142712
0.09257709
0.100974
0.06199377
0.07278628
0.08525237
0.05501677
0.05138633
0.07832148
0.05596637
0.07047656
0.06700568
0.06369398
0.07238455
0.05510585
0.07544828
0.1065943
0.09195514
0.08194938
0.07970868
0.07355229
0.150889
0.09116722
0.08599429
0.08503069
0.05267983
0.1322981
0.09551644
0.0747279
0.1040921
0.06954797
0.0935434
0.1122826
0.109345
0.09227973
0.0777971
0.08648205
0.1007538
0.09004284
0.1064672
0.0968525
0.09647749
0.1540342
0.09432275
0.1148642
0.1011981
0.09463462
0.07194874
0.09150976
0.1064146
0.07072613
0.06850544
0.08782496
0.0930851
0.08626915
0.112765
0.07315054
0.06909473
0.09302234
0.09342179
0.08435386
0.1068047
0.1000525
0.09117049
0.05650862
0.07704212
0.0824873
0.07069152
0.09594025
0.08534847
0.09091823
0.08130266
0.07757724
0.1037224
0.08897011
0.1084454
0.125768
0.1297911
0.07174244
0.07518135
0.07841059
0.08077386
0.06298654
0.0758696
0.07507682
0.1089533
0.09321322
0.08876204
0.1241846
0.08947432
0.09123037
0.1166028
0.06663627
0.09864059
0.08327685
0.09856191
0.127682
0.07928248
0.05602475
0.07332367
0.07193699
0.05080441
0.06392054
0.09516155
0.07028092
0.07055526
0.07130699
0.0859328
0.09670478
0.09842834
0.1062421
0.09206336
0.05586943
0.05174869
0.05789493
0.07301228
0.0972168
0.09333499
0.1208628
0.07342892
0.07417945
0.07749882
0.1053552
0.1069811
0.0819473
0.0795972
0.09063528
0.09282047
0.1362633
0.09580593
0.09587411
0.0630892
0.09746779
0.07582382
0.06895333
0.0767014
0.08051814
0.07999595
0.08556732
0.07065356
0.1151324
0.08301072
0.0883613
0.1172989
0.1142467
0.1157088
0.1105433
0.09395396
0.1195639
0.1146656
0.08502756
0.09148734
0.07712724
0.07959026
0.1013037
0.1401436
0.1079268
0.07681428
0.08691566
0.1145761
0.1126643
0.1034086
0.09147052
0.09972998
0.1208649
0.08842345
0.07074235
0.0965433
0.1149307
0.1103008
0.1048472
0.1019873
0.105823
0.09883397
0.08176743
0.115708
0.1066994
0.08727146
0.08801285
0.1241243
0.09642501
0.07942118
0.07238655
0.07896269
0.08293205
0.09272632
0.07692434
0.05502476
0.0893285
0.0790569
0.08596694
0.08744083
0.07148278
0.06727884
0.1216596
0.08734664
0.1036236
0.09765725
0.07881573
0.08642928
0.1133928
0.08885001
0.09599371
0.07864596
0.09441107
0.131365
0.09634289
0.0913996
0.09922965
0.1269865
0.1052602
0.1154917
0.07410445
0.1121826
0.07894393
0.09732814
0.07516519
0.07470446
0.1232579
0.1029215
0.0815656
0.09147682
0.09005895
0.1029361
0.1165992
0.08955253
0.06731801
0.05651393
0.0646307
0.05512101
0.06580407
0.06852295
0.06141036
0.05381831
0.06401668
0.08414991
0.08765818
0.08393855
0.1069165
0.1490841
0.1101917
0.07625947
0.09760068
0.07445772
0.06725129
0.05051507
0.07974117
0.05740274
0.08029423
0.1069807
0.06812384
0.09922564
0.09425811
0.1080582
0.08476367
0.08484001
0.1040853
0.08166245
0.0949118
0.07158042
0.09144303
0.06091451
0.1054391
0.06318227
0.06705686
0.08609545
0.06277949
0.08820238
0.08020114
0.08363702
0.06665758
0.06763559
0.0922711
0.06164365
0.08562657
0.07577281
0.09712416
0.1050359
0.06670781
0.08265522
0.0860602
0.09253188
0.05694035
0.07554166
0.08229419
0.1059729
0.1005372
0.07410409
0.1152065
0.09610946
0.06407388
0.1007714
0.07175844
0.1043452
0.09296165
0.07234717
0.07141018
0.0984008
0.08802533
0.05764137
0.05563622
0.04658054
0.06723095
0.05079667
0.04985522
0.03556707
0.0527222
0.08603019
0.09448653
0.1161977
0.07247613
0.09350274
0.0836647
0.0603151
0.05203095
0.07063018
0.08694263
0.05650182
0.07697969
0.07203707
0.09723162
0.1094755
0.09241785
0.09029895
0.0734289
0.06590962
0.1026619
0.08210658
0.0675417
0.07834832
0.09813011
0.1272333
0.1000111
0.08426202
0.08369875
0.1055613
0.06996297
0.100843
0.07688598
0.1284377
0.134179
0.09356542
0.1170373
0.1093612
0.1323293
0.1281345
0.1181466
0.1081399
0.1161167
0.1312873
0.1014224
0.09582387
0.1126469
0.09679538
0.086049
0.1041235
0.08404683
0.08045268
0.07278409
0.07705177
0.05835261
0.1007405
0.09704334
0.09100658
0.1045527
0.1023231
0.1203248
0.09418769
0.08113347
0.07497083
0.104537
0.1113672
0.1140424
0.0965688
0.07332429
0.08297535
0.09533853
0.101783
0.08766099
0.07596954
0.08449308
0.09182144
0.08159329
0.08117558
0.0690204
0.06113975
0.06878744
0.06617553
0.0936252
0.07739247
0.08654751
0.06988776
0.08130294
0.06683551
0.06761492
0.07453809
0.08404356
0.1144201
0.1087773
0.07878701
0.09131073
0.05037326
0.06151989
0.08515836
0.06494517
0.06946535
0.09752177
0.05742426
0.07703861
0.0619824
0.1073579
0.07178987
0.07144483
0.07023303
0.07121233
0.08214819
0.08623491
0.07497352
0.08571565
0.06646659
0.1044621
0.109855
0.1259813
0.09254616
0.09148592
0.09336746
0.08977696
0.09217814
0.1000842
0.05450423
0.1091634
0.07516325
0.07982116
0.08832564
0.08194807
0.1107064
0.1118254
0.094243
0.1043604
0.08647771
0.07368412
0.0802162
0.0793157
0.07688103
0.09399397
0.08419233
0.06130876
0.08131511
0.07977934
0.09007975
0.09300664
0.09962038
0.1278514
0.0719707
0.1158746
0.1019649
0.1316795
0.1010503
0.0767655
0.07179181
0.05024502
0.09353227
0.07109433
0.06547451
0.0783744
0.1191079
0.09465033
0.08364617
0.06980143
0.05383876
0.06298448
0.04983038
0.05787221
0.0641953
0.06455961
0.06063499
0.06385617
0.0457704
0.05323231
0.0495655
0.1126963
0.1016737
0.05889377
0.09513944
0.0687907
0.0766823
0.04872561
0.09797166
0.09109586
0.07842892
0.0640385
0.08139323
0.06676736
0.06911837
0.06533613
0.06419779
0.0659592
0.0693995
0.05272172
0.09721846
0.109156
0.09111562
0.09533619
0.1346964
0.1113175
0.1098726
0.07073163
0.05428396
0.06049215
0.07449865
0.1020593
0.1095741
0.09421496
0.1328477
0.107894
0.08971997
0.08246247
0.09532784
0.1127321
0.1185215
0.1017607
0.09787882
0.1000067
0.1654657
0.0885332
0.09113859
0.1339597
0.1432218
0.09388387
0.09956204
0.08003893
0.07106881
0.0946442
0.1299321
0.1153609
0.05969421
0.1004608
0.07146295
0.1053033
0.08804154
0.1338662
0.092132
0.1025662
0.09460823
0.09080574
0.08318698
0.09528579
0.07920118
0.08181991
0.07158509
0.08214011
0.05924107
0.05722671
0.07375755
0.1059175
0.06501425
0.1080582
0.1023023
0.1023703
0.08170199
0.08219616
0.07680464
0.06959717
0.07535059
0.06198851
0.05711748
0.07647511
0.09606643
0.08846672
0.08688059
0.06316629
0.04485316
0.07305718
0.1059211
0.07065406
0.06888671
0.0849064
0.1034301
0.08207669
0.09845954
0.113235
0.09110243
0.07426041
0.06521724
0.08222942
0.09499713
0.1045427
0.07988159
0.1086236
0.08686249
0.08765673
0.07389389
0.1068432
0.06922209
0.07921331
0.07336729
0.07742198
0.0703786
0.105022
0.09182548
0.1064258
0.07534376
0.07821276
0.09977855
0.07034921
0.09113665
0.08124402
0.06600336
0.08842985
0.069258
0.08911873
0.06577983
0.0641017
0.08466867
0.06658137
0.09041828
0.08105256
0.08676894
0.09282063
0.08739481
0.07833946
0.07475515
0.06836409
0.08881644
0.08900477
0.05488366
0.06822278
0.06338202
0.06702657
0.08116428
0.07130957
0.06358498
0.1038692
0.1034142
0.1010263
0.07766366
0.07738911
0.09730961
0.0773664
0.08696483
0.09934586
0.08895825
0.09406579
0.1202028
0.08262141
0.08948508
0.09891584
0.0625169
0.1129797
0.1100471
0.1332059
0.08376324
0.1430596
0.119042
0.0743052
0.07713864
0.0578619
0.06312134
0.1005825
0.1021299
0.09079662
0.1411162
0.09460755
0.07931369
0.08668143
0.08805165
0.05510473
0.0569803
0.06259016
0.06816911
0.08735084
0.07264732
0.05671406
0.05245628
0.07086931
0.08640162
0.1105705
0.07564726
0.08905228
0.08742238
0.08072192
0.1193387
0.09635018
0.1045762
0.0709455
0.08574059
0.08219263
0.06866132
0.0717478
0.08821103
0.09772226
0.04991409
0.09175885
0.08211079
0.09807767
0.09521066
0.09315969
0.08466698
0.08925114
0.08126005
0.1084817
0.09070782
0.1017796
0.103522
0.09254365
0.1341837
0.1002236
0.1261623
0.1025049
0.1120663
0.09391106
0.1284638
0.1497997
0.1017374
0.1076606
0.1311427
0.09262945
0.07494889
0.1106967
0.08157981
0.09586595
0.09581945
0.1159652
0.124651
0.09536905
0.1239677
0.09098384
0.09517454
0.1043586
0.08550179
0.09750147
0.07823486
0.07620732
0.06777532
0.08885997
0.0787958
0.095155
0.06982905
0.08288658
0.08877558
0.09770305
0.07552037
0.0861832
0.09581958
0.09440772
0.1027971
0.1092386
0.1271934
0.1285899
0.1133764
0.1252353
0.113295
0.1048121
0.09945632
0.1030715
0.09244321
0.1230965
0.09927166
0.1020908
0.09120876
0.09402699
0.1093003
0.08588898
0.08464662
0.07300371
0.07409934
0.0848443
0.07082341
0.09642092
0.08505347
0.08896382
0.1097932
0.08109821
0.0771372
0.0809202
0.07077547
0.07086294
0.06559361
0.09210814
0.05793305
0.07695972
0.09134119
0.09092242
0.07440624
0.06425473
0.05399351
0.06379405
0.06921592
0.08429324
0.06769634
0.07377006
0.06691749
0.07978017
0.06960031
0.09105541
0.09094665
0.08774791
0.1143912
0.09615453
0.06112628
0.07940049
0.06943579
0.09167309
0.1221019
0.1046769
0.1083329
0.1662152
0.1374543
0.1168358
0.08340597
0.09278304
0.102375
0.1034379
0.07980394
0.0661052
0.115062
0.09477434
0.07904773
0.08771601
0.07402916
0.08594893
0.08689093
0.09114201
0.05461249
0.1020226
0.07981684
0.08605346
0.06337015
0.06955511
0.08707165
0.09255176
0.1074419
0.0855474
0.1071744
0.09714868
0.08301706
0.1059339
0.07915823
0.06664257
0.07485698
0.09148312
0.09659788
0.08007561
0.08110248
0.1037737
0.05212443
0.07413837
0.08182943
0.08019635
0.08223669
0.07898241
0.08867891
0.1038907
0.1029482
0.08899493
0.09069189
0.1114829
0.0713323
0.1052645
0.0825012
0.1037858
0.07123791
0.08517752
0.1232792
0.07346635
0.05856144
0.07537108
0.08496693
0.09119676
0.08241467
0.08395781
0.08597547
0.108925
0.08521806
0.07104291
0.06613343
0.0757859
0.09182485
0.09164899
0.05837052
0.07246615
0.07648084
0.1037583
0.08670372
0.06818441
0.08585841
0.100237
0.07597851
0.1076393
0.06410567
0.1127003
0.1025576
0.07784991
0.0843069
0.08529535
0.08029461
0.08306052
0.07376429
0.1086344
0.1080118
0.07290584
0.07747061
0.1199597
0.06821152
0.07091059
0.05071018
0.1026351
0.05739882
0.07746948
0.06988916
0.0823157
0.07166696
0.06117621
0.05352156
0.08663001
0.1071562
0.08456729
0.09138976
0.1023612
0.07408065
0.0549263
0.09911415
0.1178581
0.1194854
0.07227895
0.09817263
0.1285006
0.1009165
0.1161505
0.1172461
0.1151718
0.07036032
0.1003202
0.1061173
0.1090501
0.07371696
0.1293535
0.09973116
0.1038959
0.06862901
0.07149552
0.05890275
0.06851548
0.06766388
0.07952727
0.08069299
0.1434179
0.07954305
0.06957685
0.09003993
0.07040769
0.112403
0.07430179
0.0690276
0.07987699
0.1334151
0.09370998
0.1018055
0.1129013
0.08834684
0.1300688
0.1355254
0.1071019
0.1199622
0.09372613
0.1116362
0.07215671
0.06673879
0.08283123
0.08632957
0.09457144
0.09661985
0.1114091
0.1191694
0.07486947
0.07226688
0.09136029
0.08576681
0.08912951
0.08686147
0.07438511
0.04637154
0.07397953
0.05853375
0.08863202
0.07829052
0.07856608
0.06946991
0.06833581
0.07743863
0.1010679
0.1131938
0.1375105
0.1235072
0.09635837
0.09355744
0.1210082
0.1038221
0.1236902
0.09750536
0.1140942
0.1211489
0.114274
0.128643
0.1306909
0.09048162
0.104298
0.1149303
0.09448127
0.1142241
0.08346905
0.09810594
0.08030157
0.1147396
0.07871575
0.08612845
0.06627839
0.09355612
0.0726978
0.09840661
0.113689
0.05140305
0.04741024
0.06822164
0.1103732
0.09949343
0.08850516
0.09328362
0.08182643
0.09601441
0.09271085
0.0748927
0.09760646
0.09658307
0.1015301
0.104415
0.09135329
0.1054843
0.108917
0.0870559
0.1023222
0.08961432
0.08077702
0.06216828
0.09560618
0.0596798
0.07977921
0.05600836
0.05209925
0.06370978
0.05211369
0.1045281
0.06588138
0.07714767
0.07052463
0.0910613
0.09484052
0.08235227
0.1057063
0.08022377
0.1126741
0.06817756
0.08143356
0.08838447
0.07092937
0.07308455
0.1264143
0.1007746
0.1086076
0.1015367
0.108444
0.08614095
0.1091799
0.08516993
0.1017031
0.09648563
0.0803728
0.11284
0.08724378
0.09451597
0.09484301
0.07801171
0.08483985
0.05875941
0.09831482
0.07071007
0.07679425
0.1175148
0.05809689
0.080131
0.06565361
0.05716706
0.07431581
0.08545589
0.1043712
0.09217434
0.1015367
0.1041454
0.07759984
0.08212607
0.1043143
0.06984551
0.09048696
0.09502911
0.105844
0.1064598
0.0936035
0.09106985
0.06028247
0.06969542
0.07917307
0.08709123
0.09649091
0.1024915
0.07515459
0.05682193
0.08992557
0.06717851
0.1153527
0.08697217
0.07639914
0.07291851
0.07309458
0.06740367
0.08005158
0.06178788
0.08612131
0.07309989
0.0696726
0.07769251
0.07028556
0.08479779
0.08316027
0.096348
0.1126409
0.1012025
0.1094182
0.09788504
0.07975098
0.103027
0.1279052
0.1155866
0.1038554
0.0855738
0.1065653
0.1079095
0.08628361
0.1179549
0.1013049
0.08245238
0.08582031
0.07283572
0.09064722
0.1048395
0.1434459
0.09249823
0.1153794
0.1366899
0.1139096
0.1158071
0.07693648
0.06146676
0.1001606
0.04554758
0.05246475
0.06064231
0.09218596
0.0931524
0.09029565
0.06963632
0.05257878
0.07048526
0.08225004
0.0569718
0.06563614
0.08528269
0.07367244
0.06115968
0.07736367
0.05983059
0.1173957
0.07123775
0.06361446
0.07039671
0.0666841
0.06089579
0.05510161
0.07177089
0.08796041
0.113829
0.09668301
0.1057932
0.1005634
0.08838361
0.1110953
0.08999864
0.09525911
0.07100545
0.1006519
0.1003882
0.1035091
0.09781187
0.08902878
0.1074962
0.1178859
0.0809768
0.1190314
0.08002373
0.1023
0.09646012
0.0627907
0.0929168
0.1113852
0.1231185
0.128589
0.06008363
0.1085116
0.09116815
0.07880997
0.07135808
0.09294441
0.08302581
0.09222318
0.05674056
0.1159877
0.07816583
0.06661388
0.08862094
0.1256073
0.0618677
0.06091474
0.08266562
0.1167678
0.0536849
0.06518173
0.08501497
0.0798176
0.06912623
0.1006228
0.08245722
0.08182315
0.0770403
0.09557573
0.09616412
0.0954862
0.08989327
0.0989731
0.1038905
0.08066004
0.09506444
0.06042746
0.05754507
0.07543321
0.09758299
0.08729492
0.08578972
0.1009768
0.09563162
0.0961202
0.0960183
0.1055629
0.09092504
0.1149798
0.06966645
0.07225851
0.07258939
0.09326543
0.09355558
0.0932827
0.08587466
0.0568535
0.06604723
0.07801736
0.07291228
0.07027456
0.07324689
0.09172569
0.06337821
0.04470536
0.06913157
0.08427369
0.07813077
0.1174177
0.06532601
0.05811103
0.07104925
0.0536765
0.0716355
0.1191591
0.05342791
0.06144054
0.08740942
0.0830964
0.05576122
0.07253964
0.08799833
0.09984102
0.05816572
0.07891352
0.07428752
0.05794568
0.06595009
0.09903742
0.1002479
0.1086911
0.08948932
0.08680437
0.07173711
0.1256386
0.09080071
0.1276904
0.09679684
0.09059814
0.1137572
0.0816013
0.1143826
0.08203016
0.09242458
0.09959798
0.1114627
0.07137488
0.1025336
0.08699581
0.1079729
0.1028758
0.105067
0.07235587
0.1273831
0.09522437
0.1374053
0.05112816
0.0901964
0.1018967
0.0879483
0.1171764
0.09304415
0.09421688
0.06859695
0.06656059
0.07924302
0.07295315
0.08887571
0.08579855
0.1065328
0.09653117
0.1076471
0.09423694
0.07696566
0.100542
0.07995002
0.1033402
0.1343119
0.09652616
0.1008604
0.08087918
0.0944763
0.1120118
0.1060792
0.08733646
0.07695774
0.07725239
0.09389183
0.0767061
0.1421617
0.124009
0.09442478
0.1180997
0.145687
0.07745374
0.05019478
0.06633401
0.04546734
0.07365326
0.08067358
0.07179393
0.06755342
0.09670659
0.08048929
0.1230276
0.0598284
0.1136506
0.05214906
0.07584744
0.06754173
0.06238832
0.08770635
0.09430805
0.07417512
0.06568403
0.103252
0.07258997
0.08711622
0.07904079
0.07539861
0.06905077
0.09506582
0.08865259
0.08214002
0.06043127
0.06505315
0.09484803
0.1033053
0.08230936
0.07472268
0.04910817
0.09344669
0.07469007
0.07818186
0.06752169
0.07464614
0.061877
0.06449047
0.08260443
0.06688421
0.06782332
0.06558203
0.07076658
0.06467135
0.1067251
0.09004237
0.05455911
0.09866439
0.08972082
0.07500686
0.1180235
0.08007212
0.09036749
0.0876723
0.07710024
0.09210955
0.06179604
0.1025102
0.06068713
0.0620028
0.09782756
0.08830452
0.09712719
0.0708019
0.06464787
0.04103498
0.0937932
0.05967931
0.07756943
0.0852368
0.1257211
0.09363123
0.08960754
0.0710129
0.07492035
0.09468088
0.1264347
0.0547686
0.08753302
0.07944325
0.08944548
0.09440382
0.09868605
0.06476306
0.09121061
0.07018435
0.09589535
0.08434756
0.0845234
0.08639372
0.07308605
0.09099925
0.09778514
0.09063435
0.07521325
0.09831551
0.06811417
0.05683665
0.07783669
0.07363705
0.07998163
0.09257856
0.07855244
0.08194273
0.08873045
0.1185137
0.07578058
0.0934563
0.08877544
0.09306474
0.07152053
0.07862602
0.06411925
0.07947432
0.0744318
0.08281036
0.1047904
0.1016176
0.103664
0.08778039
0.1063966
0.09517225
0.1005286
0.1069922
0.1026198
0.1010481
0.08551502
0.09711807
0.09449662
0.07766755
0.07587753
0.07746437
0.1186246
0.07825427
0.1004417
0.07163209
0.08533662
0.1146577
0.08132742
0.05192815
0.06494234
0.08679008
0.08168548
0.06872143
0.09191662
0.1152858
0.06819982
0.1031783
0.1038824
0.1428681
0.1036823
0.08387367
0.08020546
0.07768848
0.09178068
0.08494565
0.1072465
0.1203729
0.1196664
0.141404
0.1066135
0.07428495
0.09832928
0.09363286
0.1084977
0.09213075
0.1117389
0.06262482
0.1037645
0.1013209
0.08627414
0.1088966
0.089434
0.10725
0.08386944
0.07003967
0.07518787
0.07031409
0.0770017
0.08923996
0.07375149
0.07961331
0.07056127
0.09552249
0.05408771
0.06126882
0.06114591
0.08769026
0.07714201
0.06793399
0.06350261
0.08937339
0.07495421
0.07213178
0.09381519
0.1293232
0.0620811
0.1047586
0.08258988
0.08443067
0.06875875
0.08314929
0.07767097
0.08139474
0.05323707
0.06630337
0.06530142
0.110531
0.07435431
0.08873291
0.08695422
0.09480226
0.09387934
0.0898053
0.08216829
0.07645178
0.108878
0.07830075
0.08099822
0.05963358
0.09771368
0.1076425
0.09340805
0.08259848
0.07018304
0.06788486
0.07345096
0.07818726
0.07725363
0.07659201
0.09777811
0.09581485
0.07418937
0.1188722
0.1003872
0.1140949
0.1022716
0.08683186
0.09647319
0.1093705
0.06961742
0.05304928
0.08301458
0.1184916
0.0798527
0.07925487
0.08673426
0.08139142
0.08136
0.07911911
0.08543638
0.1256083
0.07167849
0.07840593
0.05354211
0.08722681
0.05925866
0.1191027
0.06448572
0.05654881
0.07532234
0.06851626
0.04604062
0.08647543
0.07296084
0.08198343
0.09491356
0.1273163
0.09421599
0.0912018
0.0851491
0.08216506
0.08865156
0.09567022
0.1000437
0.09195547
0.08222583
0.1061918
0.06456199
0.07806246
0.07358381
0.06948662
0.06345695
0.09371535
0.08956251
0.1388869
0.1344108
0.132625
0.08785116
0.09800108
0.1132012
0.08572654
0.06710381
0.09331785
0.08631914
0.07704182
0.0828934
0.1015843
0.07921578
0.0977082
0.08288975
0.0637756
0.1172407
0.1180729
0.1056139
0.1373798
0.1196115
0.1161105
0.1180286
0.09619486
0.0991067
0.06297196
0.08724641
0.07143674
0.082187
0.06651387
0.08363646
0.08150098
0.1145002
0.1151197
0.09754052
0.1089461
0.06344086
0.1274185
0.1202953
0.104941
0.1011229
0.0888745
0.05783367
0.1167887
0.09325769
0.09601759
0.1095324
0.09133386
0.06816543
0.05493265
0.05630522
0.06017671
0.05600172
0.07914024
0.06866553
0.05671153
0.07743298
0.08345534
0.08671233
0.08037085
0.08615965
0.07741256
0.1176577
0.08342523
0.09048086
0.0625024
0.09829868
0.06368746
0.1199448
0.09519582
0.09729462
0.06572161
0.08369451
0.07104026
0.06987359
0.08822409
0.1478619
0.1058245
0.1091757
0.08903181
0.1045738
0.1030483
0.0901167
0.09799582
0.08697561
0.06758155
0.09634096
0.102032
0.09655638
0.1196569
0.1139337
0.08774148
0.1089534
0.130905
0.1006365
0.0923388
0.1065027
0.0849503
0.09669419
0.1038955
0.08092757
0.08945575
0.08926939
0.08320994
0.0895456
0.06305203
0.06756623
0.0961211
0.06694029
0.1034841
0.07497718
0.07253203
0.06956637
0.090571
0.07136531
0.06798486
0.05003877
0.07928095
0.06139887
0.1348882
0.08810405
0.08293143
0.08380836
0.1043982
0.09103238
0.06555265
0.07376586
0.1147105
0.0964219
0.1286764
0.1011387
0.112176
0.09005306
0.08745935
0.06801348
0.09093622
0.1113865
0.08380368
0.0864
0.09420448
0.1029963
0.07242004
0.05493414
0.09431209
0.06819493
0.09714904
0.1034559
0.1264835
0.1184482
0.07443976
0.1176019
0.09377585
0.1144564
0.1296169
0.09800954
0.05731624
0.08561345
0.0875633
0.08939983
0.06183974
0.111481
0.08630899
0.0831808
0.1072625
0.08743544
0.1142951
0.1008748
0.06847836
0.05945282
0.08536984
0.122482
0.1102888
0.1112955
0.1161675
0.09156665
0.06935317
0.09126315
0.08756607
0.08393904
0.06939806
0.07927166
0.08957323
0.0747612
0.06476497
0.07292287
0.07338852
0.08145238
0.08712775
0.07579556
0.07633165
0.06857639
0.07259441
0.06010664
0.06999942
0.05306905
0.0563768
0.08501618
0.08852519
0.100856
0.08244342
0.1044041
0.1020022
0.09418743
0.1058267
0.08945332
0.112458
0.08996393
0.1133705
0.1055836
0.0722937
0.1064663
0.0966515
0.09438528
0.1661598
0.1046013
0.08065185
0.08354927
0.06686123
0.0681209
0.08458531
0.07896966
0.09323852
0.08774579
0.09014809
0.09375194
0.07951712
0.08574696
0.09114619
0.1233466
0.12173
0.07598124
0.08970266
0.09701801
0.1126538
0.08732436
0.09855919
0.09730421
0.0829388
0.08130097
0.09582125
0.09104406
0.0873943
0.08333201
0.06710938
0.1056557
0.07712117
0.08126546
0.06745726
0.06276362
0.05809799
0.08853032
0.07099267
0.08662534
0.1048074
0.08507131
0.07244401
0.096367
0.1157296
0.0657582
0.07847442
0.1042104
0.082659
0.07622138
0.10151
0.1159374
0.07082826
0.09932896
0.09022249
0.08840469
0.07164102
0.0797152
0.08367172
0.1132588
0.1072062
0.07348338
0.08236591
0.09469662
0.07906626
0.07851613
0.06469617
0.08779702
0.08859612
0.08230669
0.08276713
0.09913688
0.09462382
0.05604371
0.07574233
0.08540527
0.07815035
0.0925961
0.07801566
0.0785532
0.0848693
0.07549592
0.08749205
0.1068902
0.06656919
0.07044869
0.08590763
0.1037141
0.06307712
0.07047805
0.07519398
0.0862756
0.1254366
0.0752706
0.06603863
0.09361308
0.08349999
0.0989103
0.0886256
0.09257116
0.1174772
0.08579789
0.07866548
0.09780659
0.09723973
0.06991834
0.06907221
0.07103448
0.07646687
0.06426715
0.08871643
0.06952156
0.08492657
0.09485479
0.08888618
0.106144
0.09780819
0.08961663
0.08915518
0.07643965
0.09480042
0.1053214
0.1076265
0.1042333
0.07912495
0.1018477
0.103161
0.1431035
0.07758026
0.09567342
0.08852382
0.07275501
0.07576666
0.08272487
0.09849738
0.1059432
0.05899096
0.09768913
0.07730694
0.06832066
0.09134802
0.05944862
0.08135936
0.1010901
0.1019035
0.07038334
0.1012952
0.08549319
0.08922191
0.08532654
0.06750915
0.1233305
0.1144972
0.09430416
0.09727092
0.1023427
0.1073673
0.06659083
0.1079518
0.09258689
0.07794551
0.08715422
0.08180151
0.08662747
0.08265229
0.07867567
0.09238189
0.07383197
0.08722875
0.1280306
0.06778709
0.08216367
0.1150868
0.09105276
0.06196334
0.06678838
0.08049936
0.06847888
0.1008174
0.0501612
0.05096736
0.05902125
0.08398388
0.06726414
0.07186085
0.0701635
0.09808873
0.04905276
0.04516388
0.07304584
0.07135366
0.05467783
0.06195251
0.05383973
0.07739433
0.06427235
0.04949389
0.05940583
0.06732226
0.08036773
0.08720392
0.06496645
0.05084896
0.04316016
0.04081578
0.04470508
0.05828009
0.05669771
0.07244232
0.05792474
0.09933193
0.08913266
0.08869058
0.08448425
0.08423822
0.08691842
0.1234296
0.103487
0.1092798
0.09080921
0.08453287
0.08121021
0.07077203
0.07680826
0.06446903
0.07962383
0.04960048
0.101513
0.1079339
0.07454034
0.05816368
0.09234653
0.0638122
0.08111432
0.1126558
0.08134404
0.08873469
0.08377876
0.08086262
0.09873502
0.06332637
0.1151016
0.0835566
0.1084369
0.06928653
0.08686327
0.105101
0.08338062
0.08932597
0.08144862
0.1108095
0.09400263
0.07723907
0.1269666
0.08003417
0.1093671
0.1003566
0.1224679
0.1058439
0.06945606
0.08965818
0.08667257
0.07538134
0.05053174
0.0684943
0.1078049
0.1040659
0.08879049
0.1017002
0.07629046
0.06416911
0.08333904
0.0824269
0.09012082
0.09224099
0.07132472
0.1007031
0.0609656
0.08875295
0.09850446
0.09823619
0.08329684
0.04925447
0.07350606
0.08126492
0.09287104
0.08184298
0.09496255
0.08608977
0.1231517
0.1155895
0.1048622
0.1121984
0.07969718
0.1134989
0.1003642
0.08576063
0.09964399
0.08345986
0.0776226
0.1055822
0.08699054
0.1110756
0.06862962
0.08208425
0.1107454
0.08472734
0.1280285
0.1006377
0.06956606
0.0646656
0.08283537
0.08960534
0.0950422
0.1030297
0.09124524
0.08619099
0.08519705
0.08577289
0.117713
0.0935234
0.07724023
0.09996468
0.1025537
0.08434385
0.08900976
0.06119887
0.07565048
0.1039555
0.07275117
0.06062238
0.09528467
0.06940639
0.07750255
0.07280298
0.07746704
0.07675571
0.1126838
0.1118818
0.08555419
0.0930145
0.06479067
0.08887575
0.09023391
0.09361141
0.1246706
0.108383
0.093305
0.09747454
0.06673934
0.07671869
0.06972828
0.06366501
0.0831742
0.1045513
0.06951699
0.08989128
0.05637118
0.06024698
0.05712958
0.04929337
0.09535268
0.09523178
0.1144917
0.09935147
0.08229546
0.1053893
0.1138096
0.08837529
0.1045031
0.06569133
0.1040529
0.107744
0.08491241
0.1247941
0.08922492
0.05796205
0.08245675
0.0548523
0.0848714
0.09991587
0.09611766
0.08476241
0.1211648
0.1149741
0.08164218
0.07626821
0.0599876
0.08257019
0.06789779
0.07212954
0.06220883
0.06660578
0.04878131
0.06460655
0.09309877
0.04180256
0.06122475
0.07350803
0.05081702
0.07358843
0.06075808
0.0753631
0.05409392
0.05788654
0.04299281
0.05286311
0.07040354
0.08217343
0.09183951
0.08584594
0.09609529
0.1233227
0.09284217
0.1005573
0.09814288
0.1138554
0.09001798
0.09096345
0.07428634
0.08297649
0.1187168
0.06415241
0.1089104
0.08522834
0.07686702
0.06920545
0.1021208
0.04602133
0.07441461
0.06978339
0.06628541
0.06755917
0.05839518
0.06067415
0.08312155
0.0673791
0.05408298
0.06921738
0.09488075
0.08602854
0.1004133
0.09400007
0.1116243
0.1192273
0.108467
0.07205605
0.06591294
0.1344434
0.1297491
0.1125024
0.102523
0.08812813
0.09162657
0.08183647
0.09611035
0.09912304
0.08922781
0.09432986
0.09890871
0.08741952
0.09512936
0.07032736
0.07029747
0.08090149
0.06281499
0.08147322
0.06940459
0.05433271
0.07238895
0.09653626
0.07241523
0.1212285
0.08346757
0.08599855
0.1120764
0.08453878
0.06367495
0.06583437
0.0860159
0.1200049
0.08671685
0.1037592
0.06180917
0.08348197
0.08625393
0.1110655
0.08511185
0.1145514
0.07290505
0.08570737
0.0645755
0.0921857
0.1013777
0.1054442
0.05769567
0.08160415
0.1262117
0.08597828
0.08558992
0.06464339
0.06135693
0.06149263
0.07071824
0.06486009
0.09064573
0.09698922
0.05938827
0.04410493
0.05422136
0.06595152
0.08229866
0.07752009
0.08617574
0.1315717
0.08124599
0.09448806
0.08475524
0.09305492
0.1372556
0.1089033
0.09707218
0.107612
0.07264117
0.057582
0.04744
0.06311555
0.05240129
0.06707034
0.07873541
0.08567513
0.06660669
0.06444935
0.08741565
0.08435652
0.07865223
0.06679813
0.0433025
0.05995091
0.08409966
0.06971879
0.04972836
0.07452291
0.07947471
0.08880747
0.1154557
0.1045975
0.06024737
0.09954535
0.08069489
0.06032906
0.07781799
0.1084475
0.08917135
0.128275
0.148851
0.1056546
0.108894
0.1314721
0.1391819
0.09706042
0.09988139
0.1146849
0.07789907
0.09021184
0.08738928
0.08511544
0.1213306
0.07549273
0.1056771
0.1081851
0.09584127
0.08179931
0.102652
0.1110728
0.08139116
0.05852672
0.0887151
0.0812314
0.06211758
0.07658687
0.1237265
0.06201071
0.0539739
0.07473111
0.07418556
0.05731141
0.06852294
0.06596407
0.07007819
0.0865363
0.07785669
0.1001529
0.06228342
0.08400125
0.0850508
0.08838813
0.07095606
0.1006796
0.05444175
0.06444917
0.1025477
0.07055444
0.08468292
0.05911047
0.06936091
0.07290917
0.06880438
0.08394308
0.06478214
0.09154338
0.07802754
0.06991827
0.0599046
0.06610194
