8.569283
8.598205
8.553735
8.546195
8.563393
8.542194
8.61543
8.541715
8.568438
8.569922
8.531056
8.62603
8.510554
8.490025
8.589674
8.533081
8.569469
8.577661
8.572055
8.552809
8.506563
8.591313
8.6345
8.542532
8.532096
8.584535
8.569315
8.529658
8.5823
8.527614
8.554476
8.547276
8.52725
8.619925
8.49948
8.5979
8.611725
8.614764
8.548012
8.52899
8.599143
8.514788
8.593674
8.627057
8.476043
8.506806
8.494724
8.560708
8.618473
8.605427
8.590268
8.583173
8.55677
8.574206
8.571933
8.557333
8.570435
8.5344
8.537018
8.605426
8.536577
8.557009
8.526738
8.528069
8.567155
8.625094
8.579741
8.538604
8.602054
8.527437
8.554963
8.579212
8.621543
8.570964
8.605463
8.605772
8.561852
8.553586
8.550277
8.568988
8.617947
8.553397
8.563776
8.470255
8.596263
8.587682
8.55586
8.514318
8.55145
8.587102
8.593117
8.633789
8.561568
8.591485
8.533547
8.599113
8.575493
8.479715
8.542136
8.568611
8.573355
8.639196
8.57398
8.600795
8.550709
8.545045
8.547952
8.686775
8.615112
8.596391
8.553373
8.545158
8.586745
8.558352
8.596156
8.519557
8.533421
8.526179
8.57381
8.53379
8.511852
8.581032
8.632442
8.589567
8.541674
8.580202
8.59858
8.580203
8.547977
8.60303
8.588478
8.599702
8.563419
8.601565
8.574524
8.519882
8.563201
8.548013
8.56749
8.562058
8.54823
8.578477
8.571414
8.651921
8.506834
8.58228
8.528912
8.554506
8.493902
8.500893
8.550691
8.589584
8.569867
8.548045
8.551335
8.497851
8.581901
8.552663
8.520238
8.556516
8.569212
8.515944
8.547282
8.530644
8.553975
8.595079
8.559712
8.613871
8.566212
8.588438
8.53593
8.595241
8.568958
8.578876
8.557605
8.51172
8.568382
8.619117
8.513177
8.553948
8.554329
8.598064
8.527565
8.575419
8.614662
8.565291
8.534005
8.591772
8.610798
8.562439
8.520961
8.549444
8.511899
8.569329
8.53552
8.58222
8.566851
8.516977
8.535581
8.57672
8.592198
8.576007
8.544221
8.556996
8.589985
8.553743
8.527534
8.595944
8.541587
8.542457
8.511619
8.527117
8.542982
8.597959
8.543887
8.521796
8.509659
8.572661
8.573672
8.537897
8.4877
8.60349
8.572848
8.603346
8.596837
8.585061
8.540874
8.559931
8.526174
8.580383
8.651287
8.566701
8.580191
8.541499
8.551769
8.546346
8.574985
8.503994
8.572273
8.563263
8.574104
8.610214
8.571231
8.564379
8.593419
8.527832
8.560418
8.584298
8.567505
8.599549
8.54295
8.591075
8.531856
8.584839
8.589824
8.57885
8.549494
8.565829
8.512649
8.635242
8.627247
8.596425
8.531198
8.596842
8.597637
8.62138
8.555305
8.559611
8.512055
8.561708
8.572542
8.48197
8.578842
8.559114
8.546634
8.556407
8.5754
8.592849
8.589952
8.573237
8.563377
8.601463
8.552945
8.567215
8.555931
8.52864
8.532611
8.571294
8.622584
8.576199
8.542729
8.568066
8.601153
8.543862
8.536968
8.546421
8.548832
8.5426
8.482035
8.56049
8.556017
8.533968
8.557543
8.499781
8.632917
8.514916
8.517424
8.553701
8.553722
8.559993
8.585572
8.478818
8.543376
8.553765
8.5422
8.534063
8.544077
8.574517
8.608936
8.595553
8.639882
8.517604
8.480651
8.500044
8.600922
8.625198
8.55393
8.593587
8.597451
8.527212
8.570295
8.556062
8.618248
8.583416
8.591453
8.593933
8.601734
8.57662
8.57351
8.597579
8.60245
8.575513
8.556443
8.569586
8.570074
8.57511
8.591829
8.59751
8.548609
8.613476
8.594664
8.537977
8.56008
8.598538
8.609915
8.558955
8.605415
8.612223
8.631469
8.552522
8.510103
8.477393
8.513563
8.571785
8.536319
8.58369
8.518866
8.519154
8.54945
8.590659
8.577305
8.5747
8.61005
8.575802
8.574552
8.593213
8.592579
8.54907
8.558674
8.552638
8.549717
8.603781
8.537108
8.655715
8.5196
8.609483
8.52123
8.495172
8.557809
8.588442
8.581907
8.546955
8.55746
8.536272
8.529923
8.581699
8.611512
8.506872
8.537709
8.579041
8.540437
8.544386
8.639237
8.596437
8.601065
8.61937
8.605675
8.485727
8.567544
8.583763
8.615638
8.573667
8.530656
8.64954
8.577622
8.546882
8.619329
8.554857
8.565238
8.575585
8.579703
8.591894
8.5109
8.570642
8.446287
8.531216
8.557855
8.614294
8.59925
8.601951
8.484044
8.505362
8.545177
8.539603
8.562762
8.560715
8.56644
8.564332
8.590876
8.567735
8.60256
8.565843
8.605298
8.579346
8.560978
8.579361
8.630139
8.555008
8.607886
8.539283
8.52252
8.511881
8.60444
8.508903
8.576779
8.573349
8.592972
8.530396
8.54083
8.606348
8.587692
8.59459
8.557583
8.554768
8.584996
8.601633
8.576121
8.567911
8.580145
8.608206
8.616913
8.577415
8.603009
8.570331
8.576519
8.557594
8.59773
8.522555
8.575423
8.593446
8.549511
8.495984
8.544594
8.58824
8.583722
8.512904
8.569235
8.614041
8.620844
8.62858
8.592996
8.578602
8.547866
8.549621
8.663906
8.546883
8.553943
8.603678
8.604091
8.51959
8.538751
8.537164
8.557855
8.596629
8.609061
8.546385
8.558401
8.560391
8.627631
8.605083
8.493831
8.529671
8.586829
8.578924
8.579993
8.57519
8.558036
8.487243
8.500771
8.596767
8.56073
8.531988
8.546518
8.581088
8.554847
8.550402
8.612714
8.588346
8.569346
8.51503
8.57002
8.618775
8.618844
8.561072
8.549263
8.540249
8.575257
8.569126
8.604599
8.601172
8.597124
8.595557
8.559554
8.54984
8.54914
8.595073
8.574381
8.521372
8.538687
8.486655
8.583811
8.561057
8.604061
8.547768
8.558641
8.565243
8.573768
8.543224
8.522624
8.513801
8.591547
8.624444
8.613106
8.575804
8.579965
8.503166
8.57523
8.540315
8.499389
8.614649
8.58598
8.541695
8.526653
8.568854
8.552743
8.570196
8.542407
8.584417
8.554157
8.538604
8.579601
8.609486
8.573733
8.511265
8.568353
8.550262
8.600936
8.556221
8.565784
8.580567
8.584349
8.540333
8.627964
8.526517
8.565127
8.535671
8.525091
8.578766
8.534993
8.582812
8.626942
8.561597
8.55994
8.524438
8.539649
8.59507
8.553817
8.583145
8.548053
8.598678
8.56477
8.616943
8.501987
8.63868
8.575873
8.559996
8.565117
8.530989
8.571782
8.523358
8.588709
8.605355
8.579335
8.526821
8.53042
8.600696
8.522361
8.561558
8.577911
8.566842
8.545077
8.586456
8.534119
8.552741
8.565927
8.548251
8.592164
8.625647
8.56958
8.488689
8.552979
8.561667
8.500538
8.516614
8.574088
8.550384
8.537386
8.486234
8.567417
8.561345
8.609957
8.553967
8.577118
8.552453
8.585603
8.557196
8.585107
8.546962
8.545971
8.573735
8.542777
8.589086
8.600912
8.509598
8.555514
8.595757
8.509811
8.544485
8.58483
8.522789
8.580486
8.616059
8.576521
8.546529
8.540584
8.529653
8.593247
8.580763
8.512407
8.594028
8.576562
8.601343
8.510213
8.520013
8.532103
8.520023
8.596747
8.557724
8.531738
8.553435
8.584471
8.607574
8.62713
8.561311
8.67943
8.606546
8.527992
8.514342
8.585568
8.593042
8.535809
8.526849
8.599444
8.549559
8.568621
8.514542
8.498593
8.607668
8.619296
8.568233
8.530547
8.546583
8.561978
8.552985
8.621632
8.56917
8.561378
8.510118
8.557557
8.594432
8.567921
8.542307
8.586124
8.578115
8.494439
8.568342
8.62909
8.632952
8.602418
8.62476
8.547669
8.623233
8.552592
8.580206
8.602644
8.583522
8.550447
8.625956
8.604401
8.572589
8.603227
8.53591
8.515249
8.546196
8.619977
8.582407
8.586175
8.570114
8.539774
8.511332
8.575186
8.532327
8.538049
8.565758
8.576116
8.58665
8.598337
8.546423
8.599204
8.604251
8.586331
8.547521
8.609676
8.632527
8.595715
8.537984
8.53565
8.548305
8.598958
8.561297
8.561887
8.559445
8.608537
8.602714
8.534967
8.583352
8.583386
8.593928
8.521215
8.556905
8.531822
8.602634
8.548458
8.581383
8.611869
8.587977
8.596601
8.5512
8.521789
8.583957
8.557534
8.61007
8.52706
8.598017
8.547208
8.557842
8.535352
8.562372
8.655179
8.556276
8.567127
8.553185
8.622979
8.584092
8.581903
8.591477
8.584348
8.568639
8.633738
8.542281
8.573306
8.567252
8.52844
8.511703
8.565075
8.574715
8.597625
8.578027
8.568405
8.567035
8.54089
8.624731
8.555679
8.567149
8.535047
8.591224
8.535895
8.595551
8.591162
8.565609
8.569154
8.480708
8.5773
8.590922
8.521105
8.545576
8.522002
8.582922
8.543236
8.52118
8.51674
8.604144
8.570499
8.539079
8.528457
8.599486
8.586487
8.566222
8.585625
8.606218
8.578258
8.534404
8.590623
8.539222
8.539226
8.532696
8.536555
8.579889
8.628056
8.572475
8.610323
8.53772
8.585347
8.602834
8.564582
8.550605
8.489605
8.530432
8.625652
8.535311
8.674642
8.540017
8.492359
8.479861
8.560149
8.607277
8.560411
8.591909
8.587499
8.566687
8.520116
8.55929
8.532751
8.586813
8.608104
8.509751
8.600444
8.592167
8.515921
8.563586
8.497825
8.643685
8.658402
8.633286
8.557322
8.534617
8.529726
8.5722
8.57942
8.593811
8.558496
8.579616
8.582199
8.61462
8.524681
8.51628
8.513752
8.625635
8.57813
8.606358
8.498978
8.566231
8.490084
8.570358
8.603916
8.568324
8.563708
8.553716
8.56973
8.548628
8.587951
8.597261
8.517598
8.628715
8.496668
8.569182
8.593145
8.632101
8.577392
8.585268
8.621039
8.581911
8.623241
8.586655
8.605113
8.511414
8.546368
8.572894
8.585964
8.578462
8.545105
8.570584
8.557064
8.532289
8.575261
8.582408
8.585254
8.621965
8.661318
8.499759
8.596462
8.549492
8.606187
8.594389
8.596986
8.573378
8.596809
8.540027
8.636782
8.521782
8.606712
8.585296
8.577958
8.595902
8.626479
8.546034
8.605019
8.581084
8.567829
8.595153
8.613162
8.581015
8.589866
8.548775
8.54442
8.514277
8.528781
8.543623
8.524955
8.610914
8.571581
8.505269
8.578148
8.600601
8.515279
8.600597
8.607289
8.605713
8.522811
8.566832
8.616961
8.567879
8.552687
8.57116
8.583853
8.515781
8.596406
8.60797
8.589784
8.596918
8.571299
8.586202
8.569933
8.629079
8.535948
8.576896
8.618679
8.522036
8.629253
8.517973
8.526322
8.576895
8.60837
8.528691
8.5273
8.579224
8.603165
8.538725
8.536718
8.630568
8.573889
8.58294
8.609316
8.579092
8.604032
8.507698
8.614047
8.569706
8.615585
8.574631
8.586705
8.626954
8.58479
8.580742
8.604063
8.596302
8.509027
8.501136
8.51095
8.534696
8.599996
8.601295
8.525201
8.614338
8.551059
8.549659
8.596344
8.550844
8.571401
8.530354
8.595252
8.531771
8.547179
8.583673
8.545596
8.560855
8.544084
8.585901
8.612446
8.562374
8.55454
8.546124
8.536407
8.550962
8.608101
8.592974
8.539274
8.560603
8.534569
8.530888
8.583187
8.566636
8.559684
8.529538
8.494079
8.534956
8.593552
8.543544
8.548486
8.627632
8.515884
8.555161
8.56287
8.497239
8.520361
8.595907
8.573521
8.556259
8.588354
8.597499
8.570011
8.590239
8.572913
8.543507
8.453853
8.544077
8.504641
8.527093
8.582164
8.482692
8.592574
8.62794
8.574685
8.588108
8.523768
8.609291
8.522052
8.569174
8.588279
8.589358
8.529253
8.554251
8.563155
8.557525
8.580862
8.560866
8.584579
8.601938
8.527846
8.539938
8.567354
8.58416
8.548518
8.60551
8.560875
8.626926
8.568697
8.598726
8.595114
8.584314
8.551365
8.557009
8.593038
8.607641
8.626312
8.593054
8.583253
8.571032
8.541917
8.5629
8.584936
8.643201
8.573114
8.56745
8.549165
8.521246
8.585123
8.514345
8.568881
8.568213
8.547523
8.557525
8.509961
8.61841
8.582577
8.535188
8.563538
8.561826
8.551837
8.590626
8.521588
8.520055
8.585612
8.436415
8.585403
8.577109
8.578518
8.59684
8.566997
8.60682
8.600598
8.593689
8.592329
8.562674
8.503506
8.602472
8.59244
8.542454
8.54283
8.522325
8.582492
8.57533
8.560278
8.573886
8.549093
8.563323
8.591716
8.588366
8.563693
8.580912
8.586632
8.545596
8.578994
8.58625
8.552841
8.558217
8.568195
8.553862
8.640248
8.600966
8.550424
8.619017
8.567361
8.615078
8.582331
8.544155
8.596557
8.598429
8.553073
8.566107
8.563724
8.569777
8.552033
8.599506
8.580897
8.574135
8.54559
8.577676
8.579663
8.605037
8.642992
8.604122
8.503942
8.592925
8.531227
8.557966
8.573792
8.580319
8.502807
8.486628
8.579442
8.545571
8.601235
8.625915
8.606967
8.58847
8.534862
8.532562
8.577369
8.602303
8.594057
8.608188
8.631218
8.533944
8.596393
8.55223
8.546406
8.532177
8.550077
8.53513
8.578746
8.519143
8.568736
8.544489
8.589753
8.632335
8.570468
8.584826
8.546064
8.539361
8.561294
8.600174
8.602611
8.602351
8.538383
8.59343
8.503327
8.504441
8.596585
8.600168
8.533733
8.568997
8.607123
8.529342
8.573102
8.465353
8.555219
8.55573
8.578232
8.565584
8.59913
8.553924
8.504044
8.579633
8.541615
8.54842
8.54569
8.566911
8.596966
8.518975
8.570632
8.570311
8.500723
8.540577
8.521434
8.548756
8.604616
8.585577
8.513838
8.568725
8.584519
8.51419
8.61972
8.576627
8.582991
8.582258
8.623983
8.525798
8.560141
8.594967
8.603295
8.605971
8.59712
8.555242
8.566795
8.487673
8.537238
8.607503
8.620874
8.63119
8.519814
8.62385
8.560634
8.531536
8.634164
8.486841
8.586807
8.522995
8.524556
8.515261
8.578165
8.581276
8.474346
8.608197
8.551155
8.54752
8.590173
8.613273
8.567053
8.538045
8.578947
8.514715
8.590657
8.566782
8.604274
8.606984
8.607799
8.562471
8.583178
8.53722
8.523649
8.501232
8.501399
8.552002
8.545521
8.532388
8.581208
8.568942
8.547868
8.503726
8.526234
8.515063
8.538285
8.557514
8.519362
8.614471
8.582557
8.556985
8.544544
8.543007
8.589346
8.553579
8.568314
8.502203
8.639718
8.522071
8.502997
8.538475
8.541835
8.561522
8.618919
8.674997
8.531316
8.585025
8.547031
8.565186
8.656437
8.563779
8.544138
8.610189
8.514596
8.5656
8.50454
8.587298
8.542524
8.53404
8.611725
8.5328
8.597321
8.559469
8.580804
8.595211
8.535886
8.484519
8.526456
8.634411
8.530146
8.577616
8.571975
8.522046
8.539245
8.52723
8.53586
8.604578
8.584261
8.583232
8.552614
8.56007
8.58342
8.628883
8.588567
8.546506
8.613178
8.536031
8.59314
8.573496
8.595358
8.556333
8.501797
8.572989
8.484468
8.585134
8.55624
8.500807
8.609263
8.51785
8.525038
8.528656
8.580891
8.560481
8.586982
8.607713
8.601613
8.586684
8.629978
8.536948
8.580779
8.492889
8.565466
8.527542
8.620676
8.57985
8.566269
8.528919
8.604311
8.576337
8.587237
8.522152
8.528643
8.573049
8.581064
8.551592
8.545226
8.607405
8.56122
8.571284
8.624031
8.450325
8.601966
8.493672
8.57524
8.591045
8.530672
8.567118
8.57427
8.525794
8.600892
8.596321
8.556251
8.60038
8.641988
8.550609
8.589106
8.585602
8.557519
8.582418
8.574752
8.59542
8.54797
8.640232
8.52985
8.453693
8.557719
8.504652
8.66073
8.522402
8.516454
8.536323
8.508599
8.555224
8.537664
8.57785
8.587698
8.522485
8.495783
8.50859
8.473179
8.529032
8.644999
8.568299
8.562312
8.616416
8.582292
8.511311
8.521814
8.523439
8.609332
8.621367
8.585012
8.556911
8.585886
8.603133
8.51299
8.564899
8.579497
8.585868
8.575031
8.586062
8.599007
8.623582
8.571393
8.525896
8.581924
8.601678
8.555096
8.573541
8.517138
8.5419
8.509311
8.532559
8.535926
8.527083
8.606307
8.549044
8.573976
8.535956
8.629084
8.545636
8.575899
8.564699
8.537969
8.555514
8.559388
8.614358
8.587847
8.60241
8.624745
8.559621
8.544667
8.589956
8.467173
8.597589
8.561197
8.596531
8.539587
8.569906
8.596878
8.563536
8.496819
8.627469
8.495471
8.606202
8.513988
8.529923
8.501166
8.574797
8.595544
8.588925
8.562098
8.58343
8.562282
8.589983
8.518834
8.53728
8.61553
8.604069
8.48171
8.524406
8.614382
8.499684
8.572559
8.538564
8.540851
8.574261
8.553619
8.610345
8.585311
8.645372
8.514769
8.548508
8.50525
8.542692
8.577924
8.600759
8.509942
8.54118
8.62602
8.593989
8.578015
8.567529
8.550691
8.551331
8.579635
8.522072
8.604723
8.586865
8.516245
8.552129
8.457329
8.547962
8.560124
8.596447
8.526323
8.54568
8.596162
8.543554
8.57652
8.547237
8.585476
8.505763
8.577814
8.546097
8.554149
8.533318
8.601769
8.50636
8.589527
8.521713
8.554911
8.61957
8.600126
8.587821
8.572584
8.54375
8.560153
8.54579
8.525242
8.570624
8.60566
8.591279
8.584717
8.64124
8.547527
8.583234
8.61265
8.570812
8.543301
8.535977
8.506263
8.535172
8.5106
8.542112
8.538404
8.574958
8.601289
8.573598
8.544414
8.551667
8.560624
8.559948
8.50242
8.515435
8.60564
8.592465
8.599593
8.570485
8.623615
8.555288
8.631603
8.580824
8.578648
8.595991
8.540353
8.560311
8.557671
8.62072
8.554759
8.577292
8.52853
8.608636
8.568997
8.548971
8.595265
8.580385
8.602119
8.55432
8.527585
8.563368
8.561315
8.593481
8.476983
8.587404
8.543318
8.540386
8.570069
8.61608
8.590858
8.55081
8.563842
8.562476
8.582315
8.607815
8.575945
8.581524
8.544949
8.564064
8.584696
8.595529
8.591938
8.560278
8.562753
8.55011
8.610864
8.570875
8.622532
8.593224
8.58646
8.591445
8.542223
8.575226
8.566387
8.584987
8.553976
8.532227
8.610984
8.63856
8.611505
8.552658
8.618487
8.464694
8.498283
8.5596
8.6263
8.56239
8.592835
8.51787
8.58036
8.518679
8.552051
8.591231
8.567707
8.506995
8.559914
8.553418
8.562767
8.657969
8.571893
8.590457
8.556623
8.525287
8.579083
8.535372
8.593728
8.545938
8.533492
8.548036
8.555242
8.582997
8.603274
8.619064
8.626987
8.512763
8.578321
8.538785
8.635847
8.495492
8.519772
8.488214
8.517515
8.579994
8.540501
8.577776
8.537956
8.564726
8.579168
8.579391
8.625593
8.556401
8.551337
8.59321
8.586159
8.625869
8.470288
8.60704
8.565574
8.507085
8.511232
8.508608
8.597983
8.635197
8.568685
8.540446
8.517476
8.538777
8.60508
8.531539
8.531107
8.550938
8.571501
8.563928
8.650232
8.608827
8.533493
8.592026
8.50011
8.525606
8.542539
8.561391
8.610094
8.621496
8.560527
8.543328
8.5696
8.575768
8.535609
8.554772
8.550995
8.575924
8.562901
8.573955
8.596392
8.514525
8.642892
8.599773
8.560717
8.578369
8.617866
8.547664
8.586934
8.57606
8.566771
8.564355
8.533738
8.572765
8.580884
8.57232
8.54259
8.597203
8.567238
8.589146
8.593451
8.495997
8.552975
8.611811
8.62566
8.510487
8.598688
8.610038
8.63071
8.538612
8.544137
8.548093
8.563321
8.533895
8.577416
8.606742
8.620492
8.581012
8.52676
8.617585
8.511078
8.560212
8.582979
8.580156
8.573097
8.572816
8.539826
8.539074
8.569917
8.522551
8.586589
8.519469
8.591796
8.546735
8.555605
8.562946
8.54371
8.579995
8.476502
8.594286
8.578927
8.604588
8.575683
8.516198
8.615605
8.548185
8.580402
8.598217
8.580622
8.592057
8.574476
8.6214
8.578493
8.64159
8.56226
8.62057
8.609681
8.525185
8.583876
8.620027
8.614967
8.521932
8.579781
8.592211
8.606667
8.620016
8.571685
8.632579
8.547998
8.573795
8.602162
8.504903
8.589629
8.610103
8.602443
8.562674
8.559594
8.592548
8.625927
8.575232
8.587353
8.512061
8.572331
8.58466
8.538463
8.517453
8.604571
8.596951
8.582205
8.511514
8.519098
8.654159
8.618361
8.564313
8.582328
8.566351
8.576638
8.516988
8.629798
8.575793
8.552933
8.614756
8.579545
8.538943
8.519925
8.614892
8.572367
8.539621
8.535026
8.585906
8.564972
8.550515
8.571282
8.616348
8.571195
8.599113
8.552753
8.579209
8.579176
8.522872
8.528378
8.580072
8.554003
8.536953
8.524322
8.509534
8.609108
8.556007
8.57889
8.620511
8.520077
8.569042
8.528593
8.549204
8.560767
8.552203
8.53644
8.603534
8.481093
8.616488
8.598514
8.515451
8.558606
8.589565
8.512401
8.601665
8.527934
8.621534
8.566993
8.62917
8.52165
8.605243
8.616646
8.549492
8.514576
8.608902
8.505213
8.596217
8.550908
8.594354
8.535543
8.558863
8.565178
8.594286
8.495329
8.552575
8.544239
8.560795
8.547143
8.631977
8.582529
8.6064
8.506197
8.527038
8.5556
8.565663
8.627716
8.524331
8.612796
8.515899
8.57574
8.565202
8.582061
8.568684
8.590319
8.566854
8.562146
8.608185
8.566077
8.576755
8.567014
8.604841
8.494385
8.570085
8.523619
8.481857
8.538808
8.611501
8.629039
8.645201
8.546816
8.558792
8.565662
8.613329
8.509533
8.566686
8.532825
8.569313
8.574614
8.518798
8.558981
8.538685
8.571092
8.565973
8.524482
8.486099
8.588602
8.498719
8.567362
8.598592
8.561093
8.57344
8.592931
8.503222
8.614778
8.630937
8.56436
8.49642
8.590407
8.529083
8.512124
8.553517
8.592109
8.588773
8.450529
8.59313
8.489982
8.541035
8.538426
8.573817
8.595567
8.621919
8.571781
8.623799
8.606439
8.565233
8.559167
8.543398
8.55326
8.475598
8.596214
8.584668
8.534359
8.532933
8.540682
8.541183
8.609131
8.572881
8.533839
8.520931
8.642264
8.534974
8.629088
8.650721
8.595965
8.556382
8.596137
8.548456
8.621593
8.552063
8.58926
8.551665
8.555164
8.615735
8.57879
8.571802
8.604646
8.617368
8.540954
8.568051
8.62074
8.549563
8.594451
8.567696
8.563429
8.585632
8.497059
8.542778
8.618272
8.513573
8.516158
8.608811
8.516917
8.574504
8.559007
8.556139
8.543788
8.577136
8.580007
8.649323
8.567281
8.584096
8.52379
8.568209
8.579288
8.531873
8.616518
8.563098
8.568964
8.58477
8.585928
8.557999
8.541164
8.604649
8.583037
8.60833
8.620887
8.547776
8.595951
8.523628
8.548488
8.552067
8.601436
8.632042
8.599013
8.53511
8.638265
8.50513
8.515816
8.544673
8.538698
8.498391
8.533924
8.532955
8.601876
8.529008
8.620846
8.570154
8.552534
8.556677
8.612174
8.574461
8.564119
8.594626
8.597855
8.53026
8.531793
8.589806
8.53593
8.502208
8.605246
8.619082
8.540371
8.567635
8.637853
8.589938
8.529091
8.590342
8.571975
8.557851
8.509442
8.571907
8.586403
8.553843
8.591142
8.547325
8.571225
8.541193
8.545505
8.595719
8.584226
8.579139
8.561224
8.615328
8.62544
8.554969
8.545358
8.619546
8.547245
8.547965
8.537442
8.53429
8.616977
8.517894
8.591801
8.551699
8.57296
8.639377
8.640764
8.496092
8.551691
8.571061
8.542909
8.572014
8.545386
8.576374
8.489331
8.578232
8.575124
8.575
8.566638
8.531303
8.572712
8.548771
8.584914
8.592609
8.532435
8.552379
8.576102
8.537213
8.582383
8.573093
8.645647
8.549813
8.633397
8.587763
8.576393
8.611823
8.575143
8.554413
8.522814
8.575694
8.536222
8.567486
8.464036
8.535133
8.550107
8.519103
8.505003
8.531294
8.50057
8.505988
8.603018
8.500861
8.644862
8.618068
8.547516
8.595427
8.546162
8.55748
8.545415
8.61909
8.512231
8.605329
8.522946
8.58682
8.611353
8.584606
8.630245
8.54927
8.612458
8.544553
8.624773
8.613136
8.483171
8.617331
8.630118
8.544901
8.513949
8.488175
8.56856
8.601121
8.578771
8.601485
8.581319
8.601984
8.563923
8.510221
8.600167
8.536456
8.570524
8.552663
8.535312
8.576751
8.590799
8.553252
8.555733
8.576535
8.592579
8.550113
8.562245
8.556804
8.600104
8.657629
8.562172
8.588408
8.567842
8.541083
8.498039
8.623734
8.616605
8.541647
8.509736
8.531589
8.562255
8.582028
8.542032
8.624827
8.603709
8.558623
8.580831
8.576902
8.614796
8.557109
8.521676
8.651704
8.571527
8.550666
8.565266
8.53528
8.564908
8.552395
8.584255
8.559965
8.519345
8.558687
8.592011
8.537152
8.631091
8.654029
8.576293
8.552116
8.610131
8.48358
8.58822
8.577058
8.521175
8.56958
8.573925
8.584386
8.5738
8.55233
8.527487
8.591833
8.572726
8.581305
8.585704
8.57252
8.566437
8.603728
8.547068
8.589907
8.595181
8.537962
8.637023
8.613369
8.57887
8.53046
8.593167
8.575388
8.569622
8.540817
8.544257
8.607882
8.504123
8.590585
8.588533
8.624835
8.643062
8.503391
8.589556
8.577723
8.556825
8.603892
8.521909
8.556684
8.546841
8.573252
8.602855
8.608283
8.571093
8.515026
8.558229
8.636863
8.590007
8.62125
8.548542
8.579433
8.50894
8.565224
8.590257
8.54194
8.483686
8.473101
8.587619
8.560654
8.569021
8.603576
8.528698
8.549263
8.570361
8.587162
8.615636
8.556799
8.563173
8.629848
8.562155
8.562944
8.602471
8.598372
8.581104
8.543441
8.576621
8.553656
8.516991
8.640309
8.579441
8.616571
8.505759
8.637955
8.562287
8.592947
8.592962
8.572804
8.573381
8.556149
8.575006
8.593231
8.590653
8.556047
8.558151
8.614668
8.488903
8.569539
8.464975
8.540477
8.64905
8.577577
8.530139
8.570866
8.542997
8.43916
8.549862
8.586327
8.563524
8.546017
8.597257
8.609558
8.608862
8.517767
8.567386
8.623825
8.677745
8.579596
8.579095
8.459172
8.564314
8.56315
8.583882
8.494638
8.510903
8.572667
8.604926
8.57932
8.601856
8.610538
8.505022
8.528989
8.531593
8.593719
8.600837
8.558841
8.529364
8.547131
8.507587
8.522335
8.558576
8.634717
8.575798
8.548539
8.525939
8.562931
8.588673
8.486882
8.610342
8.512595
8.560892
8.489565
8.586731
8.57057
8.517525
8.547233
8.530657
8.538902
8.591684
8.555193
8.567951
8.630171
8.538015
8.542743
8.606757
8.597825
8.59314
8.57466
8.524493
8.576896
8.539065
8.60213
8.55954
8.546008
8.553458
8.519208
8.606744
8.564973
8.515462
8.51967
8.547391
8.628916
8.559933
8.540243
8.570436
8.598034
8.588539
8.54782
8.600042
8.57251
8.568632
8.555018
8.61274
8.567696
8.548966
8.603268
8.541462
8.51879
8.558289
8.576015
8.610095
8.485385
8.58936
8.54491
8.485706
8.613939
8.524619
8.552082
8.521812
8.529606
8.568104
8.553243
8.568197
8.557196
8.589783
8.563879
8.619075
8.581899
8.549669
8.574202
8.594494
8.520696
8.607271
8.548079
8.546862
8.557906
8.617283
8.639138
8.558015
8.575213
8.542031
8.577051
8.578203
8.529269
8.556148
8.586547
8.570497
8.618275
8.613987
8.609547
8.5583
8.572043
8.573365
8.591368
8.52487
8.568037
8.541358
8.53728
8.57419
8.56096
8.577903
8.521943
8.559315
8.542264
8.550005
8.533929
8.56983
8.572082
8.547035
8.53068
8.541602
8.536491
8.551919
8.556913
8.583641
8.518576
8.579271
8.534568
8.530922
8.568168
8.654191
8.521592
8.543576
8.557937
8.5666
8.579002
8.532994
8.53757
8.519262
8.620687
8.561356
8.515837
8.528776
8.583791
8.580097
8.534072
8.510628
8.563275
8.587289
8.56251
8.568227
8.555224
8.559595
8.542092
8.521279
8.590222
8.595439
8.601014
8.593399
8.629425
8.625548
8.578088
8.596917
8.560877
8.572603
8.563452
8.601185
8.540375
8.541401
8.489171
8.627078
8.631841
8.605365
8.480951
8.561489
8.537071
8.571717
8.553199
8.602264
8.580119
8.556311
8.651923
8.578477
8.59439
8.528361
8.565363
8.522391
8.531123
8.591278
8.591267
8.638349
8.519966
8.573821
8.589004
8.637956
8.544467
8.544883
8.538025
8.605532
8.543475
8.616526
8.587758
8.586341
8.585254
8.553017
8.562107
8.564054
8.560164
8.633421
8.587209
8.526982
8.491259
8.579005
8.589575
8.529129
8.565872
8.550255
8.569218
8.630748
8.567375
8.5592
8.554182
8.540027
8.59759
8.545905
8.588925
8.526697
8.541509
8.601348
8.509907
8.590711
8.629655
8.553755
8.520604
8.580693
8.613607
8.546098
8.535894
8.575504
8.611166
8.5826
8.570532
8.529529
8.579182
8.548139
8.569075
8.564309
8.562255
8.581389
8.577758
8.583668
8.553176
8.507833
8.572055
8.567937
8.610785
8.604664
8.528732
8.604727
8.54275
8.597418
8.578041
8.576088
8.547865
8.545916
8.502692
8.601891
8.509921
8.489318
8.488237
8.545248
8.54585
8.57262
8.564381
8.553614
8.579708
8.559432
8.536673
8.585499
8.562254
8.538255
8.562969
8.547396
8.574351
8.541623
8.618393
8.55402
8.52437
8.525235
8.562103
8.573792
8.545303
8.581944
8.60393
8.548097
8.601424
8.520145
8.603741
8.578225
8.585143
8.581403
8.578214
8.512598
8.535778
8.532172
8.558684
8.530078
8.561997
8.508361
8.549775
8.556456
8.545008
8.569698
8.586291
8.572502
8.575441
8.549496
8.53995
8.571434
8.533077
8.576329
8.624607
8.594975
8.579339
8.613288
8.476818
8.571575
8.576645
8.573756
8.490633
8.577107
8.57477
8.565499
8.573049
8.556298
8.565558
8.585209
8.552787
8.578927
8.592613
8.538135
8.637653
8.595791
8.559242
8.531726
8.502555
8.516558
8.578892
8.481345
8.569406
8.604157
8.570139
8.564478
8.608911
8.523794
8.555188
8.621004
8.502359
8.581994
8.525411
8.560276
8.627631
8.540388
8.58628
8.51788
8.530492
8.559763
8.56873
8.540695
8.579016
8.58954
8.611603
8.628098
8.547061
8.642474
8.58265
8.514749
8.553508
8.524306
8.516979
8.614474
8.567822
8.596084
8.534928
8.599263
8.599253
8.515123
8.56389
8.591789
8.51809
8.513274
8.524211
8.502937
8.537917
8.57479
8.511828
8.560458
8.556587
8.517482
8.544005
8.574928
8.59908
8.588015
8.582095
8.527265
8.550023
8.572968
8.60686
8.543991
8.592977
8.537477
8.5482
8.592744
8.542627
8.533067
8.575881
8.599827
8.573815
8.574559
8.607165
8.556867
8.63655
8.543349
8.572062
8.51174
8.610119
8.592771
8.627727
8.575834
8.561008
8.598084
8.615149
8.554209
8.534784
8.560962
8.579277
8.598179
8.551259
8.550296
8.645499
8.498371
8.546606
8.517602
8.513299
8.586943
8.617152
8.579035
8.572671
8.604191
8.531663
8.566368
8.555355
8.517511
8.570296
8.542192
8.601875
8.580263
8.527831
8.532436
8.597518
8.624951
8.581284
8.578837
8.640992
8.572477
8.541382
8.549885
8.645025
8.598936
8.614424
8.633195
8.573124
8.552175
8.560763
8.617261
8.540914
8.586058
8.58254
8.579776
8.496841
8.541075
8.540292
8.568173
8.54845
8.550847
8.609644
8.590159
8.5235
8.584228
8.557963
8.591156
8.599043
8.509735
8.564687
8.567822
8.573507
8.574523
8.589897
8.56868
8.49224
8.545709
8.554521
8.569912
8.557538
8.633458
8.524928
8.605391
8.560029
8.536547
8.591206
8.544187
8.564628
8.604763
8.672665
8.56208
8.525659
8.519211
8.551925
8.522754
8.542434
8.569395
8.556117
8.586594
8.59117
8.5729
8.559245
8.566584
8.60208
8.527378
8.663031
8.656147
8.585707
8.525111
8.535328
8.608496
8.531209
8.580637
8.554992
8.563803
8.557768
8.624864
8.487295
8.615539
8.567161
8.569622
8.62538
8.517098
8.534779
8.571907
8.611216
8.527561
8.657801
8.613162
8.557361
8.539918
8.514948
8.533826
8.620883
8.642854
8.567964
8.601046
8.540364
8.586678
8.644223
8.560607
8.512493
8.602305
8.542344
8.567644
8.594034
8.554184
8.539942
8.618069
8.561324
8.555098
8.574582
8.556051
8.608114
8.538524
8.553423
8.523322
8.481693
8.580064
8.574118
8.599769
8.572837
8.559572
8.561219
8.569313
8.65411
8.560272
8.617393
8.547068
8.576676
8.56697
8.496926
8.518417
8.602364
8.617939
8.529941
8.545475
8.620586
8.555336
8.577589
8.629349
8.569103
8.574505
8.607656
8.639502
8.528945
8.571022
8.548211
8.546021
8.612815
8.547011
8.52742
8.574235
8.528102
8.530051
8.633193
8.613669
8.525778
8.608959
8.560288
8.551346
8.59884
8.583165
8.60557
8.574885
8.540097
8.593005
8.53739
8.537155
8.578317
8.56868
8.563536
8.565543
8.654279
8.494554
8.562569
8.597658
8.675897
8.595406
8.592564
8.606894
8.539766
8.516802
8.625495
8.583288
8.539146
8.532388
8.51103
8.528013
8.567587
8.555729
8.564179
8.572729
8.551274
8.509064
8.565212
8.617745
8.610391
8.585199
8.597123
8.538205
8.509601
8.540749
8.576307
8.567772
8.549419
8.534052
8.521541
8.612059
8.547317
8.584514
8.550506
8.621151
8.528537
8.515083
8.543916
8.508528
8.627409
8.532032
8.509703
8.546244
8.578455
8.541525
8.578392
8.555248
8.598438
8.576459
8.567647
8.584103
8.535386
8.540288
8.572514
8.539495
8.511516
8.491409
8.548118
8.544527
8.518253
8.586398
8.570459
8.55139
8.529722
8.57522
8.511017
8.585742
8.624745
8.506804
8.572907
8.587787
8.529653
8.574698
8.547056
8.583204
8.654304
8.545702
8.529389
8.543089
8.6205
8.53975
8.591074
8.574483
8.592265
8.565261
8.490397
8.543333
8.540804
8.569309
8.584644
8.53187
8.542106
8.541348
8.535845
8.559943
8.618108
8.532225
8.540559
8.577921
8.588063
8.609004
8.542903
8.582861
8.55132
8.560892
8.584812
8.636833
8.550667
8.536115
8.555153
8.582311
8.556023
8.526528
8.595002
8.54378
8.574413
8.588007
8.573668
8.600998
8.652769
8.574159
8.61579
8.651238
8.542207
8.562281
8.625628
8.562727
8.568326
8.574598
8.601985
8.55723
8.576129
8.507453
8.530739
8.587853
8.608626
8.555086
8.513093
8.59757
8.608987
8.586908
8.629354
8.534638
8.576389
8.555591
8.567639
8.566854
8.585718
8.510212
8.559023
8.576496
8.53554
8.569024
8.574133
8.626258
8.583609
8.559325
8.571449
8.569036
8.607864
8.537534
8.603855
8.633906
8.574848
8.620974
8.536167
8.548868
8.562632
8.590258
8.536176
8.570274
8.505869
8.558579
8.591192
8.56773
8.610638
8.54442
8.51994
8.570455
8.552271
8.501156
8.566126
8.574087
8.565434
8.54239
8.484499
8.581202
8.595001
8.533118
8.596727
8.613854
8.582157
8.630142
8.544453
8.569505
8.567477
8.600143
8.540314
8.583397
8.514394
8.549655
8.528461
8.552349
8.589505
8.487017
8.518287
8.626297
8.56061
8.547058
8.569868
8.561427
8.643807
8.525146
8.48708
8.489128
8.622818
8.536495
8.51688
8.597118
8.583743
8.569844
8.627524
8.614705
8.535282
8.548518
8.612143
8.547113
8.581706
8.498395
8.571807
8.540264
8.549946
8.588983
8.616521
8.518594
8.54576
8.554005
8.569897
8.58859
8.559372
8.588907
8.5468
8.599269
8.502333
8.523531
8.580188
8.5841
8.548973
8.529352
8.570329
8.525176
8.53849
8.534243
8.670834
8.574686
8.619506
8.573786
8.630008
8.52353
8.565323
8.570567
8.557127
8.504176
8.55813
8.533514
8.47032
8.606712
8.597459
8.495265
8.57497
8.503639
8.547695
8.579977
8.620414
8.573633
8.542073
8.60281
8.574618
8.529598
8.562315
8.571871
8.589845
8.580229
8.614228
8.549296
8.574651
8.507028
8.540123
8.577652
8.600147
8.532599
8.569427
8.580838
8.57799
8.557583
8.600694
8.543387
8.629127
8.547617
8.603737
8.555267
8.572743
8.634917
8.62552
8.556624
8.518462
8.551003
8.636405
8.566872
8.587011
8.539894
8.501593
8.596827
8.551037
8.594212
8.515348
8.52758
8.543374
8.509892
8.515019
8.599231
8.599253
8.523262
8.624867
8.54287
8.622075
8.539426
8.571829
8.529889
8.585975
8.541292
8.510258
8.554786
8.544199
8.543628
8.606009
8.560465
8.575127
8.565589
8.537096
8.560059
8.519518
8.535423
8.590105
8.582509
8.62718
8.605425
8.545984
8.575962
8.61065
8.552941
8.526112
8.54658
8.520544
8.467301
8.55086
8.576055
8.615354
8.587275
8.632445
8.583266
8.508166
8.611504
8.520553
8.608995
8.539576
8.562088
8.601897
8.544955
8.554777
8.611443
8.55033
8.614043
8.521248
8.593235
8.563661
8.596583
8.533092
8.593799
8.515956
8.564702
8.575371
8.625764
8.558918
8.594277
8.560678
8.558898
8.553225
8.548659
8.510618
8.589474
8.621543
8.571434
8.500096
8.520021
8.60983
8.539189
8.53875
8.545281
8.519442
8.458152
8.547649
8.532004
8.639668
8.595401
8.654583
8.527665
8.537391
8.566963
8.52912
8.581429
8.538281
8.553749
8.540132
8.534394
8.539303
8.545994
8.515818
8.563517
8.55264
8.568863
8.582597
8.608567
8.595096
8.574513
8.569822
8.469782
8.609409
8.580031
8.593273
8.46807
8.629057
8.518054
8.614791
8.453228
8.650637
8.571035
8.53601
8.596503
8.598032
8.624719
8.615828
8.600829
8.588205
8.544299
8.525413
8.5677
8.560046
8.552502
8.537248
8.505081
8.589115
8.570168
8.620987
8.605161
8.563739
8.577659
8.603419
8.615608
8.610149
8.574423
8.51572
8.537842
8.542434
8.629725
8.591162
8.515219
8.594589
8.567783
8.572818
8.565569
8.516194
8.601612
8.526407
8.557313
8.555109
8.639616
8.527373
8.548461
8.586425
8.550312
8.558913
8.55375
8.585945
8.609798
8.552629
8.58436
8.544677
8.547809
8.573419
8.524439
8.491218
8.476309
8.559899
8.547506
8.567397
8.563571
8.593826
8.528789
8.50072
8.538729
8.671456
8.587819
8.612908
8.532683
8.565754
8.619154
8.600038
8.614031
8.503119
8.52017
8.607764
8.510457
8.521672
8.522093
8.578988
8.494098
8.579032
8.640659
8.606853
8.539999
8.641574
8.501927
8.583219
8.583247
8.583014
8.553199
8.584822
8.628261
8.574263
8.601313
8.532866
8.500913
8.589061
8.532437
8.514644
8.5566
8.550574
8.601458
8.596257
8.544405
8.511019
8.537108
8.499766
8.539537
8.546985
8.559344
8.551584
8.548938
8.532613
8.637949
8.56796
8.614661
8.578394
8.581414
8.561444
8.557552
8.534489
8.552284
8.549598
8.579658
8.601162
8.591045
8.565671
8.549006
8.608479
8.526613
8.56332
8.565462
8.505789
8.522528
8.593448
8.503203
8.56766
8.536143
8.583304
8.553566
8.568889
8.534235
8.578224
8.61457
8.527762
8.618685
8.63571
8.522731
8.472958
8.497193
8.604615
8.580532
8.566949
8.535725
8.558665
8.572528
8.546629
8.549271
8.608245
8.548465
8.550491
8.51962
8.581068
8.601924
8.456026
8.591098
8.61627
8.584428
8.518541
8.566503
8.649006
8.532203
8.541015
8.572724
8.554144
8.515138
8.596429
8.60218
8.53199
8.554413
8.5367
8.601945
8.52565
8.553251
8.590988
8.549072
8.540965
8.546828
8.509958
8.556904
8.607967
8.565884
8.537763
8.550565
8.5525
8.581356
8.50048
8.558275
8.524382
8.595071
8.549864
8.558597
8.594539
8.557728
8.531059
8.556066
8.527526
8.543237
8.577131
8.487201
8.519245
8.616027
8.655347
8.582013
8.622386
8.573769
8.606884
8.581836
8.546004
8.534296
8.59457
8.466436
8.593045
8.551065
8.540301
8.574358
8.58704
8.571152
8.565998
8.600904
8.582501
8.600211
8.56985
8.603372
8.57389
8.662068
8.572478
8.62085
8.556095
8.538187
8.567652
8.51105
8.575266
8.567961
8.549706
8.544392
8.632752
8.553474
8.538624
8.535488
8.514314
8.582672
8.606553
8.556279
8.557945
8.566801
8.53647
8.59644
8.567244
8.585315
8.499979
8.578883
8.592368
8.539356
8.61509
8.594197
8.587384
8.602414
8.572739
8.542666
8.576132
8.59367
8.55542
8.62755
8.573102
8.568867
8.573353
8.505649
8.569321
8.480555
8.576111
8.585462
8.507932
8.559335
8.570595
8.559679
8.586194
8.627601
8.582482
8.575699
8.606836
8.603786
8.522114
8.613514
8.680827
8.611757
8.546509
8.541743
8.549759
8.571878
8.477093
8.588511
8.549763
8.59015
8.621865
8.553263
8.518964
8.556558
8.58119
8.517013
8.497341
8.594832
8.548663
8.563361
8.573085
8.553534
8.569584
8.580334
8.534665
8.561168
8.560482
8.56651
8.637433
8.520714
8.601747
8.606981
8.522205
8.557236
8.538687
8.57554
8.621183
8.524973
8.574585
8.552155
8.555519
8.574642
8.546198
8.588001
8.522076
8.595129
8.561464
8.573808
8.557789
8.577881
8.490306
8.554371
8.615413
8.565715
8.613193
8.630978
8.602658
8.563895
8.57955
8.591351
8.563227
8.59069
8.512945
8.552395
8.569408
8.600506
8.624713
8.592022
8.509394
8.594265
8.577747
8.575046
8.585543
8.556606
8.514639
8.575168
8.619226
8.501575
8.545465
8.581391
8.555868
8.604578
8.557019
8.501687
8.534166
8.546208
8.554083
8.582539
8.593431
8.5587
8.584435
8.562222
8.529423
8.587229
8.566245
8.598546
8.569369
8.625303
8.62389
8.550755
8.524837
8.669343
8.585876
8.489262
8.554205
8.530046
8.598023
8.620111
8.531615
8.646489
8.619782
8.470851
8.545586
8.53367
8.531945
8.578141
8.565156
8.582536
8.570051
8.605623
8.539175
8.524133
8.53588
8.577786
8.562551
8.567237
8.655805
8.517281
8.593514
8.592565
8.594936
8.483854
8.564282
8.642137
8.57952
8.545691
8.634646
8.563618
8.564726
8.585632
8.60136
8.576016
8.613607
8.575843
8.570937
8.686227
8.591314
8.567466
8.583113
8.522794
8.615479
8.571356
8.551672
8.478683
8.54428
8.534953
8.563261
8.56103
8.571634
8.535684
8.559573
8.586145
8.515724
8.561724
8.532276
8.533723
8.514776
8.595446
8.586879
8.546467
8.623451
8.564183
8.627992
8.559075
8.596563
8.550627
8.573764
8.534043
8.6668
8.536418
8.64059
8.560166
8.593582
8.561981
8.568534
8.596051
8.475111
8.628612
8.588949
8.585653
8.577729
8.674005
8.542131
8.537959
8.628895
8.597928
8.569061
8.574282
8.610757
8.510668
8.597397
8.533376
8.578938
8.51982
8.626626
8.589712
8.579726
8.546893
8.515921
8.566513
8.55335
8.583871
8.575239
8.507413
8.491505
8.577366
8.486259
8.522396
8.580839
8.606586
8.553543
8.568091
8.603709
8.556975
8.628154
8.530152
8.552888
8.544091
8.655524
8.554368
8.576332
8.532998
8.595274
8.625773
8.513593
8.558622
8.552682
8.568989
8.574474
8.539864
8.523418
8.529779
8.560886
8.59312
8.539685
8.605941
8.542515
8.498084
8.552929
8.525884
8.651004
8.455205
8.60075
8.535849
8.577948
8.541975
8.559123
8.533931
8.515307
8.575035
8.585573
8.562754
8.581294
8.628051
8.539387
8.524158
8.635015
8.567256
8.55908
8.533363
8.620509
8.595631
8.556821
8.569716
8.566601
8.592834
8.611318
8.557384
8.649342
8.592452
8.520265
8.530076
8.553587
8.563712
8.552603
8.588519
8.505467
8.556059
8.586716
8.586677
8.57502
8.565679
8.577696
8.582279
8.567751
8.649388
8.501306
8.631697
8.543117
8.604799
8.473075
8.57063
8.533991
8.578042
8.582448
8.560452
8.60256
8.549524
8.551659
8.554167
8.459989
8.579948
8.625816
8.66566
8.530689
8.496102
8.516378
8.595963
8.535817
8.526928
8.56179
8.59229
8.597015
8.553211
8.594682
8.606804
8.521497
8.554449
8.524568
8.548367
8.593543
8.590533
8.565219
8.629117
8.576789
8.540715
8.581567
8.630001
8.536551
8.596794
8.555801
8.542781
8.571836
8.590496
8.556776
8.583613
8.525238
8.550891
8.54541
8.584225
8.625178
8.575817
8.565972
8.552679
8.577101
8.56118
8.564344
8.521763
8.586946
8.541272
8.604066
8.545444
8.558811
8.512095
8.559777
8.544267
8.583839
8.592162
8.524127
8.573892
8.597369
8.612511
8.542068
8.60575
8.591965
8.621935
8.653531
8.548752
8.544518
8.575615
8.548114
8.600976
8.581491
8.603906
8.519717
8.550249
8.609499
8.48306
8.557392
8.585049
8.560205
8.544969
8.556351
8.571488
8.59899
8.519558
8.544016
8.551125
8.549609
8.627067
8.568061
8.58712
8.562248
8.55936
8.6223
8.611457
8.527413
8.575321
8.536997
8.526979
8.590441
8.542087
8.582422
8.622478
8.65973
8.566303
8.575867
8.556858
8.567343
8.580914
8.538955
8.592131
8.622487
8.534573
8.536147
8.568496
8.576301
8.589717
8.561514
8.549995
8.601037
8.495307
8.594094
8.567633
8.632093
8.549984
8.582289
8.595521
8.614097
8.554966
8.578034
8.47071
8.575235
8.530736
8.549525
8.55446
8.609917
8.522378
8.571586
8.497371
8.550738
8.573561
8.587586
8.534496
8.567826
8.550057
8.548522
8.57105
8.519826
8.648298
8.534071
8.599359
8.607288
8.565172
8.528172
8.549284
8.58153
8.547652
8.605489
8.551213
8.532337
8.613616
8.606346
8.606772
8.565457
8.59534
8.56276
8.542121
8.581518
8.593891
8.463587
8.570181
8.590995
8.598992
8.501027
8.53632
8.575221
8.578779
8.580457
8.620672
8.575311
8.59073
8.581565
8.593414
8.538625
8.564101
8.555542
8.594593
8.510451
8.557678
8.620691
8.606406
8.48261
8.54592
8.566209
8.556688
8.662126
8.574944
8.574368
8.533253
8.574267
8.584909
8.536742
8.62698
8.540016
8.570096
8.554574
8.545341
8.479781
8.643476
8.585799
8.556177
8.614094
8.567059
8.509761
8.562265
8.530833
8.567537
8.57094
8.582777
8.580527
8.544598
8.519179
8.61828
8.621547
8.593549
8.56439
8.532974
8.47347
8.566015
8.548979
8.54842
8.632019
8.578229
8.579131
8.566491
8.552487
8.564882
8.589299
8.567291
8.650002
8.564786
8.547419
8.545799
8.596365
8.608581
8.548279
8.640938
8.572448
8.581314
8.571907
8.522195
8.556795
8.491649
8.571122
8.561995
8.509779
8.585704
8.62133
8.662656
8.557258
8.571579
8.500061
8.5751
8.590491
8.503204
8.504579
8.494379
8.543548
8.559062
8.476017
8.585473
8.5642
8.567298
8.537331
8.489855
8.603944
8.565564
8.531818
8.525163
8.534162
8.563867
8.56227
8.476427
8.529573
8.558531
8.542049
8.5271
8.576699
8.54344
8.605554
8.621943
8.519001
8.610407
8.579331
8.573233
8.557041
8.505017
8.531053
8.548945
8.60848
8.561146
8.54811
8.582729
8.520456
8.545012
8.550132
8.539222
8.597024
8.505203
8.580089
8.533427
8.624624
8.531102
8.618104
8.521443
8.60871
8.484964
8.555454
8.546525
8.586688
8.5375
8.53012
8.553192
8.574375
8.564392
8.596229
8.557059
8.556825
8.540451
8.576403
8.560899
8.57334
8.558128
8.622012
8.560241
8.529055
8.563516
8.652358
8.57447
8.548387
8.560882
8.513963
8.621802
8.621143
8.556757
8.534616
8.566696
8.527088
8.549703
8.573799
8.585863
8.568064
8.546677
8.560109
8.57687
8.545909
8.552562
8.552095
8.561873
8.625507
8.561558
8.568781
8.612722
8.635086
8.573959
8.599373
8.617963
8.533006
8.566921
8.590184
8.579207
8.519115
8.525621
8.623207
8.549896
8.542673
8.569697
8.479026
8.578154
8.564196
8.5649
8.566841
8.562294
8.557752
8.490101
8.571618
8.611899
8.554967
8.587674
8.60713
8.553305
8.554407
8.603158
8.570788
8.569853
8.564399
8.57569
8.559939
8.547729
8.620923
8.56855
8.597858
8.595849
8.563067
8.549244
8.597594
8.502455
8.597627
8.53291
8.602895
8.56501
8.509975
8.573243
8.593832
8.613706
8.541443
8.600885
8.594047
8.573807
8.552017
8.527223
8.535324
8.602006
8.645594
8.507489
8.565419
8.548207
8.520191
8.614576
8.607979
8.570931
8.541076
8.557313
8.591546
8.632156
8.538805
8.498957
8.490514
8.635995
8.629951
8.460763
8.516058
8.555877
8.566223
8.571283
8.545402
8.544693
8.599113
8.532561
8.589329
8.570221
8.528655
8.540746
8.569934
8.53006
8.524534
8.552809
8.525316
8.589494
8.582694
8.597315
8.598237
8.479734
8.625391
8.57949
8.595202
8.578644
8.558427
8.577223
8.663598
8.558945
8.611819
8.559765
8.579318
8.527483
8.554922
8.549881
8.567924
8.554332
8.605902
8.608615
8.551569
8.517484
8.528073
8.484824
8.615391
8.605643
8.553835
8.540764
8.574359
8.554225
8.539972
8.61799
8.528133
8.531639
8.551974
8.596756
8.523438
8.598983
8.576504
8.563987
8.644214
8.561347
8.565826
8.496753
8.598173
8.548632
8.583797
8.581467
8.574898
8.560028
8.558252
8.565698
8.578218
8.496054
8.532309
8.46357
8.579672
8.5587
8.510505
8.592692
8.558749
8.541725
8.609603
8.514791
8.584349
8.569549
8.548558
8.549442
8.572414
8.553328
8.465599
8.559558
8.488518
8.541158
8.597234
8.53343
8.676064
8.536941
8.683676
8.61349
8.564501
8.592989
8.599421
8.588673
8.557182
8.4497
8.530835
8.517985
8.596826
8.569868
8.536478
8.560389
8.564433
8.550145
8.566983
8.504444
8.565229
8.55668
8.607752
8.564677
8.63469
8.532595
8.547357
8.612172
8.585751
8.579997
8.586632
8.631453
8.52815
8.521795
8.563421
8.59327
8.581104
8.571716
8.523453
8.588838
8.519305
8.468482
8.596756
8.508325
8.546338
8.588943
8.598737
8.539775
8.542991
8.565273
8.613921
8.558423
8.495646
8.589922
8.590178
8.512987
8.606132
8.614734
8.574087
8.572012
8.542835
8.557161
8.591618
8.54997
8.674635
8.611791
8.586669
8.544776
8.577269
8.546112
8.516823
8.521497
8.572517
8.62932
8.598749
8.574844
8.526288
8.599422
8.575431
8.534288
8.638844
8.528263
8.602218
8.577855
8.599959
8.476615
8.547026
8.578793
8.565317
8.538548
8.516638
8.628437
8.573139
8.609103
8.610917
8.540179
8.551674
8.604309
8.581846
8.588178
8.537065
8.546075
8.56534
8.553275
8.483989
8.539889
8.553486
8.562323
8.543128
8.57802
8.556192
8.639753
8.53707
8.557908
8.575629
8.536513
8.593935
8.64642
8.571927
8.606241
8.541186
8.579687
8.565045
8.626826
8.574245
8.49656
8.584274
8.613542
8.650837
8.576982
8.565677
8.625752
8.562155
8.548422
8.611053
8.555807
8.541464
8.529314
8.600574
8.530749
8.499238
8.55034
8.552897
8.575493
8.534479
8.598993
8.599121
8.543514
8.514426
8.603417
8.550076
8.550228
8.45896
8.550242
8.596519
8.50876
8.522984
8.554807
8.5782
8.574538
8.572594
8.559013
8.549196
8.584623
8.603
8.572559
8.566441
8.6182
8.571321
8.520628
8.601678
8.517149
8.560088
8.629838
8.564329
8.530058
8.565387
8.545045
8.535201
8.572303
8.539557
8.590766
8.537453
8.602537
8.512113
8.536642
8.582902
8.598101
8.615981
8.549428
8.552237
8.50904
8.485778
8.542751
8.518163
8.566113
8.583857
8.552214
8.493651
8.533024
8.578211
8.548697
8.583623
8.631234
8.565006
8.582264
8.575545
8.597926
8.646336
8.572749
8.555484
8.602543
8.601084
8.556579
8.527102
8.549043
8.561716
8.541101
8.620221
8.593755
8.575901
8.526761
8.608284
8.543628
8.484127
8.598592
8.547656
8.579443
8.591405
8.650924
8.526041
8.554639
8.550953
8.532368
8.60071
8.568693
8.523462
8.578319
8.598996
8.520929
8.584468
8.62224
8.549604
8.498953
8.56478
8.56017
8.607778
8.566214
8.563212
8.60931
8.61868
8.579566
8.569209
8.617567
8.541334
8.525183
8.534706
8.548254
8.53767
8.529747
8.522957
8.56702
8.520175
8.603169
8.524298
8.640113
8.572951
8.55541
8.527771
8.514156
8.494983
8.563763
8.575264
8.514264
8.579858
8.568976
8.58132
8.537723
8.604319
8.578898
8.581252
8.595645
8.655104
8.593755
8.576405
8.592739
8.578619
8.536297
8.542814
8.573337
8.526609
8.581871
8.587695
8.566697
8.610423
8.631505
8.573187
8.604561
8.564771
8.539139
8.660173
8.511411
8.569579
8.482468
8.591731
8.628777
8.602213
8.512748
8.556457
8.568123
8.564302
8.564827
8.561467
8.583742
8.511165
8.562154
8.557742
8.575149
8.552269
8.537728
8.594403
8.60865
8.556051
8.514404
8.55622
8.565421
8.530055
8.567496
8.563418
8.594745
8.564509
8.586573
8.554951
8.610992
8.597502
8.622756
8.570671
8.560108
8.539854
8.61328
8.504956
8.554103
8.621749
8.550467
8.465869
8.59924
8.588859
8.572188
8.523766
8.49374
8.539272
8.527387
8.485141
8.554437
8.540211
8.563759
8.553642
8.543416
8.426321
8.535836
8.529063
8.564263
8.609408
8.554352
8.529008
8.521828
8.566489
8.56879
8.541937
8.572402
8.584724
8.586175
8.533941
8.597186
8.504146
8.627373
8.572021
8.576522
8.551209
8.554566
8.589755
8.581532
8.550192
8.575359
8.566973
8.627352
8.620616
8.554562
8.5047
8.491994
8.589252
8.58988
8.588403
8.563333
8.578733
8.525892
8.582313
8.545232
8.588891
8.588777
8.566113
8.548141
8.602925
8.49094
8.547386
8.593775
8.598064
8.597779
8.653969
8.561808
8.556592
8.552724
8.562809
8.555462
8.605311
8.527785
8.601542
8.510895
8.588495
8.504054
8.563894
8.567033
8.556948
8.580096
8.544693
8.459486
8.558373
8.609874
8.572309
8.560343
8.550227
8.496993
8.536296
8.617093
8.580775
8.59198
8.605183
8.558754
8.591408
8.517984
8.474291
8.542977
8.493113
8.600246
8.586566
8.572061
8.714596
8.598096
8.598961
8.578994
8.574908
8.58488
8.585804
8.633185
8.529358
8.579345
8.564642
8.577341
8.533568
8.595644
8.562208
8.55942
8.532246
8.572984
8.555456
8.59105
8.570178
8.56365
8.483197
8.579185
8.604304
8.645181
8.555899
8.642684
8.538301
8.543459
8.601598
8.584802
8.566923
8.635336
8.517667
8.564965
8.518999
8.534607
8.587564
8.545446
8.534197
8.484104
8.571387
8.602361
8.561096
8.574951
8.596689
8.613184
8.584441
8.618923
8.576677
8.624149
8.609535
8.580895
8.566069
8.526804
8.562773
8.596248
8.538495
8.503882
8.522576
8.54529
8.556874
8.58865
8.521078
8.606598
8.462676
8.622928
8.534425
8.524547
8.559858
8.476997
8.591698
8.501489
8.481653
8.532554
8.506414
8.613554
8.531079
8.601178
8.583785
8.550964
8.53033
8.591193
8.57315
8.660605
8.511452
8.5255
8.563462
8.566605
8.566599
8.571723
8.544405
8.592504
8.647381
8.623433
8.579688
8.570928
8.584257
8.589802
8.555799
8.544985
8.596825
8.539292
8.580738
8.608635
8.589511
8.572553
8.561705
8.608518
8.52642
8.55889
8.588526
8.590297
8.587223
8.553589
8.547719
8.556986
8.571971
8.552119
8.63119
8.59736
8.542306
8.597473
8.593494
8.511376
8.497991
8.605608
8.524671
8.570266
8.594492
8.512517
8.603342
8.546771
8.561401
8.511703
8.61748
8.567505
8.570976
8.561711
8.627793
8.581716
8.589774
8.556579
8.536528
8.531508
8.546808
8.567247
8.579385
8.544789
8.543435
8.566128
8.523296
8.544944
8.646853
8.547897
8.570113
8.570916
8.606291
8.585275
8.58209
8.574312
8.613534
8.560238
8.574502
8.569245
8.596884
8.504392
8.558624
8.51046
8.577991
8.546515
8.598661
8.548727
8.571231
8.576189
8.54555
8.623104
8.5709
8.588526
8.543483
8.60281
8.55509
8.538903
8.5963
8.657683
8.592961
8.554094
8.604573
8.604195
8.524604
8.621602
8.541521
8.604461
8.596419
8.644919
8.585171
8.551375
8.657073
8.559771
8.537638
8.521729
8.602401
8.605026
8.549757
8.572359
8.564115
8.577014
8.609659
8.583527
8.61377
8.563512
8.583697
8.540939
8.51842
8.571624
8.549643
8.62958
8.547258
8.593398
8.570862
8.512582
8.585394
8.578883
8.563442
8.572003
8.573688
8.58406
8.539963
8.565591
8.555114
8.594552
8.52663
8.576342
8.583235
8.53469
8.604227
8.492546
8.561821
8.578754
8.557389
8.569032
8.544189
8.536498
8.5563
8.593489
8.557791
8.556336
8.540999
8.559569
8.621753
8.588494
8.620713
8.60558
8.53056
8.562097
8.591105
8.585355
8.637459
8.599763
8.486369
8.540426
8.561679
8.535695
8.59867
8.590659
8.564677
8.616242
8.650639
8.507252
8.514896
8.504258
8.609724
8.609094
8.528379
8.55008
8.545113
8.544038
8.62405
8.571019
8.558316
8.556027
8.592935
8.569646
8.509362
8.531864
8.52771
8.581243
8.520215
8.615742
8.527692
8.56735
8.579337
8.620091
8.60951
8.542025
8.54561
8.564302
8.583803
8.566677
8.593179
8.566817
8.581481
8.541106
8.605368
8.654735
8.581061
8.573495
8.549415
8.477598
8.544993
8.524383
8.562671
8.477009
8.592827
8.606353
8.557322
8.579546
8.574351
8.513525
8.60068
8.632601
8.554603
8.585816
8.603805
8.573967
8.55208
8.550499
8.565368
8.584977
8.535591
8.538847
8.549671
8.556593
8.556913
8.560541
8.560048
8.580798
8.575298
8.553079
8.491972
8.53331
8.554992
8.581532
8.563883
8.529687
8.604953
8.543035
8.582345
8.593
8.564159
8.509059
8.584565
8.547612
8.567352
8.5685
8.609615
8.578186
8.550367
8.584303
8.559701
8.572158
8.543906
8.543318
8.473786
8.610568
8.59576
8.584439
8.568077
8.572743
8.601756
8.549564
8.604071
8.624046
8.53365
8.511029
8.536307
8.580246
8.576967
8.560524
8.567405
8.53406
8.655302
8.509262
8.538643
8.609043
8.552942
8.540353
8.542685
8.575124
8.63142
8.585253
8.568458
8.591268
8.572794
8.579508
8.573115
8.550698
8.584926
8.493832
8.63003
8.594745
8.559776
8.589252
8.53591
8.60368
8.584232
8.589749
8.550639
8.587045
8.625755
8.61824
8.51714
8.59102
8.558787
8.60611
8.571739
8.542569
8.579212
8.497998
8.601687
8.569684
8.579457
8.538613
8.568253
8.550516
8.547199
8.576061
8.5233
8.538358
8.575879
8.589772
8.513159
8.528674
8.488056
8.563409
8.541328
8.577874
8.510698
8.5473
8.540854
8.574978
8.537346
8.510611
8.558324
8.555405
8.548966
8.507666
8.568795
8.541535
8.615347
8.564171
8.522694
8.625503
8.545363
8.549413
8.616385
8.577309
8.54315
8.623207
8.547649
8.578413
8.534822
8.501845
8.530587
8.521319
8.586945
8.561156
8.554649
8.569013
8.555826
8.579891
8.556296
8.617023
8.539089
8.55091
8.496646
8.6271
8.523241
8.625523
8.535661
8.554141
8.525782
8.602749
8.637588
8.558115
8.564002
8.508273
8.524902
8.534168
8.498936
8.603949
8.574915
8.554283
8.485315
8.577179
8.555532
8.562947
8.577453
8.500911
8.521217
8.635067
8.583353
8.623958
8.581581
8.561822
8.548868
8.554176
8.506392
8.566336
8.585137
8.54165
8.602748
8.57537
8.560982
8.594094
8.509278
8.514412
8.566996
8.6255
8.540737
8.527723
8.548518
8.548359
8.603154
8.517343
8.603646
8.592707
8.47515
8.641715
8.603929
8.529624
8.62523
8.651456
8.473706
8.579939
8.567718
8.541452
8.57613
8.557492
8.593252
8.572392
8.553674
8.53902
8.506501
8.57498
8.582418
8.615332
8.580043
8.588948
8.570199
8.575526
8.534923
8.612045
8.511018
8.64108
8.593796
8.546653
8.586262
8.585798
8.535268
8.611601
8.554658
8.599453
8.524292
8.577719
8.585273
8.609549
8.560286
8.581982
8.581002
8.610459
8.570126
8.57791
8.568435
8.663926
8.479343
8.633209
8.556798
8.643317
8.493591
8.507951
8.599063
8.49371
8.580792
8.493278
8.552325
8.571529
8.572706
8.569407
8.462148
8.469282
8.584709
8.531483
8.595277
8.564086
8.551811
8.559997
8.547128
8.580868
8.564184
8.602815
8.585755
8.600409
8.602512
8.613405
8.586934
8.587388
8.580716
8.604148
8.624599
8.557432
8.537453
8.515616
8.540295
8.507271
8.562797
8.596272
8.554105
8.519403
8.57161
8.603446
8.574518
8.575505
8.582975
8.577456
8.636622
8.557484
8.5363
8.514392
8.540135
8.573958
8.586906
8.557074
8.580771
8.587247
8.556445
8.558968
8.537549
8.571658
8.554857
8.563044
8.593113
8.561753
8.52163
8.569069
8.527463
8.520367
8.663492
8.516865
8.511897
8.594275
8.546461
8.559673
8.536933
8.607359
8.540763
8.543224
8.562913
8.544498
8.608192
8.53753
8.524131
8.555978
8.568582
8.535739
8.533391
8.565331
8.601431
8.605224
8.5637
8.577616
8.612259
8.561521
8.568495
8.482847
8.542135
8.645628
8.526538
8.601195
8.589999
8.597768
8.546027
8.563908
8.641777
8.619031
8.598708
8.553943
8.580105
8.6154
8.523811
8.611963
8.546977
8.531051
8.554486
8.590025
8.489922
8.699727
8.593106
8.511329
8.483493
8.551754
8.591824
8.593217
8.563717
8.45777
8.52968
8.583835
8.605825
8.631022
8.564767
8.57839
8.507679
8.572054
8.578665
8.601055
8.585806
8.568828
8.549188
8.630188
8.613419
8.600166
8.518222
8.638433
8.579183
8.538291
8.579937
8.576454
8.55634
8.606223
8.543598
8.574403
8.596303
8.551096
8.566501
8.514162
8.590519
8.514597
8.491856
8.594236
8.550946
8.522191
8.561193
8.613349
8.551679
8.508927
8.599113
8.552858
8.492813
8.50994
8.525274
8.566859
8.491639
8.602589
8.579954
8.54636
8.590125
8.568628
8.613812
8.481242
8.591887
8.636448
8.583269
8.607963
8.541229
8.552846
8.59628
8.597419
8.549355
8.586347
8.505215
8.566643
8.476883
8.613561
8.570432
8.52741
8.505244
8.600671
8.58481
8.546758
8.522946
8.555532
8.562882
8.52511
8.520314
8.530977
8.594003
8.499622
8.554609
8.599874
8.572921
8.591038
8.518047
8.536252
8.624917
8.536828
8.570309
8.603155
8.541885
8.599969
8.557237
8.602606
8.577309
8.603389
8.580838
8.610312
8.545298
8.580392
8.474323
8.569107
8.572034
8.56534
8.580039
8.588797
8.532422
8.562799
8.556411
