26961.45
37164.65
37211.98
46555.08
38111.43
39227.81
33348.85
32416.25
33548.82
28731.66
46494.69
38756.64
43751.65
43856.01
37833.17
42963.05
44091.19
48189.7
40736.65
40040.17
32720.32
46613.91
26260.96
36260.64
28046.09
36597.46
42721.43
38857.15
35318.71
30915.74
33548.48
19094.27
36332.69
29406.12
28761.62
38861.31
18680.19
18612.42
15355.8
21613.59
27624.22
40319.85
41074.49
36077.59
43438.67
36972.09
27891.44
44148.6
40635.45
50337.35
38557.29
27130.84
39889.06
45386.8
26594.2
40930.14
49356.9
32275.6
47905.87
36014.55
30744.02
37629.68
37393.17
46257.29
42537.6
41248.9
41038.28
53305.92
43156.16
42149.5
38689.6
44347.71
40246.02
39927.68
41873.17
45691.55
51336.76
51121.84
38139.47
36202.91
49646.46
33895.29
41849.12
41460.35
39298.55
40228.59
43881.29
33676.93
26189.06
31428.63
43049.9
35334.56
32372.95
34629.61
36549.37
41481.7
39580.98
35210.6
53855.73
43278.63
43791.96
38697.26
39680.71
37719.91
47861.51
42379.95
35478.21
38838.07
30987.35
38870.39
33074.55
40531.28
38432.49
43684.31
43563.21
39243.72
29737.14
33518.7
31638.12
22629.56
20046.15
20543.26
39123.72
37830.72
34483.04
32699.18
44187.9
35393.91
41593.81
40964.21
44008.01
38316.13
41803.27
43621.83
46424.4
30689.81
45354.89
42089.04
37620.67
38338.08
28506.93
30626.61
54050.66
42092.86
37317.69
57784.75
44846.74
44377.12
43945.81
48388.31
27661.91
33405.64
25067.09
50858.53
29834.57
26135.55
35901.57
39088.98
52288.67
47410.42
45685.2
45683.71
36627.66
45000.42
45804.89
44829.91
40221.33
42095.95
44579.08
44043.68
33597.41
21808.28
36562.46
33754.47
34289.04
36144.72
44411.97
38601.18
55921.91
39085.83
23365.32
36304.4
45683.2
39680.53
36325.66
47082.55
45214.53
44162.36
39500.38
56632.9
42402.95
30833.71
35646.04
36324.2
36279.74
28265.63
29656.55
42929.12
30229.2
38588.99
44671.91
47086.55
44437.08
44790.38
51786.93
42836.29
44105.11
47871.57
41633.37
38159.19
34229.97
37925.35
31345.56
31492.78
34182.31
37209.37
44663.69
34316.43
36631.46
32780.37
41394.96
45432.06
36799.57
38763.4
32703.97
38150.93
30405.7
36174.24
36125.26
35288.49
34425.09
33801.31
40848.57
38077.8
37085.28
41568.85
32829.19
40910.76
36781.32
60262.27
42216.53
41895.85
44993.6
48574.22
37694.36
41773.47
40996.58
32255.42
41201.25
37282.21
48996.96
45648.49
33879.95
34985.97
32980.11
56082.87
31529.59
37131.52
28217.57
27351.63
61027.37
53402.42
43335.68
35535.28
41991.94
29274.7
45994.59
37496.75
38867.08
26811.23
45942.44
46521.02
40851.7
42901.31
40265.19
42342.11
36528.52
47044.95
37244.94
39737.56
44533.37
37373.42
39237.27
35491.51
51904.42
41028.42
42586.14
28104.06
33880.8
34920.55
43804.14
42346.14
46406.78
34239.21
50236.24
42220.47
42867
47928.53
60018.05
50540.43
37300.69
45533.62
54962.65
67144.3
38581.27
43179.1
31918.05
36071.92
42845.02
42419.64
40255.55
32505.67
43415.05
29863.41
38912.2
37867.58
37055.2
30216.75
36821.91
35448.62
33963.35
44556.77
57075.73
38459.88
29676.22
31396.98
40755.96
35799.15
44460.81
39480.6
30844.79
39941.5
27940.65
57424.66
43756.72
29533.14
37357.51
39563.71
41707.44
38810.13
38564.77
33547.49
36958
43865.96
38020.6
41524.3
42049.41
52884.67
40343.68
45348.91
35171.44
39118.44
43547.52
42198.67
44467.83
36247.57
32377.25
26177.86
45172.1
44150.01
50108.47
44551.34
37926.67
44211.33
41808.23
39830.34
43023.9
35218.98
36751.33
38141.62
56237.34
54561.11
41474.23
39256.06
49936
36338.77
30781.45
35653.89
54267.81
32198.33
44876.82
44095.53
40608.46
50994.43
43938.48
40473.19
32178.49
31054.14
29631.05
32257.78
35552.27
42501.54
48761.56
43958.71
34355.34
31132.62
46687.98
39147.4
31699.04
36199.37
26330.26
36912.61
39017.22
41693.01
34981.44
26336.1
31018.33
26219.98
25925.66
49994
36242.37
41616.83
34547.13
50002.29
42485.59
33399.76
34547.35
35478.53
47309.44
42763.52
30660.59
23693.84
24154.04
42932.7
28025.11
45655.83
44539.61
35356.48
34831.72
39863.65
39610.29
38453.97
32563.45
41933.38
37544.67
34675.14
52124.51
37370.25
36069.31
54674.44
40146.1
43005.49
37668.2
37468.94
43912.32
35979.98
35338.29
32577.69
33130.28
47324.12
38157.16
39172.89
34478.33
34055.75
41006.35
39407.5
52151.73
35227.29
49133.27
40533.26
43581.63
35305.26
40385.75
30767.9
50398.66
38422.64
30567.66
52235.78
37117.16
35127.69
34906.87
45556.07
38430.24
30788.66
29646.25
31986.12
34554.51
37482.22
49297.7
37229.86
32417.07
33816.41
23981.23
31251.27
30480.87
47600.05
34063.25
50557.61
49902.24
44701.7
32251.44
41580.24
35348.11
29872.05
35429.37
51156.35
38489.36
46093.56
54034.45
50566.46
32211.9
37150.78
43122.25
37233.28
41087
38258.15
34598.55
35777.75
48830.04
27534.03
28883.74
46931.99
39130.14
51601.24
48999.32
38903.89
29316.21
44667.32
36363.86
24308.49
36657.65
47166.34
39268.11
38636.1
51260.66
45144.74
42085.17
35332.47
27975.71
44517.04
34936.18
43095.63
50788.23
40886.46
32273.09
37343.97
31375.83
47246.12
37490.36
40768.32
51063.64
49898.56
23616.31
33352.96
44319.65
24575.77
25286.38
25002.08
40432.44
28380.17
44210.15
41241.96
42526.17
58423.46
26655.01
31179.85
36196.83
37270.5
36062.3
49241.87
36239.27
38366.19
50679.64
40787.66
52788.4
37283.63
45163.92
49981.37
39498.13
31738.43
53394.78
36446.62
58383.49
39501.82
41838.76
39468.11
41523.18
38539.4
31433.06
24309.38
37692.18
41709.29
26624.24
29564.78
22579.07
27212.79
30471.06
25273.05
25507.08
25348.32
26361.32
31967.51
28751.79
50164.77
43699.64
35628.39
39812.27
44912.33
36490.4
38358.42
34181.22
45646.53
32645.22
38313.48
41724.56
43089.39
28880.31
37815.47
42179.82
35577.81
42122.92
48138.56
33778.5
40117.89
45864.8
41894.31
37627.88
45052.73
33705.65
33045.9
45775.88
49499.24
49886.8
48781.55
37311.21
36405.23
48737.65
41636.76
42994.42
35275.94
29623.48
41437.26
34539.55
41149.72
39567.23
33460.87
39273.79
34556.17
49049.22
39765.66
45952.64
34347.55
37819.79
40697.62
41916.55
47705.09
43290
35768.32
41430.07
51218.25
40601.93
33667.01
42928.73
31628.44
24521.53
19253.08
20964.65
25747.2
29591.22
43133.24
37266.88
30781.63
40669.73
45162.48
39701.82
39918.19
33820.97
38014.07
45394.25
35439.77
45779.57
41104.92
46449.72
41162.94
25429.26
41528.72
39983.4
39438.39
35392.27
37293.95
37584
40525.09
35418.42
36681.25
39159.35
35634.15
44262.06
24067.95
22729.27
37536.76
29541.26
30773.99
34191.02
28470.87
27048.98
45778.86
26766.49
49622.33
35423.85
49050.2
51673.86
53975.03
36774.15
37497.94
37106.67
40820.66
34552.38
46521.28
27759.11
33553.62
41645.65
37867.85
32077.65
40780.53
48412.01
40991.61
35692.48
36061.66
51095.52
38058
58147.48
41677.3
39838.38
33803.42
42216.61
30846.35
34590.42
37229.25
46019.83
40168.46
31244.63
40452.27
32885.42
31511.45
30006.44
29792.66
29857.98
29510.44
35692.56
41369.72
30472.18
39249.12
45407.33
41248.46
28840.61
39114.18
54025.51
33497.17
47028.73
38439.6
49137.96
49428.18
44914.81
48705.44
46225.21
44029.44
39366.4
28344.78
39871.26
33427.91
41659.27
44768.32
37077.74
50466.98
59280.58
35638.73
43906.12
38594.17
41635.41
39445.7
37323.04
34057.55
30735.21
26040.22
24912.46
31208.25
42198.09
32863.42
37585.29
31815.92
33083.02
27695.78
29508.58
37511.56
33103.51
39089.9
36309.82
40264.92
31318.59
36323.82
43528.79
25256.41
37621.31
49700.47
36003.92
28492.34
28116.58
44347.38
34705.11
37047.12
34955.57
41670.76
43195.99
36869.75
43725.95
38527.4
40139.25
31124.06
45046.26
57268.69
50186.83
44116.54
43572.47
46228.57
31687.98
51356.21
37643.08
29707.17
38872.33
30833.96
51433.66
35866.23
33123.6
46194.46
44500.51
37683.23
36364.88
40625.45
35234.5
22941.62
26590.05
48492.73
35745.87
26801.27
40683.29
29143.8
30516.64
36866.18
37259.19
40209.09
49497.7
42517.09
35173.84
25002.37
48387.29
25657.05
38462.07
34739.73
32535.94
32148.12
28748.59
34010.26
33137.79
42303.85
48178.96
38377.09
43572.56
26530.52
38073.67
51258.65
43016.8
46776.78
44557.85
44312.1
42947.04
39864.91
57928.06
42102.71
48229.04
39363.77
55894.39
53636.95
48304.28
37309.8
34159.34
37888.48
35032.27
39822
37180.26
36959.43
39660.16
42876.99
42369.23
50860.26
39159.27
53108.59
37890.41
47927.66
41904.01
27561.4
40493.28
32753.73
38391.36
40918.7
43408.9
38501.15
33259.45
40351.64
40080.18
26628.06
27850.28
32881.24
35525.18
24975.96
17812.41
22086.98
33533.26
28646.83
24143.9
32125.75
29794.45
22813.98
25524.78
34942.3
18775.52
43198.24
32745.88
38400.8
29567.91
33762.94
65902.52
31046.89
44281.33
38206.83
54736.72
36310.47
43771.29
33971.19
33902.24
40543.57
40372.63
34108.62
35718.41
43628.74
52160.56
34112.55
37420.16
39406.06
35600.44
53151.06
36747.08
60249.06
32413.19
39138.47
37934.32
38267.58
33169.84
32914.09
27327.26
35216.48
36234.89
29451.73
36823.89
23702.09
38907.49
26670.08
32767.13
43105.7
26659.86
14292.19
15801.28
21297.73
28396.79
35973.82
40016.93
45496.36
42089.39
46627.44
35706.77
44391
45230.53
41539.79
44192.31
38899.11
49337.84
46534.36
40730.68
51572.38
56735.42
52451.7
46309.48
49324.16
46493.34
45519.99
34975.69
34162.45
46392.47
40873.19
33111.21
32056.46
41794.85
40539.64
47866.36
55532.08
33921.89
44350.06
40985.31
24575.62
45124.75
42971.25
39383.19
35554.74
34087.37
26938.56
35700.99
40778.66
43004.2
40293.1
41158.31
48738.29
43207.91
36010.77
44527.22
44088.27
33059.35
31219.77
39978.93
32759.41
46722.46
40399.91
41317.77
38541.53
44675.07
36604.11
33820.04
36586.18
42379.13
36228.82
45810.65
39423.4
37792.95
33823.55
36010.11
46408.8
26094.41
40267.89
39741.3
30893.98
46786.65
48198
43271.74
52161.25
39787.29
41115.81
44179.36
51029.31
40380.73
50255.17
44803.44
41156.7
40428.73
42373.04
51902.36
40531.68
48655.03
32033.76
34610.48
41869.36
40779.62
31710.04
37094.05
36074.92
26672.15
27023.47
29008.05
56061.13
40080.7
46124.69
40327.78
32525.92
30260.49
36161.72
49965.11
29994.79
40936.41
45919.71
37135.69
43579.11
41201.16
42625.03
37517.55
35604.25
38063.06
48620.34
35242.24
42902.17
51454.01
43820.29
39241.45
46194.27
47601.58
36375.86
47379.23
41670.36
43489.53
44082.85
40615.01
33443.21
36258.07
35253.92
22528.05
19945.78
38932.95
23316.5
26569.75
24336.98
25667.59
26762.31
33995.35
37013.95
29160.6
30109.82
24625.83
29336.29
31364.66
39287.42
41159.77
35757.85
38509.16
28550.05
24611.65
52109.73
40202.64
33246.28
41835.4
42537.15
56981.68
49209.23
32361.2
31120.91
55145.48
37651.46
37672.01
36223.95
57402.13
50983.39
34947.53
35746.97
42031.02
39139.89
40515.49
35775.36
35434.21
34713.38
34916.14
30342.48
47669.97
36078.9
46177.84
33170.3
35057.49
38082.55
41497.9
43009.26
49512.26
44295
43262.04
47262.6
35299.25
46080.71
48482.51
45456.6
39158.26
34300.19
39949.5
49547.15
59830.93
40608.23
39714.95
40307.6
41319.15
49795.55
31442.34
43730.24
32701.92
35220.17
38811.14
29885.91
32624.96
42056.03
47305.22
40064.49
42940.59
34381.07
47398.66
42095.07
40404.88
51592.53
39856.1
44129.46
39036.78
38893.81
50933.49
46252.33
37729.22
47604.82
50134.4
37568.74
37035.83
37781.17
57329.2
42212.77
58135.78
42722.44
41738.97
42747.67
43137.49
45375.87
49186.71
48040.79
31477.46
40238.22
35355.48
40394.85
41204.98
31705.98
36530.43
44281.15
33221.12
31319.74
39069.25
38063.86
55108.73
42665.63
44661.95
45976.64
45328.21
48646.67
42308
42303.66
34938.58
37616.21
34630.38
45157.66
66298.78
45999.37
41022.58
39207.14
42810.52
43354.24
42690.9
49348.33
37489.44
26630.55
34642.17
48745.65
29682.09
32990.41
30399.41
44132.16
28125.21
32367.44
41286.94
21699.18
28070.67
34074.79
34887.75
37970.62
39834.81
29123.14
40507.88
49694.44
31579.71
26801.55
19607.46
27488.76
45181.15
46494.07
22742.28
31938.69
41963.31
33780.11
47391.15
49856.99
34373.6
36849.1
42867.63
42819.33
53252.27
47330.91
27796.51
26949.16
40208.1
39049.73
45770.28
46655.62
30194.74
42000.37
43413.03
42809.23
60954.34
35081.63
34599.72
41361.82
25639.8
45897.41
27705.66
29828.19
51785.31
49061.5
44582.66
49327.36
43203.67
54794.26
43338.04
39369.42
33316.43
36925.72
42160.95
58472.89
31650.09
41733.75
41140.85
56834.06
41936.36
52220.86
35619.52
41951.71
44049.9
38475.58
30798.72
29679.65
29499.63
19854.54
27001.06
29079.65
28678.86
33043.27
32044.47
32323.01
26354.27
23003.55
35676.17
26860.54
34930.32
23713.77
29379.49
37427.98
41032.31
44248.65
39942.29
40243.2
31407.85
31862.44
41993.29
35638.86
38456.79
41135.79
45430.49
57144.41
41401.61
37519.35
34135.73
40840.33
44431.67
40045.16
28496
40366.54
48253
35880.73
42702.4
52944.84
38515.44
35091.99
34486.63
33064.47
29055.69
44178.65
33661.58
32303.97
33448.95
52076.37
46504.59
33566.29
35335.45
52815.26
53092.12
42580.11
45554.87
39911.12
37035.93
48985.14
41066.27
53631.15
41820.29
43105.67
27976.63
34044.72
33560.59
46351.02
46794.8
33380.69
37517.82
57120.22
43282.4
33942.35
36154.56
48626.69
35013.39
34260.51
18756.7
32324.65
37808.7
33745.88
30933.95
39690.81
49978.09
47321.47
36414.24
38519.68
37953.86
29603.16
38867.11
31687.17
36470.35
30751.03
36006.52
36624.28
28758.6
30232.79
39570.38
24575.35
38973.42
31792.56
29478.19
32279.47
35576.23
32431.52
39448.34
37827.9
36613.8
38863.98
44570.95
48871.32
41978.89
37009.87
38400.25
37642.93
42365.87
27346.7
43308.3
50537.17
32680.79
39438.04
46571.35
39720.33
35538.23
46933.71
41340.82
44108.23
31359.38
26677.79
39882.87
34551.59
60885.56
45761.01
39227.87
33654.23
41294.58
35512.44
22051.84
39593.9
29083.18
33746.16
39217.47
29731.29
35512.66
31289.99
49389.14
59007.83
40162.9
45647.4
36266.26
30562.56
34833.63
44042.46
33732.82
39817.46
24584.27
33196.81
37964.45
40434.42
39071.72
29748.48
28922.45
48820.24
51698.42
27917.17
40898.54
42401.49
33338.68
42531.98
38415.64
36247.51
35398.31
36308.86
35047.43
34140.48
23637.45
24418.68
34495.15
37249.97
32766.33
47537.48
44283.69
38898.78
33950.97
38027.95
53396.82
56843.81
40285.53
47759.39
34917.88
30816.13
36784.97
39456.96
45202.52
37250.02
38254.16
30430.29
37225.21
44458.86
36664.75
38201.2
49950.6
31415.47
37061.54
26274.3
38749.71
38390.11
46192.39
42556.1
36885
50295.89
47484.48
54647.79
30074.19
31897.31
45491.51
36318.05
58749.61
31929.63
33859.42
42057.25
39443.49
52433.39
43335.88
39472.19
37595.74
33754.97
27052.7
31961.52
30931.93
34695.65
46159.08
29793.88
36951.9
36964.81
55096.96
45356.49
39961.73
42554.75
43650.8
40162.52
39234
42484.46
48650.29
33877.95
42266.62
51532.61
38656.65
55325.15
43080.68
39467.78
36754.57
41268.83
48994.66
42734.99
38834.56
42902
55597.43
46832.51
41479.86
39918.44
42008.59
47975.19
38362.72
36074.42
33449.88
25497.34
43735.58
47200.96
39060.99
27450.2
26895.85
28897.89
17491.7
29084.05
41307.86
38724.92
26024.33
30480.65
59405.81
43067.49
30658.11
27269.89
41044.14
33367.4
35342.84
35756.24
41923.72
34551.24
48258.1
43819.73
40137.47
35095.77
38632.34
36520.14
36661.76
28739.92
48415.11
33388.86
37916.26
61190.28
36844.51
38411.69
41372.08
47079.43
46734.92
47749.67
29488.66
34095.22
40681.61
55707.51
56671.62
52965.61
23019.71
35164.56
46785.19
27682.4
40274.6
39522.36
35352.4
34610.79
37662.81
30577.19
32379.54
38565.25
37856.05
48287.26
32109.3
37243.3
47966.86
41350.58
37453.38
36361.39
40568.04
42433.04
39412.33
41187.26
39138.13
43959.43
36637.36
43989.73
36724.84
36490.78
33318.66
40297.98
38472.69
34391.13
44748.99
39803.82
27774.12
54978.23
44031.47
40626.99
57010.49
36952.16
38896.72
39578.24
40458.4
31390.34
33961.88
26182.86
14269.05
23870.7
22063.14
33995.79
47442.05
38919.4
46429.09
43676.41
37457.65
43425.15
38172.96
47500.96
32794.97
35091.04
30762.17
38011.03
41573.37
40100.77
43226.3
42389.09
27470.64
27358.79
35469.74
43457.95
40250.62
30800.62
40965.48
36942.01
42152.96
48393.3
35087.61
54738.16
42548.33
37827.27
45028.53
42714.81
34050.37
30920.07
41136.99
34878.11
33441.64
42249.98
39087.07
35891.59
43991.41
35227.97
39248.83
43533.85
31689.97
35465.82
47556.73
39324.56
34049.68
31164
40151.14
35386.93
36818.18
26860.92
33883.61
45209.66
45361.41
38030.26
37740.61
32049.97
42131.5
41545.97
35128.93
49822.67
44421.26
37497.05
40771.93
29553.33
34313.71
35551.05
36405.49
37983.64
25289.65
33585.88
43876.56
41903.62
36014.37
53544.49
40508.92
40364.88
45205.76
44215.95
36587
37006.32
32762.74
37697.85
44391.39
36559.47
36441.02
43058.58
41567.61
36801.7
60453.59
43790.06
35663.05
31529.65
31110.34
36727.53
49446.06
39148.31
47106.88
30552.95
55005.77
42222.25
47264.37
37823.91
32704.64
35089.54
34228.58
31370.11
38710.55
34672.82
49603.54
53446.6
39814.24
42248.08
44684.36
33263.98
34280.77
33751.13
31762.32
28619.29
32617.34
42284.28
34752.46
45158.76
46769.57
41527.65
42178.34
41383.02
36899.09
27977.51
41631.43
45474.2
50870.33
47639.83
32456.88
23012
18278.11
23533.53
35131.75
34231.72
40404.81
46928.05
38915.08
55438.12
33073.57
33207.34
43248.93
41390.1
57637.07
50929.35
37552.91
38649.82
40161.98
32634.35
36297.72
47764.75
31357.09
39756.54
35927.27
46803.39
37227.35
32590.82
37179.86
34762.31
36955.83
44285.59
39712.16
37963.31
39537.95
34345.22
34150.34
38894.3
40547.58
40134.84
43921.72
48539.5
46707.45
38633.57
43810
41525.62
33827.03
24567.38
43549.82
30646.04
35099.34
52984.74
44611.98
30885.24
28688.04
31921.34
27836
52948.19
34877.53
45239.17
52613.59
50273.29
45373.71
35637.99
50599.33
41709.69
50787.31
40660.12
46786.1
33513.79
54038.66
52918.57
45274.72
44016.9
47639.12
45718.84
45527.07
52450.34
35061.61
46749.01
38007.65
36081.91
53349.59
37024.92
31692.79
28784.91
49685.24
38174.23
43236.62
43193.08
37888.74
42082.39
46941.35
30297.96
38695.08
37785.4
32319.99
35011.53
22980.68
38614.59
35088.84
46609.22
42013.18
46691.29
47797.59
44569.08
35826.73
37735.95
39584.69
34404.68
37229.08
56277.26
39456.44
44894.15
29748.1
43514.37
23692.45
28997.04
39709.75
41018.17
34331
38223.26
36622.21
30523.97
43138.03
40634.79
42697.69
37106.93
36835.7
35949.55
28021.35
45429.58
43065.1
40027.23
51040.26
39859.1
39206.31
36308.43
45833.66
39312.88
39513.7
39787.76
46042.52
39580.45
35907.76
36215.82
40827.11
38706
32485.98
50766.32
39640.49
30202.59
78074.75
28720.27
32392.14
49742.19
35460.95
37431.96
46511.7
37359.36
47458.14
41102.96
34795.57
38804.44
33800.18
46696.14
47914.96
41599.81
25939.41
38660.62
48123.21
30330.07
41337.42
38816.98
40837.2
39173.56
43487.25
35624.52
34166.55
53951.88
44367.71
37520.95
34438.5
48830.33
35070.01
45730.59
36340.82
27803.15
41234.96
36501.33
29074.85
38320.21
33781.71
33160.88
37749.2
29155.13
51349.04
42089.73
24166.93
36067.05
30167.42
27529.12
22939.08
25630.85
35819.96
32277.4
37691.59
34830.09
42225.34
39816.2
31425.86
41287
41569.03
44051.06
38777.91
41764.3
47636.23
45510.5
44203.58
37289.96
40225.81
41341.63
41289.95
35632.05
45143.69
39532.46
41911.89
34679.96
53654.17
45182.83
42632.64
41349.29
31979.18
43953.25
42673.31
41878.27
38147.01
42939.53
32468.69
44086.65
38795.87
37166.35
49365.65
30731.16
50983.06
38790.68
38119.6
47210.16
52517.99
47455.04
36074.05
47114.07
40445.9
34890.55
42214.26
29659.77
41201.62
34648.8
38040.72
30856.35
31307.61
31244.75
32926.74
46471.79
35823.66
40700.16
33209.71
37305.96
54525.11
38467.04
42663.86
52022.56
31640.24
33163.17
38154.71
40396.67
49126.31
32485.53
50815.17
33488.06
47324.91
47629.41
38733.84
45130.76
37098.13
37655.01
42663.11
32900.16
41045.5
45091.66
50007.05
41375.05
33731.88
33308.61
36159.27
53690.25
30457.85
16979.21
20096.93
36518.93
34085.07
31341.79
49697.29
30864.92
35770.47
46111.19
40427.78
31601.36
42518.35
38530.21
41312.9
31086.84
39160.02
54044.73
44950.21
32807.96
50793.3
35836.11
52191.7
39398.44
40091.06
28829.52
37490.41
39750.23
35425.62
34787.39
33284.67
29980.01
46596.37
31570.16
26777.6
27665.73
36150.38
33161.77
28244.09
31859.28
38220.85
38326.23
46418.61
34075.7
34056.71
24021.05
30056.36
39036.55
34921.94
24565.47
25143.76
48898.74
32099.63
37814.13
32713.04
42099.23
37935.11
36801.77
30401.55
47674.78
45252.56
34567.07
47344.34
49667.8
44167.63
48253.78
40459.12
49105.56
34314.71
43015.59
29829.41
46046.43
38295.6
36848.16
25967.93
27147.07
32621.61
28122.21
31098.67
39640.81
37521.45
33011.13
34337.71
31207.86
33042.48
34830.15
28849.64
29520.7
23235.42
31416.11
65583.99
31151.1
47460.63
37576.75
45144.32
42761.82
35455.95
32111.15
35562.89
44003.59
42717.72
35195.56
35566.31
52012.12
39765.85
36977.23
45376.09
52547.65
42185.92
39009.48
37846.04
34691.3
35283.89
39850.97
50253.22
49562.35
32369.24
44885.38
40236.92
33814.92
40375.63
40526.79
38337.48
34334.9
43269.08
40490.52
45702.04
33484.94
43714.49
32884.11
37199.88
46077.88
44191.75
55456.56
34094.17
34299.85
51506.88
48225.13
37515.25
45612.9
33905.1
47920.63
39474.59
42222.71
28032.89
40119.51
42667.11
47210.61
46766.43
40142.78
38431.26
43228.49
39700.07
54079.24
35668.78
37665.95
35939.38
29355.13
44583.83
45459.44
34491.7
26238.92
36819.77
39878.1
40440.64
39356.24
32286.01
40989.55
40677.28
37239.02
40592.73
37187.5
42232.36
48794.87
46018.08
32878.06
45557.91
41398.82
27100.31
33224.11
41511.53
37839.24
33643.71
26558.6
43425.17
36203.15
32328.71
33468.04
40493
55302.69
34347.65
31594.33
41179.95
34189.86
30177.3
30951.91
37989.44
30222.06
52809.06
49695.84
42126.39
40920.06
36382.96
42538.86
38509.15
35533.93
57468.38
36199.37
43969.63
62984.07
45468.9
36857.54
50493.02
42759.81
37199.29
42428.06
39513.22
38882.83
33021.79
38012.64
42760.33
46361.91
34014.82
47697.48
40557.14
35508.18
40077.54
37684.48
33625.87
33595.42
39297.01
44103.77
38189.13
42828.75
39188.74
30549.82
29868.41
31467.2
21723.73
42087.13
49495.18
40000.4
40631.66
56481.55
31954.27
33677.84
40855.43
37331.29
26288.68
43193.55
31538.03
44963.88
56952.09
36960.3
38132.7
25161.14
32277.61
46870.62
39031.22
31198.13
31448.86
40343.57
39401.36
62280.34
45064.52
40924.91
32751.32
36477.51
26838.45
37038.09
52585.47
40911.58
34508.52
33733.19
38106.05
39729.72
50188.96
44419.01
48675.1
35804.78
49059.8
36283.16
52380.64
46291.08
33060.7
47500.01
42781.16
34529.55
41172.24
48401.45
36112.77
41713.5
39490.4
43238.14
56037.62
38298.08
36087.08
44505.98
38585.17
40003.11
41545.7
38402.67
31368.21
36018.22
38839.01
45019.96
46099.49
33142.26
26041.83
38801.24
42174.45
35506.74
43818.49
51648.44
42724.29
41385.8
50185.46
50791.69
30867.86
41435.28
44259.98
39951.46
28166.66
40247.05
34588.11
30139.45
38292.33
38090.45
45575.54
38010.64
42950.1
54077.24
47673.46
46722.37
39492.1
41007.69
39769.76
37714.37
38395.1
35824.66
42306.08
34906.34
43462.73
29249.03
38334.67
34026.99
38957.34
47613.26
31657.38
33405.26
31338.37
31452.59
33172.56
43614.14
39578.41
52502.53
29177.2
35721.21
25508.6
33199.03
33991.42
36694.41
34620.11
28400.39
32330.19
34110.03
49158.85
38746.92
48139.91
41066.58
39905.04
33914.07
43284.25
36997.44
38435.37
40843.29
30279.17
38560.57
41206.85
25053.93
32286.06
43137.62
27016.78
23297.19
39963.63
54408.13
51177.4
35447.61
34497.54
43317.38
38540.62
41509.69
49656.45
39339.96
44678.19
34326.47
37092.01
51805.47
40624.5
42157.51
43428.11
51035.46
43538.58
41733.85
32936.67
47154.13
44437.02
35043.97
33201.88
51093.58
33326.51
27418.46
32410.84
36534.67
43677.69
55029.34
47898.18
41461.45
40896.61
43867.49
33500.56
49742.97
40888.61
44139.07
46947.44
38518.83
41169.18
36129.96
51163.29
41708.91
40273.57
43066.13
43178.61
47412.84
39615.26
39572.37
30922.55
45256.17
33483.26
40346.4
36166.61
34504.76
32767.67
34658.38
35756.7
21989.17
30346.39
33518.45
42664.6
29563.16
36555.5
51602.87
39338.31
43273.98
47400.4
49593.35
31388.35
41040.92
31646.46
46906.4
35259.61
58050.26
56856.62
36960.85
33281.55
34617.16
38910.51
44300.52
44006.43
48655.94
44435.29
33535.98
47374.15
36127.87
53645.28
38826.99
43687.03
30531.18
30993.64
43605.2
38838.12
41332.48
53648.94
52238.74
46343.7
40143.84
43369.05
39322.87
43684.28
47223.08
48483.14
29764.64
38762.12
52726.11
44448.36
53342.26
37204.09
33469.29
42789.13
45336.25
39193.3
38843.59
42397.86
41253.77
42037.04
39545.86
41456.13
49397.57
35377.91
45566
36481.03
36266.2
34085.35
35077.64
42922.64
44790.58
35306.41
48956.37
39609.17
42703.98
41306.66
43854.83
33986.53
49322.81
32492.61
44649.17
39428.14
40521.63
30934.2
37713.5
35083.07
39996.39
29499.16
42117.11
32777.61
35069.16
38395.09
46720.08
35880.07
38944.28
31294.97
29091.01
30027.18
63418.93
34492.59
38232.1
39072.33
40609.41
38769.65
37513.71
34123.94
43829.25
34301.94
28357.69
45258.64
37339.6
34550.53
38801.59
37122.61
48361.34
44752.3
32178.25
38077.72
38206.24
40374.12
35669.01
36363.48
37854.41
27050.58
45109.78
52924.52
49166.09
38307.97
38381.8
30094.9
33671.05
24825.98
45909.77
38529.28
46473.22
48575.87
43553.48
36857.53
33416.63
36253.7
27260.01
39906.36
38751.35
32361.85
51774.56
50658.57
34479.1
44209.86
40844.32
44828.34
40300.13
39372.77
34033.36
39359.93
56052.21
32886.8
44313.18
49064.89
45127.27
34133.37
40417.35
31079.54
33342.83
43026.55
31716.35
34825.37
28870.89
26385.33
31614.24
28017.33
30142.87
35308.79
39028.66
28175.06
23239.9
27349.37
24035.31
25973.81
38651.84
46401.19
34475.16
29696.21
39147.89
38551.61
48352.67
39602.78
45803.3
37802.16
35390.87
46226.38
40263.81
43713.86
48727.13
39188.64
47925.26
49084.96
55149.59
46843.83
44334.23
44244.04
43959.76
47790.45
35132.61
31902.2
35427.03
26878.54
31569.95
43474.25
39398.83
41032.39
39329.81
35594.71
43065.14
37702.41
32119.74
42142.09
36568.94
37678.15
32477.34
41405.91
32683.12
38509.46
34666.17
40409.9
42958.76
30728.13
28254.65
39995.92
46458.88
36957.22
38699.64
33481.52
27381.3
45716.54
23801.66
36113.09
36672.54
58174.74
62139.2
46159.79
31529.62
38420.45
38503.27
55304.38
35175.32
35806.86
48100.6
36003.39
46954.57
36856.6
42795.27
47141.26
36454.74
43315.18
38851.74
41049.81
42013.87
48882.41
36811.65
39960.28
45560.72
48649.27
45515.48
43994.77
48119.52
46850.64
33193.95
48483.73
44386.91
40284.09
41724.35
30954.3
33697.01
36192.49
30993.34
37042.19
42142.9
42050.33
41385.32
35908.24
40424.47
63726.49
45887.09
35585.61
30650.2
46283.36
38249.78
36911.81
35862.08
32061.38
32163.92
42626.17
35446.16
44394.47
38450.33
49915.45
36370.68
50830.67
32459.26
31994.71
38603.52
39111.27
28292.57
37473
30860.47
47100.99
49405.46
36820.76
51319.5
44651.33
46175.7
33080.24
41491.9
49240.95
35124.58
42941.86
33989.72
37529.22
41948.6
52075.77
34594.59
39144.96
45034.44
37345.75
77227.28
45243.98
34281.15
49377.77
55559.69
32888.51
33227.18
46884.85
46235.96
29505.85
34922.66
49519.95
39297.35
34020.16
43425.55
36066.23
38998.46
46921.98
30871.5
31261.69
29632.77
26764.21
28919.83
18037.63
29214.58
39575.94
30212.36
48743.83
51855.6
45321.72
55650.6
34968.97
43685.9
39447.14
41498.58
43177.16
50228.68
34361.73
35605.89
32486.96
30551.37
35560.96
51863.11
43234.72
53567.14
40161.84
43880.21
47018.39
39057.92
47883.14
30306.9
33159.89
40525.75
37588.46
33058.51
39024.85
31237.87
43961.7
37896.61
31350.89
26378.68
39820.71
35179.11
37450.92
43759.86
48657.83
29162.18
29821.09
35995.35
39344.74
34681.81
36739.4
35198.56
37728.29
30882.17
29611.46
29032.93
26599.59
41355.49
47558.72
44508.64
48760.81
42815.88
35812.12
41309.17
46622.14
39605.19
31454.01
37553.99
29163.79
45785.84
45535.89
33477.79
49731.14
39036.18
40462.54
32438.43
42799.61
30928.42
46760.75
42916.53
36494.63
38577.71
45424.24
36496.34
31817.75
27434.55
31485.78
30680.01
40143.1
34934.34
39553.37
50677.78
34438.75
41284.96
45973.22
44613.96
43906.5
54697.7
37248.51
32147.25
44012.2
39243.15
48882.45
36724.95
38539.79
41666.83
50666.6
34260.75
35003.48
26401.25
32075.81
53623.16
33518.88
36120.67
41063.01
37757.98
36685.31
25103.6
31872.02
24098.33
37486.83
41710.94
40873.91
48592.32
37952.5
38820.36
28325.95
38394.61
36729.1
42945.66
39490.87
49574.97
32066.93
28696.75
34181.98
26269.6
25266.09
31017.03
43764.11
43591.36
45064.25
27950.41
35744.27
32532.61
42716.53
45517.24
47460.65
38344.91
26524.71
28040.13
38051.94
33215.51
38299.3
32717.28
37638.16
39636.68
30492.06
32458.36
34444.6
38577.56
38430.72
45162.85
47706.02
33436.33
52398.81
45023.98
39341.45
41313.12
39336.91
45345.55
57071.54
36378.42
25531.98
18995.09
29776.38
32971.2
34671.42
35212.73
33228.16
33424.91
28609
36328.93
45051.12
33904.25
46473.42
27695.66
33436.47
46479.81
35991.42
33775.48
43898.89
41330.54
47498.83
32754.63
40772.13
38943.81
30041.63
44080.41
39742.72
51492.99
28447.92
41875.39
58718.32
47240.52
37039.77
38535.1
34090.61
51744.34
35874.42
44122.61
40635.29
30477.23
41844.58
42619.06
42116.44
43713.1
38986.02
41476.69
49655.2
42401.78
44112.19
38644.83
64672.97
56691.76
55367.63
49491.38
36329.86
31576.05
37259.71
39098.95
27660.75
36754.27
32290.97
37979.05
35352.78
49959.23
33918.38
42284.08
39929.47
43585.16
55842.13
49034.17
34130.22
30661.51
34148.46
43037.69
46242.45
51484.67
43324.54
40395.36
51477.23
39732.99
45042.43
49969.69
49643.58
42563.15
43761.02
59390.76
45297.25
41813.06
36168.39
40758.22
41915.99
37119.61
47006.18
53833.94
38238.36
37000.67
35980.36
42440.91
32820.02
38869.08
38183.58
29207.29
35214.24
28807.25
30794.67
47137.1
45978.17
52842.26
37838.22
35322.67
31023.28
37231.84
40111.51
42959.35
34154.75
36893.96
45183.96
43745.1
37767.48
52477.62
52468.82
63474.76
44994.64
29923.73
45093.3
41644.18
31838.55
48846.52
39502.41
47349.18
37569.6
38795.08
40633.36
40865.19
54292.25
37058.31
41703.01
43274.24
49695.43
30381.91
33966.58
55338.39
30578.18
33301.38
28683.29
26495.82
32758.49
35749.3
27918.64
42186.19
31906.96
38387.41
47923.5
35061.52
20885.67
50461.98
34917.03
37160.1
32112.3
34678.42
58632.37
45388.42
40919.64
29448.99
28677.48
34755.81
33661.3
39572.49
21990.68
43672.25
48848.99
38073.86
39011.86
46544.12
49777.94
37045.04
41962.45
50334.87
41571.51
60361.03
55324.02
34727.53
29745.57
38023.3
44141.72
34649.3
53662.02
43040.09
36270.05
40014.34
35014.75
32325.67
36063.85
48386.57
32753.46
46578.74
43818.5
58513.48
34962
48303.11
39513.16
36037.72
34581.84
42109.39
40414.03
45610.27
41382.59
52590.62
45041.4
40995.11
45526.81
44357.23
33136.85
40759.89
38319.94
40433.6
43494.52
39474.67
46383.28
32453.48
36153.33
41405.73
43900.33
33303.28
49505
50180
39867.54
54835.06
43865.49
40090.56
44827.74
44692.22
40944.3
40652.16
46218.42
32782.94
36432.27
43504.52
26622.47
29166.21
34842.9
33692.96
48250.98
42794.55
35483.86
41045.14
39007.84
34351.18
41127.42
39162.24
30747.58
38499.79
46604.09
37550.15
32804.34
32900.48
30023.57
31763.17
34433.69
28385.27
48537.87
36747.08
31165.41
38879.56
38512.9
33103.39
42174.1
35893.05
42555.37
36758.67
44800.93
41617.95
32305.42
46250.43
39228.28
39295.51
44930.36
40976.25
30549
30179.29
40584.78
35325.23
43930.94
41547.05
47083.21
35217.94
47382.69
47686.54
33883.72
45014.39
42960.91
46765.93
36940.26
42265.88
39380.57
55863.05
40218.65
30503.3
48091.48
44252.68
39340.94
33452.47
46293.71
36491.73
53028.39
44693.53
54589.38
27072.13
50010.72
47948.72
49941.74
33951.97
47041.96
50175.56
44588.81
45637.63
42623.9
27051.23
45438.86
42988.34
62211.31
43080.72
52593.98
33955.05
34069.23
33900.62
40433.48
33799.19
47405.02
45429.81
45246.15
40260.07
45886.8
46974.31
32596.62
21016.2
44326.6
39279.11
44915.21
46039.02
39565.72
54494.09
41200.94
33865.18
41755.73
46483.38
46361.49
30905.87
37784.82
41801.61
36823.33
50278.22
47759.45
35128.83
32660.8
36811.43
37847.74
31591.58
24439.81
21649.95
31413.72
53837.71
38560.72
42279.23
48582.18
50173.3
45092.67
49619.29
36742.4
40884.75
33011.65
37788.89
37578.35
40529.73
33014.69
36517.9
38340.34
36109.35
39456.64
38700.79
40039.12
37018.91
51152.22
55503.41
37122.23
38670.94
39876.09
30349.63
36464.04
54376.43
32528.43
32533.24
36813.57
40280.13
39722.99
48578.78
42988.61
43364.18
36741.65
56482.74
40705.87
46259.99
32226.28
26668.05
43846.22
45699.63
38445.45
51405.7
43629.32
35500.12
29764.35
37907.27
35611.44
50455.8
27734.69
48366.72
28854.28
31637
35841.85
38802.83
34129.49
45527.14
34609
40005.16
45271.97
36098.14
37920.85
46707.59
26850.75
53225.07
43945.99
43102.87
41531.26
35286.78
41941.09
46753.44
43136.7
36370.38
29293.65
37159.29
44118.21
34423.58
55745.97
49209.96
41118.49
46576.57
36730.78
39666.82
32792.28
32170.83
45858.75
40160.13
52926.77
45746.47
42724.48
29057.71
38849.33
38312.18
47600.25
31730.22
40514.69
34811.93
27832.29
22056.71
23202.32
40682.61
50104.61
48821.36
33772.43
35783.18
33806.13
32414.91
31813.55
30833.47
43378.34
38859.41
44268.92
42961.67
45804.19
39438.66
38635.76
33315.1
44581
49093.09
29114.77
27656.9
30336.43
41407.16
38711.49
28552.38
35575.67
42015.46
36503.41
44797.31
39599.26
38253.03
34079.58
66296.46
41224.12
22185.48
37587.77
34511.34
50091.5
40712.61
31866.67
36750.21
38384.77
39126.97
48626.08
43809.11
59162.52
34732.48
49695.01
37315.3
54479.63
43083.92
36941.91
32343.37
40181.53
35076.1
38866.67
32680.96
50388.11
28514.73
48550.47
39218.18
34782.67
48746.14
33848.34
31674.63
24296.62
29962.25
37227.75
23184.22
48695.54
42117.63
35615.18
39169.53
48771.27
35619.6
44673.64
34862.9
49219.37
38135.43
29810.7
56848.93
49885.83
35664.52
29929.43
55714.96
35172.25
27900.07
35383.87
39724.03
29547.96
49533.36
35594.97
46161.84
41957.92
38944.35
40164.92
34006.55
36717.45
38043.86
25391.75
28779.39
32469.47
43866.04
36451.98
53646.26
54996.8
31345.55
39700.19
45639.51
36036.55
29488.48
32282.36
44111.29
39493.13
44916.47
48320.08
37992.32
42088.54
45279.11
45127.78
36525.63
41509.89
51258.83
37042.78
42078.89
39829.56
62765.16
46706.94
51611.69
35061.61
38082.08
42946.67
41426.4
46068.19
44493.06
59078.45
34628.32
29921.86
37800.03
33878.8
28014.39
47882.61
44208.12
50151.07
25828.34
29349.78
36892.03
40142.92
53069.72
24300.65
44856.61
35384.99
44750.78
34482.16
56449.69
29369.42
22608.62
39355.4
40635.23
39927.15
39015.97
40745.63
40793.05
34054.53
32719.76
28972.41
37125.77
47413.08
49643.64
32713.15
28151.99
45690.1
46932.5
42973.97
51217.16
44149.88
39806.6
36406.17
38800.1
43013.69
45157.17
36407.02
33976.05
35135.61
31151.88
36743.09
31610.54
47606.99
35914.03
34290.39
39573.08
41382.96
39339.45
34391.34
42881.52
40976.07
31716.43
33321.56
38905.23
44120.63
45918.77
47705.62
34511.97
31655.73
39270.18
34354.44
39162.28
47169.56
50690.42
37629.15
31586.52
42165.52
41806.41
41476.05
62138.65
41187.88
32480.15
46683.37
32798.98
45844.71
54204.63
43857.7
20355.63
42680.89
44499.79
37366.92
36209.29
32175.71
24165.43
36397.15
42916.43
46292.33
40744.65
43298.72
35530.69
42402.57
27242.28
38756.14
37559.71
47029.31
35800.36
38926.7
40846.44
43978.06
29211.7
37602.37
30420.82
40810.74
31392.16
38293.1
37646.38
34030.83
32781.4
28582.44
32933.8
29684.14
54725.9
51050.71
32013.67
32037.01
49182.47
37114.84
51236.81
32503.25
36351.78
32798.99
34532.74
45961.26
38756.85
44342.63
41520.43
37932.71
48320.62
35103.06
32468.85
39528.85
40051.63
49258.81
30448.73
29907.96
36407.06
37590.66
42128.94
35240.72
30305.49
43543.86
44463.01
53911.73
47788.56
40225.8
37335.54
44170.13
45923.86
35930.25
37220.64
37570.38
36800.36
37151.88
35003.69
39808.8
33740.29
41081.23
39663.3
31068.9
36193.63
37672.14
49895.42
44009.48
33336.66
30952.01
32857.72
38724.35
45570.34
32895.69
42383.82
24762.08
29357.27
41476.48
45093.5
47321.53
40166.79
43351.19
40100.7
54945.69
50158.2
44039.99
41495.52
34168.4
43803.35
38910.53
37685.64
42316.75
45005.73
53234.97
46376.13
42937.69
33701.51
44617.38
32548.06
37168.39
47786.81
49883.44
36382.73
41865.91
29076.49
30057.91
54728.37
51031.98
45869.43
38608.3
48472.38
29079.58
46615.49
56332.76
40771.41
59724.09
44437.9
36407.42
27961.44
42455.95
32851.12
39167.33
32034.13
31787.82
36734.05
46615.94
43334.51
45863.55
39647.57
33217.79
44856.59
61480.22
35180.5
36633.6
35305.71
32480.95
35419.71
38476.08
37610.99
39009.9
34051.32
33831.65
40415.35
44800.55
45941.98
33456.97
29764.81
39524.12
37627.31
36782.59
38122.71
48078.66
55916.5
35074.62
33533.97
35969.85
46970.26
52466.49
44544.34
40687.06
38257.54
46488.33
32330.76
38098.57
42626.4
44813.91
28282.8
31983.92
41368.6
36265.69
51325.32
37249.37
43871.57
52742.7
38364.34
55163.88
39034.18
40832.44
37058.14
48591.27
52642.34
46876.04
46867.55
36388.24
40210.44
19586.82
41433.81
38891.19
34846.96
44656.24
32531
34392.72
40977
51650.08
39801.32
44177.36
38431.81
37613.38
60661.74
30714.84
43352.62
36019.84
45958.6
35738.03
28760.97
37823.93
43014.94
35502.47
33604.5
26684.53
50707.36
34213.59
43206.3
50051.58
35632.25
50600.63
41508.94
42444.59
52097.89
42731.05
51958.98
40599.53
37050.61
44143.16
45228.32
31125.04
46057.86
47052.39
33627.46
44033.94
42497.58
45287.61
41881.42
37673.54
46238.95
39041.63
31332.83
41603.12
41773.73
42044.91
37479.06
52145.24
37798.48
43175.81
44011.12
59046.73
46948.94
38327.66
38724.18
40087.79
55812.13
39737.44
48099.89
33600.98
19841.84
26916.57
28730.35
46411.25
39841.34
39680.02
53659.66
46036.49
51747.63
36540.86
44016.64
48711.59
38981.36
39537.99
41187.52
43029.68
41589.23
49141.92
40817.28
43069.58
40028.64
35707.59
42971.15
36071.68
37575.92
41145.12
28700.43
31433.43
42644.64
37788.5
33908.34
26730
32828.76
42945.29
39761.79
36205.08
34871.79
38784.96
46874.64
34152.57
32162.3
57610.44
35162.46
45480
27043.48
35632.05
33400.5
39469.89
55829.13
49341.11
49035.59
43070.68
40151.26
39561.27
39744.26
40972.52
42945.93
50911.54
36545.62
38839.7
39603.89
44336.51
48451.05
40463
44736.2
42842.48
42211.5
33491.65
26934.71
43871.18
49619.59
41104.78
22631.93
39162.62
46269.69
32876.7
40882.48
43221
41380.67
55091.58
52006.97
34565.53
46767.12
50385.94
51145.06
35880.14
40584.63
43777.41
47542.07
37764.26
35012.7
47936.72
45597.92
39365.18
36824.36
39672.99
49706.32
43593.14
53784.2
42955.52
32169.73
54166.95
38338.65
43128.79
42302.46
39243.69
32388.51
35577.44
48317.51
43406.06
40544.93
37730.85
35204.45
35103.89
51184.29
46441.9
35894.38
46028.4
45425.65
38591.55
42172.95
36156.8
30760.17
47995.14
49435.06
46585.47
41442.92
39281.45
36716.8
29713.79
40733.39
38446.89
26321.88
53729.2
46622.61
39359.7
39940.86
36224.09
46496.22
38014.64
35103.91
50981.27
47969.22
48994.87
46768.54
33770.15
31717.19
30421.69
35301.33
40804.38
34307.21
45861.86
30015.97
35779.54
28106.77
30233.01
24909.36
29626.78
33354.87
38470.65
35852.5
38677.43
41569.86
56047.85
52171.94
39765.8
43046.29
35379.05
47452.97
43923.48
40632.98
39171.85
39302.15
34972.08
40532.94
40037.17
30742.77
35475.01
36510.5
32989.21
34521.73
21411.64
24693.29
24042.52
29170.37
43991.59
46074.25
57061.12
56712.17
57832.33
33374.68
43153.33
41880.07
36419.98
37045.53
42482.51
38071.17
36876.25
54317.73
32936.41
51074.35
64692.65
39837.8
33478.95
47323.26
47223.29
32957.32
48936.71
44756.23
41656.99
44931.59
35970.85
26579.9
49116.07
41697.49
49652.24
46898.33
40659.61
35612.15
34559.19
25597.61
24358.16
35619.51
34894.27
18943.39
19626.88
17070.94
11664.64
11590.77
19061.37
17924.8
28500.66
34585.7
34722.87
41874.54
20080.09
21944.02
26273.65
36116.84
39056.34
34841.14
28979.22
52067.06
40704.04
40329.5
36328.93
33924.83
28609.87
25237.05
40430.85
32092.18
38123.69
38890.23
47437.34
47809.77
27895.92
32880.65
52213.25
44611.62
36122.8
38974.53
34323.15
45311.78
38801.4
40620.83
26914.6
39574.24
29358.8
34301.42
35016.07
24396.39
30592.01
35330.46
43155.73
34198.57
25591.07
35397.88
37714.9
26378.4
33866.91
36770.27
39424.23
38816.84
39118.73
41707.34
61328.54
52585.7
36872.09
40165.64
29123.28
26369.37
48922.55
38123.76
37737.82
47193.35
37924.44
30971.87
34542.22
34430.05
31398.06
37125.54
31982.75
44192.04
42276.47
46175.3
38333.24
36557.85
43934.12
37146.39
41659.98
35374.44
47246.28
46310.27
46050.81
41150.93
41941.47
50281.03
45407.9
37080.63
40883.26
40248.18
49426.88
42357.01
33880.72
44861.96
45592.08
44476.93
38088.77
33899.26
22765.67
19639.77
30576.74
24354.74
27971.39
38255.38
46308.92
42393.75
31467.37
37225.7
33891
46488.84
53299.34
42144.9
41767.62
30192.72
38507.85
48598.3
37591.5
43053.83
44346.32
61036.51
42538.4
39992.38
29092.32
31559.28
52334.34
42859.58
45588.19
48383.05
34441.99
44761.07
35417.49
35097.82
31826.88
34508.44
41134.12
32786.8
28028.38
38344.56
38850.91
49479.95
44882.04
50846.82
42266.64
45144.44
32611.78
41018.96
36058.92
52640.61
34979.2
30561.33
42381.72
37811.38
48797.42
44960.38
27600.51
30777.39
26504.08
46631.87
37781
38427.57
36163.77
47605.38
37817.01
43127.09
42010.5
55336.14
37233.29
51863.3
37149.72
39990.27
46467.25
41094.18
37154.81
40006.32
33628.49
33971.7
31383.64
38653.78
53029.3
29597.89
45611.77
40781.26
38185.6
42238.71
33463
42475.08
38909.08
44351.69
39297.53
40682.9
34834.98
36971.28
26314.1
34812.12
45408.49
30023.75
31900.05
40306.24
33957.12
36924.44
48632.81
48896.85
40976.45
29206.06
40824.6
45705.89
48727.78
36318.96
33846.41
38704.59
49224.52
44175.25
42281.76
34679.52
47997.3
44953.69
37508.91
53846.83
34494.64
32667.94
36903.9
40986.19
29908.51
39856.58
33537.01
34381.95
34063.19
39237.85
32979.11
38081.83
41472.35
31132.24
40824.68
52938.8
46932.59
42201.94
37741.65
39932.8
39882.59
38892.04
26499.1
32740.09
42175.41
36462.48
35342.11
40060.86
32357.36
30718.15
33434.53
17376.58
24840.56
34540.48
42061.37
32438.37
40184.95
56760.23
49575.09
34458.93
36786.88
40230.32
35264.26
49673.58
48160.06
44463.23
33906.48
37360.15
42682.67
51887.1
46942.42
37642.98
42201.82
37317.98
39937.39
38631.82
33280.56
35308.06
32917.46
37306.9
36952.62
29422
29405.41
40436.24
36661.47
39264.84
53685.34
36844.37
43638.6
47168.14
36807.42
38342.97
46172.19
47224.88
32430.49
49370.03
37707.04
32266.07
50815.34
40587.79
35034.6
37332.58
27766.52
33052.17
47113.83
42761.28
31502.86
38886.79
44902.71
50472.55
39151.14
32733.39
53140.41
37482.73
29620.16
42728.15
37890.05
61781.29
46255.39
39701.11
34899.56
44809.68
50316.73
36591.31
31848.28
45336.28
36460.77
32507.57
39650.94
42641.29
40079.73
34547.42
34221.91
30887.86
30203.84
31689.47
36725.14
38600.68
33481.68
47129.09
46986.73
37345.13
37554.47
41121.12
38135.45
41932.81
50367.54
42888.79
37587.55
39370.79
35689.75
38180.89
36816.8
36794.28
52947.42
47138.55
51659.03
42715.29
37684.33
34337.31
49284.6
57638.26
52687.37
33924.59
43951.12
30748.54
41617.89
30510.73
47059.39
34213.54
37238.45
41042.72
42329.69
43280.53
43133.06
39723.17
40386.15
39162.13
36037.16
53415.78
39652.33
39872.37
41456.95
40783.82
33764.82
41599.53
54348.95
48020.84
44637.03
33974.13
49814.25
30370.46
44795.06
47030.1
45481.2
42793.17
43449.75
39857.38
46309.31
40877.43
48401.8
53304.41
38318.27
32554.68
38981.87
36539.03
25810.69
30824.22
48331.33
29901.42
27166.99
42181.56
35189.89
42434.54
34650.95
23509.67
37457.46
30997.96
41737.22
28260.24
37840.9
46353.44
45971.61
44022.9
37370.43
41090.86
38296.89
31921.57
30111.14
30058.75
20184.83
26137.74
33879.95
35299.24
36741.65
38642.43
29621.19
29517.96
30107.99
22156.41
40407.3
52084.97
44289.82
36454.62
41322.08
41806.87
60937.77
39966.26
44939.25
47003.28
46533.24
43832.78
41120.87
43746.86
44446.31
41811.43
48614.09
34696.82
35856.55
29314.48
46574.78
22588.55
18260.78
21007.03
35634.47
41750.35
38230.76
29263.93
41769.47
31842.29
43809.24
25909.72
34439.89
40755.45
42034.91
42882.11
37434.52
45937.95
36575.04
39879.55
42596.9
39605.12
37037.87
37152.99
39305.83
45812.95
29892.51
42383.01
39697.55
32304.12
39897.29
44074.44
47368.58
30279.03
39370.38
33920.96
22858.31
29347.84
30501.54
38114.84
25735.06
42599.25
40803.42
40318.16
37331.81
37998.91
37472.14
46297.69
25994.71
32418.89
32209.33
39090.88
34621.37
41645.11
33011.72
33882.58
36371.49
40515.28
32619.18
23075.05
39790.59
39820.84
50790.88
46732.67
41503.37
28403.25
30068.46
52426.09
34840.17
41348.51
37144.11
48760.54
34659.6
39148.33
34482.05
35656.06
40314.84
34846.55
59828.89
47563.87
35056.59
37632.63
26614.05
39015.25
47688.74
40763.33
35338.8
34985.06
32692.34
40793.17
43573.57
34544.15
36380.89
41140.85
38725.35
31662.21
39292.89
50434.21
33468.92
45234.07
41880.41
32555.28
54903.46
36125.27
46164.9
33044.98
49269.51
39190.51
46967.59
31364.15
35431.32
42475.17
46438.22
31008.18
40285.25
42009.9
44711.69
37417.71
43508.81
38623.82
47366.7
42035.08
44021.61
51208.44
47786.91
46570.41
30475.71
43401.87
44070.53
31847.83
35291.47
42883.88
44673.33
56727.26
31059.36
47722.57
49706.83
32585.63
41237.42
40156.32
43686.25
48520.92
54532.94
37947.53
44839.94
39454.25
35454.83
41447.33
44257.58
48102.98
38169.29
43561.01
43868.99
36524.92
59814.48
44315.85
46882.42
38256.81
50567.69
46241.06
48337.83
52268.94
44837.92
39851.88
40121.3
41154.2
46479.68
45575.48
41065.22
38546.67
63190.33
37038.85
43220.55
45128.49
32316.03
39924.46
47294.12
36026.1
45920.54
55594.84
31619.4
41353.38
43864.37
45436.26
44160.3
38438.86
28792.91
45594.09
47725.16
44658.58
43671.78
41337.62
45615.52
50907.03
35936.71
36142.17
48534.83
36446.09
41285.59
44534.56
41350.92
33565.34
39432.87
37757.77
46193.48
39876.41
42376.98
36874
36662.45
37493.49
39466.32
51744.41
41269.36
40234.69
36869.98
26282.34
51381.84
30434.02
31118.92
29498.35
48033.94
39618.7
40311.85
54214.26
43493.79
53120.55
37144.94
42922.24
50985.62
34065.7
45824.09
44474.94
43112.13
44940.49
43411.8
40004.97
38988.15
33043.03
46985.07
34385.69
38359.59
38698.06
42791.45
35866.03
31674.06
48193.83
27907.16
28958.62
37255.75
39005.95
31441.16
42051.2
33934.61
39421.47
37703.79
47048.78
42541.35
50847.52
27757.48
40100.09
35200.3
46737.91
38114.86
35134.86
32427.12
34992.53
30138.94
35715.22
32931.76
31676.34
43336.29
31766.67
36525.36
43500.16
38079.54
34895.85
36168.4
47896.68
38007.96
42509.09
45893.17
42831.06
40316.03
27404.62
43421.46
39587.82
35522.94
44202.77
40720.55
37040.41
39386.42
38214.82
40421.78
38018.09
31504.52
39164.52
49390.46
36671.86
42434.29
39372.91
66651.97
34468.81
40037.54
36958.99
42308.47
40498.3
45318.91
34746.65
19936.43
35639.54
46616.62
45538.33
43774.93
42313.78
38266.51
41518.3
39547.71
44482.12
24941.22
38557.33
23522.68
41777.34
38327.89
45199.4
40391.18
40700.04
45937.35
34753.79
39338.31
28572.1
30048.99
43357.52
59544.71
38861.79
36785.98
32753.09
39766.74
37083.25
31063.82
36054.83
45641.53
40056.92
40494.59
48742.96
45394.1
52069.97
64007.22
37853.18
35337.53
38779.14
54547.48
34068.86
35850.47
46734.6
46762.62
37154.3
37060.56
50441.73
40797.9
47839.13
46770.93
37717.44
36878.25
40524.93
46084.33
38285.36
49774.77
31061.82
36158.22
39192.81
59502
39582.37
45727.99
54122.37
44082.74
56500.21
35562.58
34234.23
31796.72
52163.36
34417.73
34375.7
49673
33113.82
34181.32
30995.4
43219.63
37463.89
37648.45
41411.2
38980.5
53574.13
28374.31
42762.72
48456.64
37240.05
45928.58
35527.17
27177.22
37113.28
40618.79
37580.29
35800.58
30840.29
49455.68
37112.13
49735.84
38692.94
33582.76
43516.16
43764.14
48880.45
42628.08
43772.59
35445.77
37385.2
24073.03
42757.79
41829.18
39081.69
38824.05
40974.58
50500.19
33562.68
36452.63
31587.02
30938.26
20884.86
25488.35
36180.02
48017.06
27279.96
35133.2
41007.51
41669.27
41037.14
45481.73
51956.95
40697.12
43057.74
52574.8
42905.53
49381.07
37127.89
34597.51
33357.85
42046.49
44275.72
44812.81
37539.61
36535.8
54103.22
20972.74
16926.19
12548.94
14111.38
15015.17
18930.83
27920.47
25796.22
41830.34
38158.89
28630.38
45010.41
52827.29
40430.38
42840.47
43112.87
45817.27
36784.52
37466.13
31332.13
36921.84
32329.64
33007.81
30989.98
46814.68
43525.85
34652.91
29007.1
44292.3
31618.03
43991.24
47940.78
31834.68
35494.09
39448.52
32240.6
53572.83
41945.01
38982.62
42210.33
42066.39
33229.66
34408.97
43729.81
49388.28
38754.74
44730.04
36610.27
41654.99
47356.81
51580.61
43195.46
32489.62
45578.98
37869.2
43469.9
37305.9
49177.15
41616.44
48590.11
44513.02
49594.26
35502.38
40441.11
44652.89
43037.27
45960.08
31637.54
42175.89
41360.99
44048.81
44371.13
34917.66
41659.49
34379.52
24873.55
28433.25
38998.04
29994.25
26961.47
42122.89
27218.55
32672.18
34831.77
27092.58
43396.59
35476.78
52975.28
31978.72
50764.66
35984.97
27762.28
27907.86
29581.38
26242.91
38912.66
41658.61
34649.28
29683.42
37962.46
38971.62
39618.27
39865.72
41868.63
45055.69
36428.18
36146.55
36405.06
47002.73
45115.32
48676.97
39518.97
41835.89
41798.79
40596.41
43144.91
43234.17
57121.54
39510.91
39866.38
45154.37
32041.34
42584.7
42228.74
24878.8
31824.59
36044.18
31986.64
36208.07
35121.61
40985.4
30895.11
42647.72
43659.04
29841.04
22105.76
51922.86
32983.92
28422.87
22253.46
20426.85
17184.38
40343.83
47358.78
24892.5
38599.62
40209.29
30132.31
38315.85
32911.33
28330.29
43049.26
33098.7
42235.91
42320.18
49623.36
47157.18
45641.03
43007.63
32563.82
35136.14
29439.38
48656.37
46256.18
34587.61
39452.82
34525.02
45338.34
47827.22
27156.84
40951.68
44384.46
31033.12
36231.34
43728.5
31827.02
43873.82
36518.92
31791.74
44730.64
41010.4
42930.49
32573.79
42466.27
52460.85
27314.75
30354.42
39848.8
36940.5
43086.24
39568.51
38618.14
43642.94
46253.06
53252.57
42553.9
37232.32
50525.46
44811.71
37650.85
43949.21
41164.89
54801.16
42194.01
47928.05
46100.62
48057.64
49877.9
26999.24
52001.36
42786.01
42372.68
31538.49
33228.22
36001.56
42037.12
56990.05
57781.52
41751.01
40925.45
44178.23
31229.63
39480.14
35754.1
41091.31
40048.18
46921.42
39082.22
25052.89
25984.51
39845.38
42669.1
21044.25
33138.12
34209.04
29853.62
33488.61
32772
30588.17
19434.43
19763.44
27307.57
21562.76
26294.27
22422.76
13146.96
20529.82
39128.21
25274.01
21046.29
19692.87
27207.53
46457.39
44879.3
38275.48
35806.35
40520.71
47354.24
30749.25
28754.07
31955.13
33150.21
39076.04
31348.6
34330.58
43804.44
41081.81
27664.25
44264.53
41277.15
44947.19
47322.99
32576.22
46700.65
43290.86
37515.87
35408.3
48640.76
38574.35
39390.88
41845.69
39551.3
41529.29
48473.6
36340.29
48745.59
38794.52
38860.18
58654.21
48237.25
44050.31
39947.79
39586.12
38357.12
51688.52
41533.79
43511.18
23964.22
43662.32
41243.69
48471.32
42998.81
30479.45
43887.63
30669.41
34078.42
37704.93
28604.35
47306.26
31531.29
33148.04
43687.23
33150.51
61856.42
28603.52
44833.21
39724.34
53050.97
35133.22
25734.99
50830.41
35572.54
45097.83
43991.57
37789.72
44423.34
31293.48
46057.88
49143
42068.76
46823.36
45836.09
26431.34
34716.6
41037.75
36048.43
27097.65
31295.43
26045.1
34740.16
36695.3
34829.91
35020.74
34585.66
37528.73
38811.3
48891.66
38077.82
39089.61
40428.14
50878.36
42565.81
41947.76
49457.3
41147.66
30030.06
40473.74
37673.79
31006.88
35775.36
30527.42
32748.55
35171.68
30153.45
32314.14
40311.84
38042.22
38161.82
39949.26
27622
39703.38
33926.45
28579.69
33660.53
30857.05
31758.92
35464.92
40877.26
37467.71
22120.66
29459.06
27093.32
36718.05
44654.72
26249.62
29640.68
26230.14
24230.89
47961.15
41879.19
34479.4
37810.92
33661.8
36380.03
35176.5
45351.72
35797.59
30185.39
38828.08
40441.48
62784.48
35515.81
48976.6
36242.1
57660.07
45158.24
51825.05
41397.03
37965.04
31091.85
37491.53
51798.37
40623.17
38962.7
52327.35
42887.27
26914.37
34035
44317.18
40467.24
39503.98
45884.23
37584.45
39674.34
25999.93
28103.52
43862.39
49537.49
32931.64
29533.55
41643.72
32059.08
41481.92
34443.12
30426.42
23904.84
40624.58
52608.71
33842.47
35806.81
50013.08
41620.3
44143.65
40458.21
53899.45
44891.1
34962.04
38116.89
44350.35
37457.92
38717.14
40605.47
39068.75
50837.92
31750.99
41343.96
48522.54
32274.34
37887.92
44535.73
49125.02
36526.31
44968.83
41305.1
31653.61
44476.28
33135.78
38964.96
39187.3
35536.74
32807.47
35784.05
35509.98
39835.48
32570.54
21850.94
26897.15
23551.96
31766.17
20807.94
46113.72
23959
19627.08
38145.99
26488.03
26921.61
44771.49
39222.81
42879.41
43175.42
45404.47
37089.56
39867.48
30114.64
49674.58
30638.62
28667.32
35673.19
43266.6
34822.23
44301.59
51312.9
52496.8
30983.15
36463.83
28662.54
40398.64
25920.11
43034.08
38387.75
31166.06
35016.88
44509.67
40786.77
51010.91
42428.6
45324.16
47536.55
45347.54
33698.4
67843.7
44023.08
37728.95
30885.79
33553.1
51260.35
42559.78
38007.35
41345.12
34373.74
37917.92
38910.12
42477.54
30191.76
33727.55
40175.76
45073.32
43363.88
35769.32
38935.81
31746.32
38194.69
50049.04
25621.35
49923.71
43136.81
54984.3
40133.57
45393.34
40994.8
33388.72
48311.87
39492.43
36847.29
42014.86
54258.79
34505.35
25996.65
37382.33
24023.22
39807.6
32406.18
34284.4
33177.02
32388.59
34932.58
43069.02
39182.22
32759.57
38706.76
49471.46
46504.05
36223.9
40144.21
42855.31
40912.39
41793.06
36240.41
58853.23
31697.2
41704.09
27732.38
29160.73
40650.68
40057.32
44679.42
42878.93
41352.55
40584.59
39475.01
45719.27
47290.23
30789.43
36219.53
44918.49
44703.68
37813.67
47025.6
40089.72
36362.87
35439.05
33666.78
42488.55
50135.78
35521.8
35700.66
44570.41
42031.05
31770.55
31089.21
33602.41
40175.52
42529.91
33379.64
42371.56
35036.38
33665.19
41112.23
43184.92
30647.99
40276.02
31050.14
34657.22
38921.22
35469.56
48985.71
37886.55
48452.58
43781.47
33886.38
41779.14
50244.72
52545.19
50561.55
41023.37
44654.05
44253.88
49861.25
40592.1
40923.36
42049.76
39512.41
25940.04
32606.18
43406.67
37722.3
34172.01
35394.26
40903.79
46206.89
39110.98
35760.9
32017.12
30513.08
30072.7
40608.82
39290.64
47005.57
37012.29
44773.71
40687
50674.98
41791.11
49531.36
40345.35
31732.61
25636.23
27956.41
32002.33
37821.47
44062.82
36860.57
35942.22
32056.04
44857.19
40826.88
41819.31
29422.21
51914.35
47675.89
36291.36
26906.35
55136.01
39150.38
39233.16
32961.44
43874.18
50355.91
50310.72
35280.45
32191.4
25279.18
30789.67
28145.69
31663.74
38520.65
25645.35
28464.79
38696.99
46722.64
50856.77
43069.89
49738.51
40089.52
48348.12
48943.04
37171.88
37731.09
36938.14
34132.18
39474.38
34148.49
45325.4
51484.67
48880.96
43112.81
46901.7
33355.93
47259.55
44610.23
44123.55
39125.38
35825.77
33136.13
27031.56
33793.13
33658.6
29722.68
34965.05
40555.55
30375.94
40589.13
43954.26
35784.1
50099.18
45567.34
33117.21
39727.92
56885.05
44888.27
44461.82
40281.79
36554.43
42765.84
35749.9
39974.05
54419.3
53446.3
38191.05
39119.66
26402.55
44707.87
51109.62
47744.16
33457.57
35047.73
40084.69
24421.16
30996.71
29248.47
29954.48
37485.52
38159.47
44223.72
39141.25
42841.17
35947.86
38418.73
41778.99
44043.14
36078.85
35379.07
35045.58
42106.47
24911.12
42295.99
42244.48
42492.91
36527
26641.18
29879.66
38438.11
41500.87
26086.94
36645.5
46490.79
43523.58
46460.68
44006.43
41939.98
43874.46
52282.6
41596.98
34259.08
45654.11
41517.91
39963.89
40695.45
43317.11
55094.84
39447.04
50823.37
42094.01
38154.27
42416.15
41011.54
36411.6
46218.43
51318.21
32384.61
42778.19
40317.19
39162.88
44317.85
35250.15
47026.03
62528.59
40096.1
