1134.006
1119.605
1118.37
1089.19
1083.514
1094.934
1083.786
1111.174
1042.443
1123.663
1153.714
1078.827
1107.159
1134.06
1071.421
1127.301
1106.032
1085.081
1078.03
1090.327
1073.792
1088.675
1092.751
1067.988
1091.502
1093.921
1085.499
1088.632
1093.111
1064.297
1076.598
1115.561
1109.222
1072.591
1077.824
1064.713
1099.584
1079.043
1068.296
1090.55
1114.25
1114.444
1070.935
1084.138
1158.689
1060.123
1108.732
1051.151
1057.509
1075.382
1047.852
1120.649
1100.874
1130.242
1062.389
1045.073
1058.687
1125.129
1097.43
1087.791
1070.782
1069.066
1074.604
1059.568
1110.971
1123.9
1147.1
1083.727
1131.994
1034.171
1069.959
1077.997
1090.04
1131.503
1033.105
1090.476
1082.968
1082.644
1077.639
1082.842
1103.404
1023.695
1146.201
1071.475
1069.685
1119.002
1020.896
1156.631
1097.257
1051.785
1068.813
1086.99
1099.79
1087.882
1084.444
1084.987
1128.236
1132.597
1084.119
1072.959
1091.874
1052.746
1115.712
1071.926
1092.96
1137.118
1060.663
1102.959
1095.342
1049.795
1085.455
1070.092
1111.797
1078.119
1092.726
1098.823
1027.477
1052.18
1089.224
1060.459
1079.91
1099.018
1095.221
1078.243
1098.235
1101.455
1091.242
1081.588
1022.913
1074.534
1085.881
1101.335
1075.996
1074.286
1097.176
1023.968
1104.079
1091.025
1158.88
1083.892
1087.805
1089.45
1101.679
1106.42
1035.401
1075.843
1047.424
1124.228
1101.94
1083.947
1062.671
998.6307
1158.164
1045.467
1068.86
1069.105
1111.97
1172.841
1028.339
1079.32
1114.135
1106.959
1085.683
1067.992
1115.568
1088.407
1102.252
1092.855
1100.464
1049.508
1071.816
1098.793
1121.537
1095.738
1143.793
1086.112
1099.814
1035.932
1070.944
1087.807
1095.546
1093.731
1069.939
1060.822
1074.412
1095.187
1085.503
1083.602
1109.247
1088.249
1054.1
1086.39
1107.848
1103.91
1106.523
1075.04
1061.394
1080.247
1098.366
1063.544
1096.485
1096.822
1080.27
1078.498
1087.725
1066.622
1062.114
1081.474
1051.689
1036.919
1114.715
1086.721
1070.331
1120.326
1098.991
1014.805
1094.779
1067.524
1099.851
1039.019
1081.399
1082.029
1105.601
1071.437
1045.164
1086.539
1095.696
1120.054
1115.082
1065.7
1119.709
1048.14
1092.924
1063.217
1085.119
1068.241
1039.439
1090.677
1073.445
1097.038
1108.979
1106.72
1093.627
1110.672
1038.015
1048.749
1107.81
1089.325
1083.169
1109.757
1117.835
1124.005
1136.352
1030.459
1115.031
1074.425
1098.383
1065.796
1066.333
1064.044
1144.623
1072.73
1095.222
1102.53
1099.796
1088.76
1113.448
1089.915
1078.706
1092.013
1088.497
1075.133
1050.605
1064.226
1039.615
1084.169
1074.84
1079.173
1092.436
1077.732
1073.318
1061.162
1093.067
1107.849
1069.636
1070.351
1088.512
1060.759
1060.311
1086.68
1104.457
1136.198
1029.888
1102.771
1046.758
1064.087
1121.532
1111.288
1092.06
1133.713
1102.529
1091.412
1065.942
1088.859
1088.981
1058.192
1056.554
1095.48
1024.781
1119.248
1126.134
1106.128
1096.51
1103.834
1093.274
1103.742
1089.049
1064.926
1082.371
1094.847
1093.633
1063.031
1105.207
1109.516
1106.652
1088.892
1112.666
1110.741
1133.35
1074.745
1109.681
1114.236
1091.855
1117.261
1146.984
1069.195
1073.498
1125.292
1058.04
1116.774
1117.617
1099.278
1092.189
1093.006
1092.484
1082.651
1085.301
1077.684
1091.311
1131.266
1017.798
1068.932
1060.639
1107.615
1064.123
1077.104
1080.959
1029.815
1026.964
1101.289
1103.662
1108.348
1050.47
1107.708
1099.616
1099.37
1093.386
1091.849
1087.235
1061.111
1073.759
1095.447
1076.674
1106.38
1084.655
1099.704
1070.442
1036.793
1109.409
1114.164
1067.826
1079.062
1103.953
1138.628
1110.611
1053.322
1123.599
1084.279
1086.407
1094.928
1076.739
1102.963
1120.215
1094.008
1067.4
1099.904
1085.467
1098.134
1075.023
1075.923
1099.075
1087.507
1101.053
1108.763
1100.067
1115.759
1067.438
1066.642
1133.262
1055.6
1122.435
1080.955
1057.003
1140.227
1086.853
1084.955
1078.896
1063.858
1112.913
1070.604
1093.526
1144.781
1071.849
1068.353
1040
1116.88
1115.854
1059.59
1056.661
1093.25
1055.199
1072.784
1094.138
1071.621
1053.154
1074.199
1110.179
1101.982
1094.571
1049.026
1091.542
1072.967
1070.489
1088.551
1111.252
1097.012
1072.23
1063.394
1095.107
1133.099
1140.109
1126.877
1081.777
1074.743
1098.865
1137.149
1079.466
1113.95
1121.369
1081.205
1045.216
1066.434
1069.046
1079.856
1044.994
1061.509
1066.234
1067.731
1030.875
1068.813
1042.904
1079.273
1099.49
1101.257
1084.012
1072.415
1153.7
1087.402
1078.687
1083.745
1086.362
1104.015
1094.906
1068.499
1103.038
1086.184
1091.785
1091.328
1069.969
1073.286
1089.723
1081.123
1129.032
1084.956
1096.243
1051.96
1055.489
1078.683
1076.82
1109.488
1122.275
1114.905
1074.387
1063.422
1109.819
1063.874
1052.819
1087.881
1091.512
1096
1092.611
1069.434
1116.695
1149.346
1079.529
1096.864
1091.64
1074.011
1138.391
1070.76
1087.403
1061.309
1113.959
1113.581
1066.305
1149.593
1050.675
1054.318
1103.694
1067.87
1066.784
1044.262
1057.984
1087.473
1093.184
1089.167
1117.614
998.942
1089.905
1144.958
1123.986
1073.519
1106.895
1055.899
1039.635
1170.641
1087.002
1078.2
1049.994
1117.769
1140.691
1070.236
1140.125
1065.065
1082.356
1122.275
1078.956
1017.336
1078.579
1099.501
1045.528
1094.846
1107.623
1130.372
1096.058
1062.846
1073.146
1050.142
1061.516
1106.172
1087.608
1074.1
1139.371
1070.583
1087.995
1096.403
1101.692
1096.942
1060.265
1065.067
1070.774
1108.456
1097.818
1059.185
1091.39
1074.014
1110.476
1077.115
1070.557
1137.785
1056.347
1059.678
1072.983
1042.791
1059.491
1055.219
1086.412
1081.122
1058.276
1150.866
1066.352
1044.676
1081.815
1041.405
1084.387
1076.723
1055.967
1060.358
1143.288
1071.958
1076.215
1066.825
1059.209
1083.776
1115.534
1061.612
1074.812
1114.298
1048.776
1122.569
1107.768
1100.334
1064.649
1113.05
1042.932
1080.511
1102.044
1044.795
1138.948
1050.878
1096.918
1065.308
1054.806
1049.643
1130.933
1099.597
1074.354
1090.406
1080.753
1118.548
1110.151
1078.239
1082.64
1061.287
1062.115
1042.587
1097.115
1095.61
1085.749
1095.872
1125.915
1072.115
1132.586
1079.328
1058.522
1115.195
1077.489
1133.792
1035.691
1123.43
1073.696
1070.866
1136.804
1074.115
1046.353
1198.874
1152.777
1093.944
1099.13
1077.407
1083.336
1079.778
1073.335
1104.358
1121.125
1102.96
1044.473
1131.07
1044.725
1098.38
1097.028
1030.206
1069.591
1110.521
1079.111
1098.021
1077.123
1114.106
1115.602
1147.645
1124.771
1075.589
1065.671
1066.16
1064.421
1097.097
1088.914
1118.709
1110.292
1091.02
1098.565
1095.819
1095.423
1081.725
1067.784
1107.603
1147.085
1111.802
1081.671
1058.405
1101.52
1051.673
1062.884
1094.066
1056.9
1067.045
1180.194
1122.495
1087.397
1087.658
1095.772
1130.977
1138.45
1075.863
1044.389
1157.489
1103.773
1037.854
1134.317
1151.408
1064.775
1135.246
1035.39
1172.887
1058.505
1116.66
1146.368
1081.507
1085.852
1114.846
1089.652
1111.858
1142.98
1124.561
1145.562
1110.542
1111.719
1008.947
1137.222
1142.716
1122.81
1103.112
1108.745
1065.703
1096.374
1063.766
1070.626
1089.656
1095.285
1068.795
1087.313
1072.319
1087.166
1104.573
1108.53
1074.98
1081.91
1087.303
1121.157
1103.532
1070.446
1078.134
1055.465
1118.253
1108.937
1085.979
1095.812
1141.549
1086.611
1025.644
1052.124
1108.437
1107.635
1098.882
1127.85
1068.248
1068.619
1098.929
1071.239
1067.704
1071.969
1088.567
1043.588
1113.223
1067.278
1110.335
1056.405
1096.762
1137.072
1076.678
1060.494
1103.689
1100.411
1101.185
1137.963
1066.217
1004.984
1044.274
1103.715
1119.616
1086.031
1093.451
1060.133
1109.301
1106.254
1104.261
1061.465
1097.385
1099.861
1095.471
1070.535
1065.752
1017.559
1027.437
1098.748
1098.915
1095.393
1124.609
1077.53
1137.07
1126.854
1098.028
1094.479
1100.127
1106.46
1059.186
1085.51
1096.171
1073.586
1086.095
1154.496
1078.01
1086.118
1076.881
1082.198
1081.127
1046.275
1084.422
1096.528
1039.61
1092.571
1099.773
1093.826
1108.315
1055.222
1006.531
1125.9
1129.197
1062.322
1112.966
1080.54
1048.831
1054.937
1086.487
1056.557
1093.076
1125.887
1085.208
1064.209
1107.907
1062.36
1066.701
1098.569
1118.097
1043.887
1069.371
1071.127
1117.875
1096.657
1074.049
1048.137
1100.971
1055.864
1072.82
1022.33
1124.831
1106.965
1149.927
1014.701
1141.962
1106.736
1090.314
1094.108
1115.925
1160.717
1085.279
1105.97
1074.897
1084.467
1084.571
1114.084
1089.747
1018.831
1080.015
1075.343
1104.49
1030.82
1027.457
1094.444
1144.754
1112.548
1104.868
1113.694
1139.671
1028.798
1097.043
1066.199
1093.939
1028.648
1016.265
1132.834
1070.067
1123.066
1066.908
1067.169
1066.127
1088.029
1117.128
1138.513
1099.339
1135.347
1070.123
1070.875
1093.89
1086.604
1101.54
1084.535
1161.581
1086.206
1022.74
1090.888
1045.644
1112.72
1053.141
1067.074
1095.036
1080.649
1094.682
1101.046
1077.229
1123.809
1133.397
1092.897
1021.041
1062.761
1090.74
1072.044
1115.303
1129.675
1103.309
1150.108
1101.682
1110.897
1115.36
1070.684
1064.874
1101.449
1012.393
1144.269
1036.665
1058.963
1082.813
1068.442
1159.386
1106.555
1054.316
1105.14
1053.051
1091.536
1076.584
1091.928
1123.157
1117.546
1093.517
1094.063
1142.125
1136.426
1075.43
1082.871
1094.224
1054.499
1110.188
1117.518
1094.426
1077.753
1094.162
1065.377
1048.296
1111.603
1117.452
1074.845
1085.719
1104.822
1083.334
1059.986
1139.774
1089.944
1081.291
1089.824
1027.504
1073.741
1127.057
1084.076
1133.135
1063.274
1076.754
1072.969
1054.798
1087.347
1083.9
1073.564
1097.48
1099.023
1087.646
1091.668
1034.628
1126.247
1116.696
1041.086
1086.108
1067.282
1091.061
1085.41
1085.643
1119.781
1082.429
1101.188
1076.012
1055.899
1121.97
1095.382
1079.263
1067.412
1064.907
1092.944
1126.405
1124.238
1138.195
1047.387
1046.488
1062.897
1149.797
1110.615
1110.886
1091.564
1044.898
1083.768
1133.478
1086.074
1020.719
1078.127
1089.998
1097.731
1059.425
1068.481
1128.232
1098.935
1042.68
1081.259
1129.216
1106.465
1056.069
1098.82
1079.977
1070.373
1073.493
1099.158
1059.466
1042.544
1091.163
1089.579
1070.021
1059.781
1066.869
1076.749
1087.544
1151.253
1152.016
1072.092
1063.004
1059.877
1062.479
1116.583
1113.947
1102.629
1086.068
1083.449
1114.241
1079.717
1066.969
1133.362
1074.645
1103.433
1055.374
1086.129
1092.329
1026.162
1081.975
1034.626
1115.837
1086.129
1066.187
1048.224
1094.242
1075.979
1131.641
1068.085
1073.715
1066.563
1092.486
1069.117
1045.673
1107.488
1082.153
1096.407
1068.661
1107.033
1049.339
1094.757
1078.402
1081.216
1115.413
1056.92
1045.925
1077.683
1084.177
1073.446
1084.966
1071.059
1055.766
1083.26
1091.427
1077.431
1113.662
1101.801
1097.883
1100.896
1117.662
1084.46
1067.158
1099.97
1097.689
1116.768
1087.643
1108.582
1073.893
1125.877
1107.772
1071.037
1044.144
1120.381
1086.332
1078.754
1080.281
1061.368
1108.378
1099.181
1095.365
1104.68
1081.542
1073.27
1060.737
1064.209
1076.343
1073.669
1083.964
1089.673
1142.119
1130.599
1036.487
1077.11
1053.976
1105.508
1108.052
1084.608
1136.72
1106.235
1050.736
976.7479
1095.667
1115.148
1120.456
1086.234
1081.89
1080.329
1041.64
1099.456
1068.207
1100.428
1079.873
1096.95
1070.646
1130.623
1080.89
1101.227
1100.55
1060.632
1118.73
1101.378
1100.357
1084.919
1103.812
1045.307
1044.782
1134.402
1078.157
1058.429
1142.567
1032.567
1048.111
1080.034
1065.188
1131.208
1140.217
1076.845
1086.53
1047.617
1084.041
1132.654
1134.558
1053.651
1098.688
1078.317
1126.32
1078.197
1055.492
1098.634
1111.624
1086.025
1084.862
1083.394
1047.12
1061.199
1106.44
1107.344
1101.563
1076.269
1071.724
1120.563
1031.667
1087.355
1117.362
1062.297
1066.738
1126.621
1111.421
1074.917
1083.862
1112.403
1105.67
1115.089
1053.493
1076.115
1062.748
1070.342
1112.507
1107.16
1078.247
1068.922
1068.353
1111.789
1121.366
1072.219
1092.561
1107.561
1091.395
1030.819
1056.139
1069.916
1106.262
1069.106
1119.454
1097.519
1120.668
1049.474
1123.18
1102.889
1127.062
1114.187
1136.217
1135.51
1028.872
1129.755
1125.66
1084.829
1113.877
1076.722
1087.2
1104.7
1106.088
1038.931
1070.725
1074.782
1090.346
1105.622
1056.049
1185.613
1107.578
1092.021
1070.151
1093.121
1119.788
1091.71
1075.216
1099.578
1071.708
1177.772
1068.767
1125.9
1043.136
1038.135
1115.994
1050.697
1008.031
1134.275
1109.254
1056.857
1079.951
1129.58
1094.433
1071.061
1078.551
1086.631
1127.07
1056.753
1068.873
1094.33
1078.418
1098.517
1102.792
1092.774
1088.171
1092.745
1033.05
1084.535
1081.834
1092.988
1097.843
1118.351
1092.963
1079.344
1008.159
1091.823
1111.198
1052.516
1079.601
1106.19
1065.738
1091.887
1082.843
1086.104
1083.306
1084.713
1106.308
1086.045
1104.036
1091.103
1068.288
1079.717
1104.758
1070.008
1073.735
1111.179
1123.939
1139.243
1134.634
1101.871
1107.82
1135.602
1070.402
1081.386
1068.524
1021.814
1085.453
1087.43
1094.065
1081.753
1093.179
1153.826
1105.573
1067.453
1097.54
1086.725
1118.04
1059.361
1091.04
1119.863
1053.188
1077.729
1089.94
1026.189
1069.052
1086.843
1115.689
1080.774
1069.574
1095.003
1091.118
1070.455
1067.792
1077.336
1062.56
1080.489
1129.783
1115.756
1111.099
1069.878
1096.805
1117.351
1055.145
1051.968
1070.643
1067.953
1104.259
1097.21
1138.284
1083.205
1048.566
1083.989
1077.607
1095.313
1144.877
1062.175
1081.873
1120.327
1080.41
1079.641
1119.446
1076.058
1102.222
1079.982
1056.162
1067.699
1114.646
1090.635
1120.917
1061.996
1090.899
1185.63
1057.693
1095.777
1112.807
1053.163
1084.519
1046.178
1080.06
1097.248
1087.586
1091.156
1109.517
1036.253
1084.546
1111.487
1039.191
1072.063
1108.582
1042.406
1035.792
1101.495
1110.154
1034.365
1101.536
1121.831
1080.138
1062.715
1116.777
1055.149
1048.333
1056.498
1077.295
1106.905
1067.691
1094.37
1057.988
1120.195
1066.771
1063.877
1136.354
1067.251
1084.671
1105.167
1055.554
1083.162
1117.358
1101.898
1098.395
1052.286
1063.372
1068.563
1090.041
1050.325
1154.171
1080.576
1098.12
1054.752
1128.011
1097.52
1106.603
1130.267
1110.57
1026.99
1091.566
1042.233
1095.703
1119.475
1120.92
1125.396
1106.181
1098.681
1066.4
1077.543
1161.414
1077.986
1072.436
1104.643
1054.441
1102.461
1078.322
1067.159
1091.643
1106.654
1053.353
1097.43
1069.752
1044.844
1092.446
1065.233
1129.693
1126.68
1130.683
1113.415
1108.307
1116.659
1072.845
1075.778
1172.691
1129.046
1035.209
1095.097
1052.526
1100.531
1134.62
1109.051
1084.963
1092.421
1063.51
1101.583
1110.417
1087.169
1159.086
1092.046
1032.246
1129.282
1129.005
1117.273
1064.115
1078.731
1098.799
1105.563
1036.859
1097.418
1054.983
1129.816
1123.54
1095.893
1100.928
1091.807
1104.16
1090.439
1119.492
1135.701
1105.072
1065.995
1087.189
1071.781
1082.808
1147.106
1124.583
1071.141
1114.56
1070.314
1096.261
1101.072
1125.006
1081.101
1125.237
1093.822
1079.27
1107.99
1067.592
1103.712
1060.503
1032.9
1072.841
1125.934
1092.896
1076.184
1111.719
1124.112
1079.116
1079.783
1109.813
1085.649
1072.571
1118.295
1093.131
1083.287
1057.654
1108.783
1085.395
1100.822
1110.301
1110.79
1087.279
1073.502
1072.635
1092.825
1078.67
1107.416
1106.43
1092.153
1022.13
1077.184
1148.068
1126.522
1127.816
1095.971
1110.649
1064.568
1080.145
1090.823
1109.582
1104.727
1092.364
1078.614
1094.091
1076.014
1088.56
1088.823
1126.237
1063.392
1106.381
1052.335
1113.239
1103.329
1109.339
1085.009
1109.746
1098.51
1051.313
1013.157
1099.379
1112.475
1113.397
1136.921
1075.131
1086.156
1087.262
1052.705
1076.354
1173.103
1119.182
1120.609
1109.05
1113.983
1110.367
1048.556
1016.255
1060.491
1095.045
1092.966
1159.712
1059.95
1084.876
1059.151
1092.906
1060.276
1076
1115.888
1104.184
1089.388
1079.074
1075.276
1076.446
1078.228
1103.824
1153.072
1138.401
1110.03
1103.079
1101.474
1078.556
1110.499
1084.983
1132.532
1048.963
1058.849
1093.599
1117.831
1093.245
1127.503
1088.047
1092.013
1067.816
1048.163
1149.313
1094.186
1067.253
1057.678
1158.709
1085.097
1046.126
1071.712
1070.354
1105.917
1079.908
1089.78
1069.398
1083.22
1058.569
1053.474
1066.191
1103.937
1103.016
1106.637
1066.081
1078.36
1067.457
1107.08
1126.565
1101.821
1151.055
1080.346
1116.119
1097.24
1110.107
1105.468
1134.454
1045.945
1111.448
1102.973
1108.497
1048.183
1066.487
1107.172
1071.746
1038.732
1098.274
1115.764
1065.594
1052.81
1141.509
1093.763
1066.241
1066.338
1056.898
1063.982
1098.585
1038.135
1077.177
1100.267
1093.109
1110.127
1082.15
1098.68
1061.176
1068.134
1070.104
1118.16
1136.996
1167.702
1052.132
1091.892
1087.622
1103.671
1113.401
1084.662
1123.363
1066.786
1070.526
1089.287
1089.311
1140.225
1106.655
1083.422
1075.164
1059.113
1132.667
1066.146
1098.758
1034.292
1085.52
1062.15
1069.514
1091.042
1112.841
1076.376
1096.974
1086.818
1070.116
1072.002
1089.022
1099.08
1124.839
1093.262
1108.92
1095.86
1075.51
1071.011
1076.402
1153.959
1114.707
1084.321
1063.385
1096.413
1119.309
1092.691
1063.273
1111.841
1104.093
1071.631
1075.412
1077.681
1135.345
1122.779
1060.461
1091.776
1084.234
1100.159
1086.015
1022.221
1105.625
1082.421
1016.045
1071.801
1083.073
1138.725
1061.675
1090.867
1096.788
1060.769
1072.308
1097.93
1076.131
1080.693
1098.045
1093.277
1044.974
1069.765
1035.382
1054.365
1116.636
1082.561
1128.16
1098.424
1087.493
1075.967
1072.982
1102.84
1092.164
1122.927
1053.334
1071.231
1097.289
1072.883
1119.369
1101.967
1089.35
1092.444
1119.414
1060.071
1151.828
1105.626
1037.78
1128.712
1080.243
1078.401
1060.143
1096.41
1073.741
1066.343
1069.922
1079.112
1081.328
1091.744
1067.854
1175.201
1123.477
1072.856
1105.363
1090.777
1099.396
1118.373
1086.664
1133.185
1125.108
1123.541
1100.035
1114.444
1101.357
1093.636
1041.103
1063.465
1107.285
1042.256
1036.035
1064.303
1108.691
1089.553
1134.178
1077.325
1082.014
1084.332
1098.339
1070.562
1063.077
1095.337
1095.983
1092.165
1092.906
1150.648
1079.541
1118.077
1107.34
1040.19
1073.816
1090.297
1115.977
1081.639
1145.556
1110.959
1075.807
1122.506
1035.934
1135.898
1118.768
1168.511
1072.731
1111.614
1071.482
1110.686
1074.053
1090.237
1085.337
1045.925
1080.231
1073.597
1133.113
1073.782
1094.457
1092.246
1036.547
1068.614
1059.348
1064.206
1113.747
1076.006
1093.932
1064.267
1098.67
1084.332
1071.249
1134.626
1087.918
1095.963
1076.208
1031.917
1028.34
1075.809
1056.249
1160.806
1101.452
1072.362
1073.726
1094.696
1064.644
1081.548
1052.065
1056.532
1056.209
1101.185
1104.918
1074.025
1094.534
1083.634
1048.267
1107.495
1066.005
1071.803
1126.877
1082.198
1044.844
1069.071
1058.581
1074.298
1060.453
1059.97
1100.033
1113.128
1081.18
1075.27
1052.322
1120.552
1110.769
1108.409
1098.232
1132.052
1107.384
1084.625
1105.162
1079.785
1087.425
1133.633
1108.469
1076.425
1079.715
1138.231
1065.262
1076.817
1053.665
1099.294
1150.158
1123.693
1112.108
1109.999
1114.1
1087.956
1078.818
1120.872
1083.195
1122.05
1104.653
1126.003
1065.936
1107.375
1049.396
1097.326
1110.034
1048.016
1038.572
1068.011
1100.528
1110.666
1084.169
1073.253
1164.256
1043.038
1087.032
1090.999
1095.895
1101.643
1110.539
1122.509
1137.761
1112.182
1075.38
1106.857
1093.098
1128.299
1090.369
1090.837
1061.459
1071.692
1090.79
1090.467
1072.639
1075.447
1108.019
1043.065
1065.037
1111.96
1127.403
1067.808
1046.895
1069.072
1087.411
1078.321
1115.052
1055.204
1086.474
1067.751
1082.581
1063.22
1051.81
1073.446
1117.228
1046.185
1100.991
1081.756
1105.021
1109.113
1123.94
1090.61
1093.764
1085.132
1123.976
1103.823
1050.37
1090.796
1073.121
1125.71
1138.448
1052.818
1099.868
1085.749
1074.242
1111.156
1035.531
1133.747
1082.154
1125.838
1058.193
1146.951
1176.855
1117.24
1120.407
1060.16
1074.049
1084.563
1045.681
1104.458
1084.502
1081.099
1060.459
1073.908
1080.442
1078.682
1091.507
1037.623
1056.6
1113.063
1084.698
1060.543
1123.87
1069.76
1110.331
1123.5
1131.506
1087.984
1072.054
1060.315
1053.1
1091.892
1053.967
1092.142
1167.012
1055.875
1090.137
1070.334
1070.606
1079.78
1116.885
1084.323
1077.8
1111.806
1068.353
1079.616
1066.252
1028.658
1098.124
1038.314
1082.521
1068.685
1161.632
1120.651
1096.268
1102.97
1118.229
1096.659
1060.063
1102.37
1105.187
1098.037
1071.867
1117.919
1091.847
1091.27
1129.977
1115.905
1198.475
1096.47
1088.214
1070.755
1096.287
1078.892
1142.051
1111.786
1076.262
1095.138
1051.66
1051.04
1097.466
1060.728
1107.2
1086.167
1084.556
1088.012
1072.09
1125.068
1076.309
1094.862
1151.547
1050.894
1068.747
1113.428
1075.671
1150.573
1067.343
1059.972
1080.247
1071.415
1084.381
1110.827
1130.11
1069.907
1057.887
1053.957
1085.29
1079.189
1086.568
1080.288
1121.862
1106.687
1122.317
1131.224
1093.895
1105.365
1086.387
1125.915
1041.488
1121.43
1078.499
1050.689
1077.201
1049.661
1063.118
1072.519
1046.839
1094.404
1109.27
1063.915
1064.727
1098.5
1118.375
1026.735
1039.909
1048.507
1075.935
1073.711
1151.962
1160.029
1041.443
1072.602
1090.85
1066.575
1074.431
1064.967
1100.42
1061.095
1133.909
1082.326
1068.818
1080.886
1078.261
1073.852
1092.593
1098.041
1072.994
1103.057
1105.436
1123.509
1062.67
1074.572
1064.575
1061.001
1079.015
1124.063
1110.556
1090.507
1173.268
1057.382
1085.207
1122.652
1079.834
1112.096
1102.971
1114.451
1098.629
1106.882
1090.824
1059.654
1098.146
1111.388
1103.247
1080.326
1095.133
1058.875
1072.525
1091.147
1092.367
1059.188
1078.239
1096.321
1077.942
1063.374
1137.827
1103.499
1099.673
1107.755
1029.789
1111.769
1064.151
1097.796
1102.369
1137.737
1052.736
1063.241
1070.911
1068.114
1084.909
1107.447
1132.387
1051.013
1087.233
1112.121
1119.338
1084.596
1101.473
1088.138
1073.201
1146.331
1082.227
1048.718
1150.177
1059.155
1106.211
1096.715
1114.099
1023.538
1084.504
1097.597
1118.765
1063.448
1075.599
1141.698
1084.862
1083.23
1069.348
1032.856
1120.561
1104.355
1050.551
1106.054
1078.914
1109.375
1061.137
1119.358
1112.348
1071.669
1047.778
1061.162
1062.601
1105.957
1121.122
1068.896
1080.724
1067.847
1121.402
1023.71
995.9369
1096.074
1087.173
1009.521
1108.963
1074.169
1077.476
1081.923
1081.591
1061.519
1041.065
1124.276
1117.079
1097.554
1055.952
1103.932
1092.092
1079.065
1061.049
1115.415
1076.786
1110.721
1174.608
1115.088
1158.799
1102.81
1041.865
1090.954
1088.856
1063.787
1048.291
1063.415
1129.978
1113.535
1082.714
1090.112
1089.381
1034.694
1115.2
1073.437
1085.028
1073.617
1115.15
1058.902
1081.594
1110.583
1061.291
1086.374
1161.065
1078.526
1101.652
1097.168
1062.225
1080.233
1091.362
1057.065
1111.243
1080.886
1091.934
1049.315
1133.512
1088.234
1083.104
1069.283
1118.604
1120.269
1054.134
1069.492
1089.731
1025.942
1077.936
1053.832
1092.307
1122.89
1061.405
1099.695
1093.853
1089.653
1068.061
1111.26
1079.211
1100.295
1119.687
1093.067
1098.121
1109.443
1105.216
1045.303
1116.839
1078.484
1074.602
1128.968
1094.62
1071.071
1066.811
1074.356
1069.235
1058.785
1016.312
1120.667
1072.503
1108.144
1103.191
1110.2
1124.669
1115.667
1056.035
1048.808
1088.551
1069.771
1104.536
1061.94
1085.799
1081.179
1072.755
1100.545
1142.968
1098.799
1065.835
1057.171
1065.83
983.3741
1097.056
1079.287
1066.845
1105.283
1077.13
1067.204
1071.64
1060.603
1108.613
1104.714
1097.231
1078.174
1050.159
1095.247
1082.477
1120.326
1086.029
1089.295
1105.763
1036.292
1075.116
1057.929
1103.202
1103.943
1090.622
1101.113
1090.695
1062.722
1021.074
1059.249
1092.797
1128.572
1057.872
1105.852
1059.45
1079.779
1043.541
1098.919
1122.459
1111.404
1066.088
1075.528
1115.414
1126.42
1100.451
1106.029
1104.726
1092.279
1058.082
1095.522
1124.189
1067.728
1063.456
1043.538
1130.281
1083.897
1073.884
1056.443
1091.942
1079.198
1157.051
1052.483
1060.537
1088.95
1086.511
1063.255
1077.006
1050.624
1052.771
1081.633
1097.475
1070.13
1051.309
1066.032
1088.021
1089.12
1065.102
1098.669
1100.977
1137.402
1092.074
1098.978
1097.623
1080.549
1123.927
1085.63
1044.84
1081.123
1129.608
1049.569
1055.66
1087.715
1089.409
1128.882
1081.279
1093.376
1068.666
1069.231
1088.416
1074.592
1126.056
1051.448
1110.089
1059.432
1076.956
1053.544
1102.155
1107.194
1081.808
1101.1
1079.251
1077.32
1152.26
1098.31
1078.509
1158.88
1092.496
1049.939
1098.539
1085.669
1064.564
1104.936
1128.617
1108.571
1094.417
1072.5
1066.478
1108.769
1082.601
1072.015
1076.819
1099.669
1089.973
1112.108
1069.916
1075.428
1050.147
1100.668
1097.875
1077.968
1086.996
1097.773
1081.608
1141.837
1064.515
1144.582
1078.424
1132.843
1070.455
1043.437
1057.705
1075.978
1105.374
1096.51
1069.729
1097.158
1080.417
1092.212
1056.277
1088.84
1096.826
1134.494
1048.246
1128.596
1076.18
1084.885
1108.925
1075.637
1074.544
1091.528
1118.207
1111.028
1078.322
1064.72
1068.241
1081.634
1018.314
1085.169
1100.385
1115.335
1050.94
1081.037
1098.673
1070.427
1104.214
1071.915
1121.412
1086.131
1098.072
1100.548
1090.286
1114.968
1111.216
1085.48
1096.841
1109.127
1073.471
1055.306
1087.476
1060.339
1066.383
1083.584
1101.583
1064.966
1098.271
1111.085
1134.728
1077.244
1064.282
1084.384
1058.37
1060.175
1125.129
1120.393
1069.643
1079.368
1163.43
1094.876
1116.644
1104.918
1097.342
1060.817
1102.338
1093.25
1092.122
1079.047
1128.39
1041.188
1096.419
1063.186
1074.286
1078.806
1080.778
1107.651
1067.222
1086.308
1072.073
1125.215
1131.642
1037.777
1061.113
1106.42
1108.649
1094.828
1097.964
1108.186
1067.4
1137.16
1087.85
1065.247
1122.912
1089.737
1124.419
1078.174
1073.842
1127.832
1123.933
1106.076
1092.146
1102.576
1085.964
1109.067
1062.422
1106.761
1071.416
1094.854
1120.003
1137.909
1120.231
1044.045
1045.518
1126.816
1113.523
1047.559
1115.841
1075.123
1098.569
1095.195
1049.849
1044.833
1098.352
1112.378
1070.901
1081.071
1099.085
1084.222
1085.544
1061.872
1117.334
1075.5
1035.574
1097.173
1105.168
1125.356
1052.608
1102.597
1069.607
1084.39
1005.253
1114.102
1087.837
1064.851
1015.653
1067.869
1103.683
1031.933
1100.201
1129.532
1129.704
1133.604
1067.499
1124.222
1010.913
1090.404
1074.205
1121.322
1119.955
1062.667
1133.01
1071.477
1090.15
1103.482
1053.056
1148.059
1073.12
1096.934
1093.32
1095.684
1091.742
1085.8
1086.566
1095.617
1081.319
1057.985
1115.66
1090.701
1069.825
1112.623
1116.362
1062.117
1102.74
1070.992
1088.122
1091.234
1037.234
1113.564
1086.557
1069.425
1094.021
1082.465
1064.587
1057.09
1126.276
1058.041
1088.31
1060.929
1079.755
1096.389
1146.99
1097.591
1088.828
1079.078
1073.239
1060.567
1106.872
1098.894
1120.219
1089.949
1096.526
1117.522
1094.774
1089.313
1100.239
1078.628
1070.732
1068.056
1060.098
1045.975
1082.049
1054.553
1054.228
1089.19
1133.163
1100.314
1120.544
1106.647
1092.834
1093.296
1088.97
1056.58
1104.883
1040.712
1039.618
1104.339
1064.508
1038.755
1081.818
1131.467
1091.229
1135.433
1128.395
1116.308
1084.252
1034.47
1087.942
1076.443
1092.269
1044.115
1100.211
1089.084
1130.84
1112.187
1090.942
1068.386
1066.691
1051.25
1068.918
1085.636
1000.543
1104.316
1096.651
1070.906
1126.768
1062.179
1113.714
1114.617
1081.226
1052.12
1077.798
1074.248
1159.095
1096.531
1084.598
1125.817
1104.893
1049.786
1081.417
1101.983
1103.861
1119.371
1067.372
1065.945
1107.281
1057.635
1096.689
1074.94
1071.346
1098.457
1119.069
1124.108
1047.592
1071.711
1061.051
1046.809
1043.803
1102.435
1064.294
1086.973
1090.35
1110.658
1108.385
1082.603
1069.78
1084.654
1090.545
1080.768
1101.345
1128.768
1077.026
1109.539
1074.608
1098.396
1084.082
1111.125
1094.124
1070.019
1113.224
1074.826
1081.189
1048.062
1088.342
1108.27
1072.895
1092.806
1047.919
1048.89
1042.822
1117.984
1102.486
1046.568
1108.751
1086.405
1103.573
1077.208
1075.994
1083.286
1102.424
1064.87
1091.76
1100.654
1125.72
1068.374
1133.548
1050.214
1065.401
1071.425
1074.46
1126.278
1082.812
1117.557
1096.761
1084.922
1069.182
1136.325
1062.688
1092.649
1106.232
1101.399
1075.105
1104.625
1050.636
1101.375
1043.334
1110.734
1058.968
1056.961
1061.183
1075.154
1065.036
1093.855
1093.458
1048.508
1124.832
1105.733
1027.663
1113.135
1057.722
1080.48
1071.921
1122.733
1052.307
1136.066
1116.447
1093.164
1077.28
1103.155
1073.748
1065.695
1083.7
1073.789
1121.419
1089.899
1065.497
1088.327
1130.557
1063.833
1120.55
1098.29
1100.569
1133.847
1053.167
1047.278
1123.714
1119.507
1146.985
1052.98
1059.029
1075.44
1059.264
1146.018
1061.135
1077.054
1075.187
1083.939
1062.862
1056.968
1069.389
1115.985
1015.672
1130.727
1078.694
1036.272
1024.034
1046.677
1067.309
1097.014
1073.701
1054.506
1032.682
1045.535
1085.15
1119.332
1088.562
1061.331
1083.882
1075.077
1101.775
1057.833
1104.015
1086.756
1064.148
1068.179
1161.965
1077.46
1063.071
1103.37
1075.773
1131.81
1096.426
1113.411
1075.973
1028.13
1078.293
1077.699
1122.883
1097.077
1101.28
1126.116
1167.656
1061.488
1075.921
1079.136
1131.069
1026.381
1112.96
1058.276
1074.373
1103.306
1082.259
1076.931
1090.519
1028.18
1079.693
1047.363
1094.933
1062.084
1110.666
1080.976
1065.294
1139.598
1093.271
1082.645
1066.842
1047.539
1105.751
1084.147
1054.29
1055.267
1099.291
1081.796
1104.764
1065.207
1107.717
1068.331
1109.805
1086.841
1144.039
1107.124
1080.664
1046.426
1120.781
1099.743
1078.81
1014.989
1074.447
1110.897
1103.007
1066.504
1064.341
1080.218
1136.233
1078.36
1104.417
1101.846
1116.539
1073.289
1061.439
1073.289
1081.279
1097.178
1125.365
1091.84
1114.434
1103.907
1076.955
1096.041
1047.961
1062.952
1087.307
1090.992
1128.099
1107.564
1088.605
1085.144
1129.546
1109.234
1084.289
1135.763
1112.045
1042.506
1069.965
1082.08
1075.558
1058.681
1136.634
1076.481
1064.401
1099.857
1068.326
1089.005
1094.215
1078.403
1046.586
1085.317
1112.99
1080.048
1107.837
1104.031
1084.741
1064.288
1089.376
1093.61
1080.152
1100.788
1127.397
1075.189
1091.15
1119.074
1045.319
1078.172
1103.235
1100.686
1141.945
1082.862
1069.784
1147.843
1073.369
1103.373
1082.532
1085.859
1095.698
1084.036
1094.611
1058.525
1096.488
1092.357
1069.225
1088.822
1120.228
1068.767
1049.578
1080.946
1077.161
1089.958
1087.804
1088.298
1143.429
1085.675
1150.124
1094.029
1096.819
1099.635
1112.194
1101.632
1103.857
1148.532
1110.081
1075.439
1117.658
1105.894
1074.181
1096.153
1120.172
1105.832
1060.207
1068.999
1054.167
1114.052
1077.828
1102.066
1128.167
1042.791
1115.399
1071.441
1070.46
1110.637
1106.483
1111.369
1138.253
1084.772
1068.039
1088.816
1092.778
1126.246
1055.293
1086.521
1079.366
1092.236
1085.452
1138.958
1065.062
1121.99
1104.885
1127.136
1082.037
1067.958
1052.398
1090.325
1082.264
1114.918
1110.704
1108.272
1064.784
1048.722
1083.095
1119.851
1090.726
1113.398
1084.431
1087.804
1034.016
1117.423
1106.085
1107.754
1085.719
1112.599
1090.683
1072.128
1038.525
1133.835
1085.413
1110.135
1047.296
1080.871
1086.026
1108.626
1072.177
1085.072
1099.081
1108.864
1083.654
1060.627
1031.958
1098.691
1089.005
1085.329
1029.272
1094.766
1132.33
1043.297
1091.684
1076.176
1114.423
1090.104
1125.972
1074.349
1058.854
1075.183
1036.57
1020.682
1042.646
1114.646
1103.683
1120.062
1049.538
1079.141
1091.781
1099.247
1086.317
1085.799
1108.354
1076.625
1039.916
1076.651
1049.784
1119.804
1071.66
1081.831
1133.106
1129.088
1171.891
1071.231
1088.93
1110.208
1084.692
1111.293
1105.653
1004.751
1086.346
1090.648
1096.432
1105.423
1086.435
1104.158
1131.922
1093.961
1105.234
1109.467
1075.596
1054.884
1105.516
1032.767
1091.35
1072.487
1104.083
1072.482
1074.603
1077.094
1103.527
1073.892
1078.21
1081.468
1130.059
1137.093
1111.452
1034.61
1097.671
1089.397
1085.882
1089.756
1107.695
1087.072
1102.349
1092.183
1105.522
1063.733
1112.314
1122.88
1077.811
1120.458
1116.007
1084.624
1113.562
1072.99
1055.683
1094.643
1049.113
1068.891
1065.865
1135.489
1126.322
1051.825
1071.412
1078.138
1088.468
1085.675
1069.385
1091.683
1091.913
1145.857
1112.109
1072.351
1128.983
1096.921
1098.863
1030.002
1100.781
1100.161
1128.214
1057.49
1118.726
1112.406
1093.092
1043.641
1093.042
1098.228
1065.043
1095.804
1082.304
1088.885
1063.834
1069.366
1108.34
1104.873
1138.36
1070.494
1099.403
1084.476
1151.838
1053.575
1061.768
1088.054
1111.45
1078.781
1063.95
1052.307
1072.854
1054.261
1078.651
1132.471
1079.651
1084.328
1047.36
1082.583
1104.075
1110.438
1066.887
1129.365
1110.874
1097.378
1069.552
1077.517
1078.335
1044.127
1018.965
1065.724
1088.257
1046.766
1089.212
1065.734
1109.312
1089.253
1086.848
1068.674
1095.924
1090.17
1142.366
1063.387
1104.223
1106.742
1023.748
1073.602
1083.107
1101.999
1053.651
1089.544
1086.012
1094.457
1067.883
1086.48
1078.603
1058.656
1051.288
1115.703
1097.476
1060.655
1113.837
1067.781
1085.094
1080.111
1053.021
1111.464
1116.166
1072.699
1093.382
1050.366
1109.014
1112.094
1156.495
1099.481
1109.356
1011.04
1077.089
1094.681
1093.933
1065.132
1087.353
1053.461
1068.227
1060.021
1146.845
1075.368
1100.333
1063.26
1103.11
1138.038
1060.11
1122.218
1117.6
1101.306
1071.64
1051.688
1090.173
1138.124
1065.739
1090.096
1100.94
1118.431
1103.837
1085.296
1037.401
1110.369
991.5865
1105.572
1090.894
1054.574
1050.465
1094.318
1066.57
1060.71
1133.719
1140.863
1099.313
1078.33
1127.969
1047.879
1087.596
1084.025
1096.351
1048.81
1096.387
1101.24
1078.084
1057.389
1093.055
1058.143
1091.136
1066.256
1109.406
1033.669
1027.617
1057.767
1096.504
1117.954
1108.345
1064.588
1087.416
1068.676
1136.638
1049.58
1109.599
1126.713
1109.179
1107.419
1175.318
1075.352
1058.604
1065.599
1108.554
1138.454
1101.401
1125.398
1084.165
1103.303
1077.529
1129.88
1009.737
1104.657
1118.084
1066.239
1019.271
1155.193
1063.573
1134.145
1118.949
1057.263
1106.316
1037.548
1085.326
1085.14
1107.449
1068.248
1069.469
1142.525
1094.207
1086.862
1156.52
1128.305
1129.838
1112.616
1109.695
1127.292
1098.926
1103.546
1100.838
1116.96
1085.953
1086.358
1083.688
1062.406
1081.915
1111.811
1102.008
1090.253
1087.694
1076.954
1106.715
1120.642
1105.071
1116.265
1124.935
1100.793
1117.662
1070.981
1070.883
1113.101
1109.862
1058.187
1077.674
1097.714
1100.615
1087.075
1062.075
1085.584
1092.912
1108.77
1046.304
1060.841
1083.263
1143.839
1135.632
1029.697
1032.389
1095.33
1064.308
1110.284
1099.592
1045.122
1168.44
1074.917
1056.915
1136.263
1108.906
1120.135
1084.163
1105.674
1038.6
1121.286
1085.412
1128.009
1082.786
1086.589
1067.165
1081.518
1086.415
1052.84
1106.611
1082.943
1089.814
1110.318
1107.834
1068.163
1028.869
1111.246
1068.833
1065.234
1103.314
1090.217
1116.028
1041.917
1060.272
1049.662
1136.594
1109.584
1060.913
1127.85
1128.751
1125.346
1081.693
1071.302
1075.241
1127.61
1052.484
1087.566
1081.785
1094.97
1086.136
1063.739
1076.041
1089.83
1109.207
1050.022
1140.942
1109.145
1077.059
1076.242
1091.674
1085.55
1056.268
1037.511
1060.886
1089.019
1076.263
1050.008
1071.725
1062.586
1063.887
1103.821
1104.661
1069.954
1115.617
1056.52
1119.533
1084.047
1080.429
1104.685
1079.362
1075.918
1065.431
1029.295
1065.386
1105.937
1150.463
1078.118
1118.06
1152.948
1142.794
1114.386
1081.101
1071.384
1106.439
1065.861
1098.166
1085.748
1071.051
1082.924
1070.885
1099.053
1124.128
1079.487
1098.986
1099.761
1092.425
1064.56
1065.998
1050.603
1081.61
1107.195
1065.255
1098.752
1069.801
1090.732
1039.853
1092.528
1106.928
1119.989
1058.79
1116.586
1080.479
1115.626
1061.455
1064.94
1084.605
1072.192
1075.629
1103.23
1064.755
1093.348
1104.612
1051.029
1089.406
1112.686
1067.103
1086.162
1113.794
1076.167
1060.101
1043.513
1066.352
1065.573
1096.832
1072.781
1103.077
1108.281
1016.852
1143.255
1087.368
1059.035
1095.098
1057.999
1053.37
1101.729
1053.272
1054.148
1079.099
1093.727
1078.648
1080.426
1067.996
1153.638
1114.099
1134.958
1076.03
1111.295
1081.253
1153.984
1068.018
1064.004
1067.746
1117.768
1083.453
1106.177
1104.348
1054.421
1123.508
1083.011
1045.151
1076.676
1100.115
1060.912
1115.207
1094.547
1147.988
1085.401
1100.692
1084.879
1130.227
1107.972
1093.862
1064.472
1086.33
1102.474
1108.99
1090.619
1093.774
1132.47
1072.45
1051.551
1084.047
1074.722
1103.883
1087.005
1113.38
1082.081
1077.059
1120.389
1051.039
1121.725
1101.695
1136.942
1060.842
1089.578
1089.007
1039.964
1090.412
1047.317
1127.61
1098.127
1081.623
1055.355
1101.224
1076.278
1087.338
1101.742
1153.424
1123.269
1071.185
1102.973
1068.973
1131.562
1081.884
1112.825
1141.647
1111.888
1056.93
1073.545
1064.257
1058.607
1136.96
1093.323
1050.05
1067.597
1103.562
1086.263
1080.886
1113.257
1072.731
1061.546
1107.015
1124.585
1074.289
1099.575
1059.021
1083.638
1100.549
1105.675
1080.234
1137.229
1065.568
1067.776
1092.704
1111.31
1089.925
1101.739
1075.739
1102.778
1031.958
1116.817
1077.355
1087.665
1093.465
1105.413
1093.278
1067.812
1040.785
1069.92
1061.984
1050.882
1062.339
1101.334
1089.616
1064.477
1119.456
1044.398
1112.861
1112.724
1055.792
1082.768
1084.725
1082.876
1093.258
1059.611
1070.432
1083.759
1080.555
1081.26
1131.715
1095.499
1116.099
1077.595
1071.828
1120.667
1123.73
1093.569
1114.199
1080.808
1110.23
1129.81
1100.188
1057.417
1021.533
1072.081
1080.896
1075.887
1079.963
1105.886
1062.381
1052.19
1087.051
1100.801
1093.771
1102.134
1107.507
1098.224
1097.741
1090.646
1070.598
1067.832
1087.636
1087.91
1081.44
1096.751
1060.587
1062.304
1090.791
1077.282
1077.205
1106.365
1021.859
1116.594
1078.488
1106.031
1068.147
1093.144
1052.323
1146.49
1071.841
1097.587
1129.322
1087.361
1102.988
1137.381
1112.649
1061.86
1100.507
1081.44
1077.904
1106.627
1087.986
1059.302
1107.846
1134.276
1109.763
1055.725
1058.891
1123.189
1049.64
1086.699
1093.929
1093.847
1077.436
1082.728
1066.854
1136.016
1081.711
1098.845
1093.928
1173.345
1094.163
1122.345
1080.846
1078.788
1051.456
1071.166
1061.829
1089.327
1081.263
1093.885
1105.767
1123.5
1071.082
1109.028
1068.441
1136.122
1093.141
1097.667
1093.005
1117.99
1050.957
1082.474
1096.727
1086.523
1071.406
1078.834
1072.892
1119.325
1116.952
1083.406
1065.686
1062.238
1114.275
1106.809
1062.179
1032.047
1123.546
1050.81
1080.553
1056.888
1133.36
1108.215
1106.031
1161.422
1060.394
1078.075
1079.451
1070.778
1054.552
1092.874
1076.699
1078.555
1087.868
1112.273
1134.311
1105.361
1068.736
1070.997
1070.504
1096.079
1128.595
1079.707
1092.383
1080.383
1090.998
1066.51
1077.463
1049.846
1055.598
1102.561
1147.192
1089.465
1084.438
1108.212
1087.506
1094.589
1076.813
1082.833
1099.715
1106.154
1083.46
1100.989
1141.02
1060.031
1071.885
1066.619
1093.237
1070.719
1114.565
1083.326
1086.397
1089.744
1133.729
1085.277
1095.272
1123.721
1094.827
1088.73
1068.894
1085.389
1053.947
1095.373
1058.898
1049.271
1118.734
1065.929
1048.479
1097.544
1102.135
1106.534
1106.823
1115.602
1099.159
1118.512
1114.884
1057.505
1069.5
1055.819
1089.481
1088.957
1101.944
1103.794
1103.537
1084.998
1088.148
1073.768
1083.472
1082.089
1093.979
1097.11
1101.181
1084.932
1057.767
1105.327
1094.085
1045.628
1078.081
1123.056
1094.461
1080.161
1048.826
1093.777
1063.645
1081.283
1069.5
1107.641
1093.914
1053.15
1087.364
1120.079
1080.799
1102.028
1095.596
1094.967
1103.455
1070.598
1097.988
1125.729
1106.307
1090.558
1115.521
1083.465
1071.142
1056.506
1075.657
1094.232
1096.436
1077.193
1040.862
1068.658
1117.486
1091.608
1088.844
1103.234
1137.545
1105.586
1144.09
1143.023
1111.258
1042.278
1048.667
1088.114
1098.794
1046.342
1055.752
1058.632
1104.468
1080.099
1114.652
1187.246
1067.912
1100.071
1074.964
1092.64
1081.419
1113.157
1075.555
1092.039
1133.548
1141.956
1090.391
1102.763
1093.979
1136.776
1086.816
1078.273
1138.474
1093.589
1121.616
1044.637
1087.55
1138.741
1148.441
1095.452
1113.998
1098.458
1099.262
1064.483
1080.842
1081.853
1088.118
1078.758
1087.603
1055.709
1103.276
1073.396
1087.498
1095.32
1082.738
1099.427
1152.93
1072.99
1029.432
1110.612
1106.11
1146.524
1039.747
1108.436
1079.992
1094.705
1074.917
1128.793
1134.536
1105.149
1087.188
1135.626
1097.731
1124.71
1081.986
1110.764
1097.946
1042.408
1047.71
1095.376
1122.924
1105.569
1083.704
1037.043
1194.815
1106.39
1151.348
1083.801
1062.406
1104.727
1065.957
1115.112
1012.686
1104.647
1090.641
1105.975
1110.992
1078.408
1112.907
1067.558
1096.216
1124.412
1072.051
1042.067
1047.502
1115.353
1105.53
1088.672
1064.695
1013.243
1095.654
1076.073
1103.132
1086.152
1115.739
1106.325
1043.711
1088.201
1113.511
1049.789
1116.685
1090.687
1116.98
1071.588
1127.545
1072.696
1067.268
1066.436
1056.361
1052.623
1106.512
1045.628
1074.841
1156.783
1070.963
1117.149
1095.444
1078.469
1101.384
1141.358
1079.317
1108.856
1109.235
1089.437
1116.833
1084.31
1109.542
1081.044
1077.954
1131.635
1083.804
1123.396
1063.519
1065.884
1128.922
1117.029
1092.697
1129.081
1092.154
1065.949
1110.213
1070.916
1052.492
1069.32
1104.917
1115.056
1090.974
1112.306
1085.884
1060.303
1087.499
1108.428
1127.622
1068.664
1107.81
1051.116
1108.803
1095.2
1107.871
1092.676
1063.473
1074.829
1083.319
1103.438
1065.999
1090.855
1120.145
1120.04
1040.654
1127.96
1137.294
1075.18
1072.438
1150.54
1118.985
1081.068
1101.359
1108.602
1084.3
1079.451
1110.754
1086.418
1117.241
1068.829
1119.977
1097.931
1100.699
1105.6
1041.383
1100.107
1057.743
1068.21
1057.212
1070.682
1113.85
1092.888
1104.223
1123.18
1076.548
1089.712
1123.865
1086.416
1080.741
1084.951
1074.055
1109.882
1128.112
1090.269
1135.667
1089.216
1124.97
1052.742
1073.19
1082.646
1070.425
1050.917
1122.605
1081.921
1048.703
1076.351
1098.408
1077.101
1074.667
1060.99
1065.604
1088.748
1117.68
1084.7
1071.846
1091.51
1050.97
1031.614
1102.296
1070.967
1110.686
1073.104
1067.316
1072.724
1113.07
1103.693
1139.767
1115.063
1071.076
1098.838
1057.829
1090.234
1058.977
1094.439
1052.599
1109.64
1099.778
1065.883
1118.472
1076.226
1044.943
1091.113
1013.825
1091.599
1099.932
1070.239
1111
1059.614
1057.775
1071.976
1063.528
1092.701
1096.776
1120.943
1010.768
1071.616
1100.814
1099.498
1089.042
1093.462
1092.506
1073.938
1102.047
1105.54
1112.147
1053.631
1076.757
1067.525
1118.484
1084.815
1053.221
1091.459
1100.358
1087.488
1118.671
1088.362
1141.719
1095.96
1072.271
1111.808
1077.119
1111.569
1130.506
1100.322
1112.507
1095.218
1079.43
1033.682
1117.967
1064.183
1072.992
1050.413
1110.804
1093.183
1113.956
1067.427
1095.653
1021.481
1115.125
1087.146
1090.523
1200.403
1073.361
1140.82
1061.291
1061.556
1135.045
1040.801
1050.698
1103.343
1134.454
1105.445
1025.486
1064.869
1099.788
1075.53
1073.721
1075.856
1036.104
1084.432
1075.643
1106.392
1100.468
1114.673
1085.454
1046.018
1072.403
1050.714
1109.31
1053.075
1046.531
1060.141
1127.276
1075.388
1099.182
1101.372
1047.992
1089.334
1078.557
1117.219
1075.503
1084.514
1086.999
1117.961
1072.537
1038.305
1064.256
1073.917
1072.415
1078.303
1065.275
1092.117
1103.478
1072.984
1097.526
1097.107
1080.815
1076.142
1085.96
1084.171
1077.897
1071.995
1089.51
1096.272
1106.842
1059.593
1102.34
1043.967
1090.906
1115.026
1004.664
1131.659
1042.977
1073.472
1085.832
1112.267
1066.836
1125.888
1056.587
1045.946
1062.246
1148.44
1025.612
1102.854
1147.369
1142.999
1093.391
1089.457
1092.243
1120.846
1120.038
1089.195
1087.417
1065.981
1078.897
1099.337
1088.971
1086.505
1078.729
1088.804
1098.43
1070.304
1111.701
1076.408
1116.201
1088.274
1095.277
1094.908
1121.504
1091.786
1107.706
1090.514
1093.861
1129.905
1052.253
1064.494
1125.281
1058.745
1078.025
1067.408
1105.657
1125.317
1151.301
1067.075
1119.662
1064.778
1050.819
1015.998
1065.872
1079.012
1108.098
1106.638
1106.887
1116.107
1064.444
1097.365
1086.246
1134.369
1148.074
1099.466
1097.037
1081.295
1119.887
1079.09
1051.349
1127.592
1077.294
1078.518
1061.077
1078.174
1025.346
1089.19
1125.82
1039.27
1083.666
1057.635
1062.49
1071.429
1119.366
1085.466
1051.615
1088.531
1057.505
1139.617
1104.894
1094.822
1105.407
1099.638
1085.904
1110.726
1096.089
1038.719
1087.307
1125.706
1090.887
1015.665
1101.377
1134.577
1069.518
1057.922
1098.513
1129.975
1050.596
1068.55
1137.966
1088.85
1076.356
1053.365
1085.622
1107.357
1110.493
1048.387
1099.071
1085.393
1112.914
1095.263
1127.731
1119.872
1080.851
1090.009
1079.934
1148.763
1070.306
1102.844
1040.174
1078.086
1088.775
1022.766
1079.639
1070.482
1096.464
1121.951
1100.444
1121.148
1095.472
1081.351
1098.993
1025.596
1088.427
1110.176
1107.798
1060.337
1086.822
1080.123
1100.883
1025.014
1089.767
1051.198
1167.23
1069.994
1110.028
1117.869
1073.307
1039.039
1054.661
1037.604
1099.721
1080.655
1096.186
1084.643
1096.257
1160.191
1099.025
1069.91
1137.384
1117.688
1090.021
1045.137
1066.402
1068.894
1084.453
1052.587
1124.061
1025.972
1071.091
1071.707
1139.32
1101.31
1057.662
1090.609
1086.901
1088.437
1066.719
1087.339
1037.771
1130.946
1088.07
1042.952
1098.605
1062.778
1093.158
1109.839
1102.51
1056.077
1100.859
1088.079
1054.204
1089.881
1075.497
1074.921
1079.704
1112.399
1094.825
1043.356
1102.6
1059.16
1128.496
1070.841
1136.248
1083.505
1095.326
1109.667
1097.501
1046.195
1093.559
1041.055
1083.638
1093.048
1127.938
1040.066
1072.489
1041.949
1056.145
1107.28
1073.386
1099.996
1138.484
1045.794
1034.925
1095.259
1085.586
1105.307
1109.147
1159.981
1080.689
1105.207
1076.922
1086.903
1061.274
1134.711
1090.398
1063.279
1105.802
1095.742
1052.278
1075.363
1068.751
1081.138
1085.911
1108.452
1068.024
1107.242
1064.176
1034.411
1091.74
1080.056
1040.733
1034.729
1070.389
1101.539
1132.306
1090.34
1108.188
1093.893
1100.106
1147.552
1080.697
1126.949
1104.802
1052.937
1123.696
1029.706
1090.159
1098.752
1054.785
1100.657
1068.005
1097.484
1094.152
1088.602
1109.768
1152.92
1071.949
1091.34
1084.166
1114.782
1059.492
1091.681
1070.356
1087.305
1075.473
1089.889
1152.207
1104.561
1084.167
1115.832
1076.708
1095.51
1092.307
1061.807
1132.967
1101.945
1086.78
1063.263
1094.62
1064.558
1082.402
1141.801
1105.12
1105.378
1090.416
1096.087
1056.607
1086.248
1075.37
1098.921
1092.406
1063.527
1101.331
1033.786
1090.975
1062.751
1094.668
1125.881
1098.55
1091.294
1088.715
1044.574
1057.619
1084.082
1125.451
1094.591
1070.398
1102.113
1075.005
1073.679
1083.082
1068.283
1099.748
1078.41
1085.357
1069.918
1043.107
1082.585
1083.99
1130.842
1108.657
1100.838
1107.009
1028.579
1099.184
1121.103
1080.581
1099.656
1068.063
1060.182
1100.864
1102.728
1106.048
1066.231
1113.606
1050.779
1065.901
1080.288
1077.647
1113.436
1095.412
1110.005
1033.57
1138.983
1034.252
1122.775
1106.824
1101.5
1057.3
1087.904
1101.894
1060.322
1088.859
1073.534
1111.394
1057.429
1087.604
1092.391
1128.246
1058.138
1070.751
1091.077
1078.055
1042.252
1135.371
1121.568
1099.052
1114.967
1055.571
1088.714
1098.651
1063.711
1069.282
1088.245
1080.404
1089.527
1095.011
1097.741
1086.268
1092.511
1112.697
1058.813
1114.967
1135.944
1092.424
1113.878
1107.284
1083.579
1041.7
1051.025
1068.666
1055.347
1067.204
1075.969
1103.694
1046.167
1089.666
1047.724
1071.02
1063.673
1151.851
1127.299
1106.067
1059.714
1079.331
1090.623
1090.882
1083.004
1047.469
1079.394
1087.142
1076.073
1036.822
1139.124
1161.841
1060.67
1092.385
1076.372
1106.044
1095.79
1123.536
1105.195
1060.013
1107.968
1175.588
1065.875
1124.681
1060.1
1094.779
1122.887
1102.6
1080.223
1115.563
1112.158
1119.824
1082.332
1083.308
1068.05
1075.859
1096.321
1099.566
1054.204
1077.5
1110.697
1021.997
1085.479
1076.942
1058.233
1052.598
1086.316
1082.135
1083.339
1037.427
1041.04
1080.458
1082.436
1085.835
1088.55
1117.138
1111.443
1113.777
1098.516
1052.561
1127.905
1083.132
1082.692
1087.356
1121.093
1060.624
1057.868
1032.759
1096.432
1083.682
1112.356
1108.94
1109.626
1133.569
1053.402
1096.498
1058.162
1110.934
1152.159
1099.223
1129.997
1101.362
1090.797
1038.588
1117.608
1053.839
1106.037
1103.568
1110.728
1129.105
1096.617
1144.773
1082.649
1110.315
1094.741
1045.562
1140.402
1060.309
1028.569
1071.517
1100.485
1027.624
1095.321
1115.758
1072.137
1106.18
1083.592
1117.6
1090.192
1076.342
1052.154
1070.42
1090.533
1115.767
1084.634
1076.797
1090.595
1103.798
1095.123
1075.628
1048.138
1058.823
1072.811
1083.254
1087.76
1062.619
1115.089
1071.511
1103.486
1073.667
1108.084
1096.414
1112.847
1130.5
1088.966
1067.744
1112.674
1105.141
1086.474
1062.331
1115.072
1090.909
1123.171
1118.642
1097.538
1069.761
1089.153
1108.994
1087.98
1115.157
1094.343
1077.106
1094.619
1086.086
1070.589
1092.931
1116.645
1060.476
1106.16
1073.271
1053.113
1031.559
1065.129
1119.971
1109.373
1063.918
1126.352
1081.747
1076.439
1064.501
1114.821
1073.188
1101.431
1100.943
1056.054
1030.952
1091.717
1074.562
1118.312
1082.529
1100.968
1065.237
1053.744
1068.294
1094.749
1098.319
1065.106
1087.581
1083.201
1130.022
1076.977
1092.75
1104.509
1099.653
1115.77
1061.364
1066.232
1099.224
1009.681
1062.09
1078.074
1123.139
1085.663
1104.414
1073.369
1076.315
1075.229
1102.85
1092.493
1068.665
1096.229
1100.188
1101.974
1107.624
1093.438
1157.751
1035.688
1074.491
1107.57
1080.896
1094.94
1089.894
1103.883
1059.384
1090.789
1061.648
1048.674
1010.307
1113.833
1061.689
1086.389
1076.989
1021.165
1057.605
1071.333
1072.608
1096.417
1113.017
1105.545
1108.982
1095.316
1123.396
1110.837
1068.033
1047.45
1131.085
1129.538
1094.957
1095.743
1082.615
1079.216
1108.723
1085.055
1070.376
1102.401
1073.846
1111.577
1087.221
1071.616
1080.294
1059.474
1069.972
1103.409
1089.24
1108.494
1106.133
1096.378
1097.02
1052.493
1114.778
1074.412
1096.991
1087.254
1048.821
1081.806
1092.585
1113.545
1025.143
1172.353
1025.362
1062.643
1147.038
1114.714
1112.27
1095.248
1125.366
1074.334
1110.091
1106.451
1115.307
1072.948
1146.051
1096.928
1139.277
1086.082
1126.22
1088.005
1108.352
1104.122
1051.953
1079.026
1056.944
1120.776
1090.361
1100.184
1132.326
1051.614
1069.5
1087.959
1113.96
1045.127
1079.706
1098.621
1112.09
1085.931
1097.653
1090.679
1116.141
1063.709
1058.203
1125.214
1085.367
1079.758
1067.772
1103.49
1089.723
1078.774
1088.223
1110.032
1089.163
1083.316
1080.298
1071.392
1092.22
1071.167
1070.863
1078.508
1034.383
1119.602
1133.233
1120.721
1088.983
1126.473
1130.223
1104.388
1041.921
1087.822
1084.282
1095.56
1043.951
1106.249
1104.329
1135.798
1069.837
1092.168
1089.242
1090.576
1114.17
1046.589
1079.41
1091.508
1055.339
1078.555
1100.713
1079.914
1077.564
1043.363
1114.315
1116.406
1126.291
1088.806
1097.865
1093.104
1096.585
1096.454
1050.285
1099.776
1103.543
1088.634
1075.046
1043.521
1096.099
1102.955
1049.051
1081.803
1063.95
1122.515
1062.745
1081.948
1098.597
1090.012
1127.839
1095.686
1086.47
1057.092
1090.437
1092.579
1086.956
1100.186
1095.738
1046.936
1146.171
1105.215
1089.52
1028.506
1088.903
1116.843
1103.591
1088.366
1092.558
1049.347
1098.075
1097.038
1135.461
1064.067
1078.197
1109.248
1023.403
1122.281
1093.993
1025.631
1111.241
1089.698
1053.912
1038.117
1059.804
1131.372
1107.23
1080.661
1094.902
1115.218
1117.413
1131.665
1033.358
1092.779
1076.216
1137.837
1093.162
1076.883
1092.045
1063.53
1103.286
1037.038
1075.903
1104.983
1153.567
1122.343
1136.081
1130.36
1081.866
1132.337
1069.761
1102.723
1051.523
1080.644
1098.102
1084.373
1079.362
1144.941
1063.18
1102.88
1101.063
1068.163
1131.258
1081.565
1107.422
1148.268
1120.192
1068.889
1062.507
1103.185
1102.828
1105.844
1080.79
1049.218
1096.853
1114.145
1170.937
1055.974
1118.641
1091.827
1106.113
1103.466
1083.635
1104.946
1055.452
1067.354
1115.76
1085.898
1076.028
1054.824
1071.369
1112.727
1067.168
1131.798
1101.356
1111.493
1082.169
1093.754
1095.208
1126.622
1091.444
1042.441
1034.207
1086.901
1086.546
1069.071
1075.663
1092.92
1079.543
1131.716
1080.714
1110.237
1072.313
1078.357
1079.194
1111.066
1067.561
1071.22
1037.465
1059.391
1120.252
1103.623
1063.652
1059.424
1075.865
1144.974
1047.264
1084.073
1073.919
1041.335
1107.168
1131.902
1094.962
1044.478
1122.86
1100.628
1142.709
1081.513
1057.156
1077.965
1086.581
1123.567
1094.7
1093.439
1076.512
1108.553
1085.749
1039.727
1101.098
1056.599
1099.884
1099.661
1063.269
1103.713
1098.062
1085.691
1077.136
1039.216
1068.223
1079.514
1094.269
1065.588
1093.345
1069.672
1136.428
1086.345
1023.137
1101.257
1075.907
1075.738
1112.72
1061.37
1118.026
1095.732
1094.311
1067.105
1031.596
1069.982
1058.936
1092.801
1103.869
1085.761
1103.537
1111.827
1103.837
1119.194
1068.641
1097.591
1091.521
1102.424
1087.444
1087.154
1115.638
1086.025
1110.311
1086.044
1108.492
1082.035
1100.505
1067.727
1069.876
1075.242
1084.648
1079.249
1061.576
1091.729
1060.375
1057.749
1142.495
1151.782
1075.828
1108.936
1066.849
1113.516
1074.934
1118.84
1097.963
1099.691
1047.224
1061.015
1097.863
1047.87
1083.363
1032.256
1096.736
1061.901
1071.483
1086.489
1074.405
1081.34
1053.487
1089.45
1091.379
1074.527
1075.34
1092.061
1112.267
1068.004
1047.093
1071.959
1070.307
1047.468
1100.632
1085.43
1086.872
1082.687
1092.557
1073.482
1102.054
1064.828
1094.866
1060.265
1019.294
1054.289
1116.908
1109.754
1017.372
1088.451
1100.385
1089.477
1115.495
1124.16
1095.874
1074.214
1117.581
1093.118
1068.378
1079.064
1102.567
1123.012
1095.233
1090.805
1069.342
1083.53
1061.6
1132.853
1118.098
1081.781
1117.891
1094.038
1069.513
1065.697
1107.457
1104.541
1131.046
1076.589
1128.572
1117.045
1101.757
1139.723
1104.952
1122.164
1104.574
1095.357
1077.599
1119.72
1107.696
1100.536
1162.682
1115.452
1054.004
1109.925
1074.988
1072.545
1126.794
1135.135
1027.816
1138.661
1093.286
1120.228
1085.069
1082.457
1122.036
1063.587
1050.255
1132.77
1102.764
1027.683
1129.75
1123.642
1106.857
1079.582
1073.572
1080.195
1061.395
1107.87
1109.01
1111.866
1105.786
1110.221
1108.111
1141.043
1137.008
1101.209
1106.609
1067.278
1080.47
1118.598
1100.952
1065.377
1074.838
1084.93
1102.205
1078.686
1062.924
1122.184
1106.118
1118.734
1079.657
1085.803
1086.335
1083.313
1060.841
1049.221
1063.148
1137.889
1093.735
1093.445
1095.86
1097.408
1066.893
1083.832
1074.938
1101.51
1092.494
1072.345
1044.861
1086.085
1108.569
1086.497
1086.893
1127.948
1109.218
1116.905
1135.185
1073.489
1107.862
1070.573
1101.255
1077.763
1089.218
1067.179
1069.487
1128.73
1088.422
1124.899
1118.655
1072.21
1083.171
1112.369
1110.874
1108.763
1149.582
1070.514
1099.273
1124.22
1140.213
1043.905
1056.873
1090.883
1124.259
1103.735
1097.137
1058.621
1153.022
1098.102
1089.726
1129.657
1128.359
1078.454
1005.097
1085.451
1107.994
1095.363
1076.609
1140.781
1099.744
1047.789
1076.995
1087.093
1026.069
1084.645
1019.324
1091.115
1072.594
1113.208
1100.74
1116.78
1106.527
1088.74
1134.477
1126.87
1108.651
1084.796
1023.024
1106.02
1074.547
1150.582
1087.107
1104.591
1074.604
1084.657
1102.232
1124.441
1056.198
1128.769
1056.13
1070.271
1052.9
1153.996
1041.321
1060.593
1063.155
1083.031
1077.839
1079.139
1114.394
1103.821
1088.87
1072.859
1084.898
1100.326
1076.076
1083.053
1112.365
1068.87
1102.597
1132.648
1100.886
1120.461
1114.768
1118.661
1055.848
1103.163
1110.612
1137.94
1098.072
1055.831
1127.488
1050.147
1041.73
1126.832
1052.974
1061.288
1101.326
1063.283
1062.883
1087.439
1089.967
1147.487
1080.854
1097.259
1101.685
